0 2552 1276 970 1244 1674 2160 1797 1644 2640 1940 1496 844 2292 3376 1354 774 1532 1620 2376 1272 2337 1628 1548 1569 884 742 1872 1521 902 1090 1804 2322 2466 1983 2176 2364 1242 1996 1520 1680 1944 2540 2688 2048 2772 1436 2308 1580 1424 2640 1256 1920 2128 1960 88 1640 1824 2152 1948 1334 1054 1294 2580 2043 1264 1920 2289 790 1830 3012 2340 2022 1256 1376 2308 2778 2332 1116 2264 2492 2008 2360 2196 2444 882 1672 2628 1524 2776 1764 1436 2655 2384 2074 2367 2016 2712 2994 1520 
2552 0 1308 1002 1962 398 1938 1845 1708 2970 1848 1114 876 1980 3284 1386 806 1564 1668 2545 1304 1935 2304 2175 1617 640 774 2904 1155 934 1044 2802 2253 2421 864 900 1200 1196 1936 1548 3156 2856 3678 4128 2276 2616 2250 2372 2466 2232 2460 1980 2976 3132 3804 3475 2130 2360 3324 3098 1366 1086 2296 3115 2091 1690 1984 2307 1532 1764 4637 3378 2070 4890 1408 3690 2709 3390 3128 2910 3834 2020 3432 2127 3606 914 1704 2692 1572 2840 2082 1392 2989 3672 2150 2352 3120 2760 3093 2376 
1276 1308 0 990 654 1706 1292 1218 842 1172 822 1348 696 1548 1606 1206 626 1420 932 1040 1124 1410 666 768 1066 916 594 956 1046 754 942 754 1568 1496 1342 2208 1034 1094 850 792 1040 992 1122 1196 1044 1290 570 1174 810 564 1328 648 980 980 1088 1320 840 764 928 994 1354 1074 2284 1142 1382 1678 980 1500 1520 1072 1526 1022 1368 1618 1396 1218 1708 1018 1552 1152 1098 1982 1032 1456 1138 902 1692 1166 1036 1358 1376 1288 1438 1212 2068 1634 1028 1692 2024 780 
970 1002 990 0 348 1400 1154 912 212 918 684 1042 558 1242 1030 1068 488 1258 794 902 986 1218 528 630 760 610 456 34 740 616 804 616 938 1358 712 1902 896 810 712 486 410 362 886 1020 414 800 432 544 180 426 846 342 350 454 950 1014 376 626 790 530 724 444 1654 906 752 1048 350 916 890 836 1020 786 738 988 932 588 1242 790 932 522 922 1398 804 854 612 272 1062 1024 406 838 746 1052 808 582 1508 1004 398 1182 1498 210 
1244 1962 654 348 0 1052 1227 864 400 2443 696 874 222 1359 2132 732 152 910 687 1415 650 1404 910 735 636 262 120 1256 588 280 468 1408 1389 1533 1050 1554 1960 620 752 621 2035 1847 1944 2166 1005 3462 574 1064 1101 553 2162 24 1183 1768 1842 1840 495 725 1589 1287 712 432 1642 1670 1110 1036 676 1356 878 897 3218 2952 1089 3904 754 2825 1845 1632 1820 1275 2184 1386 2482 1263 2880 260 1050 1384 591 1532 1101 814 1681 2802 1496 1488 1974 1779 2229 552 
1674 398 1706 1400 1052 0 1690 1628 1252 744 1322 1104 1274 1310 2016 1784 1204 1962 1510 1416 1414 1280 1166 1268 1476 1038 1172 1366 1168 1332 1442 1332 1876 2012 974 1298 798 1594 1366 914 1450 1300 1624 1254 1272 862 1148 1584 1220 1142 1218 1058 1390 1208 1666 1718 1250 1342 1506 1404 1764 1484 2694 1644 1618 2088 1390 1728 1930 1574 1774 1524 1778 2028 1806 1628 1918 1528 1962 1562 1352 2210 1542 1684 1366 1312 2102 1744 1446 1818 1558 1790 1620 1622 2548 1942 1438 2222 2252 1190 
2160 1938 1292 1154 1227 1690 0 2073 1509 1986 1461 1500 860 2568 2655 1358 778 1572 1626 1806 1288 2343 1227 1380 1845 900 746 1680 1545 918 1094 1377 2598 2490 2259 2192 1779 1246 1521 1164 1806 1734 1929 2040 1812 2103 1083 2007 1461 1092 2238 1218 1716 1716 1878 2226 1506 1392 1638 1737 1518 1238 2448 1959 2319 1842 1716 2496 1684 1854 2535 1779 2298 2673 1560 2073 2808 1773 2574 1974 1893 2146 1794 2430 1953 1066 1856 1995 1800 2283 2310 1452 2403 2064 2232 2697 1788 2784 3282 1416 
1797 1845 1218 912 864 1628 2073 0 1146 1542 1368 1152 786 2037 2445 1296 716 1486 1533 1695 1214 1992 1134 1287 1482 838 684 1317 1452 844 1032 1266 2235 2379 1896 2026 1686 1184 1410 1071 1443 1371 1818 1929 1449 1365 990 1644 1098 981 1893 855 1353 1509 1767 1863 1143 1281 1527 1374 1276 996 2206 1848 1956 1600 1353 2202 1442 1743 2172 1668 1935 2310 1318 1710 2691 1662 2211 1611 1782 1950 1683 2109 1746 824 1614 1884 1437 1995 1947 1378 2040 1701 2060 2334 1425 2625 3075 1053 
1644 1708 842 212 400 1252 1509 1146 0 1412 1072 830 410 1554 1732 920 340 1110 969 1508 838 1509 760 964 918 462 308 356 888 468 656 936 1089 1815 750 1704 1496 808 1128 676 524 300 1476 1744 404 1176 568 792 64 556 1268 388 404 484 1604 1732 456 956 1284 764 576 296 1506 1516 906 900 404 1143 742 1017 1616 1276 885 1680 784 880 1545 1284 1568 748 1548 1244 1312 963 800 124 914 1752 387 1380 897 904 1409 868 1360 1188 500 1737 1929 124 
2640 2970 1172 918 2443 744 1986 1542 1412 0 1324 360 740 849 2544 1238 546 1376 1332 2260 670 804 1771 1520 1572 868 626 3094 735 798 782 2793 1698 2118 1359 1234 2065 934 1788 2604 3255 1946 2916 1530 1520 413 2107 1956 2583 2128 3120 2422 3178 1624 3102 3489 2210 2020 2820 3287 1062 1002 2134 2480 1311 1606 1816 1476 1448 1350 3605 3080 1614 5158 1436 3359 1761 2604 2980 2504 2395 1466 3115 1410 2177 830 1400 2296 1446 2416 1221 1138 2075 3220 1862 1797 3346 2291 2262 2688 
1940 1848 822 684 696 1322 1461 1368 1072 1324 0 526 390 1824 2600 888 196 1102 921 1108 818 1350 312 516 1140 610 276 1300 1110 448 432 896 1722 1593 1554 1824 1048 584 1088 972 1468 1372 1632 1780 1476 1542 504 1736 1008 516 2044 684 1348 1348 1564 2028 1068 916 1244 1376 1048 768 1978 1672 1614 1372 1348 1791 1214 1149 2440 1432 1593 2624 1090 1824 2103 1424 2492 1692 1584 1676 1452 1725 1664 596 1386 1720 1095 2104 1605 982 2353 1812 1762 1992 1444 2079 2577 948 
1496 1114 1348 1042 874 1104 1500 1152 830 360 526 0 916 690 1396 1414 722 1628 1140 1080 794 660 682 784 1172 992 802 1008 614 974 958 974 1256 1588 1030 1358 714 1110 1070 868 1054 680 1152 870 732 242 778 1226 862 784 1164 868 1032 588 1158 1540 1058 984 1138 1212 1186 1126 2278 1172 998 1730 1032 1108 1572 1024 1154 1052 1200 1632 1614 1250 1534 1048 1614 1204 968 1590 1062 1064 746 954 1524 1328 1088 1388 938 1318 1000 1044 2098 1322 1080 1644 1632 892 
844 876 696 558 222 1274 860 786 410 740 390 916 0 1116 1174 774 194 988 500 608 692 978 234 336 634 484 162 524 614 322 510 322 1136 1064 910 1776 602 662 418 360 608 560 690 764 612 858 138 742 378 132 896 216 548 548 656 888 408 332 496 562 922 642 1852 710 950 1246 548 1068 1088 640 1094 590 936 1186 964 786 1276 586 1120 720 666 1550 600 1024 706 470 1260 734 604 926 944 856 1006 780 1636 1202 596 1260 1592 348 
2292 1980 1548 1242 1359 1310 2568 2037 1554 849 1824 690 1116 0 2403 1626 1046 1816 2028 2190 1000 1299 1608 1761 723 1168 1014 1812 1230 1174 1348 1761 2193 2874 1854 668 1380 1500 1905 1566 1890 1329 2037 1614 1407 672 1485 2139 1593 1476 2055 1350 1848 1191 2046 2358 1638 1776 2016 1869 1392 1326 2484 2067 1806 1930 1848 1971 1772 1845 2040 1887 2109 2757 1648 2184 2610 1881 2706 2106 1761 1796 1902 1905 1428 1154 1730 2301 1932 2391 1716 1524 1809 1875 2304 2292 1920 2904 2757 1548 
3376 3284 1606 1030 2132 2016 2655 2445 1732 2544 2600 1396 1174 2403 0 1684 1104 1898 2115 2276 1602 1389 2288 2492 2217 1328 1072 1992 2187 1232 1420 1704 1938 2391 1599 2270 3024 1572 1896 2408 2180 1432 2788 3312 1536 2308 2096 2524 1796 2084 2400 2120 2136 1616 2756 3464 2188 2484 2776 2496 1222 1162 2334 2828 1827 1766 2136 1992 1608 1866 2748 2588 1854 3336 1650 2612 2394 2596 3300 2480 3116 1810 2624 1812 1932 990 1560 3156 1686 3112 2139 1560 3084 2160 2226 2037 2232 2756 2778 1856 
1354 1386 1206 1068 732 1784 1358 1296 920 1238 888 1414 774 1626 1684 0 692 1486 998 1118 1202 1476 732 834 1144 994 660 1034 1124 832 1008 832 1646 1574 1420 2286 1100 1160 928 870 1118 1070 1200 1274 1122 1356 636 1252 888 642 1406 726 1058 1058 1166 1398 918 842 1006 1072 1432 1152 2362 1220 1460 1756 1058 1578 1598 1150 1604 1100 1446 1696 1474 1296 1786 1096 1630 1230 1176 2060 1110 1534 1216 980 1770 1244 1114 1436 1454 1366 1516 1290 2146 1712 1106 1770 2102 858 
774 806 626 488 152 1204 778 716 340 546 196 722 194 1046 1104 692 0 906 418 438 622 784 40 142 564 414 80 454 544 252 316 252 1032 946 840 1706 408 468 348 290 538 490 620 694 542 664 56 672 308 62 826 146 478 478 586 818 338 262 426 492 852 572 1782 640 880 1176 478 998 1018 570 1024 520 866 1116 894 716 1206 516 1050 650 596 1480 530 954 636 400 1190 664 534 856 874 786 936 710 1566 1132 526 1190 1522 278 
1532 1564 1420 1258 910 1962 1572 1486 1110 1376 1102 1628 988 1816 1898 1486 906 0 488 1332 1416 1690 946 1048 1334 1172 874 1224 1302 1046 1222 1046 1836 1788 1610 2464 1314 1374 1142 1048 1308 1260 1414 1488 1312 1494 850 1442 1078 856 1608 916 1248 1272 1380 1576 1108 1056 1220 1262 1622 1342 2552 1434 1650 1946 1248 1792 1788 1364 1794 1314 1636 1886 1664 1486 2000 1310 1820 1420 1390 2274 1324 1748 1430 1170 1960 1458 1304 1650 1644 1580 1706 1480 2360 1902 1296 1984 2316 1048 
1620 1668 932 794 687 1510 1626 1533 969 1332 921 1140 500 2028 2115 998 418 488 0 1266 928 1803 687 840 1305 720 386 1140 1275 558 734 837 2058 1950 1719 2012 1239 886 981 894 1266 1194 1389 1500 1272 1509 543 1467 921 552 1698 678 1176 1176 1338 1686 966 852 1098 1197 1158 878 2088 1419 1779 1482 1176 1956 1324 1314 1995 1239 1758 2133 1200 1533 2268 1233 2034 1434 1353 1786 1254 1890 1413 706 1496 1455 1260 1743 1770 1092 1863 1524 1872 2157 1248 2244 2742 876 
2376 2545 1040 902 1415 1416 1806 1695 1508 2260 1108 1080 608 2190 2276 1118 438 1332 1266 0 1036 1713 995 1250 1467 828 506 2170 1437 666 674 715 2085 1542 1881 1918 1545 826 764 1760 2380 2260 2585 1915 2390 2555 1205 2172 1805 1190 3100 1400 2230 2230 2500 3165 1880 1690 2100 2265 1266 986 2196 2635 1941 1590 1784 2118 1432 1476 3595 2335 1920 3825 1308 2825 2145 2325 2928 2660 2160 1840 2360 2052 2625 814 1604 2156 1422 2540 1932 1200 2789 2810 1980 2319 2350 2406 2904 1730 
1272 1304 1124 986 650 1414 1288 1214 838 670 818 794 692 1000 1602 1202 622 1416 928 1036 0 970 662 764 1062 912 590 952 924 750 938 750 1564 1492 1338 1668 1024 1090 846 788 1036 988 1118 1180 1040 552 566 1170 806 560 1324 644 976 898 1084 1316 836 760 924 990 1350 1070 2280 1138 1308 1674 976 1418 1516 1068 1464 1018 1364 1614 1392 1214 1704 1014 1548 1148 1094 1900 1028 1374 1056 898 1688 1162 1032 1354 1248 1284 1310 1208 2064 1630 1024 1688 1942 776 
2337 1935 1410 1218 1404 1280 2343 1992 1509 804 1350 660 978 1299 1389 1476 784 1690 1803 1713 970 0 1116 1269 2022 1168 864 1776 1185 1036 1020 1554 2148 2475 1809 1534 1335 1172 1698 1566 1845 1284 1992 1569 1362 627 1260 2103 1557 1269 2010 1395 1812 1146 2001 2403 1683 1569 1815 1914 1362 1302 2454 2022 1761 1906 1812 1926 1748 1800 1995 1842 2064 2712 1678 2139 2565 1836 2685 2070 1716 1766 1857 1860 1383 1130 1700 2172 1896 2346 1671 1494 1764 1830 2274 2247 1884 2807 2712 1593 
1628 2304 666 528 910 1166 1227 1134 760 1771 312 682 234 1608 2288 732 40 946 687 995 662 1116 0 255 906 454 120 1976 876 292 276 1314 1488 1359 1320 1668 1288 428 776 2186 5385 4515 1980 2202 1455 5799 2000 1424 4694 1819 2598 744 1813 2072 1878 2224 945 755 1631 1827 892 612 1822 1700 1380 1216 1036 1557 1058 915 3744 3111 1359 4624 934 4213 1869 1668 2180 1725 2226 1520 2680 1491 3486 440 1230 1408 861 1792 1371 826 2041 3380 1606 1758 4880 1845 2343 1272 
1548 2175 768 630 735 1268 1380 1287 964 1520 516 784 336 1761 2492 834 142 1048 840 1250 764 1269 255 0 1059 556 222 1490 1029 394 378 985 1641 1512 1473 1770 1175 530 980 1080 1700 1580 1885 2070 1710 1815 495 1628 1125 510 2400 720 1550 1550 1670 2195 1200 860 1400 1585 994 714 1924 1935 1533 1318 1240 1710 1160 1056 2915 1635 1512 3145 1036 2130 2010 1625 2384 1980 1825 1622 1660 1644 1945 542 1332 1492 1014 1980 1524 920 2245 2130 1700 1911 1670 1986 2496 1050 
1569 1617 1066 760 636 1476 1845 1482 918 1572 1140 1172 634 723 2217 1144 564 1334 1305 1467 1062 2022 906 1059 0 686 532 1089 1224 692 880 1038 2007 2151 1668 1150 1458 1032 1182 843 1215 1143 1590 1701 1221 1395 762 1416 870 753 1665 627 1125 1281 1539 1635 915 1053 1299 1146 1124 844 2054 1620 1728 1448 1125 1974 1290 1515 1944 1440 1707 2082 1166 1482 2463 1434 1983 1383 1554 1798 1455 1881 1518 672 1462 1656 1209 1767 1719 1226 1812 1473 1908 2106 1197 2397 2847 825 
884 640 916 610 262 1038 900 838 462 868 610 992 484 1168 1328 994 414 1172 720 828 912 1168 454 556 686 0 382 576 378 542 730 542 1188 1222 962 1540 822 882 576 124 660 612 910 984 664 750 358 794 430 352 960 268 600 704 876 928 460 552 716 614 974 694 1904 930 1002 1298 600 1166 1140 860 1146 810 988 1238 1016 838 1492 806 1172 772 886 1648 820 1104 862 522 1312 954 656 1028 996 1076 1058 832 1758 1254 648 1432 1748 400 
742 774 594 456 120 1172 746 684 308 626 276 802 162 1014 1072 660 80 874 386 506 590 864 120 222 532 382 0 422 512 220 396 220 1034 962 808 1674 488 548 316 258 506 458 588 662 510 744 24 640 276 30 794 114 446 446 554 786 306 230 394 460 820 540 1750 608 848 1144 446 966 986 538 992 488 834 1084 862 684 1174 484 1018 618 564 1448 498 922 604 368 1158 632 502 824 842 754 904 678 1534 1100 494 1158 1490 246 
1872 2904 956 34 1256 1366 1680 1317 356 3094 1300 1008 524 1812 1992 1034 454 1224 1140 2170 952 1776 1976 1490 1089 576 422 0 1059 582 770 2328 1356 1986 1017 1868 3017 776 1356 1808 1504 1312 2556 2958 950 3064 1592 1020 584 1568 2436 1232 1106 1680 2748 2546 855 1480 2646 1490 690 410 1620 2180 1077 1014 632 1323 856 1203 3451 3008 1056 3816 898 2216 1812 2268 1796 1220 3108 1364 3096 1230 2312 238 1028 1980 558 1608 1068 1018 1637 2192 1474 1455 1456 1908 2196 704 
1521 1155 1046 740 588 1168 1545 1452 888 735 1110 614 614 1230 2187 1124 544 1302 1275 1437 924 1185 876 1029 1224 378 512 1059 0 672 860 1008 1977 2028 1638 1488 1266 1012 1059 381 1185 1113 1560 1500 1191 558 732 1386 840 723 1635 597 1095 1077 1509 1587 885 1023 1269 1116 1104 824 2034 1590 1692 1428 1095 1857 1270 1485 1914 1410 1677 2052 1146 1452 2433 1404 1953 1353 1524 1720 1425 1791 1314 652 1442 1626 1179 1737 1602 1206 1695 1443 1888 2076 1167 2367 2643 795 
902 934 754 616 280 1332 918 844 468 798 448 974 322 1174 1232 832 252 1046 558 666 750 1036 292 394 692 542 220 582 672 0 568 380 1194 1122 968 1834 660 720 476 418 666 618 748 822 670 916 196 800 436 190 954 274 606 606 714 946 466 390 554 620 980 700 1910 768 1008 1304 606 1126 1146 698 1152 648 994 1244 1022 844 1334 644 1178 778 724 1608 658 1082 764 528 1318 792 662 984 1002 914 1064 838 1694 1260 654 1318 1650 406 
1090 1044 942 804 468 1442 1094 1032 656 782 432 958 510 1348 1420 1008 316 1222 734 674 938 1020 276 378 880 730 396 770 860 568 0 568 1268 1182 1156 1944 644 704 664 606 854 806 936 1010 858 900 372 988 624 378 1142 462 794 794 902 1134 654 578 742 808 1168 888 2098 956 1196 1492 794 1314 1334 886 1340 836 1182 1432 1210 1032 1522 832 1366 966 912 1796 846 1270 952 716 1506 980 850 1172 1190 1102 1252 1026 1882 1448 842 1506 1838 594 
1804 2802 754 616 1408 1332 1377 1266 936 2793 896 974 322 1761 1704 832 252 1046 837 715 750 1554 1314 985 1038 542 220 2328 1008 380 568 0 1791 1113 1452 1834 2310 720 192 1938 3009 2821 2244 2466 1675 4122 882 1600 2075 855 2862 1096 2121 2424 2142 2450 1165 975 1939 2091 980 700 1910 1920 1512 1304 1212 1689 1146 1047 4052 3507 1491 4976 1022 3799 2001 1932 2356 1945 2534 1608 3032 1623 3438 528 1318 1584 993 1968 1503 914 2217 3782 1694 1890 2954 1977 2475 1624 
2322 2253 1568 938 1389 1876 2598 2235 1089 1698 1722 1256 1136 2193 1938 1646 1032 1836 2058 2085 1564 2148 1488 1641 2007 1188 1034 1356 1977 1194 1268 1791 0 2847 1389 2130 2040 1420 1935 1596 1425 864 1881 2274 942 1521 1515 1683 1137 1506 1590 1380 1392 1002 1857 2388 1431 1806 1872 1662 1082 1022 2194 1911 1617 1626 1392 1782 1468 1656 1851 1731 1644 2292 1510 1749 2184 1737 2265 1650 2127 1670 1758 1602 1239 850 1420 2157 1476 2124 1929 1420 2022 1410 2086 1827 1464 2546 2568 1182 
2466 2421 1496 1358 1533 2012 2490 2379 1815 2118 1593 1588 1064 2874 2391 1574 946 1788 1950 1542 1492 2475 1359 1512 2151 1222 962 1986 2028 1122 1182 1113 2847 0 2565 2514 1911 1334 969 1647 2112 2040 2235 2346 2118 2295 1407 2313 1767 1398 2544 1524 2022 2022 2184 2532 1812 1698 1944 2043 1722 1442 2652 2265 2625 2046 2022 2802 1888 2160 2841 2085 2604 2979 1764 2379 3114 2079 2880 2280 2199 2350 2100 2736 2259 1270 2060 2301 2106 2589 2616 1656 2709 2370 2436 3003 2094 3090 3588 1722 
1983 864 1342 712 1050 974 2259 1896 750 1359 1554 1030 910 1854 1599 1420 840 1610 1719 1881 1338 1809 1320 1473 1668 962 808 1017 1638 968 1156 1452 1389 2565 0 1476 1125 1308 1596 1257 1086 525 1542 1935 447 1182 1176 1344 798 1167 1251 1041 1053 663 1518 2049 1092 1467 1533 1323 856 796 1968 1572 1278 1400 1053 1443 1242 1317 1512 1392 1305 1953 1284 1410 1845 1398 1926 1311 1788 1444 1419 1263 900 624 1194 1818 1137 1785 1590 1194 1683 1071 1860 1488 1125 2207 2229 843 
2176 900 2208 1902 1554 1298 2192 2026 1704 1234 1824 1358 1776 668 2270 2286 1706 2464 2012 1918 1668 1534 1668 1770 1150 1540 1674 1868 1488 1834 1944 1834 2130 2514 1476 0 1300 2096 1868 1416 1928 1554 2026 1744 1606 1116 1650 2086 1722 1644 1720 1560 1892 1462 2032 2220 1752 1844 2008 1906 2060 1986 3152 2046 1872 2590 1892 1982 2432 1898 2028 1926 2074 2506 2308 2124 2408 1922 2464 2064 1842 2464 1936 1938 1620 1814 2398 2202 1948 2262 1812 2192 1874 1918 2972 2196 1940 2518 2506 1692 
2364 1200 1034 896 1960 798 1779 1686 1496 2065 1048 714 602 1380 3024 1100 408 1314 1239 1545 1024 1335 1288 1175 1458 822 488 3017 1266 660 644 2310 2040 1911 1125 1300 0 796 1512 2443 3311 3143 3084 3300 2375 1652 1624 2160 2506 1645 3660 1939 3101 2863 2982 3144 1865 1675 2919 2931 1260 980 2190 2620 1842 1584 1772 2007 1426 1467 4844 3425 1911 5334 1302 3934 2421 2772 2916 2645 3514 1820 3460 1941 3416 808 1598 2144 1413 2528 1752 1194 2606 3913 1974 2310 3269 2397 2793 2401 
1242 1196 1094 810 620 1594 1246 1184 808 934 584 1110 662 1500 1572 1160 468 1374 886 826 1090 1172 428 530 1032 882 548 776 1012 720 704 720 1420 1334 1308 2096 796 0 816 758 1006 958 1088 1162 1010 1052 524 1140 776 530 1294 614 946 946 1054 1286 806 730 894 960 1320 1040 2250 1108 1348 1644 946 1466 1486 1038 1492 988 1334 1584 1362 1184 1674 984 1518 1118 1064 1948 998 1422 1104 868 1658 1132 1002 1324 1342 1254 1404 1178 2034 1600 994 1658 1990 746 
1996 1936 850 712 752 1366 1521 1410 1128 1788 1088 1070 418 1905 1896 928 348 1142 981 764 846 1698 776 980 1182 576 316 1356 1059 476 664 192 1935 969 1596 1868 1512 816 0 904 1524 1428 1688 1836 1532 2024 584 1792 1064 572 2100 740 1404 1404 1620 2084 1124 972 1300 1432 1076 796 2006 1728 1656 1400 1404 1833 1242 1191 2496 1488 1635 2680 1118 1880 2145 1480 2548 1748 1640 1704 1508 1767 1720 624 1414 1776 1137 2160 1647 1010 2409 1868 1790 2034 1500 2121 2619 1004 
1520 1548 792 486 621 914 1164 1071 676 2604 972 868 360 1566 2408 870 290 1048 894 1760 788 1566 2186 1080 843 124 258 1808 381 418 606 1938 1596 1647 1257 1416 2443 758 904 0 3828 3652 2358 2580 1350 4476 1632 1340 2852 1596 2576 576 1666 2320 2256 2185 840 1070 2072 1701 850 570 1780 2015 1317 1174 952 1563 1016 1104 3701 3435 1296 4456 892 4353 2052 2046 2096 1620 2667 1524 3034 1470 3924 398 1188 1660 798 1808 1308 952 1957 3338 1634 1695 3752 1986 2436 1104 
1680 3156 1040 410 2035 1450 1806 1443 524 3255 1468 1054 608 1890 2180 1118 538 1308 1266 2380 1036 1845 5385 1700 1215 660 506 1504 1185 666 854 3009 1425 2112 1086 1928 3311 1006 1524 3828 0 2805 2808 2310 1065 7329 4205 1188 1955 4154 2574 1568 1400 1864 2580 1990 1065 1270 2940 1888 774 494 1244 2390 1203 1098 800 1449 740 1329 3612 3773 1182 2312 982 4136 1881 2520 1964 1430 3090 1448 3432 1299 3195 322 1112 1820 603 1776 504 1102 1115 2844 1558 1524 3584 2034 2265 1040 
1944 2856 992 362 1847 1300 1734 1371 300 1946 1372 680 560 1329 1432 1070 490 1260 1194 2260 988 1284 4515 1580 1143 612 458 1312 1113 618 806 2821 864 2040 525 1554 3143 958 1428 3652 2805 0 2034 2820 130 3557 3535 1092 2631 3490 1452 1376 1232 368 1986 2617 945 1570 2412 1744 506 446 1618 1745 753 1050 704 918 892 792 2303 2916 780 3808 934 3524 1320 1746 1868 1310 2988 1094 2610 738 1488 274 844 1724 612 1680 1065 844 1652 1638 1510 963 3444 1682 1704 848 
2540 3678 1122 886 1944 1624 1929 1818 1476 2916 1632 1152 690 2037 2788 1200 620 1414 1389 2585 1118 1992 1980 1885 1590 910 588 2556 1560 748 936 2244 1881 2235 1542 2026 3084 1088 1688 2358 2808 2034 0 1386 1825 2730 1692 772 2118 1674 1218 1926 2274 1758 2520 3332 2085 1895 582 2256 814 888 1490 550 1482 1460 1752 1185 986 225 1332 300 1242 2472 800 894 1191 312 2044 910 1092 1272 354 1593 1284 798 1152 768 1077 888 1230 366 1516 2016 1146 1980 1464 1437 1971 2208 
2688 4128 1196 1020 2166 1254 2040 1929 1744 1530 1780 870 764 1614 3312 1274 694 1488 1500 1915 1180 1569 2202 2070 1701 984 662 2958 1500 822 1010 2466 2274 2346 1935 1744 3300 1162 1836 2580 2310 2820 1386 0 2480 1884 1914 1040 2520 1896 2004 2148 2676 2544 3306 3547 2270 2080 804 3042 948 622 1624 1205 1875 1594 2020 1578 1120 618 2718 1086 1443 2874 934 1296 996 1074 2312 1245 294 1074 1116 1986 2070 932 1286 1276 1278 1396 1611 628 2024 2418 1352 2373 1866 1548 2364 2544 
2048 2276 1044 414 1005 1272 1812 1449 404 1520 1476 732 612 1407 1536 1122 542 1312 1272 2390 1040 1362 1455 1710 1221 664 510 950 1191 670 858 1675 942 2118 447 1606 2375 1010 1532 1350 1065 130 1825 2480 0 1225 1215 1196 585 1200 1340 990 1010 360 1785 2747 1075 1700 1810 1460 558 498 1670 1875 831 1102 808 996 944 870 1775 1575 858 2510 986 1605 1398 1585 1972 1440 2235 1146 1620 816 755 326 896 1828 690 1784 1143 896 1706 1040 1562 1041 1130 1760 1782 660 
2772 2616 1290 800 3462 862 2103 1365 1176 413 1542 242 858 672 2308 1356 664 1494 1509 2555 552 627 5799 1815 1395 750 744 3064 558 916 900 4122 1521 2295 1182 1116 1652 1052 2024 4476 7329 3557 2730 1884 1225 0 6288 1968 6524 6297 2766 3086 2765 1384 2748 3664 2040 2315 3136 3058 944 884 2036 2325 1134 1488 1580 1299 1330 1173 3192 3667 1437 5560 1372 5584 1938 2418 2744 2405 2711 1348 3288 1233 2837 712 1282 2172 1269 2292 1044 1076 1850 3609 1856 1620 7562 2232 2085 2600 
1436 2250 570 432 574 1148 1083 990 568 2107 504 778 138 1485 2096 636 56 850 543 1205 566 1260 2000 495 762 358 24 1592 732 196 372 882 1515 1407 1176 1650 1624 524 584 1632 4205 3535 1692 1914 1215 6288 0 1232 3665 51 2310 360 1477 1688 1590 1984 705 515 1295 1539 796 516 1726 1460 1236 1120 844 1413 962 771 3408 2679 1215 4240 838 3633 1725 1380 1988 1485 1890 1424 2296 1347 3006 344 1134 1216 717 1600 1227 730 1849 2948 1510 1614 3800 1701 2199 888 
2308 2372 1174 544 1064 1584 2007 1644 792 1956 1736 1226 742 2139 2524 1252 672 1442 1467 2172 1170 2103 1424 1628 1416 794 640 1020 1386 800 988 1600 1683 2313 1344 2086 2160 1140 1792 1340 1188 1092 772 1040 1196 1968 1232 0 728 1220 812 1052 832 1276 2052 2388 1120 1620 760 1428 472 628 1280 812 1404 1232 1068 996 776 504 1660 572 729 1228 458 176 1470 580 1360 44 844 1146 608 1317 1228 456 810 1140 564 1260 1395 552 1888 660 1008 1782 292 1502 2250 788 
1580 2466 810 180 1101 1220 1461 1098 64 2583 1008 862 378 1593 1796 888 308 1078 921 1805 806 1557 4694 1125 870 430 276 584 840 436 624 2075 1137 1767 798 1722 2506 776 1064 2852 1955 2631 2118 2520 585 6524 3665 728 0 3158 1998 648 595 1096 2310 2181 490 1115 2135 1198 544 264 1474 1815 858 868 340 1104 710 984 2940 2761 837 3232 752 2940 1593 1830 1504 855 2597 1218 2512 1011 2216 92 882 1688 339 1316 849 872 1345 1809 1328 1236 1744 1689 1977 120 
1424 2232 564 426 553 1142 1092 981 556 2128 516 784 132 1476 2084 642 62 856 552 1190 560 1269 1819 510 753 352 30 1568 723 190 378 855 1506 1398 1167 1644 1645 530 572 1596 4154 3490 1674 1896 1200 6297 51 1220 3158 0 2292 336 1456 1664 1572 1975 690 500 1274 1521 790 510 1720 1445 1227 1114 832 1404 956 762 3387 2652 1206 4216 832 3600 1716 1362 1976 1470 1869 1418 2272 1338 2976 338 1128 1204 708 1588 1218 724 1837 2927 1504 1605 3800 1692 2190 864 
2640 2460 1328 846 2162 1218 2238 1893 1268 3120 2044 1164 896 2055 2400 1406 826 1608 1698 3100 1324 2010 2598 2400 1665 960 794 2436 1635 954 1142 2862 1590 2544 1251 1720 3660 1294 2100 2576 2574 1452 1218 2004 1340 2766 2310 812 1998 2292 0 2144 2480 1728 3138 3528 1250 2410 1200 1038 878 930 1686 1065 1479 1534 1672 1494 1182 534 2550 918 1338 3070 748 1492 1500 930 2172 1141 1710 1478 972 1464 1902 758 1216 1180 1173 1300 1539 572 1928 2320 1352 1689 1798 1746 2280 2088 
1256 1980 648 342 24 1058 1218 855 388 2422 684 868 216 1350 2120 726 146 916 678 1400 644 1395 744 720 627 268 114 1232 597 274 462 1096 1380 1524 1041 1560 1939 614 740 576 1568 1376 1926 2148 990 3086 360 1052 648 336 2144 0 1162 1744 1824 1849 480 710 1568 1269 706 426 1636 1655 1101 1030 664 1347 872 888 3197 2394 1080 3880 748 2280 1836 1614 1808 1260 2163 1380 2458 1254 2376 254 1044 1372 582 1520 1092 808 1669 2256 1490 1479 1520 1770 2220 528 
1920 2976 980 350 1183 1390 1716 1353 404 3178 1348 1032 548 1848 2136 1058 478 1248 1176 2230 976 1812 1813 1550 1125 600 446 1106 1095 606 794 2121 1392 2022 1053 1892 3101 946 1404 1666 1400 1232 2274 2676 1010 2765 1477 832 595 1456 2480 1162 0 1554 2820 2606 915 1540 2646 1708 596 434 1644 1945 1113 1038 680 1182 880 1062 3535 2303 915 3423 830 1610 1848 1986 1608 985 2779 1270 2366 1266 2107 262 732 1884 594 1656 1104 924 1685 1589 1380 1491 945 1812 2232 700 
2128 3132 980 454 1768 1208 1716 1509 484 1624 1348 588 548 1191 1616 1058 478 1272 1176 2230 898 1146 2072 1550 1281 704 446 1680 1077 606 794 2424 1002 2022 663 1462 2863 946 1404 2320 1864 368 1758 2544 360 1384 1688 1276 1096 1664 1728 1744 1554 0 1710 2847 1175 1540 2130 2020 598 538 1690 1515 615 1142 888 780 984 654 1981 2332 918 4176 1026 2728 1458 1470 2052 1540 2725 1002 2419 714 632 366 936 1540 750 1660 1203 752 1836 1824 1532 1101 1968 1728 1566 1216 
1960 3804 1088 950 1842 1666 1878 1767 1604 3102 1564 1158 656 2046 2756 1166 586 1380 1338 2500 1084 2001 1878 1670 1539 876 554 2748 1509 714 902 2142 1857 2184 1518 2032 2982 1054 1620 2256 2580 1986 2520 3306 1785 2748 1590 2052 2310 1572 3138 1824 2820 1710 0 2773 2000 810 2502 3061 1168 1034 1944 2150 1470 1638 1880 1161 1480 1035 2460 2220 1773 4257 1356 2814 2151 2232 3024 2510 3012 1256 2274 1569 1236 862 1506 1452 1494 2168 1752 1006 2544 3078 1786 1956 2964 2397 1947 2220 
88 3475 1320 1014 1840 1718 2226 1863 1732 3489 2028 1540 888 2358 3464 1398 818 1576 1686 3165 1316 2403 2224 2195 1635 928 786 2546 1587 946 1134 2450 2388 2532 2049 2220 3144 1286 2084 2185 1990 2617 3332 3547 2747 3664 1984 2388 2181 1975 3528 1849 2606 2847 2773 0 2329 2475 2885 2714 1374 1098 1250 3382 2109 1220 2008 2349 746 1896 4014 3082 2082 1460 1420 2775 2844 3076 1028 2932 3302 2048 3111 2262 3242 926 1712 2716 1590 2864 1698 1480 2611 3082 2030 2301 2622 2774 2972 2136 
1640 2130 840 376 495 1250 1506 1143 456 2210 1068 1058 408 1638 2188 918 338 1108 966 1880 836 1683 945 1200 915 460 306 855 885 466 654 1165 1431 1812 1092 1752 1865 806 1124 840 1065 945 2085 2270 1075 2040 705 1120 490 690 1250 480 915 1175 2000 2329 0 1190 1600 385 740 460 1670 2135 1152 1064 732 1398 906 1176 1715 1835 1131 2510 556 1510 1887 1825 1896 1345 2025 1414 1860 1305 1570 288 1078 1756 633 1708 1143 1000 1737 1495 1524 1530 1035 1900 2271 565 
1824 2360 764 626 725 1342 1392 1281 956 2020 916 984 332 1776 2484 842 262 1056 852 1690 760 1569 755 860 1053 552 230 1480 1023 390 578 975 1806 1698 1467 1844 1675 730 972 1070 1270 1570 1895 2080 1700 2315 515 1620 1115 500 2410 710 1540 1540 810 2475 1190 0 1410 1575 990 710 1752 1945 1527 1314 1232 1647 1156 1062 2860 1645 1506 2715 1032 2135 2016 1635 2376 1970 1835 1580 1670 1638 1840 538 1328 804 1008 1988 1266 924 1985 2120 1704 1905 1660 1992 2433 1040 
2152 3324 928 790 1589 1506 1638 1527 1284 2820 1244 1138 496 2016 2776 1006 426 1220 1098 2100 924 1815 1631 1400 1299 716 394 2646 1269 554 742 1939 1872 1944 1533 2008 2919 894 1300 2072 2940 2412 582 804 1810 3136 1295 760 2135 1274 1200 1568 2646 2130 2502 2885 1600 1410 0 2238 808 694 1484 535 1473 1454 1560 1176 980 216 2577 633 1233 2969 794 1128 1170 270 2032 895 595 1146 672 1584 1735 702 1146 740 1068 860 1209 360 1488 2437 1140 1971 1793 1146 1962 2030 
1948 3098 994 530 1287 1404 1737 1374 764 3287 1376 1212 562 1869 2496 1072 492 1262 1197 2265 990 1914 1827 1585 1146 614 460 1490 1116 620 808 2091 1662 2043 1323 1906 2931 960 1432 1701 1888 1744 2256 3042 1460 3058 1539 1428 1198 1521 1038 1269 1708 2020 3061 2714 385 1575 2238 0 894 614 1824 1930 1383 1218 1040 1629 1060 1053 1596 1956 1362 3578 402 2315 2019 1968 2204 1730 2748 1568 2010 1536 2425 442 1232 1872 864 1992 1374 918 2045 2404 1678 1761 1852 2102 2136 1288 
1334 1366 1354 724 712 1764 1518 1276 576 1062 1048 1186 922 1392 1222 1432 852 1622 1158 1266 1350 1362 892 994 1124 974 820 690 1104 980 1168 980 1082 1722 856 2060 1260 1320 1076 850 774 506 814 948 558 944 796 472 544 790 878 706 596 598 1168 1374 740 990 808 894 0 808 1480 834 1008 1412 714 476 976 764 878 714 298 814 886 516 1386 718 860 450 850 958 732 998 756 636 622 998 556 1058 1110 980 1172 142 1436 1148 326 458 1642 574 
1054 1086 1074 444 432 1484 1238 996 296 1002 768 1126 642 1326 1162 1152 572 1342 878 986 1070 1302 612 714 844 694 540 410 824 700 888 700 1022 1442 796 1986 980 1040 796 570 494 446 888 622 498 884 516 628 264 510 930 426 434 538 1034 1098 460 710 694 614 808 0 1738 908 836 1132 434 1000 974 838 1104 788 822 1072 1016 672 1286 784 1016 606 524 1482 798 938 696 356 1146 1064 490 922 830 1054 892 666 1592 1088 482 1266 1582 294 
1294 2296 2284 1654 1642 2694 2448 2206 1506 2134 1978 2278 1852 2484 2334 2362 1782 2552 2088 2196 2280 2454 1822 1924 2054 1904 1750 1620 2034 1910 2098 1910 2194 2652 1968 3152 2190 2250 2006 1780 1244 1618 1490 1624 1670 2036 1726 1280 1474 1720 1686 1636 1644 1690 1944 1250 1670 1752 1484 1824 1480 1738 0 1510 2046 1302 1644 1672 828 1440 1538 1390 1494 666 1694 1192 2084 1394 1764 1258 1526 2154 1408 2110 1532 1566 1818 1674 1612 1734 1580 1656 1642 1338 2112 1616 1382 1938 646 1504 
2580 3115 1142 906 1670 1644 1959 1848 1516 2480 1672 1172 710 2067 2828 1220 640 1434 1419 2635 1138 2022 1700 1935 1620 930 608 2180 1590 768 956 1920 1911 2265 1572 2046 2620 1108 1728 2015 2390 1745 550 1205 1875 2325 1460 812 1815 1445 1065 1655 1945 1515 2150 3382 2135 1945 535 1930 834 908 1510 0 1512 1480 1792 1215 1006 255 1660 300 1272 2110 820 795 1221 310 2084 960 960 1292 345 1623 1120 818 1172 808 1107 928 1260 386 1556 1730 926 2010 1270 1467 2001 1890 
2043 2091 1382 752 1110 1618 2319 1956 906 1311 1614 998 950 1806 1827 1460 880 1650 1779 1941 1308 1761 1380 1533 1728 1002 848 1077 1692 1008 1196 1512 1617 2625 1278 1872 1842 1348 1656 1317 1203 753 1482 1875 831 1134 1236 1404 858 1227 1479 1101 1113 615 1470 2109 1152 1527 1473 1383 1008 836 2046 1512 0 1440 1113 1395 1282 1269 1464 1332 1533 2070 1324 1470 2073 1338 1986 1371 1728 1412 1359 1329 852 664 1346 1758 1197 1845 1707 1154 1800 1299 1900 1716 1185 2339 2181 903 
1264 1690 1678 1048 1036 2088 1842 1600 900 1606 1372 1730 1246 1930 1766 1756 1176 1946 1482 1590 1674 1906 1216 1318 1448 1298 1144 1014 1428 1304 1492 1304 1626 2046 1400 2590 1584 1644 1400 1174 1098 1050 1460 1594 1102 1488 1120 1232 868 1114 1534 1030 1038 1142 1638 1220 1064 1314 1454 1218 1412 1132 1302 1480 1440 0 1038 1604 798 1410 1708 1360 1426 636 1620 1162 1930 1364 1620 1210 1496 2086 1378 1542 1300 960 1750 1644 1094 1526 1434 1626 1496 1270 2082 1586 1086 1870 1948 898 
1920 1984 980 350 676 1390 1716 1353 404 1816 1348 1032 548 1848 2136 1058 478 1248 1176 1784 976 1812 1036 1240 1125 600 446 632 1095 606 794 1212 1392 2022 1053 1892 1772 946 1404 952 800 704 1752 2020 808 1580 844 1068 340 832 1672 664 680 888 1880 2008 732 1232 1560 1040 714 434 1644 1792 1113 1038 0 1359 880 1239 2020 1552 1092 1956 922 1156 1848 1560 1844 1024 1824 1388 1588 1266 1204 262 1052 2028 594 1656 1104 1042 1685 1144 1498 1491 776 1944 2232 400 
2289 2307 1500 916 1356 1728 2496 2202 1143 1476 1791 1108 1068 1971 1992 1578 998 1792 1956 2118 1418 1926 1557 1710 1974 1166 966 1323 1857 1126 1314 1689 1782 2802 1443 1982 2007 1466 1833 1563 1449 918 1185 1578 996 1299 1413 996 1104 1404 1494 1347 1182 780 1161 2349 1398 1647 1176 1629 476 1000 1672 1215 1395 1604 1359 0 1168 960 1155 1035 735 1509 1078 1062 2076 1041 1578 963 1431 482 1062 1494 543 828 814 1461 1122 1551 1953 956 2022 501 1628 1881 777 1708 1872 1149 
790 1532 1520 890 878 1930 1684 1442 742 1448 1214 1572 1088 1772 1608 1598 1018 1788 1324 1432 1516 1748 1058 1160 1290 1140 986 856 1270 1146 1334 1146 1468 1888 1242 2432 1426 1486 1242 1016 740 892 986 1120 944 1330 962 776 710 956 1182 872 880 984 1480 746 906 1156 980 1060 976 974 828 1006 1282 798 880 1168 0 936 1430 886 990 162 1190 688 1580 890 1260 754 1022 1650 904 1384 1142 802 1314 1170 936 1230 1076 1152 1138 834 1608 1112 878 1434 1474 740 
1830 1764 1072 836 897 1574 1854 1743 1017 1350 1149 1024 640 1845 1866 1150 570 1364 1314 1476 1068 1800 915 1056 1515 860 538 1203 1485 698 886 1047 1656 2160 1317 1898 1467 1038 1191 1104 1329 792 225 618 870 1173 771 504 984 762 534 888 1062 654 1035 1896 1176 1062 216 1053 764 838 1440 255 1269 1410 1239 960 936 0 891 75 1167 1161 750 372 1116 81 1458 471 471 1122 102 1368 417 748 1102 501 1002 591 1155 316 1062 933 1096 1755 657 1362 1746 1029 
3012 4637 1526 1020 3218 1774 2535 2172 1616 3605 2440 1154 1094 2040 2748 1604 1024 1794 1995 3595 1464 1995 3744 2915 1944 1146 992 3451 1914 1152 1340 4052 1851 2841 1512 2028 4844 1492 2496 3701 3612 2303 1332 2718 1775 3192 3408 1660 2940 3387 2550 3197 3535 1981 2460 4014 1715 2860 2577 1596 878 1104 1538 1660 1464 1708 2020 1155 1430 891 0 2000 1338 4508 934 2690 1857 1644 2908 2020 3055 1252 2063 1563 1428 932 1216 1656 1599 1776 1896 810 2404 2576 1590 1950 3220 1452 1338 3045 
2340 3378 1022 786 2952 1524 1779 1668 1276 3080 1432 1052 590 1887 2588 1100 520 1314 1239 2335 1018 1842 3111 1635 1440 810 488 3008 1410 648 836 3507 1731 2085 1392 1926 3425 988 1488 3435 3773 2916 300 1086 1575 3667 2679 572 2761 2652 918 2394 2303 2332 2220 3082 1835 1645 633 1956 714 788 1390 300 1332 1360 1552 1035 886 75 2000 0 1092 2896 700 891 1041 12 1844 660 1058 1172 443 1443 2412 698 1052 568 927 688 1080 266 1316 2699 1046 1830 1871 1287 1821 2544 
2022 2070 1368 738 1089 1778 2298 1935 885 1614 1593 1200 936 2109 1854 1446 866 1636 1758 1920 1364 2064 1359 1512 1707 988 834 1056 1677 994 1182 1491 1644 2604 1305 2074 1911 1334 1635 1296 1182 780 1242 1443 858 1437 1215 729 837 1206 1338 1080 915 918 1773 2082 1131 1506 1233 1362 298 822 1494 1272 1533 1426 1092 735 990 1167 1338 1092 0 1242 900 795 2100 1098 1311 696 1296 972 1119 1518 1155 650 636 1518 855 1608 1686 994 1779 234 1450 1743 510 1549 2484 882 
1256 4890 1618 988 3904 2028 2673 2310 1680 5158 2624 1632 1186 2757 3336 1696 1116 1886 2133 3825 1614 2712 4624 3145 2082 1238 1084 3816 2052 1244 1432 4976 2292 2979 1953 2506 5334 1584 2680 4456 2312 3808 2472 2874 2510 5560 4240 1228 3232 4216 3070 3880 3423 4176 4257 1460 2510 2715 2969 3578 814 1072 666 2110 2070 636 1956 1509 162 1161 4508 2896 1242 0 1028 2104 2127 2184 2196 1480 3010 1488 3141 2166 4358 900 1152 2016 1419 2136 1371 990 2155 2688 1446 1425 2864 2063 2281 3352 
1376 1408 1396 932 754 1806 1560 1318 784 1436 1090 1614 964 1648 1650 1474 894 1664 1200 1308 1392 1678 934 1036 1166 1016 862 898 1146 1022 1210 1022 1510 1764 1284 2308 1302 1362 1118 892 982 934 800 934 986 1372 838 458 752 832 748 748 830 1026 1356 1420 556 1032 794 402 886 1016 1694 820 1324 1620 922 1078 1190 750 934 700 900 1028 0 502 1394 704 1094 436 836 1560 718 1292 1028 844 1224 984 790 1044 1318 966 1358 744 1422 1576 560 1344 1826 782 
2308 3690 1218 588 2825 1628 2073 1710 880 3359 1824 1250 786 2184 2612 1296 716 1486 1533 2825 1214 2139 4213 2130 1482 838 684 2216 1452 844 1032 3799 1749 2379 1410 2124 3934 1184 1880 4353 4136 3524 894 1296 1605 5584 3633 176 2940 3600 1492 2280 1610 2728 2814 2775 1510 2135 1128 2315 516 672 1192 795 1470 1162 1156 1062 688 372 2690 891 795 2104 502 0 1338 606 1448 165 1169 1190 1037 1383 3258 500 854 964 630 1084 1377 464 1712 2006 920 1848 2076 1502 2118 1752 
2778 2709 1708 1242 1845 1918 2808 2691 1545 1761 2103 1534 1276 2610 2394 1786 1206 2000 2268 2145 1704 2565 1869 2010 2463 1492 1174 1812 2433 1334 1522 2001 2184 3114 1845 2408 2421 1674 2145 2052 1881 1320 1191 996 1398 1938 1725 1470 1593 1716 1500 1836 1848 1458 2151 2844 1887 2016 1170 2019 1386 1286 2084 1221 2073 1930 1848 2076 1580 1116 1857 1041 2100 2127 1394 1338 0 1035 2424 1437 1143 1738 1014 2058 1533 1154 1724 1413 1932 1503 2109 960 2016 1866 1740 2283 1623 2316 2862 1638 
2332 3390 1018 790 1632 1528 1773 1662 1284 2604 1424 1048 586 1881 2596 1096 516 1310 1233 2325 1014 1836 1668 1625 1434 806 484 2268 1404 644 832 1932 1737 2079 1398 1922 2772 984 1480 2046 2520 1746 312 1074 1585 2418 1380 580 1830 1362 930 1614 1986 1470 2232 3076 1825 1635 270 1968 718 784 1394 310 1338 1364 1560 1041 890 81 1644 12 1098 2184 704 606 1035 0 1852 670 780 1176 42 1449 996 702 1056 560 933 680 1074 270 1308 1728 1050 1836 1176 1281 1827 1920 
1116 3128 1552 932 1820 1962 2574 2211 1568 2980 2492 1614 1120 2706 3300 1630 1050 1820 2034 2928 1548 2685 2180 2384 1983 1172 1018 1796 1953 1178 1366 2356 2265 2880 1926 2464 2916 1518 2548 2096 1964 1868 2044 2312 1972 2744 1988 1360 1504 1976 2172 1808 1608 2052 3024 1028 1896 2376 2032 2204 860 1016 1764 2084 1986 1620 1844 1578 1260 1458 2908 1844 1311 2196 1094 1448 2424 1852 0 1316 2116 1534 1880 1899 2368 844 1198 2412 1146 2532 1977 1188 2849 1436 1644 2364 1068 2208 3105 1544 
2264 2910 1152 522 1275 1562 1974 1611 748 2504 1692 1204 720 2106 2480 1230 650 1420 1434 2660 1148 2070 1725 1980 1383 772 618 1220 1353 778 966 1945 1650 2280 1311 2064 2645 1118 1748 1620 1430 1310 910 1245 1440 2405 1485 44 855 1470 1141 1260 985 1540 2510 2932 1345 1970 895 1730 450 606 1258 960 1371 1210 1024 963 754 471 2020 660 696 1480 436 165 1437 670 1316 0 1000 1124 705 1284 1480 434 788 1096 531 1216 1362 530 1844 770 986 1749 310 1469 2217 930 
2492 3834 1098 922 2184 1352 1893 1782 1548 2395 1584 968 666 1761 3116 1176 596 1390 1353 2160 1094 1716 2226 1825 1554 886 564 3108 1524 724 912 2534 2127 2199 1788 1842 3514 1064 1640 2667 3090 2988 1092 294 2235 2711 1890 844 2597 1869 1710 2163 2779 2725 3012 3302 2025 1835 595 2748 850 524 1526 960 1728 1496 1824 1431 1022 471 3055 1058 1296 3010 836 1169 1143 780 2116 1000 0 976 1097 1839 2330 834 1188 1080 1131 1200 1464 530 1828 2478 1254 2226 1834 1401 2217 2625 
2008 2020 1982 1398 1386 2210 2146 1950 1244 1466 1676 1590 1550 1796 1810 2060 1480 2274 1786 1840 1900 1766 1520 1622 1798 1648 1448 1364 1720 1608 1796 1608 1670 2350 1444 2464 1820 1948 1704 1524 1448 1094 1272 1074 1146 1348 1424 1146 1218 1418 1478 1380 1270 1002 1256 2048 1414 1580 1146 1568 958 1482 2154 1292 1412 2086 1388 482 1650 1122 1252 1172 972 1488 1560 1190 1738 1176 1534 1124 976 0 1190 1478 844 1310 1296 1456 1230 1516 1784 1438 1830 816 2110 1736 1000 1416 1730 1248 
2360 3432 1032 804 2482 1542 1794 1683 1312 3115 1452 1062 600 1902 2624 1110 530 1324 1254 2360 1028 1857 2680 1660 1455 820 498 3096 1425 658 846 3032 1758 2100 1419 1936 3460 998 1508 3034 3432 2610 354 1116 1620 3288 2296 608 2512 2272 972 2458 2366 2419 2274 3111 1860 1670 672 2010 732 798 1408 345 1359 1378 1588 1062 904 102 2063 443 1119 3141 718 1037 1014 42 1880 705 1097 1190 0 1470 2067 716 1070 532 954 652 1095 284 1336 2467 1064 1857 1731 1302 1848 2632 
2196 2127 1456 854 1263 1684 2430 2109 963 1410 1725 1064 1024 1905 1812 1534 954 1748 1890 2052 1374 1860 1491 1644 1881 1104 922 1230 1791 1082 1270 1623 1602 2736 1263 1938 1941 1422 1767 1470 1299 738 1593 1986 816 1233 1347 1317 1011 1338 1464 1254 1266 714 1569 2262 1305 1638 1584 1536 998 938 2110 1623 1329 1542 1266 1494 1384 1368 1563 1443 1518 2166 1292 1383 2058 1449 1899 1284 1839 1478 1470 0 951 766 1336 1869 1350 1959 1803 1228 1896 1284 1842 1701 1098 2366 2280 1056 
