0 3.96225 1.54299 1.25147 2.41987 1.90447 2.53865 2.87324 2.72944 3.67534 3.53554 1.59763 1.35644 3.38033 4.43608 1.5168 0.849608 1.67607 2.81308 3.57382 1.6679 3.14709 2.53095 2.61818 2.65313 1.59122 1.58832 3.23372 2.2897 1.15353 1.20405 3.11812 2.76929 2.68483 2.7109 2.3749 3.62018 1.51344 3.74328 2.80784 2.58314 2.9006 3.57726 3.76916 3.62892 3.29131 2.28493 3.82082 2.57545 2.2574 3.39655 2.57545 3.18807 2.92331 2.77378 3.30334 3.19098 2.34709 2.9495 3.56036 1.8649 1.53795 2.02931 3.78908 2.70449 1.46559 3.93569 3.04176 1.14885 2.35535 3.65427 3.03276 2.70387 3.40386 1.51893 3.06264 3.09006 3.15884 3.44813 3.33041 3.53061 2.16348 3.29334 2.58801 2.98151 1.39592 1.73018 3.39052 1.97744 3.74093 2.5229 1.71314 3.78189 3.11163 2.15208 2.69836 2.83913 3.23218 3.31331 2.89522 
3.96225 0 1.50906 1.49874 5.43986 1.06785 2.56183 2.71833 2.75323 5.44923 3.23302 1.3272 1.31779 2.22852 4.07285 1.48286 0.810953 1.64213 2.65818 4.38094 1.36897 2.73289 4.77865 4.73911 2.4274 1.15333 1.28939 6.2156 2.08313 1.1196 1.16539 5.88843 2.58687 2.81228 1.54517 1.44581 5.0513 1.47479 3.73244 4.9414 5.59772 4.64488 6.68577 6.56592 4.24983 4.27389 4.95265 3.15317 5.04224 4.79641 5.46921 4.81442 5.74667 5.44737 6.64862 5.39874 4.11141 4.15285 5.7422 6.4136 1.88711 1.50685 2.50788 5.61143 2.42546 2.09016 3.63614 2.98282 1.77342 2.20025 7.08617 5.463 2.85229 7.23796 1.55183 6.1582 2.84184 5.81135 3.85401 4.27754 6.27354 2.14405 5.94891 2.44967 5.97874 1.52974 1.75239 3.32717 2.17011 3.43129 2.41008 1.61671 3.43817 6.49789 2.1688 3.04048 5.35455 3.19113 3.79178 5.87075 
1.54299 1.50906 0 1.51323 0.939301 1.95002 1.56719 1.61088 1.07003 1.44544 1.20546 1.59655 1.3089 1.78059 1.80254 1.3771 0.939301 1.62946 1.62946 1.1889 1.62036 1.71527 0.939301 1.07442 1.38107 1.63677 1.54078 1.3138 1.49206 1.10693 1.2496 1.14577 1.75155 1.65265 1.70148 2.4125 1.44429 1.55104 1.19224 0.992391 1.19527 1.17662 1.51759 1.57689 1.41099 1.44544 0.705193 1.53988 1.07003 0.705193 1.48006 0.939301 1.28712 1.17662 1.23029 1.54299 1.18256 1.07442 1.2652 1.48006 1.89816 1.4926 2.62169 1.61485 1.52996 2.12238 1.39157 1.66868 1.80563 1.38921 1.68005 1.36519 1.78515 1.80563 1.63988 1.36519 1.93488 1.36519 1.7053 1.36519 1.47033 2.17272 1.37588 1.61478 1.38921 1.51687 1.85113 1.37588 1.29574 1.52728 1.68402 1.81175 1.68402 1.39711 2.2507 1.84945 1.17555 1.89816 2.36566 1.07003 
1.25147 1.49874 1.51323 0 0.964094 1.88596 1.59199 1.62858 0.712366 1.33047 1.23025 1.48159 1.41883 1.59845 1.40529 1.48703 0.964095 1.65426 1.65407 1.29883 1.52335 1.60031 0.964095 1.08878 1.40586 1.45463 1.44378 0.548646 1.13857 1.12463 1.27439 1.16347 1.30156 1.76258 1.49874 2.26391 1.43874 1.25453 1.20994 1.0101 0.548646 0.712366 1.25949 1.2414 0.983803 1.22024 0.890441 1.13198 0.548646 0.808035 1.21298 0.808035 0.820335 1.00076 1.23755 1.25147 0.824837 0.912596 1.20864 0.901603 1.74162 1.26368 2.03947 1.40779 1.15911 1.47576 1.23502 1.29783 1.15901 1.21664 1.39309 1.16796 1.14657 1.15901 1.31588 1.16796 1.68324 1.16796 1.32809 1.13198 1.2414 1.96782 1.19181 1.24393 1.01887 1.10898 1.44323 1.31225 0.749247 1.26392 1.0374 1.61452 1.0374 1.00515 2.05347 1.3852 0.860559 1.74162 2.03947 0.808035 
2.41987 5.43986 0.939301 0.964094 0 1.25192 1.49746 1.90042 1.87478 5.54638 2.09135 0.94507 0.74803 2.24692 3.21733 0.913105 0.241197 0.931359 1.7719 2.92664 0.986837 2.10803 5.46014 2.67106 1.68031 0.925294 0.907259 6.78422 1.46201 0.401737 0.551492 7.36149 2.04908 1.74791 1.67184 1.56716 5.21261 0.905033 2.15185 7.1117 6.37716 7.33417 4.7683 4.98752 3.65482 7.09751 5.49255 2.76077 6.55007 5.18809 4.04292 6.19939 5.49692 6.8204 3.79446 3.66941 3.04026 2.76451 5.66489 4.84083 1.34903 0.943465 2.02931 4.6769 1.89678 1.46559 2.76689 2.35799 1.14885 1.67157 7.10849 8.68653 2.24056 8.45893 1.0882 8.52275 2.34532 4.47293 2.71536 3.38391 6.43232 1.64761 7.24846 1.90935 8.60376 0.967739 1.30199 2.47988 1.43959 2.76644 1.8664 1.25896 2.97745 9.04882 1.70156 2.40188 7.1586 2.54022 3.09942 6.56703 
1.90447 1.06785 1.95002 1.88596 1.25192 0 1.88187 1.70398 1.35663 1.06785 1.42326 1.47924 1.75875 1.63798 2.10728 1.92382 1.25192 2.0437 1.57552 1.5355 1.56288 1.59797 1.21005 1.52428 1.63798 1.34724 1.4833 1.69265 1.20253 1.56056 1.60636 1.50691 2.02152 2.08701 1.31562 1.63972 1.06785 1.91575 1.50691 1.20253 1.568 1.31562 1.7342 1.51941 1.31562 1.06785 1.25192 1.65823 1.35663 1.25192 1.5049 1.25192 1.59764 1.31562 1.72648 1.99662 1.46916 1.52428 1.51941 1.67856 2.26168 1.68564 2.8017 1.96605 1.70996 2.47471 1.85316 1.84869 2.15797 1.61393 1.86005 1.57513 2.05394 2.12581 1.99824 1.66337 2.0642 1.57513 2.10539 1.65823 1.51941 2.37856 1.62403 1.75378 1.56973 1.91696 2.13961 1.82453 1.69583 1.8908 1.67762 2.0217 1.82853 1.64941 2.59446 2.02946 1.63714 2.26168 2.54567 1.35663 
2.53865 2.56183 1.56719 1.59199 1.49746 1.88187 0 2.94399 2.01744 2.42989 2.1329 1.57502 1.40921 3.31213 3.19979 1.541 0.895286 1.70027 2.88384 2.21408 1.62388 3.12079 1.49581 2.14251 2.72388 1.56861 1.53721 2.25818 2.52722 1.17774 1.3204 1.95272 2.974 2.72089 2.73705 2.28934 2.36578 1.6298 2.11996 1.62209 2.13736 2.28294 2.64606 2.72204 2.52831 2.24737 1.40323 2.74505 1.9234 1.59916 2.49783 1.72904 2.29576 2.22763 2.388 2.78947 2.0921 2.08856 2.26198 2.56161 1.97692 1.57136 2.70045 2.85921 2.91928 2.20114 2.71016 3.33928 1.88439 2.65286 2.8974 2.41881 3.16548 3.01735 1.71609 2.51477 3.29887 2.44428 2.95178 2.52025 2.59358 2.2755 2.51742 2.83428 2.49979 1.59563 1.92989 2.61124 2.36452 2.77003 2.90997 1.89051 2.93143 2.45117 2.32945 3.52476 2.16602 3.48436 4.23382 2.17975 
2.87324 2.71833 1.61088 1.62858 1.90042 1.70398 2.94399 0 1.94441 2.09972 2.16879 1.2996 1.51647 3.15318 2.8557 1.58468 1.06174 1.7519 2.7111 2.20723 1.34137 2.79062 1.8304 2.35879 2.42511 1.27264 1.26179 2.53975 2.36827 1.22228 1.37204 1.88996 2.99785 2.89045 2.94323 2.08193 2.19165 1.67348 2.39465 1.87694 2.17465 2.03526 2.76816 2.42476 2.45528 2.07045 1.93422 2.6668 1.94988 1.72632 2.51443 1.74834 2.33284 1.92176 2.34581 2.92772 2.24171 2.35997 2.37758 2.57821 2.01351 1.58222 2.58019 2.99003 2.74159 2.23773 2.83352 3.2028 1.92098 2.51639 2.71972 2.35468 3.09246 3.11585 1.75268 2.4682 3.15322 2.34 3.08592 2.49656 2.40579 2.21635 2.38307 2.76125 2.32211 1.63931 1.9181 2.66925 2.48422 2.79651 2.60411 1.87941 2.7405 2.37814 2.36605 3.40034 2.24928 3.41112 4.08728 2.20623 
2.72944 2.75323 1.07003 0.712366 1.87478 1.35663 2.01744 1.94441 0 2.49712 2.555 0.952255 0.97563 2.45946 3.14052 1.04383 0.520896 1.21106 2.01029 2.74967 0.994022 2.20724 1.82378 2.42486 1.7243 0.925294 0.914444 2.11574 1.48525 0.688526 0.831191 2.42469 1.6923 2.15566 1.80552 1.73458 2.49702 0.968975 3.00179 1.96844 1.1581 1.41089 2.42243 2.50172 2.10214 2.12642 1.4665 2.5381 1.20757 1.23512 2.08428 1.48603 1.86366 1.80954 2.06231 2.64917 1.89947 1.84822 2.14903 2.26836 1.26439 0.910536 1.72151 2.68319 1.53654 1.32152 2.84028 1.99775 1.00477 1.31133 2.56691 1.92687 1.68846 2.44169 1.02404 2.18851 2.06606 1.88968 2.78907 2.21147 2.24127 1.50163 2.20512 1.49275 1.9363 0.817135 0.966012 2.36765 1.0799 2.50246 1.54684 1.13387 2.26102 1.86302 1.57282 1.90199 1.54338 2.20607 2.77682 1.53678 
3.67534 5.44923 1.44544 1.33047 5.54638 1.06785 2.42989 2.09972 2.49712 0 2.65435 0.776524 1.25417 2.43878 3.71953 1.41924 0.747334 1.49616 2.06934 3.39522 0.922252 2.25488 4.79115 3.94459 2.07138 0.938662 0.835584 6.99596 1.85813 1.1026 1.1484 5.80312 2.53037 2.47664 2.12905 1.63972 6.00189 1.30132 3.09694 5.07233 5.52129 5.51672 5.87705 5.22163 4.3282 5.63046 4.92093 2.56346 5.23317 4.58576 4.45295 5.96334 6.59846 6.10822 5.70302 4.69052 3.69014 3.64529 6.28182 5.43716 1.53564 1.07121 2.14755 4.8706 2.03736 1.86028 3.22304 2.3281 1.54353 1.81215 8.10454 5.93839 2.50029 7.92483 1.44275 6.47999 2.187 4.97477 3.72559 3.53091 6.8724 1.5287 6.28863 2.16908 6.46507 1.36147 1.58412 2.79547 1.89205 2.93285 1.91663 1.36223 3.29687 7.04041 1.92303 2.68492 5.56287 2.70688 3.36688 6.58013 
3.53554 3.23302 1.20546 1.23025 2.09135 1.42326 2.1329 2.16879 2.555 2.65435 0 0.776524 1.01419 2.53693 3.67764 1.17927 0.507357 1.33854 2.22672 2.60919 1.07337 2.3764 1.85591 2.809 1.94868 1.08978 0.986698 2.95314 1.75202 0.816003 0.861798 2.13452 2.42455 2.22627 2.2272 1.8572 2.45102 1.17119 3.05813 1.9315 2.58575 2.55858 3.31353 3.05064 3.19815 2.28767 2.12147 3.33388 2.38129 1.82973 3.0012 2.34625 2.87282 2.48241 2.81516 3.75125 2.84626 2.75088 2.75169 3.30885 1.61519 1.20962 2.33872 3.70339 2.27226 1.8394 3.59718 2.73347 1.52266 2.04705 3.50067 2.87476 2.61603 3.79488 1.35436 3.13917 2.68388 2.86799 3.7943 3.21808 3.01318 1.91377 2.90384 2.28483 2.87573 1.2339 1.56815 3.36876 2.00779 3.50532 2.13477 1.52877 3.57785 3.0934 1.96772 2.931 2.70166 2.94178 3.61795 2.87453 
1.59763 1.3272 1.59655 1.48159 0.94507 1.47924 1.57502 1.2996 0.952255 0.776524 0.776524 0 1.38732 1.2336 1.61777 1.57036 0.898448 1.76536 1.197 1.21024 1.07337 1.04636 0.776524 1.15284 1.2336 1.08978 0.986698 1.22932 0.94507 1.25372 1.29951 1.14001 1.46991 1.75027 1.41984 1.8572 0.884787 1.45243 1.20006 0.94507 1.16363 0.952255 1.47631 1.14798 1.22369 0.776524 0.898448 1.37193 0.952255 0.898448 1.36362 0.94507 1.19326 0.898448 1.23697 1.68978 1.06479 1.15284 1.14744 1.36837 1.78482 1.39935 2.39732 1.60084 1.30559 2.09074 1.38984 1.44432 1.77399 1.16484 1.45568 1.16484 1.64956 1.77399 1.6356 1.35117 1.73645 1.14744 1.70102 1.35117 1.14798 1.94835 1.16949 1.39041 1.16484 1.51259 1.73523 1.36186 1.29146 1.51326 1.27325 1.61141 1.42415 1.24504 2.23668 1.62509 1.17382 1.78482 2.14129 0.952255 
1.35644 1.31779 1.3089 1.41883 0.74803 1.75875 1.40921 1.51647 0.97563 1.25417 1.01419 1.38732 0 1.58932 1.70814 1.2827 0.610793 1.53506 1.44172 0.997628 1.42908 1.50604 0.610793 0.883153 1.28667 1.44549 1.34951 1.13666 1.30079 1.01253 1.05833 0.997628 1.56028 1.48058 1.5102 2.22123 1.25302 1.35977 1.09784 0.897991 1.10087 1.08222 1.42319 1.38562 1.31659 1.25417 0.610793 1.44548 0.97563 0.610793 1.38566 0.74803 1.19272 1.08222 1.13589 1.44859 1.02422 0.883153 1.07393 1.32781 1.80376 1.3982 2.52729 1.52045 1.43556 2.02798 1.29717 1.57428 1.71123 1.29481 1.58565 1.27079 1.69075 1.71123 1.54548 1.27079 1.84048 1.27079 1.6109 1.27079 1.37593 2.07832 1.28147 1.52038 1.29481 1.42247 1.75673 1.28147 1.20134 1.43288 1.58962 1.71735 1.58962 1.30271 2.1563 1.75505 1.08115 1.80376 2.27126 0.97563 
3.38033 2.22852 1.78059 1.59845 2.24692 1.63798 3.31213 3.15318 2.45946 2.43878 2.53693 1.2336 1.58932 0 3.52151 1.7544 1.08249 1.88222 3.21819 2.76392 1.27537 3.42288 2.25148 2.94059 2.57995 1.20664 1.19579 3.03416 2.65127 1.39909 1.44488 2.66 3.47103 3.56258 2.70942 1.44581 2.17548 1.74633 2.95456 2.10479 2.6897 2.31777 3.13629 3.02832 2.56314 2.28336 2.41322 2.88817 2.37979 2.29652 2.68125 2.18543 2.75032 2.39581 2.91601 3.43481 2.62845 2.83316 2.74737 2.85438 1.98682 1.51622 2.51419 3.4527 3.21622 2.2076 3.34857 3.71785 1.89086 2.99101 3.19434 2.71616 3.54315 3.59843 1.75246 2.94283 3.62727 2.70147 3.52166 2.87895 2.92084 2.15036 2.86314 3.14052 2.79673 1.62945 1.8521 3.1843 2.99927 3.27658 3.10093 1.81341 3.22057 2.89319 2.35355 3.91539 2.76433 3.92617 4.5172 2.63614 
4.43608 4.07285 1.80254 1.40529 3.21733 2.10728 3.19979 2.8557 3.14052 3.71953 3.67764 1.61777 1.70814 3.52151 0 1.77634 1.2534 1.94357 3.12043 3.80823 1.65954 2.20028 2.96879 3.71899 2.83444 1.67595 1.57996 3.17254 2.59463 1.41394 1.5637 3.27282 2.6833 3.14625 2.94357 2.48523 3.63318 1.67643 4.20035 3.20203 3.19849 2.76192 4.18058 3.84821 3.72324 3.09163 2.97807 3.83032 2.81616 2.72231 3.68823 2.84735 3.50579 2.90823 3.64508 4.40068 3.33473 3.47981 3.60262 3.66079 1.92991 1.63595 2.56148 4.30917 2.6675 2.16149 4.33807 3.12871 1.84474 2.44229 4.08129 3.47777 3.00872 4.37245 1.78069 3.76728 3.19702 3.38868 4.46392 3.7672 3.61896 2.18685 3.6107 2.62371 3.56229 1.58334 1.80598 3.97623 2.30708 4.03181 2.74554 1.8499 3.96356 3.47655 2.39405 3.22225 3.28853 3.33702 4.01319 3.25618 
1.5168 1.48286 1.3771 1.48703 0.913105 1.92382 1.541 1.58468 1.04383 1.41924 1.17927 1.57036 1.2827 1.7544 1.77634 0 0.913105 1.60327 1.60327 1.1627 1.59416 1.68908 0.913105 1.04823 1.35487 1.61057 1.51458 1.2876 1.46586 1.08073 1.2234 1.11957 1.72536 1.62645 1.67528 2.3863 1.41809 1.52484 1.16604 0.966195 1.16907 1.15043 1.4914 1.55069 1.38479 1.41924 0.678998 1.51368 1.04383 0.678998 1.45387 0.913105 1.26092 1.15043 1.20409 1.5168 1.15637 1.04823 1.239 1.45387 1.87197 1.4664 2.59549 1.58866 1.50376 2.09618 1.36538 1.64249 1.77944 1.36302 1.65385 1.33899 1.75896 1.77944 1.61369 1.33899 1.90868 1.33899 1.67911 1.33899 1.44413 2.14652 1.34968 1.58858 1.36302 1.49068 1.82493 1.34968 1.26955 1.50108 1.65783 1.78555 1.65783 1.37091 2.2245 1.82326 1.14936 1.87197 2.33947 1.04383 
0.849608 0.810953 0.939301 0.964095 0.241197 1.25192 0.895286 1.06174 0.520896 0.747334 0.507357 0.898448 0.610793 1.08249 1.2534 0.913105 0 1.07238 0.927802 0.490796 0.922252 1.01717 0.241197 0.37632 0.831936 0.938662 0.835584 0.629827 0.793956 0.549843 0.551492 0.490796 1.05345 0.973747 1.00337 1.71439 0.746186 0.852934 0.635149 0.435304 0.646132 0.627489 0.960506 0.878786 0.861855 0.747334 0.241197 0.990743 0.517388 0.241197 0.93093 0.241197 0.737981 0.627489 0.701276 0.970445 0.517388 0.37632 0.567093 0.820975 1.34903 0.943465 2.07256 1.06572 0.980822 1.57324 0.842436 1.11955 1.2565 0.885549 1.13091 0.816053 1.23602 1.2565 1.0882 0.816053 1.38574 0.816053 1.15617 0.816053 0.878786 1.64761 0.844291 1.06564 0.840588 0.967739 1.30199 0.846866 0.74661 0.978143 1.12214 1.26262 1.13489 0.847974 1.70156 1.30032 0.62642 1.34903 1.81653 0.517388 
1.67607 1.64213 1.62946 1.65426 0.931359 2.0437 1.70027 1.7519 1.21106 1.49616 1.33854 1.76536 1.53506 1.88222 1.94357 1.60327 1.07238 0 0.931359 1.41507 1.80712 1.88408 1.07238 1.30059 1.5221 1.73044 1.72754 1.45483 1.58574 1.24001 1.38267 1.27884 1.89258 1.87882 1.8425 2.49057 1.57736 1.69207 1.32531 1.12547 1.33629 1.31765 1.65067 1.76366 1.55202 1.58574 0.931359 1.6809 1.20755 0.931359 1.62109 0.931359 1.42814 1.31765 1.45645 1.67607 1.20755 1.30059 1.49136 1.51114 2.03919 1.63363 2.76272 1.75588 1.67098 2.26341 1.5326 1.80971 1.94666 1.58405 1.82107 1.50621 1.92618 1.94666 1.77836 1.50621 2.07591 1.50621 1.84633 1.50621 1.61135 2.33777 1.53445 1.7558 1.53075 1.6579 1.99216 1.60204 1.43677 1.6683 1.82505 1.95278 1.82505 1.53814 2.39172 1.99048 1.31658 2.03919 2.50669 1.20755 
2.81308 2.65818 1.62946 1.65407 1.7719 1.57552 2.88384 2.7111 2.01029 2.06934 2.22672 1.197 1.44172 3.21819 3.12043 1.60327 0.927802 0.931359 0 2.46487 1.24585 3.01558 1.77024 2.41574 2.49099 1.26226 1.15919 2.53262 2.43328 1.24001 1.38242 2.19233 3.06373 3.03002 3.00533 2.07155 2.3173 1.68387 2.53335 1.94195 2.24762 2.10822 2.83317 2.48914 2.52116 2.15343 1.67766 2.6146 2.02285 1.81725 2.5874 1.82849 2.39872 1.99473 2.41878 2.98564 2.30759 2.36299 2.32592 2.65118 1.95731 1.45376 2.56981 2.96855 2.81456 2.24282 2.78895 3.27577 1.92608 2.58935 2.79269 2.42765 3.15833 3.12669 1.76635 2.42309 3.10811 2.41296 3.1518 2.45145 2.36068 2.12084 2.45603 2.82713 2.39507 1.6579 1.90772 2.71538 2.5501 2.75196 2.67707 1.78389 2.81347 2.44402 2.31786 3.47331 2.31516 3.48408 4.16025 2.2792 
3.57382 4.38094 1.1889 1.29883 2.92664 1.5355 2.21408 2.20723 2.74967 3.39522 2.60919 1.21024 0.997628 2.76392 3.80823 1.1627 0.490796 1.41507 2.46487 0 1.30909 2.36239 2.58444 3.66955 2.17889 1.3255 1.22951 4.13719 2.13973 0.892533 0.938328 2.89364 2.65476 2.01217 2.18884 2.02698 3.37312 1.23977 2.36746 3.00695 3.54991 3.76441 4.61346 4.03148 4.46157 3.32798 3.24636 3.34503 3.31702 2.58312 3.94965 3.53897 3.7193 3.75175 4.15846 5.02882 4.09287 3.7026 3.66743 4.6057 1.68376 1.19164 2.40729 5.47124 2.32661 1.90798 3.45378 2.61734 1.59124 2.1014 4.809 3.89323 2.77848 4.93582 1.42549 4.13072 2.43664 4.049 3.87896 4.21508 4.1301 1.87176 4.02941 2.46348 4.08254 1.30248 1.63673 3.16003 1.99372 3.27068 2.36497 1.59735 3.58902 4.53647 2.0363 2.97417 3.49972 2.98926 3.6717 3.98708 
1.6679 1.36897 1.62036 1.52335 0.986837 1.56288 1.62388 1.34137 0.994022 0.922252 1.07337 1.07337 1.42908 1.27537 1.65954 1.59416 0.922252 1.80712 1.24585 1.30909 0 1.19209 0.922252 1.19461 1.27537 1.13154 1.03555 1.35383 0.986837 1.29548 1.36978 1.18178 1.61564 1.79204 1.56139 1.94083 1.03051 1.59816 1.24183 0.986837 1.20539 0.994022 1.51807 1.18975 1.26546 0.922251 0.922252 1.4137 0.994022 0.922252 1.40539 0.986837 1.23503 0.940215 1.27874 1.73863 1.10655 1.19461 1.1892 1.41014 1.82659 1.44112 2.43909 1.6426 1.34736 2.1325 1.4316 1.48608 1.81576 1.20661 1.49744 1.20661 1.69133 1.81576 1.67736 1.39294 1.77822 1.1892 1.74278 1.39294 1.18975 1.99012 1.21126 1.43218 1.20661 1.55435 1.777 1.40362 1.33322 1.55503 1.31502 1.65317 1.46592 1.2868 2.27845 1.66685 1.22268 1.82659 2.18306 0.994022 
3.14709 2.73289 1.71527 1.60031 2.10803 1.59797 3.12079 2.79062 2.20724 2.25488 2.3764 1.04636 1.50604 3.42288 2.20028 1.68908 1.01717 1.88408 3.01558 2.36239 1.19209 0 1.93346 2.61791 2.72959 1.2085 1.10542 2.31081 2.49687 1.37244 1.41823 2.14908 3.01675 3.14248 2.86624 1.97592 2.34681 1.57116 2.57144 2.18851 2.32257 1.89375 2.99719 2.66286 2.59611 1.93856 2.0952 2.75992 2.10727 2.0034 2.65006 2.05991 2.54488 1.88664 2.60493 3.21706 2.47454 2.51513 2.4286 2.70108 1.90354 1.51807 2.51604 3.13481 2.88951 2.20946 2.98143 3.23911 1.89271 2.6643 2.94819 2.50259 3.11912 3.23386 1.75432 2.61612 3.1181 2.38271 3.29796 2.64447 2.55371 2.06707 2.53098 2.71649 2.47002 1.63131 1.85396 2.81716 2.62249 2.93214 2.72211 1.73013 2.86203 2.51642 2.3554 3.51835 2.3901 3.44742 4.21588 2.32956 
2.53095 4.77865 0.939301 0.964095 5.46014 1.21005 1.49581 1.8304 1.82378 4.79115 1.85591 0.776524 0.610793 2.25148 2.96879 0.913105 0.241197 1.07238 1.77024 2.58444 0.922252 1.93346 0 2.93601 1.61029 0.938662 0.835584 5.54152 1.55258 0.549843 0.551492 6.01319 1.86041 1.64199 1.76241 1.70608 4.46124 0.852934 1.92225 8.73377 15.6832 13.4814 4.56343 4.20285 3.43266 14.2223 15.7045 2.47218 16.419 13.5129 3.89369 5.6107 5.0198 6.03277 4.15646 3.78842 2.99144 2.66711 5.19869 4.65568 1.34903 0.943465 2.07256 4.64604 1.80568 1.57324 2.77966 2.26689 1.2565 1.58047 7.06118 7.70607 2.1699 8.2256 1.0882 10.9777 2.18528 4.035 2.81843 3.27435 5.89811 1.64761 6.51997 1.94643 9.66229 0.967739 1.30199 2.43989 1.3609 2.56936 1.79638 1.26262 2.75396 8.31418 1.70156 2.47684 15.1337 2.46578 3.172 6.50604 
2.61818 4.73911 1.07442 1.08878 2.67106 1.52428 2.14251 2.35879 2.42486 3.94459 2.809 1.15284 0.883153 2.94059 3.71899 1.04823 0.37632 1.30059 2.41574 3.66955 1.19461 2.61791 2.93601 0 2.24729 1.21102 1.11503 3.93927 2.10721 0.778058 0.823853 3.07117 2.39289 2.09233 2.34245 1.98675 4.17628 1.12529 2.95474 3.129 3.13398 3.60997 4.43808 4.19055 4.58391 3.84691 2.8554 3.14768 3.09422 2.13745 3.8426 3.31616 3.84036 3.76583 3.40097 4.08478 3.73216 3.0843 3.52936 4.36796 1.3945 0.988937 2.18277 5.2727 1.9742 1.67286 3.08587 2.41641 1.35612 1.72999 4.61302 3.81529 2.33853 3.99179 1.20154 3.47202 2.35363 3.82766 3.06139 4.00506 4.13607 1.66905 3.84337 2.1764 3.66456 1.188 1.52226 2.659 1.61107 3.07659 1.99424 1.30809 3.21682 3.93871 1.74703 2.6871 3.29043 2.62472 3.24099 3.68396 
2.65313 2.4274 1.38107 1.40586 1.68031 1.63798 2.72388 2.42511 1.7243 2.07138 1.94868 1.2336 1.28667 2.57995 2.83444 1.35487 0.831936 1.5221 2.49099 2.17889 1.27537 2.72959 1.61029 2.24729 0 1.20664 1.19579 2.32673 2.15525 0.999565 1.14223 2.03238 2.77774 2.86211 2.7273 1.56716 2.03927 1.44367 2.3734 1.66392 1.96164 1.82224 2.55514 2.32124 2.23518 1.85034 1.50975 2.44669 1.73686 1.53126 2.30141 1.53532 2.11273 1.70874 2.13279 2.70761 2.0216 2.13986 2.15748 2.36519 1.7908 1.38523 2.51419 2.77643 2.52857 2.01501 2.6205 2.98978 1.69827 2.30337 2.5067 2.14166 2.87235 2.90283 1.52997 2.25518 2.9402 2.12698 2.86581 2.28354 2.19277 2.08938 2.17005 2.54114 2.10909 1.40951 1.74376 2.45623 2.26411 2.58349 2.39109 1.70438 2.52748 2.15804 2.14333 3.18732 2.02917 3.1981 3.87426 1.99321 
1.59122 1.15333 1.63677 1.45463 0.925294 1.34724 1.56861 1.27264 0.925294 0.938662 1.08978 1.08978 1.44549 1.20664 1.67595 1.61057 0.938662 1.73044 1.26226 1.3255 1.13154 1.2085 0.938662 1.21102 1.20664 0 1.05196 1.34141 0.771198 1.24731 1.2931 1.19366 1.63205 1.77376 1.4011 1.72519 1.04692 1.6025 1.19366 0.771198 1.13666 0.925294 1.3297 1.20616 1.19673 0.771198 0.938662 1.34497 0.925294 0.938662 1.34202 0.925294 1.1663 0.925294 1.29515 1.66787 1.03783 1.21102 1.20561 1.34141 1.843 1.37239 2.37036 1.57388 1.27863 2.06378 1.44801 1.41736 1.74703 1.22302 1.42872 1.22302 1.6226 1.74703 1.60864 1.32421 1.79195 1.20561 1.67406 1.32421 1.20616 2.00653 1.22767 1.36345 1.13839 1.48563 1.70827 1.42003 1.2645 1.4863 1.24629 1.66958 1.39719 1.21808 2.20972 1.59813 1.21808 1.843 2.11433 0.925294 
1.58832 1.28939 1.54078 1.44378 0.907259 1.4833 1.53721 1.26179 0.914444 0.835584 0.986698 0.986698 1.34951 1.19579 1.57996 1.51458 0.835584 1.72754 1.15919 1.22951 1.03555 1.10542 0.835584 1.11503 1.19579 1.05196 0 1.27425 0.907259 1.21591 1.29021 1.1022 1.52897 1.71246 1.4789 1.86125 0.943847 1.51149 1.16225 0.907259 1.12581 0.914444 1.4385 1.11017 1.18588 0.835584 0.835584 1.33412 0.914444 0.860637 1.32581 0.907259 1.15545 0.860637 1.19916 1.65197 1.02698 1.11503 1.10963 1.33056 1.74701 1.36154 2.35951 1.56303 1.26778 2.05293 1.35202 1.40651 1.73618 1.12703 1.41787 1.12703 1.61175 1.73618 1.59779 1.31336 1.69864 1.10963 1.66321 1.31336 1.11017 1.91054 1.13168 1.3526 1.12703 1.47478 1.69742 1.32405 1.25365 1.47545 1.23544 1.5736 1.38634 1.20723 2.19887 1.58728 1.13601 1.74701 2.10348 0.914444 
3.23372 6.2156 1.3138 0.548646 6.78422 1.69265 2.25818 2.53975 2.11574 6.99596 2.95314 1.22932 1.13666 3.03416 3.17254 1.2876 0.629827 1.45483 2.53262 4.13719 1.35383 2.31081 5.54152 3.93927 2.32673 1.34141 1.27425 0 1.97925 0.925206 0.992221 7.33947 1.79587 2.39641 2.32521 2.14694 6.534 0.852934 3.1773 7.10672 5.88205 5.77996 5.17804 5.54034 3.95567 6.87949 6.09673 2.88338 5.52889 5.27821 4.70209 6.8704 6.10633 7.31748 5.24145 4.26989 2.87032 3.27596 6.30545 5.0706 1.55278 1.14722 2.03947 5.09875 2.18182 1.47576 3.19898 2.67698 1.15901 1.95661 7.82812 7.52951 2.26635 9.37695 0.915506 7.9514 2.59233 4.91703 3.28937 3.69257 7.13923 1.85136 8.23491 2.14652 7.34613 1.06034 1.3946 2.89396 1.40099 3.02877 2.07881 1.40309 3.01813 7.89971 1.84203 2.47988 6.36991 2.55422 3.00297 7.79013 
2.2897 2.08313 1.49206 1.13857 1.46201 1.20253 2.52722 2.36827 1.48525 1.85813 1.75202 0.94507 1.30079 2.65127 2.59463 1.46586 0.793956 1.58574 2.43328 2.13973 0.986837 2.49687 1.55258 2.10721 2.15525 0.771198 0.907259 1.97925 0 1.1026 1.1484 1.87509 2.56433 2.77767 2.25835 1.58049 1.84261 1.45779 2.16964 1.46459 1.41472 1.39089 2.07881 1.87005 2.02176 1.60204 1.54591 2.1385 1.31869 1.46705 2.12259 1.41389 1.80454 1.46893 1.99096 2.35967 1.83302 1.7439 1.95237 2.05955 1.69829 1.22768 2.22566 2.46823 2.30807 1.74772 2.4 2.76928 1.43098 2.08286 2.37009 1.92116 2.33347 2.35592 1.46393 2.03468 2.70039 1.90648 2.55762 2.06304 1.97227 1.86182 1.94955 2.21364 1.88859 1.34092 1.56357 2.23573 1.74455 2.26557 1.84417 1.52488 2.21232 1.84984 2.06501 2.64041 1.81388 2.9776 3.33794 1.57504 
1.15353 1.1196 1.10693 1.12463 0.401737 1.56056 1.17774 1.22228 0.688526 1.1026 0.816003 1.25372 1.01253 1.39909 1.41394 1.08073 0.549843 1.24001 1.24001 0.892533 1.29548 1.37244 0.549843 0.778058 0.999565 1.24731 1.21591 0.925206 1.1026 0 0.860138 0.74922 1.37005 1.35628 1.31997 1.96095 1.05483 1.16953 0.795689 0.595844 0.806672 0.788029 1.12105 1.25974 1.02948 1.1026 0.549843 1.15837 0.677928 0.401737 1.09147 0.401737 0.905611 0.788029 0.926829 1.15353 0.677928 0.778058 0.96883 0.981515 1.50957 1.10401 2.2331 1.22626 1.14136 1.73378 1.00298 1.28009 1.41704 1.05442 1.29145 0.976593 1.40365 1.41704 1.24874 0.976593 1.54628 0.976593 1.3238 0.976593 1.08173 1.80815 1.00483 1.22618 1.00113 1.13537 1.46962 1.07242 0.914239 1.13868 1.29543 1.42316 1.29543 1.0156 1.8621 1.46086 0.79405 1.50957 1.97707 0.677928 
1.20405 1.16539 1.2496 1.27439 0.551492 1.60636 1.3204 1.37204 0.831191 1.1484 0.861798 1.29951 1.05833 1.44488 1.5637 1.2234 0.551492 1.38267 1.38242 0.938328 1.36978 1.41823 0.551492 0.823853 1.14223 1.2931 1.29021 0.992221 1.1484 0.860138 0 0.898975 1.41584 1.42128 1.36577 2.07679 1.10063 1.21533 0.945444 0.745599 0.956428 0.937784 1.2708 1.32632 1.17215 1.1484 0.551492 1.30104 0.827683 0.551492 1.24123 0.551492 1.04828 0.937784 1.07658 1.2962 0.827683 0.823853 1.01463 1.13127 1.65932 1.25376 2.38285 1.37602 1.29112 1.88354 1.15273 1.42985 1.56679 1.20418 1.44121 1.12635 1.54631 1.56679 1.39849 1.12635 1.69604 1.12635 1.46646 1.12635 1.23149 1.9579 1.15459 1.37594 1.15088 1.27803 1.61229 1.22217 1.05691 1.28844 1.44518 1.57291 1.44518 1.15827 2.01186 1.61062 0.936716 1.65932 2.12682 0.827683 
3.11812 5.88843 1.14577 1.16347 7.36149 1.50691 1.95272 1.88996 2.42469 5.80312 2.13452 1.14001 0.997628 2.66 3.27282 1.11957 0.490796 1.27884 2.19233 2.89364 1.18178 2.14908 6.01319 3.07117 2.03238 1.19366 1.1022 7.33947 1.87509 0.74922 0.898975 0 2.40272 1.75081 2.13798 1.90729 5.50357 1.20837 2.00175 7.13683 7.50329 7.72196 5.62205 5.24873 4.30738 6.84919 7.35475 3.13254 7.44826 6.29502 4.9278 6.82083 6.4081 7.55602 4.94177 4.72765 3.79586 3.41545 6.20094 5.68867 1.54841 1.14284 2.27193 5.24719 2.25042 1.77262 3.21923 2.62507 1.45588 2.02521 8.11939 9.33115 2.59419 9.77584 1.28757 9.48159 2.44437 5.06967 3.41361 3.9654 7.00627 1.84698 7.90989 2.26299 9.37462 1.17421 1.50846 3.02979 1.79323 3.15733 2.21137 1.46199 3.48305 10.1952 1.90094 2.90917 8.12242 2.91052 3.59611 8.09115 
2.76929 2.58687 1.75155 1.30156 2.04908 2.02152 2.974 2.99785 1.6923 2.53037 2.42455 1.46991 1.56028 3.47103 2.6833 1.72536 1.05345 1.89258 3.06373 2.65476 1.61564 3.01675 1.86041 2.39289 2.77774 1.63205 1.52897 1.79587 2.56433 1.37005 1.41584 2.40272 0 3.11223 2.76209 2.39947 2.50715 1.55363 2.61642 2.19 1.92963 1.72345 2.72291 2.73032 2.20317 2.23653 1.80418 2.53064 1.59233 1.75633 2.3533 1.78669 2.07818 1.98325 2.35785 2.83927 1.95961 2.21554 2.30307 2.18614 1.88601 1.59206 2.45775 2.75416 2.58998 2.05776 2.69931 3.05119 1.74102 2.36477 2.65199 2.20306 2.9312 2.86024 1.68651 2.40778 3.1195 2.23403 2.83126 2.37004 2.50366 2.14295 2.44122 2.54619 2.17049 1.47961 1.70226 2.53504 2.22956 2.58217 2.77757 1.80601 2.71665 2.12348 2.30907 3.14473 1.99717 3.2595 3.93567 1.84868 
2.68483 2.81228 1.65265 1.76258 1.74791 2.08701 2.72089 2.89045 2.15566 2.47664 2.22627 1.75027 1.48058 3.56258 3.14625 1.62645 0.973747 1.87882 3.03002 2.01217 1.79204 3.14248 1.64199 2.09233 2.86211 1.77376 1.71246 2.39641 2.77767 1.35628 1.42128 1.75081 3.11223 0 2.9875 2.57215 2.45915 1.72272 1.84621 1.87254 2.27558 2.42117 2.89651 2.66563 2.66653 2.49781 1.45631 2.88327 2.11373 1.5971 2.63606 1.91936 2.43749 2.36585 2.55123 2.94624 2.28242 2.15724 2.4002 2.73537 2.14751 1.74195 2.87104 2.99743 3.01203 2.37173 2.80291 3.42369 2.05499 2.73727 2.99016 2.57557 3.30371 3.15557 1.88924 2.65299 3.4371 2.56496 3.12664 2.65847 2.70803 2.42207 2.63552 2.9725 2.59254 1.76623 2.10048 2.72934 2.50274 2.90826 3.0482 2.0611 3.04644 2.58939 2.50005 3.66299 2.35631 3.62258 4.35772 2.3671 
2.7109 1.54517 1.70148 1.49874 1.67184 1.31562 2.73705 2.94323 1.80552 2.12905 2.2272 1.41984 1.5102 2.70942 2.94357 1.67528 1.00337 1.8425 3.00533 2.18884 1.56139 2.86624 1.76241 2.34245 2.7273 1.4011 1.4789 2.32521 2.25835 1.31997 1.36577 2.13798 2.76209 2.9875 0 1.69358 1.49213 1.50355 2.30522 1.73881 2.04285 1.80214 2.58285 2.65639 2.04496 1.86858 1.75374 2.49012 1.81808 1.70589 2.11418 1.62372 2.04138 1.88017 2.30741 2.78087 2.06674 2.1651 2.25263 2.29267 1.83593 1.54198 2.50788 2.86737 2.7032 2.10789 2.70844 3.16441 1.79115 2.47799 2.68132 2.16271 3.02751 2.98405 1.65275 2.47263 3.07665 2.29888 2.94703 2.32952 2.54724 2.09287 2.48953 2.62488 2.28371 1.52974 1.75239 2.59989 2.34533 2.66471 2.59864 1.75593 2.71828 2.23925 2.30008 3.26854 2.11039 3.37272 4.04889 1.97098 
2.3749 1.44581 2.4125 2.26391 1.56716 1.63972 2.28934 2.08193 1.73458 1.63972 1.8572 1.8572 2.22123 1.44581 2.48523 2.3863 1.71439 2.49057 2.07155 2.02698 1.94083 1.97592 1.70608 1.98675 1.56716 1.72519 1.86125 2.14694 1.58049 1.96095 2.07679 1.90729 2.39947 2.57215 1.69358 0 1.44581 2.37823 1.90729 1.56716 1.94595 1.69358 2.13899 2.01545 1.69358 1.44581 1.71439 2.11526 1.73458 1.70745 1.88285 1.56716 1.97559 1.69358 2.10444 2.4041 1.84335 1.98675 2.0149 1.9938 2.65228 2.18168 3.17965 2.38316 2.08791 2.87306 2.25354 2.22664 2.55632 1.99188 2.238 1.97992 2.43189 2.55632 2.41416 2.1335 2.56023 1.97992 2.48334 2.11526 2.01544 2.81581 2.00198 2.13173 1.94768 2.29491 2.51756 2.22932 2.07378 2.29559 2.05558 2.42649 2.20648 2.02736 3.019 2.40741 2.02736 2.65228 2.92362 1.73458 
3.62018 5.0513 1.44429 1.43874 5.21261 1.06785 2.36578 2.19165 2.49702 6.00189 2.45102 0.884787 1.25302 2.17548 3.63318 1.41809 0.746186 1.57736 2.3173 3.37312 1.03051 2.34681 4.46124 4.17628 2.03927 1.04692 0.943847 6.534 1.84261 1.05483 1.10063 5.50357 2.50715 2.45915 1.49213 1.44581 0 1.40203 2.92102 4.27286 5.34268 4.91063 5.66355 5.31247 3.85712 4.97082 4.90758 3.0257 4.80601 4.43273 4.52274 5.3958 5.90745 5.81159 5.21715 4.98941 3.70453 3.88646 6.21504 5.44406 1.74197 1.3565 2.35447 5.38245 2.35485 2.04788 3.63493 2.75615 1.73114 2.06973 8.01367 5.78295 2.63616 7.71693 1.52528 6.50915 2.68496 5.10754 3.68445 4.0366 6.9452 1.9055 6.29701 2.28335 6.19631 1.40227 1.62496 3.26059 2.02792 3.3454 2.20677 1.56855 3.34921 6.70379 2.13864 3.00301 5.13841 2.96446 3.70054 6.10699 
1.51344 1.47479 1.55104 1.25453 0.905033 1.91575 1.6298 1.67348 0.968975 1.30132 1.17119 1.45243 1.35977 1.74633 1.67643 1.52484 0.852934 1.69207 1.68387 1.23977 1.59816 1.57116 0.852934 1.12529 1.44367 1.6025 1.51149 0.852934 1.45779 1.16953 1.21533 1.20837 1.55363 1.72272 1.50355 2.37823 1.40203 0 1.25484 1.05499 1.09421 1.07557 1.52291 1.54728 1.3074 1.30132 0.852934 1.43627 0.852934 0.852934 1.44733 0.852934 1.09394 1.07557 1.37803 1.60559 0.965466 1.12529 1.26413 1.122 1.79711 1.39154 2.52063 1.5138 1.4289 2.01073 1.29051 1.56763 1.69399 1.34196 1.6328 1.26413 1.68154 1.69399 1.53628 1.26413 1.83382 1.26413 1.6017 1.26413 1.36927 2.09569 1.29237 1.51372 1.28867 1.41327 1.74752 1.45272 1.19214 1.4569 1.57237 1.71069 1.57237 1.2935 2.14964 1.7088 1.0745 1.79711 2.31841 0.852934 
3.74328 3.73244 1.19224 1.20994 2.15185 1.50691 2.11996 2.39465 3.00179 3.09694 3.05813 1.20006 1.09784 2.95456 4.20035 1.16604 0.635149 1.32531 2.53335 2.36746 1.24183 2.57144 1.92225 2.95474 2.3734 1.19366 1.16225 3.1773 2.16964 0.795689 0.945444 2.00175 2.61642 1.84621 2.30522 1.90729 2.92102 1.25484 0 2.31744 2.94438 3.17295 3.803 3.32528 3.5636 3.01343 2.0553 3.88835 2.72149 2.05128 3.4084 2.68645 3.20951 3.15496 3.33418 4.00324 3.17592 2.96571 3 3.71549 1.59487 1.18931 2.3184 4.13165 2.46413 1.81909 3.91753 2.83877 1.50234 2.23892 3.95002 3.3241 2.8079 4.13321 1.33404 3.36828 2.65807 3.54054 4.13451 3.47473 3.24229 1.89345 3.44436 2.4767 3.39567 1.22067 1.55493 3.60689 2.00694 3.73443 2.55239 1.50846 4.10446 3.5845 1.94741 3.12288 3.04423 3.12423 3.80982 3.21473 
2.80784 4.9414 0.992391 1.0101 7.1117 1.20253 1.62209 1.87694 1.96844 5.07233 1.9315 0.94507 0.897991 2.10479 3.20203 0.966195 0.435304 1.12547 1.94195 3.00695 0.986837 2.18851 8.73377 3.129 1.66392 0.771198 0.907259 7.10672 1.46459 0.595844 0.745599 7.13683 2.19 1.87254 1.73881 1.56716 4.27286 1.05499 2.31744 0 9.816 10.2153 4.74247 4.85293 3.50757 8.95724 9.50391 2.729 9.18592 8.46622 3.90161 6.19809 5.43851 6.18217 4.17275 4.23196 3.24448 2.83391 5.33518 4.75907 1.39503 0.989466 2.11856 4.72416 1.9368 1.61924 2.76682 2.44161 1.3025 1.71159 6.94151 7.78298 2.33127 8.61373 1.1342 11.7721 2.32184 4.26121 3.27911 3.46091 6.23391 1.69361 6.85776 1.98336 9.67192 1.02083 1.35508 2.63919 1.55168 2.83112 1.84292 1.25896 2.96017 8.62283 1.74756 2.59249 10.5666 2.51674 3.20233 6.75855 
2.58314 5.59772 1.19527 0.548646 6.37716 1.568 2.13736 2.17465 1.1581 5.52129 2.58575 1.16363 1.10087 2.6897 3.19849 1.16907 0.646132 1.33629 2.24762 3.54991 1.20539 2.32257 15.6832 3.13398 1.96164 1.13666 1.12581 5.88205 1.41472 0.806672 0.956428 7.50329 1.92963 2.27558 2.04285 1.94595 5.34268 1.09421 2.94438 9.816 0 12.2608 3.97259 4.43227 3.14461 15.2085 14.5788 2.58643 11.167 13.9185 3.84403 5.30168 4.72331 5.24072 3.87019 3.07244 2.73819 2.57332 4.53118 4.21443 1.43425 0.945715 1.70219 4.14963 1.71551 1.1578 2.7807 2.14503 0.841051 1.4903 6.19698 6.48275 1.61793 6.72919 1.09082 8.90941 2.11425 3.21171 2.52783 3.005 5.0829 1.64986 5.76469 1.61031 7.54357 0.883915 1.17738 2.25918 0.935604 2.47742 1.47631 1.29656 2.15809 6.38771 1.73551 1.83146 12.0177 2.43631 2.70629 5.35184 
2.9006 4.64488 1.17662 0.712366 7.33417 1.31562 2.28294 2.03526 1.41089 5.51672 2.55858 0.952255 1.08222 2.31777 2.76192 1.15043 0.627489 1.31765 2.10822 3.76441 0.994022 1.89375 13.4814 3.60997 1.82224 0.925294 0.914444 5.77996 1.39089 0.788029 0.937784 7.72196 1.72345 2.42117 1.80214 1.69358 4.91063 1.07557 3.17295 10.2153 12.2608 0 4.10103 4.08401 3.0881 13.4514 13.132 2.05571 9.49425 12.2486 3.39192 5.25793 4.74692 4.47178 4.4853 3.59129 2.50629 2.761 4.73739 3.65695 1.20483 0.910872 1.70219 4.02658 1.47065 1.32152 2.77619 1.8509 1.00477 1.24544 5.89795 6.67889 1.4825 6.58512 1.02404 10.2466 1.92562 3.4395 2.71877 2.77659 5.12128 1.50163 5.35744 1.09918 8.38538 0.817135 0.966012 2.24654 0.985549 2.44663 1.45248 1.13387 2.00085 6.83122 1.57282 1.80764 11.5759 2.07891 2.68247 5.362 
3.57726 6.68577 1.51759 1.25949 4.7683 1.7342 2.64606 2.76816 2.42243 5.87705 3.31353 1.47631 1.42319 3.13629 4.18058 1.4914 0.960506 1.65067 2.83317 4.61346 1.51807 2.99719 4.56343 4.43808 2.55514 1.3297 1.4385 5.17804 2.07881 1.12105 1.2708 5.62205 2.72291 2.89651 2.58285 2.13899 5.66355 1.52291 3.803 4.74247 3.97259 4.10103 0 5.84702 4.43357 4.77704 4.30232 3.25131 3.35488 3.73118 4.82815 4.19766 5.04955 4.64195 5.36178 4.67288 3.48662 3.47524 4.79261 4.79836 1.3459 1.09182 1.73822 4.95122 2.00494 1.67959 2.61418 2.404 1.36285 1.62143 5.43584 4.2304 2.22264 5.48833 1.09161 4.59962 2.57202 4.85893 3.53786 3.77664 5.18259 1.52152 5.00848 2.20715 4.17591 1.20957 1.54383 2.93266 1.6615 3.12881 2.07992 1.08843 3.01743 4.50903 1.72226 2.71784 3.91017 2.20396 2.74409 3.85553 
3.76916 6.56592 1.57689 1.2414 4.98752 1.51941 2.72204 2.42476 2.50172 5.22163 3.05064 1.14798 1.38562 3.02832 3.84821 1.55069 0.878786 1.76366 2.48914 4.03148 1.18975 2.66286 4.20285 4.19055 2.32124 1.20616 1.11017 5.54034 1.87005 1.25974 1.32632 5.24873 2.73032 2.66563 2.65639 2.01545 5.31247 1.54728 3.32528 4.85293 4.43227 4.08401 5.84702 0 4.61994 4.66337 4.32195 2.68527 3.97693 3.94843 5.09844 4.60192 5.25446 4.59778 6.04567 4.65236 3.86334 3.70069 4.46568 5.48487 1.45984 0.945715 2.12269 4.74492 2.1085 1.73478 3.2717 2.33732 1.41804 1.82138 5.82228 4.57428 2.34589 6.06129 1.34735 4.38685 1.83335 4.33475 3.78825 3.61063 4.83501 1.5287 4.21373 2.22605 5.0564 1.26476 1.59902 2.84414 1.75696 2.95325 1.75708 1.18211 3.18742 5.2116 1.62105 2.75606 4.42171 2.71611 3.24413 4.9032 
3.62892 4.24983 1.41099 0.983803 3.65482 1.31562 2.52831 2.45528 2.10214 4.3282 3.19815 1.22369 1.31659 2.56314 3.72324 1.38479 0.861855 1.55202 2.52116 4.46157 1.26546 2.59611 3.43266 4.58391 2.23518 1.19673 1.18588 3.95567 2.02176 1.02948 1.17215 4.30738 2.20317 2.66653 2.04496 1.69358 3.85712 1.3074 3.5636 3.50757 3.14461 3.0881 4.43357 4.61994 0 3.40303 3.01915 3.29844 2.79996 3.00231 3.63086 3.24092 3.66997 3.55244 4.15826 4.86355 3.99125 3.87297 3.9588 4.34522 1.53583 1.18231 1.99294 5.51769 2.04741 1.59295 3.48992 2.50863 1.27621 1.82221 4.81499 3.7376 2.34851 4.73362 1.2217 4.3068 2.57694 3.65464 3.61478 4.17462 4.36467 1.77307 4.0945 2.00363 3.90897 1.0148 1.23745 3.07686 1.66618 3.21167 1.71813 1.40531 2.65147 4.12625 1.84426 2.56203 3.51575 2.71694 3.39311 3.82801 
3.29131 4.27389 1.44544 1.22024 7.09751 1.06785 2.24737 2.07045 2.12642 5.63046 2.28767 0.776524 1.25417 2.28336 3.09163 1.41924 0.747334 1.58574 2.15343 3.32798 0.922251 1.93856 14.2223 3.84691 1.85034 0.771198 0.835584 6.87949 1.60204 1.1026 1.1484 6.84919 2.23653 2.49781 1.86858 1.44581 4.97082 1.30132 3.01343 8.95724 15.2085 13.4514 4.77704 4.66337 3.40303 0 14.9089 2.54539 13.8358 14.3659 4.1374 5.33925 5.25664 6.05064 4.85236 4.41983 3.42562 3.16403 5.21239 4.72153 1.53509 1.07121 2.11666 4.56878 1.89492 1.82939 3.07572 2.16529 1.51264 1.66972 6.77013 7.59718 2.22713 8.31689 1.44693 10.846 2.05673 3.35437 3.46685 3.23007 5.64476 1.5287 6.2041 1.89066 9.80052 1.32501 1.47388 2.74215 1.79666 2.73802 1.68809 1.27098 2.61076 8.09838 1.90854 2.60782 14.9433 2.54354 3.24193 6.29294 
2.28493 4.95265 0.705193 0.890441 5.49255 1.25192 1.40323 1.93422 1.4665 4.92093 2.12147 0.898448 0.610793 2.41322 2.97807 0.678998 0.241197 0.931359 1.67766 3.24636 0.922252 2.0952 15.7045 2.8554 1.50975 0.938662 0.835584 6.09673 1.54591 0.549843 0.551492 7.35475 1.80418 1.45631 1.75374 1.71439 4.90758 0.852934 2.0553 9.50391 14.5788 13.132 4.30232 4.32195 3.01915 14.9089 0 2.24221 16.7443 12.7469 3.29868 4.45433 4.49384 5.35193 3.92092 3.27828 2.18865 2.45885 4.63646 4.03483 1.20261 0.910536 1.99001 4.16647 1.79739 1.48011 2.58536 2.11218 1.16336 1.42576 6.44118 6.88345 1.94039 7.27952 0.941779 10.2791 2.16865 3.74571 2.45937 2.89949 5.53337 1.50119 6.0249 1.60718 8.56772 0.818769 1.15303 2.13245 1.12883 2.42018 1.77116 1.1162 2.56916 7.27522 1.55514 2.26959 13.7835 2.32049 3.06054 5.68446 
3.82082 3.15317 1.53988 1.13198 2.76077 1.65823 2.74505 2.6668 2.5381 2.56346 3.33388 1.37193 1.44548 2.88817 3.83032 1.51368 0.990743 1.6809 2.6146 3.34503 1.4137 2.75992 2.47218 3.14768 2.44669 1.34497 1.33412 2.88338 2.1385 1.15837 1.30104 3.13254 2.53064 2.88327 2.49012 2.11526 3.0257 1.43627 3.88835 2.729 2.58643 2.05571 3.25131 2.68527 3.29844 2.54539 2.24221 0 1.9975 2.36168 2.26382 2.27633 2.65956 2.33788 3.20277 3.65448 2.3565 2.84848 2.46966 2.54473 1.25593 1.00771 1.93096 2.96686 1.97395 1.46168 3.26766 2.35378 1.14493 1.57121 2.98813 2.20777 2.19193 3.30572 0.808947 2.34569 2.23244 2.33249 3.60506 2.19525 2.29351 1.55451 2.32327 1.91 2.51221 0.924654 1.25891 2.74939 1.53956 2.95899 2.08417 0.94905 3.15037 2.61462 1.388 2.39429 2.33622 2.56209 3.1023 2.53412 
2.57545 5.04224 1.07003 0.548646 6.55007 1.35663 1.9234 1.94988 1.20757 5.23317 2.38129 0.952255 0.97563 2.37979 2.81616 1.04383 0.517388 1.20755 2.02285 3.31702 0.994022 2.10727 16.419 3.09422 1.73686 0.925294 0.914444 5.52889 1.31869 0.677928 0.827683 7.44826 1.59233 2.11373 1.81808 1.73458 4.80601 0.852934 2.72149 9.18592 11.167 9.49425 3.35488 3.97693 2.79996 13.8358 16.7443 1.9975 0 11.9972 3.16188 4.38813 3.88152 3.83944 3.61485 2.9983 1.8394 2.34401 3.81069 3.20027 1.19297 0.767707 1.72151 3.56459 1.37897 1.1578 2.33202 1.89069 0.841051 1.18745 5.04369 4.92024 1.52191 5.65984 0.767231 7.83101 1.95309 2.98523 2.04053 2.24414 4.25414 1.49155 4.83526 1.38569 6.63171 0.560331 0.894587 1.7993 0.656542 1.91441 1.38028 1.08973 1.94234 5.33342 1.52868 1.73543 9.2015 2.099 2.61026 4.07592 
2.2574 4.79641 0.705193 0.808035 5.18809 1.25192 1.59916 1.72632 1.23512 4.58576 1.82973 0.898448 0.610793 2.29652 2.72231 0.678998 0.241197 0.931359 1.81725 2.58312 0.922252 2.0034 13.5129 2.13745 1.53126 0.938662 0.860637 5.27821 1.46705 0.401737 0.551492 6.29502 1.75633 1.5971 1.70589 1.70745 4.43273 0.852934 2.05128 8.46622 13.9185 12.2486 3.73118 3.94843 3.00231 14.3659 12.7469 2.36168 11.9972 0 3.2747 4.48092 4.21689 5.17552 3.23232 3.32662 2.46755 1.86652 4.4439 3.86031 1.19297 0.787406 1.9165 3.89324 1.50007 1.41718 2.26139 1.96128 1.10044 1.27486 5.80192 6.35039 1.85093 7.07741 0.941779 9.66125 2.07964 3.33973 2.67649 2.70301 5.04747 1.46752 5.6172 1.51973 8.04056 0.818769 1.15303 1.84022 1.04997 2.25781 1.6923 1.10656 2.28639 6.68376 1.5455 2.15882 13.4042 2.16959 2.85635 5.27866 
