0 2852 1914 2392 1244 2256 2160 1797 1048 2640 1455 1496 844 2292 2158 1354 774 2298 1620 2424 1272 2337 1628 1548 1569 1034 742 2324 1810 902 1090 1353 1724 2523 2115 2196 2364 1242 3428 1820 2412 2440 3480 2688 2224 2876 1436 2476 2032 1424 2464 1256 2288 2256 1960 88 1640 1824 2152 1772 1418 1280 1294 3488 1538 1264 2372 2415 790 1564 2836 2340 1432 1256 1288 2308 2008 2332 1116 2432 2492 2092 1180 1604 2572 1108 1887 1971 1242 1786 1882 1436 3640 2552 2074 1578 2184 2760 3026 1046 
2852 0 2133 2756 2490 597 2379 2070 1230 2970 1386 1114 990 1980 2216 1500 808 2571 1839 2036 1418 1935 2304 2175 1842 640 888 4104 1244 1048 1044 1572 3172 2511 864 900 1200 1196 4997 1290 4080 3930 2692 3720 2395 2616 2592 2452 3666 2580 2050 2502 3930 3654 3455 2940 3078 2645 3661 3188 1670 1462 2474 3796 1628 2066 2736 2607 1908 1654 4784 3473 1684 5456 1418 4047 2152 3481 2688 2496 4171 2220 1144 1694 4128 1290 2082 2190 1424 1968 1568 1392 3337 4584 2234 2082 4032 2976 3393 1228 
1914 2133 0 1473 981 1719 1938 1827 910 1596 1233 1348 696 2322 2012 1206 626 2130 1398 1596 1124 2115 999 1152 1599 1030 594 1524 1554 754 942 1131 1086 2301 1908 2216 1551 1094 2349 1359 1596 1608 2256 1794 1461 1773 855 1794 1317 846 1311 972 1509 1470 1632 1980 1023 1146 1392 792 1376 1142 1986 2688 1390 1746 1572 2250 1482 1416 1590 1533 1390 1980 930 1830 1860 1527 1284 1761 1647 1982 1032 1456 1707 970 1350 1749 1104 1648 1734 1288 2508 1851 2140 1762 1575 2538 2928 908 
2392 2756 1473 0 1148 1608 2007 1407 212 1980 1365 1350 784 2202 1030 1294 714 1665 1530 2304 1212 2247 1508 1712 1479 986 682 68 1480 842 1030 1263 836 2307 1449 2136 2244 810 1784 1724 1364 1948 2648 2040 1336 2216 1316 1088 360 1304 1600 1136 616 1764 2000 2480 752 1352 1760 908 724 444 1718 2332 752 1048 700 1374 890 1002 1972 1572 738 2104 856 1176 1684 1580 1564 1044 1844 1398 804 1130 1448 272 1239 1536 406 950 1048 1052 1972 1164 1508 1064 796 2004 2415 210 
1244 2490 981 1148 0 1455 1227 864 426 2443 522 874 222 1359 1536 732 152 1365 687 1180 650 1404 814 735 636 412 120 2490 1188 280 468 420 1416 1590 1182 1574 1680 620 3822 720 2508 1794 2236 1805 1225 3310 526 1444 1906 508 1745 21 1984 2172 1535 1332 594 725 1589 1948 902 658 1810 2645 916 1262 1128 1539 1104 942 3188 1644 916 4641 754 3146 1386 1632 1360 1400 2184 1508 558 982 2804 486 1086 1038 620 1164 1260 814 2396 2660 1666 1278 2446 1827 2325 424 
2256 597 1719 1608 1455 0 2664 2001 1000 1116 1959 1104 1180 1965 2102 1690 1110 2820 2124 2124 1414 1920 1725 1878 2073 1038 1078 1659 1234 1238 1426 1857 1221 3027 1461 1298 1197 1578 2520 1371 2322 1950 2391 1881 1596 1293 1581 1998 1452 1572 1446 1446 1644 1812 2094 2190 1158 1608 2046 927 1512 1232 2076 2931 1540 1836 1707 2556 1572 1644 1725 1905 1526 2115 1020 2064 1918 1911 1419 1965 2028 2186 1288 1684 2049 1060 1485 2211 1194 1738 1558 1536 2430 2055 2296 1852 1779 3029 3063 998 
2160 2379 1938 2007 1227 2664 0 2073 1176 1986 1461 1500 860 2568 2300 1358 778 996 1626 1599 1288 2343 1227 1380 1845 1194 746 1956 1750 918 1094 1377 1569 1638 2391 2380 1779 1246 669 1605 1842 1686 2850 2040 1944 2067 1083 2022 1737 1092 2238 1218 1929 1548 1878 2226 1506 1392 1638 1737 1528 1422 2472 2934 1442 2026 1992 2328 1868 1468 2397 1779 1542 2709 1560 2076 2004 1773 2229 1989 1893 2034 1196 1508 1785 1250 2295 1995 1384 1928 1898 1452 2754 2079 2304 2042 1803 2784 3114 1188 
1797 2070 1827 1407 864 2001 2073 0 790 1542 1368 1152 786 2037 1900 1296 716 2229 1533 1731 1214 1992 1134 1287 1482 988 684 1356 1282 844 1032 1266 780 2436 1602 2026 1686 1184 2205 1296 1731 1743 2538 1929 1155 1365 990 1683 1137 981 1593 855 1329 1605 1653 1863 843 1167 1527 1074 1302 1022 2174 2616 1330 1626 1392 2241 1468 1506 1872 1668 1316 2262 1118 1749 1950 1662 1566 1650 1782 1976 1122 1546 1842 850 1632 1770 984 1528 1606 1378 2346 1740 2086 1642 1464 2651 3171 788 
1048 1230 910 212 426 1000 1176 790 0 918 706 1218 592 1320 1174 1090 510 962 816 948 1020 1294 550 652 838 838 478 178 1348 650 826 650 270 1390 818 1988 918 954 744 714 650 826 1176 872 520 976 454 396 32 460 728 420 160 734 852 1092 228 528 732 382 576 296 1570 1018 604 900 202 768 742 854 914 638 590 904 784 440 1536 642 710 374 774 1250 656 982 576 124 754 876 258 802 900 904 838 434 1360 916 250 1034 1462 62 
2640 2970 1596 1980 2443 1116 1986 1542 918 0 993 360 740 849 1462 1238 546 1902 1332 1808 670 804 1771 1520 1572 908 626 3588 490 798 782 1197 2562 2118 1920 1234 1770 934 3675 2375 3255 1668 2948 1275 2455 413 2107 1956 3101 2128 2205 2422 3612 1624 2585 2728 2070 2020 2820 1876 1408 1132 1994 3064 874 1754 2112 1476 1490 900 3605 2616 1422 4648 938 3359 1174 2604 1728 2000 2395 1466 882 940 2177 978 1362 1815 1112 1276 814 1138 2075 4431 1862 1770 3787 2313 2262 916 
1455 1386 1233 1365 522 1959 1461 1368 706 993 0 526 390 1830 1826 888 196 1653 921 831 818 1350 234 387 1140 724 276 1314 1140 448 432 672 864 1593 1686 1824 786 584 1761 900 1137 1149 2145 1335 1239 1158 378 1317 1095 387 1533 513 1287 1011 1173 1521 801 687 933 1032 1058 994 2002 2229 1084 1598 1350 1791 1440 1110 1830 1074 1072 2004 1090 1371 1554 1068 1524 1284 1188 1676 726 1150 1248 822 1590 1290 956 1460 1428 982 2049 1374 1834 1614 1098 2079 2577 760 
1496 1114 1348 1350 874 1104 1500 1152 1218 360 526 0 916 690 1586 1414 722 1392 1140 1080 794 660 682 784 1172 1032 802 1332 614 974 958 974 1092 1588 1464 1358 714 1110 1174 1126 1054 680 1598 870 1342 242 778 1338 1186 784 1242 868 1314 588 1158 1540 1050 984 1138 896 1584 1450 2278 1822 998 2054 1356 1108 1794 1024 1154 1052 1598 1632 1298 1250 1534 1048 1224 1316 968 1590 1062 1064 746 1278 1268 1386 1412 1636 938 1318 1000 1442 2170 2070 1258 1902 1632 1216 
844 990 696 784 222 1180 860 786 592 740 390 916 0 1116 1746 774 194 988 500 632 692 978 234 336 634 598 162 750 1230 322 510 322 450 1102 998 1784 602 662 1134 474 632 640 1304 764 700 858 138 764 604 132 896 216 732 548 656 888 408 332 496 562 944 868 1876 1360 958 1472 774 1068 1314 984 1094 590 958 1210 964 788 1428 586 890 742 666 1550 600 1024 706 696 934 734 830 1334 1302 856 1240 802 1708 1488 618 1260 1592 634 
2292 1980 2322 2202 1359 1965 2568 2037 1320 849 1830 690 1116 0 1792 1626 1046 2397 2028 2205 1000 1299 1608 1761 723 1238 1014 2151 820 1174 1348 1761 1701 2931 2505 668 1380 1500 2070 1791 1890 1329 2706 1614 2076 672 1485 2316 1932 1476 2172 1350 2124 1191 2046 2358 1638 1776 2016 1653 1790 1552 2484 3042 1204 2156 2187 1971 1998 1230 2040 1887 1804 2757 1504 2184 1740 1881 2145 2283 1761 1796 1268 1270 1428 1380 2211 2379 1514 1842 1144 1524 1809 2472 2376 2172 2205 3162 2757 1318 
2158 2216 2012 1030 1536 2102 2300 1900 1174 1462 1826 1586 1746 1792 0 2256 1676 2072 1982 2068 1896 926 1670 1772 1948 1948 1644 996 1716 1804 1946 1804 1380 2500 1928 2460 1816 1772 1854 1824 1712 1782 2286 1972 1630 1344 1620 1506 1142 1614 1830 1530 1270 1690 1962 2202 1338 1638 1842 1484 1686 1406 2680 2128 1714 2010 1312 1878 1852 1964 2016 1748 1700 2014 1886 1550 2636 1752 1812 1484 1884 2360 1766 2092 1686 1234 1856 1986 1368 1912 2010 2014 1948 1544 2470 2026 1360 2144 2572 1172 
1354 1500 1206 1294 732 1690 1358 1296 1090 1238 888 1414 774 1626 2256 0 692 1486 998 1130 1202 1476 732 834 1144 1108 660 1260 1728 832 1008 832 960 1600 1508 2294 1100 1160 1644 984 1142 1150 1814 1274 1210 1356 636 1262 1114 642 1406 726 1242 1058 1166 1398 918 842 1006 1072 1442 1378 2386 1870 1468 1982 1284 1578 1824 1494 1604 1100 1456 1720 1474 1298 1938 1096 1400 1240 1176 2060 1110 1534 1216 1206 1444 1244 1340 1844 1812 1366 1750 1300 2218 1998 1116 1770 2102 1144 
774 808 626 714 152 1110 778 716 510 546 196 722 194 1046 1676 692 0 906 418 438 622 784 40 142 564 528 80 680 1036 252 316 252 380 946 928 1708 408 468 1058 404 562 570 1234 694 630 664 56 682 534 62 826 146 662 478 586 818 338 262 426 492 862 798 1806 1290 888 1402 704 998 1244 914 1024 520 876 1140 894 718 1358 516 820 660 596 1480 530 954 636 626 864 664 760 1264 1232 786 1170 720 1638 1418 536 1190 1522 564 
2298 2571 2130 1665 1365 2820 996 2229 962 1902 1653 1392 988 2397 2072 1486 906 0 732 1257 1416 2352 1419 1572 2001 1322 874 1614 1522 1046 1222 1569 1725 1296 2547 2266 1971 1374 327 1797 1905 1344 2721 2232 2100 1725 1275 1941 1395 1284 2412 1374 1587 1206 2061 2364 1662 1584 1830 1893 1474 1194 2468 2874 1214 1798 1650 1986 1640 1240 2055 1971 1488 2703 1664 2007 1776 1965 2385 1908 2085 1806 1324 1280 1443 1022 2451 2187 1156 1700 1798 1580 2604 1998 2258 1814 1722 2924 2772 960 
1620 1839 1398 1530 687 2124 1626 1533 816 1332 921 1140 500 2028 1982 998 418 732 0 1284 928 1803 687 840 1305 834 386 1479 1378 558 734 837 1029 1989 1851 2020 1239 886 1059 1065 1302 1314 2310 1500 1404 1509 543 1482 1260 552 1698 678 1452 1176 1338 1686 966 852 1098 1197 1168 1104 2112 2394 1194 1708 1515 1956 1550 1220 1995 1239 1182 2169 1200 1536 1664 1233 1689 1449 1353 1786 836 1260 1413 932 1755 1455 1066 1570 1538 1092 2214 1539 1944 1724 1263 2244 2742 870 
2424 2036 1596 2304 1180 2124 1599 1731 948 1808 831 1080 632 2205 2068 1130 438 1257 1284 0 1060 1713 796 1000 1503 966 518 2236 1394 690 674 1035 1636 1899 2049 1918 1236 826 1240 1684 2000 2016 3344 1532 2136 2044 988 2240 1944 1000 2528 1168 2200 1832 2048 2512 1552 1400 1728 1860 1300 1236 2244 3465 1326 1840 2284 2154 1682 1352 2924 1916 1314 3156 1332 2312 1430 1908 2516 2196 1728 1840 968 1392 2148 1064 1953 1653 1198 1532 1670 1224 3216 2316 2076 1856 1948 2442 2940 1002 
1272 1418 1124 1212 650 1414 1288 1214 1020 670 818 794 692 1000 1896 1202 622 1416 928 1060 0 970 662 764 1062 1026 590 1178 924 750 938 750 878 1530 1426 1668 1024 1090 1484 902 1060 990 1732 1180 1128 552 566 1192 1032 560 1324 644 1160 898 1084 1316 836 760 924 990 1372 1296 2304 1788 1308 1900 1202 1418 1742 1334 1464 1018 1386 1638 1392 1216 1844 1014 1318 1170 1094 1900 1028 1374 1056 1124 1362 1162 1258 1762 1248 1284 1310 1230 2136 1916 1046 1688 1942 1062 
2337 1935 2115 2247 1404 1920 2343 1992 1294 804 1350 660 978 1299 926 1476 784 2352 1803 1713 970 0 1116 1269 2022 1208 864 2196 790 1036 1020 1554 1746 2475 2460 1534 1335 1172 2025 1782 1845 1284 2661 1569 2121 627 1260 2199 1977 1269 2127 1395 2169 1146 2001 2403 1683 1569 1815 1608 1646 1582 2454 2997 1174 2186 2232 1926 1970 1200 1995 1842 1660 2712 1474 2139 1710 1836 2100 2166 1716 1766 1238 1240 1383 1410 2166 2172 1544 1812 1114 1494 1764 2256 2346 2202 1980 2961 2712 1348 
1628 2304 999 1508 814 1725 1227 1134 550 1771 234 682 234 1608 1670 732 40 1419 687 796 662 1116 0 255 906 568 120 2888 996 292 276 438 2100 1359 1452 1668 1104 428 3649 1110 2709 1830 2548 1835 1675 5487 2136 1444 5848 2142 2165 651 2524 2331 1565 1716 1134 755 1631 6143 902 838 1846 2669 928 1442 1488 1557 1284 954 3734 1680 916 5310 934 3806 1398 1668 1720 1400 2226 1520 570 994 3042 666 1356 1056 800 1304 1272 826 2420 2660 1678 1458 5460 1845 2343 604 
1548 2175 1152 1712 735 1878 1380 1287 652 1520 387 784 336 1761 1772 834 142 1572 840 1000 764 1269 255 0 1059 670 222 2055 1098 394 378 591 1305 1512 1605 1770 1175 530 2800 1365 1760 1780 2752 2070 1930 1815 495 1648 1690 510 2400 720 2031 1550 1670 1636 1200 860 1400 1585 1004 940 1948 2857 1030 1544 1692 1710 1386 1056 2915 1635 1018 3205 1036 2130 1492 1625 1924 1604 1825 1622 664 1096 1945 768 1509 1119 902 1398 1366 920 2608 2155 1772 1560 1695 1986 2496 706 
1569 1842 1599 1479 636 2073 1845 1482 838 1572 1140 1172 634 723 1948 1144 564 2001 1305 1503 1062 2022 906 1059 0 836 532 1428 1302 692 880 1038 978 2208 1800 1150 1458 1032 2256 1068 1503 1515 2313 1701 1353 1395 762 1701 1209 753 1665 627 1401 1377 1539 1635 915 1053 1299 1146 1314 1070 2222 2595 1328 1674 1464 2157 1516 1354 1944 1440 1328 2334 1166 1737 1798 1434 1638 1668 1554 1920 970 1394 1614 898 1704 1656 1032 1576 1626 1226 2415 1758 2078 1690 1482 2445 2943 836 
1034 640 1030 986 412 1038 1194 988 838 908 724 1032 598 1238 1948 1108 528 1322 834 966 1026 1208 568 670 836 0 496 952 1162 656 844 656 652 1436 1200 1540 936 996 1468 124 966 974 954 1098 902 790 472 1098 806 466 1110 418 934 882 990 1078 610 666 830 764 1278 1070 2210 1694 1292 1674 976 1402 1516 1318 1296 924 1292 1544 1166 1122 1762 920 1092 1076 1000 1884 934 1358 1040 898 1136 1068 1032 1576 1486 1190 1548 1136 2042 1690 952 1594 1926 836 
742 888 594 682 120 1078 746 684 478 626 276 802 162 1014 1644 660 80 874 386 518 590 864 120 222 532 496 0 648 1116 220 396 220 348 988 896 1682 488 548 1032 372 530 538 1202 662 598 744 24 650 502 30 794 114 630 446 554 786 306 230 394 460 830 766 1774 1258 856 1370 672 966 1212 882 992 488 844 1108 862 686 1326 484 788 628 564 1448 498 922 604 594 832 632 728 1232 1200 754 1138 688 1606 1386 504 1158 1490 532 
2324 4104 1524 68 2490 1659 1956 1356 178 3588 1314 1332 750 2151 996 1260 680 1614 1479 2236 1178 2196 2888 2055 1428 952 648 0 1462 808 996 1212 1704 2256 1398 2102 3264 776 3003 2070 2912 2820 2580 2465 1585 4360 2504 1020 584 2492 2085 1963 1022 3392 2415 2412 1026 1605 3029 1960 690 410 1684 2264 718 1014 632 1323 856 968 3574 2256 704 4165 890 2448 1650 2268 1632 976 3108 1364 770 1096 2760 238 1290 1485 372 916 1014 1018 1904 1918 1474 1030 1456 1953 2364 176 
1810 1244 1554 1480 1188 1234 1750 1282 1348 490 1140 614 1230 820 1716 1728 1036 1522 1378 1394 924 790 996 1098 1302 1162 1116 1462 0 1288 1272 1288 1222 1902 1594 1488 844 1424 1304 1286 844 810 1728 1000 1472 372 1092 1468 1316 1098 1372 1182 1444 718 1288 1854 1180 1298 1268 1026 1714 1580 2088 1952 1128 2058 1486 1238 1584 1154 1284 1182 1728 1422 1428 1380 1664 1178 1354 1446 1098 1720 1192 1194 876 1408 1398 1700 1542 1766 1068 1448 1130 1572 2300 2200 1534 2032 1762 1346 
902 1048 754 842 280 1238 918 844 650 798 448 974 322 1174 1804 832 252 1046 558 690 750 1036 292 394 692 656 220 808 1288 0 568 380 508 1160 1056 1842 660 720 1192 532 690 698 1362 822 758 916 196 822 662 190 954 274 790 606 714 946 466 390 554 620 1002 926 1934 1418 1016 1530 832 1126 1372 1042 1152 648 1016 1268 1022 846 1486 644 948 800 724 1608 658 1082 764 754 992 792 888 1392 1360 914 1298 860 1766 1546 676 1318 1650 692 
1090 1044 942 1030 468 1426 1094 1032 826 782 432 958 510 1348 1946 1008 316 1222 734 674 938 1020 276 378 880 844 396 996 1272 568 0 568 696 1182 1244 1944 644 704 1294 720 878 886 1550 1010 946 900 372 998 850 378 1142 462 978 794 902 1134 654 578 742 808 1178 1114 2122 1606 1204 1718 1020 1314 1560 1230 1340 836 1192 1456 1210 1034 1674 832 1136 976 912 1796 846 1270 952 942 1180 980 1076 1580 1548 1102 1486 1036 1954 1734 852 1506 1838 880 
1353 1572 1131 1263 420 1857 1377 1266 650 1197 672 974 322 1761 1804 832 252 1569 837 1035 750 1554 438 591 1038 656 220 1212 1288 380 568 0 762 1740 1584 1842 990 720 1788 798 1035 1047 2043 1233 1137 1374 294 1233 993 285 1431 411 1185 909 1071 1419 699 585 831 930 1002 926 1934 2127 1016 1530 1248 1689 1372 1042 1728 972 1016 1902 1022 1269 1486 966 1422 1200 1086 1608 658 1082 1146 754 1488 1188 888 1392 1360 914 1947 1290 1766 1546 1014 1977 2475 692 
1724 3172 1086 836 1416 1221 1569 780 270 2562 864 1092 450 1701 1380 960 380 1725 1029 1636 878 1746 2100 1305 978 652 348 1704 1222 508 696 762 0 1932 822 1802 2364 848 3325 1320 3832 2478 2344 2375 625 4159 1668 1204 1699 1641 1355 973 1344 3513 1455 1812 126 645 2457 1574 782 502 1654 2448 810 1106 816 1461 948 1060 2548 2328 796 4986 598 3375 1614 2316 1048 1160 3046 1456 786 1188 3731 330 852 990 464 1008 1106 1042 2088 2240 1566 1122 2540 1963 2430 268 
2523 2511 2301 2307 1590 3027 1638 2436 1390 2118 1593 1588 1102 2931 2500 1600 946 1296 1989 1899 1530 2475 1359 1512 2208 1436 988 2256 1902 1160 1182 1740 1932 0 2754 2574 1911 1334 969 1968 2205 1986 3213 2403 2307 2295 1446 2385 2037 1455 2601 1581 2229 1848 2241 2589 1869 1755 2001 2100 1770 1622 2714 3297 1642 2226 2292 2628 2068 1668 2697 2142 1784 3072 1802 2439 2204 2136 2592 2352 2256 2234 1438 1708 2085 1450 2658 2358 1584 2128 2140 1694 3117 2442 2546 2242 2166 3147 3414 1388 
2115 864 1908 1449 1182 1461 2391 1602 818 1920 1686 1464 998 2505 1928 1508 928 2547 1851 2049 1426 2460 1452 1605 1800 1200 896 1398 1594 1056 1244 1584 822 2754 0 1476 1125 1396 2247 1614 2049 2061 2580 2247 447 1833 1308 1725 1179 1299 1635 1173 1371 1923 1695 2181 885 1209 1845 1116 1330 1050 2202 2658 1358 1654 1434 2283 1496 1608 1914 1986 1344 2304 1146 1791 2162 1980 1608 1692 2100 2004 1334 1736 1995 878 1674 1812 1012 1556 1300 1590 1857 1782 2114 1670 1506 2785 3252 816 
2196 900 2216 2136 1574 1298 2380 2026 1988 1234 1824 1358 1784 668 2460 2294 1708 2266 2020 1918 1668 1534 1668 1770 1150 1540 1682 2102 1488 1842 1944 1842 1802 2574 1476 0 1300 2096 2048 1416 1928 1554 2246 1744 1774 1116 1658 2126 1956 1652 1720 1568 2084 1462 2032 2240 1760 1852 2012 1770 2458 2220 3152 2696 1872 2824 2126 1982 2666 1898 2028 1926 2472 2506 2172 2124 2408 1922 2098 2148 1842 2464 1936 1938 1620 2048 2142 2254 2182 2510 1812 2192 1874 2316 3044 2840 2138 2776 2506 1986 
2364 1200 1551 2244 1680 1197 1779 1686 918 1770 786 714 602 1380 1816 1100 408 1971 1239 1236 1024 1335 1104 1175 1458 936 488 3264 844 660 644 990 2364 1911 1125 1300 0 796 3797 2030 2910 2730 3284 2750 2595 1416 1392 2180 2826 1410 3050 1662 2730 2454 2485 2452 2238 1675 2502 2700 1270 1206 2214 3405 1228 1810 2224 2007 1652 1254 4152 2784 1284 4644 1302 3378 1764 2772 2456 2136 3012 1820 938 1294 2928 1034 1908 1608 1168 1672 1168 1194 2634 3384 2046 1826 2832 2397 2793 972 
1242 1196 1094 810 620 1578 1246 1184 954 934 584 1110 662 1500 1772 1160 468 1374 886 826 1090 1172 428 530 1032 996 548 776 1424 720 704 720 848 1334 1396 2096 796 0 1446 872 1030 1038 1702 1162 1098 1052 524 1150 922 530 1294 614 1050 946 1054 1286 806 730 894 960 1330 1186 2274 1758 1356 1790 1092 1466 1632 1382 1492 988 1344 1608 1362 1186 1826 984 1288 1128 1064 1948 998 1422 1104 1014 1332 1132 1148 1692 1700 1254 1638 1188 2106 1806 1004 1658 1990 952 
3428 4997 2349 1784 3822 2520 669 2205 744 3675 1761 1174 1134 2070 1854 1644 1058 327 1059 1240 1484 2025 3649 2800 2256 1468 1032 3003 1304 1192 1294 1788 3325 969 2247 2048 3797 1446 0 3360 3682 2034 3192 3548 3000 3262 3528 2152 2492 3507 3520 3801 3003 2051 2890 3516 2724 3005 4781 3717 1256 976 2250 3396 996 1580 1764 1659 1422 1022 4032 3954 1270 5590 1464 3920 1558 3966 2780 2108 5089 1588 1336 1062 2604 804 2151 2334 938 1482 1580 1584 3036 3899 2040 1596 3255 2774 2445 742 
1820 1290 1359 1724 720 1371 1605 1296 714 2375 900 1126 474 1791 1824 984 404 1797 1065 1684 902 1782 1110 1365 1068 124 372 2070 1286 532 720 798 1320 1968 1614 1416 2030 872 3360 0 2105 2125 1660 2435 1945 2439 870 1948 1705 855 2465 735 2046 1895 2165 1908 1215 1355 1765 1600 1154 946 2086 3149 1168 1550 1704 1917 1392 1194 2930 2000 1168 3550 1042 2495 1638 1990 1936 1904 2190 1760 810 1234 2290 774 1518 1416 908 1452 1512 1066 2900 2530 1918 1566 2070 2205 2703 712 
2412 4080 1596 1364 2508 2322 1842 1731 650 3255 1137 1054 632 1890 1712 1142 562 1905 1302 2000 1060 1845 2709 1760 1503 966 530 2912 844 690 878 1035 3832 2205 2049 1928 2910 1030 3682 2105 0 1122 1884 2830 2670 4058 2277 1964 2781 2250 3160 2044 2674 2547 2560 2324 2328 1750 3024 4242 1162 882 1244 3208 876 1214 1576 1479 740 902 3612 2874 1176 2601 1332 4695 1254 2862 2516 1920 3619 1468 968 942 3258 710 1953 1653 844 1388 1486 1224 2848 3570 1946 1502 3762 2434 2265 648 
2440 3930 1608 1948 1794 1950 1686 1743 826 1668 1149 680 640 1329 1782 1150 570 1344 1314 2016 990 1284 1830 1780 1515 974 538 2820 810 698 886 1047 2478 1986 2061 1554 2730 1038 2034 2125 1122 0 2204 2665 2690 1314 1542 2044 2382 1524 3180 1776 2808 276 1655 2528 2352 1770 2616 2814 1088 1058 1618 3312 502 1588 1928 918 1114 528 1974 2898 1102 2856 1340 3198 880 2886 2532 2000 3126 1094 976 568 750 886 1965 1665 1020 1564 1134 1232 2594 2895 1986 1678 2628 2359 1704 824 
3480 2692 2256 2648 2236 2391 2850 2538 1176 2948 2145 1598 1304 2706 2286 1814 1234 2721 2310 3344 1732 2661 2548 2752 2313 954 1202 2580 1728 1362 1550 2043 2344 3213 2580 2246 3284 1702 3192 1660 1884 2204 0 3608 2844 2712 2356 2920 2288 2344 2644 2248 2544 2020 2528 3568 2260 2744 3072 1952 1322 1408 1982 3924 1420 2012 1948 1821 1682 1130 888 3140 1336 3040 1378 2744 1982 3148 2608 2876 3412 1696 1588 1486 1704 1236 2022 2661 1370 1914 2012 1836 3900 2360 2292 2028 2724 2118 2004 1174 
2688 3720 1794 2040 1805 1881 2040 1929 872 1275 1335 870 764 1614 1972 1274 694 2232 1500 1532 1180 1569 1835 2070 1701 1098 662 2465 1000 822 1010 1233 2375 2403 2247 1744 2750 1162 3548 2435 2830 2665 3608 0 3000 1570 1595 1040 2100 1580 1670 1790 2230 2435 2890 2776 2270 2080 670 2535 948 622 1624 2044 1384 1594 2020 1710 1120 1334 3400 905 962 2395 934 1080 664 895 2312 996 245 1074 372 1354 2830 932 1929 1497 852 766 1074 628 2024 2015 1352 1724 1555 1548 3027 870 
2224 2395 1461 1336 1225 1596 1944 1155 520 2455 1239 1342 700 2076 1630 1210 630 2100 1404 2136 1128 2121 1675 1930 1353 902 598 1585 1472 758 946 1137 625 2307 447 1774 2595 1098 3000 1945 2670 2690 2844 3000 0 2750 1435 1704 1220 1420 1980 1210 1561 2460 2080 2312 730 1270 2330 1115 1032 752 1904 2948 1060 1356 1316 1836 1198 1310 2445 2565 1046 3095 848 2240 1864 2555 1548 1660 2755 1706 1036 1438 2580 580 1227 1365 714 1258 1002 1292 1880 2225 1816 1372 1765 2338 2805 518 
2876 2616 1773 2216 3310 1293 2067 1365 976 413 1158 242 858 672 1344 1356 664 1725 1509 2044 552 627 5487 1815 1395 790 744 4360 372 916 900 1374 4159 2295 1833 1116 1416 1052 3262 2439 4058 1314 2712 1570 2750 0 5904 2192 7552 5916 2500 2835 3815 1557 2290 2964 2424 2315 3136 6577 1342 1208 2036 3169 756 1812 2228 1299 1552 782 3192 2430 1356 6311 1056 5144 1292 2418 1964 2148 2711 1348 820 822 2268 1036 1539 1992 1170 1394 696 1076 1867 4346 1928 1828 9296 2490 2085 974 
1436 2592 855 1316 526 1581 1083 990 454 2107 378 778 138 1485 1620 636 56 1275 543 988 566 1260 2136 495 762 472 24 2504 1092 196 372 294 1668 1446 1308 1658 1392 524 3528 870 2277 1542 2356 1595 1435 5904 0 1252 4911 54 1925 315 2188 1899 1325 1524 846 515 1295 5303 806 742 1750 2477 832 1346 1296 1413 1188 858 3398 1392 820 4878 838 3326 1302 1380 1528 1208 1890 1424 474 898 2610 570 1212 912 704 1208 1176 730 2228 2324 1582 1362 3840 1701 2199 508 
2476 2452 1794 1088 1444 1998 2022 1683 396 1956 1317 1338 764 2316 1506 1262 682 1941 1482 2240 1192 2199 1444 1648 1701 1098 650 1020 1468 822 998 1233 1204 2385 1725 2126 2180 1150 2152 1948 1964 2044 2920 1040 1704 2192 1252 0 728 1264 812 1432 832 2096 2312 2388 1120 1664 760 1428 472 628 1280 1356 936 1232 1068 996 776 858 2032 572 486 1228 458 176 1184 580 1360 44 844 1146 304 878 1816 456 1215 981 376 1090 1006 552 1888 660 1008 1248 292 1502 2691 394 
2032 3666 1317 360 1906 1452 1737 1137 32 3101 1095 1186 604 1932 1142 1114 534 1395 1260 1944 1032 1977 5848 1690 1209 806 502 584 1316 662 850 993 1699 2037 1179 1956 2826 922 2492 1705 2781 2382 2288 2100 1220 7552 4911 728 0 4572 1740 1452 511 3159 2050 2120 588 1240 2518 3510 544 264 1538 1972 572 868 340 1104 710 822 3087 1818 558 4048 752 2736 1504 1830 1356 684 2597 1218 624 950 2448 92 1083 1266 226 770 868 872 1612 1407 1328 884 1744 1734 2145 30 
1424 2580 846 1304 508 1572 1092 981 460 2128 387 784 132 1476 1614 642 62 1284 552 1000 560 1269 2142 510 753 466 30 2492 1098 190 378 285 1641 1455 1299 1652 1410 530 3507 855 2250 1524 2344 1580 1420 5916 54 1264 4572 0 1910 294 2173 1872 1310 1512 828 500 1274 5255 812 736 1744 2465 826 1340 1284 1404 1182 852 3377 1374 826 4851 832 3320 1296 1362 1516 1220 1869 1418 468 892 2583 564 1203 903 698 1202 1170 724 2216 2345 1576 1356 3888 1692 2190 502 
2464 2050 1311 1600 1745 1446 2238 1593 728 2205 1533 1242 896 2172 1830 1406 826 2412 1698 2528 1324 2127 2165 2400 1665 1110 794 2085 1372 954 1142 1431 1355 2601 1635 1720 3050 1294 3520 2465 3160 3180 2644 1670 1980 2500 1925 812 1740 1910 0 1730 2056 2950 2810 2376 1250 2000 1000 865 878 960 1686 2156 1268 1564 1732 1605 1182 1264 2195 765 892 2555 748 1240 1332 775 1348 856 1425 1546 324 1284 3100 788 1077 1590 782 1238 1026 572 1928 1911 1414 1580 1451 1746 2655 726 
1256 2502 972 1136 21 1446 1218 855 420 2422 513 868 216 1350 1530 726 146 1374 678 1168 644 1395 651 720 627 418 114 1963 1182 274 462 411 973 1581 1173 1568 1662 614 3801 735 2044 1776 2248 1790 1210 2835 315 1432 1452 294 1730 0 1963 1750 1520 1344 576 710 1568 1407 896 652 1804 2633 910 1256 1116 1530 1098 936 3167 1626 910 3995 748 2600 1380 1614 1348 1388 2163 1502 552 976 2303 480 1077 1029 614 1158 1254 808 2384 2639 1660 1272 1995 1818 2316 418 
2288 3930 1509 616 1984 1644 1929 1329 160 3612 1287 1314 732 2124 1270 1242 662 1587 1452 2200 1160 2169 2524 2031 1401 934 630 1022 1444 790 978 1185 1344 2229 1371 2084 2730 1050 3003 2046 2674 2808 2544 2230 1561 3815 2188 832 511 2173 2056 1963 0 2968 2391 2376 1014 1581 2738 1736 596 392 1652 2100 700 996 596 1182 838 950 3598 1974 610 3451 830 1610 1556 1986 1608 788 2779 1270 676 1002 2415 220 1098 1458 354 898 996 924 1868 1589 1380 1012 945 1812 2337 98 
2256 3654 1470 1764 2172 1812 1548 1605 734 1624 1011 588 548 1191 1690 1058 478 1206 1176 1832 898 1146 2331 1550 1377 882 446 3392 718 606 794 909 3513 1848 1923 1462 2454 946 2051 1895 2547 276 2020 2435 2460 1557 1899 2096 3159 1872 2950 1750 2968 0 1425 2344 2076 1540 2730 4038 996 966 1690 3297 410 1570 1744 780 1206 436 1981 2622 1010 5148 1248 4854 972 2610 2348 2052 3325 1002 884 476 711 794 1827 1527 928 1472 1042 1140 2410 3221 1992 1586 4059 2221 1566 732 
1960 3455 1632 2000 1535 2094 1878 1653 852 2585 1173 1158 656 2046 1962 1166 586 2061 1338 2048 1084 2001 1565 1670 1539 990 554 2415 1288 714 902 1071 1455 2241 1695 2032 2485 1054 2890 2165 2560 1655 2528 2890 2080 2290 1325 2312 2050 1310 2810 1520 2391 1425 0 2048 1560 810 2220 1945 1250 1084 1944 3513 980 1688 1980 1161 1530 690 2050 2455 1264 3925 1180 2950 1542 2445 2212 2268 2645 1256 992 1046 1030 912 1725 1089 1046 1590 1612 1248 3252 2770 2100 1704 2525 2478 1947 850 
88 2940 1980 2480 1332 2190 2226 1863 1092 2728 1521 1540 888 2358 2202 1398 818 2364 1686 2512 1316 2403 1716 1636 1635 1078 786 2412 1854 946 1134 1419 1812 2589 2181 2240 2452 1286 3516 1908 2324 2528 3568 2776 2312 2964 1524 2388 2120 1512 2376 1344 2376 2344 2048 0 1728 1912 2240 1684 1374 1324 1250 3400 1582 1220 2460 2349 746 1608 2748 2428 1388 1168 1244 2220 2052 2420 1028 2344 2580 2048 1224 1648 2660 1152 1821 2037 1278 1830 1926 1480 3728 2464 2030 1534 2096 2774 3004 1090 
1640 3078 1023 752 594 1158 1506 843 228 2070 801 1050 408 1638 1338 918 338 1662 966 1552 836 1683 1134 1200 915 610 306 1026 1180 466 654 699 126 1869 885 1760 2238 806 2724 1215 2328 2352 2260 2270 730 2424 846 1120 588 828 1250 576 1014 2076 1560 1728 0 750 1920 462 740 460 1612 2364 768 1064 732 1398 906 1018 2058 2202 754 2838 556 1812 1572 2190 964 1076 2430 1414 744 1146 2220 288 789 1053 422 966 1064 1000 2004 1794 1524 1080 1242 1900 2367 226 
1824 2645 1146 1352 725 1608 1392 1167 528 2020 687 984 332 1776 1638 842 262 1584 852 1400 760 1569 755 860 1053 666 230 1605 1298 390 578 585 645 1755 1209 1852 1675 730 3005 1355 1750 1770 2744 2080 1270 2315 515 1664 1240 500 2000 710 1581 1540 810 1912 750 0 1410 1135 1012 760 1912 2865 1026 1364 1332 1647 1206 1014 2465 1645 1026 3115 856 2140 1496 1635 1564 1620 1835 1580 668 1092 1840 588 1239 603 722 1266 1364 924 2604 2175 1776 1380 1715 1992 2433 526 
2152 3661 1392 1760 1589 2046 1638 1527 732 2820 933 1138 496 2016 1842 1006 426 1830 1098 1728 924 1815 1631 1400 1299 830 394 3029 1268 554 742 831 2457 2001 1845 2012 2502 894 4781 1765 3024 2616 3072 670 2330 3136 1295 760 2518 1274 1000 1568 2738 2730 2220 2240 1920 1410 0 2644 808 694 1484 1737 1190 1454 1684 1500 980 1194 4323 282 822 2969 794 1128 932 270 2032 716 595 1146 104 1214 3283 792 1677 1287 712 838 806 360 1488 2437 1212 1584 1793 1146 2736 730 
1772 3188 792 908 1948 927 1737 1074 382 1876 1032 896 562 1653 1484 1072 492 1893 1197 1860 990 1608 6143 1585 1146 764 460 1960 1026 620 808 930 1574 2100 1116 1770 2700 960 3717 1600 4242 2814 1952 2535 1115 6577 5303 1428 3510 5255 865 1407 1736 4038 1945 1684 462 1135 2644 0 894 614 1458 2672 922 1218 1040 1629 954 1172 1862 1965 908 3564 402 3928 1678 1977 656 1384 3239 1568 670 1300 4023 442 558 1284 576 1120 1218 918 2312 2632 1678 1234 5254 2102 2136 380 
1418 1670 1376 724 902 1512 1528 1302 576 1408 1058 1584 944 1790 1686 1442 862 1474 1168 1300 1372 1646 902 1004 1314 1278 830 690 1714 1002 1178 1002 782 1770 1330 2458 1270 1330 1256 1154 1162 1088 1322 948 1032 1342 806 472 544 812 878 896 596 996 1250 1374 740 1012 808 894 0 808 1480 1106 1116 1412 714 476 976 1038 878 714 298 814 886 516 1612 718 860 450 850 958 732 1058 838 636 622 1082 556 1314 1412 980 1350 142 1436 1428 326 458 1724 574 
1280 1462 1142 444 658 1232 1422 1022 296 1132 994 1450 868 1552 1406 1378 798 1194 1104 1236 1296 1582 838 940 1070 1070 766 410 1580 926 1114 926 502 1622 1050 2220 1206 1186 976 946 882 1058 1408 622 752 1208 742 628 264 736 960 652 392 966 1084 1324 460 760 694 614 808 0 1802 1250 836 1132 434 1000 974 1086 1146 788 822 1136 1016 672 1286 784 942 606 524 1482 798 1214 808 356 986 1108 490 1034 1132 1054 1070 666 1592 1148 482 1266 1694 294 
1294 2474 1986 1718 1810 2076 2472 2174 1570 1994 2002 2278 1876 2484 2680 2386 1806 2468 2112 2244 2304 2454 1846 1948 2222 2210 1774 1684 2088 1934 2122 1934 1654 2714 2202 3152 2214 2274 2250 2086 1244 1618 1982 1624 1904 2036 1750 1280 1538 1744 1686 1804 1652 1690 1944 1250 1612 1912 1484 1458 1480 1802 0 1782 2100 1302 1708 1672 828 1810 1538 1390 1494 666 1694 1192 2288 1394 1764 1258 1526 2154 1408 2114 1532 1630 1818 1758 1612 2194 2110 1656 2048 1338 2112 1616 1382 1938 646 1568 
3488 3796 2688 2332 2645 2931 2934 2616 1018 3064 2229 1822 1360 3042 2128 1870 1290 2874 2394 3465 1788 2997 2669 2857 2595 1694 1258 2264 1952 1418 1606 2127 2448 3297 2658 2696 3405 1758 3396 3149 3208 3312 3924 2044 2948 3169 2477 1356 1972 2465 2156 2633 2100 3297 3513 3400 2364 2865 1737 2672 1106 1250 1782 0 1558 1752 2312 1947 1278 1492 3036 1549 1120 2232 1092 1180 1686 1557 2628 1312 1848 1780 788 1512 3060 1078 2166 1734 1010 1592 1490 504 2865 1928 926 1870 1560 2378 3615 1016 
1538 1628 1390 752 916 1540 1442 1330 604 874 1084 998 958 1204 1714 1468 888 1214 1194 1326 1308 1174 928 1030 1328 1292 856 718 1128 1016 1204 1016 810 1642 1358 1872 1228 1356 996 1168 876 502 1420 1384 1060 756 832 936 572 826 1268 910 700 410 980 1582 768 1026 1190 922 1116 836 2100 1558 0 1440 742 930 1282 846 976 1178 1130 1444 1324 980 1382 1182 1250 914 1314 1412 1196 886 568 664 1294 1416 798 1342 1440 1444 1378 974 1900 1456 790 1574 1454 602 
1264 2066 1746 1048 1262 1836 2026 1626 900 1754 1598 2054 1472 2156 2010 1982 1402 1798 1708 1840 1900 2186 1442 1544 1674 1674 1370 1014 2058 1530 1718 1530 1106 2226 1654 2824 1810 1790 1580 1550 1214 1588 2012 1594 1356 1812 1346 1232 868 1340 1564 1256 996 1570 1688 1220 1064 1364 1454 1218 1412 1132 1302 1752 1440 0 1038 1604 798 1690 1750 1360 1426 636 1620 1162 2258 1364 1546 1210 1496 2086 1378 1818 1412 960 1590 1712 1094 1638 1736 1626 1674 1270 2082 1586 1086 1870 1948 898 
2372 2736 1572 700 1128 1707 1992 1392 202 2112 1350 1356 774 2187 1312 1284 704 1650 1515 2284 1202 2232 1488 1692 1464 976 672 632 1486 832 1020 1248 816 2292 1434 2126 2224 1092 1764 1704 1576 1928 1948 2020 1316 2228 1296 1068 340 1284 1732 1116 596 1744 1980 2460 732 1332 1684 1040 714 434 1708 2312 742 1038 0 1359 880 992 2104 1552 728 2084 922 1156 1674 1560 1696 1024 1824 1388 794 1120 1428 262 1338 1521 396 940 1038 1042 1952 1144 1498 1054 776 1975 2400 200 
2415 2607 2250 1374 1539 2556 2328 2241 768 1476 1791 1108 1068 1971 1878 1578 998 1986 1956 2154 1418 1926 1557 1710 2157 1402 966 1323 1238 1126 1314 1689 1461 2628 2283 1982 2007 1466 1659 1917 1479 918 1821 1710 1836 1299 1413 996 1104 1404 1605 1530 1182 780 1161 2349 1398 1647 1500 1629 476 1000 1672 1947 930 1604 1359 0 1168 640 1155 1359 490 1509 1078 1062 1492 1365 1578 963 1563 482 924 996 543 828 1221 1911 748 1506 1562 1172 2313 501 1628 1620 777 1803 1872 766 
790 1908 1482 890 1104 1572 1868 1468 742 1490 1440 1794 1314 1998 1852 1824 1244 1640 1550 1682 1742 1970 1284 1386 1516 1516 1212 856 1584 1372 1560 1372 948 2068 1496 2666 1652 1632 1422 1392 740 1114 1682 1120 1198 1552 1188 776 710 1182 1182 1098 838 1206 1530 746 906 1206 980 954 976 974 828 1278 1282 798 880 1168 0 1532 1486 886 990 162 1190 688 1784 890 1260 754 1022 1650 904 1610 1254 802 1314 1254 936 1480 1578 1152 1516 834 1608 1112 878 1434 1474 740 
1564 1654 1416 1002 942 1644 1468 1506 854 900 1110 1024 984 1230 1964 1494 914 1240 1220 1352 1334 1200 954 1056 1354 1318 882 968 1154 1042 1230 1042 1060 1668 1608 1898 1254 1382 1022 1194 902 528 1130 1334 1310 782 858 858 822 852 1264 936 950 436 690 1608 1018 1014 1194 1172 1038 1086 1810 1492 846 1690 992 640 1532 0 686 1100 1052 1428 1272 902 1408 1104 1246 836 1236 1122 1118 912 278 914 1376 1416 942 1592 1478 1366 1540 896 1822 1706 712 1496 1164 852 
2836 4784 1590 1972 3188 1725 2397 1872 914 3605 1830 1154 1094 2040 2016 1604 1024 2055 1995 2924 1464 1995 3734 2915 1944 1296 992 3574 1284 1152 1340 1728 2548 2697 1914 2028 4152 1492 4032 2930 3612 1974 888 3400 2445 3192 3398 2032 3087 3377 2195 3167 3598 1981 2050 2748 2058 2465 4323 1862 878 1146 1538 3036 976 1750 2104 1155 1486 686 0 3378 892 4634 934 3248 1538 3390 1720 1988 4417 1252 1144 1042 1428 974 1356 2082 1108 1652 1608 1392 3349 2576 1848 1766 3220 1452 1338 912 
2340 3473 1533 1572 1644 1905 1779 1668 638 2616 1074 1052 590 1887 1748 1100 520 1971 1239 1916 1018 1842 1680 1635 1440 924 488 2256 1182 648 836 972 2328 2142 1986 1926 2784 988 3954 2000 2874 2898 3140 905 2565 2430 1392 572 1818 1374 765 1626 1974 2622 2455 2428 2202 1645 282 1965 714 788 1390 1549 1178 1360 1552 1359 886 1100 3378 0 728 2172 700 594 1026 12 1844 528 792 1240 18 1120 3096 698 1536 1146 618 932 720 266 1316 1716 1118 1490 1164 1287 2877 636 
1432 1684 1390 738 916 1526 1542 1316 590 1422 1072 1598 958 1804 1700 1456 876 1488 1182 1314 1386 1660 916 1018 1328 1292 844 704 1728 1016 1192 1016 796 1784 1344 2472 1284 1344 1270 1168 1176 1102 1336 962 1046 1356 820 486 558 826 892 910 610 1010 1264 1388 754 1026 822 908 298 822 1494 1120 1130 1426 728 490 990 1052 892 728 0 828 900 530 1626 732 874 464 864 972 746 1072 852 650 636 1096 570 1328 1426 994 1364 156 1450 1442 340 756 1738 588 
1256 5456 1980 2104 4641 2115 2709 2262 904 4648 2004 1632 1210 2757 2014 1720 1140 2703 2169 3156 1638 2712 5310 3205 2334 1544 1108 4165 1422 1268 1456 1902 4986 3072 2304 2506 4644 1608 5590 3550 2601 2856 3040 2395 3095 6311 4878 1228 4048 4851 2555 3995 3451 5148 3925 1168 2838 3115 2969 3564 814 1136 666 2232 1444 636 2084 1509 162 1428 4634 2172 828 0 1028 2367 1622 2184 2196 1184 3010 1488 742 1448 5575 964 1728 1638 946 1528 1444 990 2764 2352 1446 950 3362 2063 2356 902 
1288 1418 930 856 754 1020 1560 1118 784 938 1090 1298 964 1504 1886 1474 894 1664 1200 1332 1392 1474 934 1036 1166 1166 862 890 1428 1022 1210 1022 598 1802 1146 2172 1302 1362 1464 1042 1332 1340 1378 934 848 1056 838 458 752 832 748 748 830 1248 1180 1244 556 856 794 402 886 1016 1694 1092 1324 1620 922 1078 1190 1272 934 700 900 1028 0 502 1598 704 730 436 836 1560 718 1292 1296 844 774 1068 790 1504 1420 966 1358 744 1422 1636 560 1344 1826 782 
2308 4047 1830 1176 3146 2064 2076 1749 440 3359 1371 1250 788 2184 1550 1298 718 2007 1536 2312 1216 2139 3806 2130 1737 1122 686 2448 1380 846 1034 1269 3375 2439 1791 2124 3378 1186 3920 2495 4695 3198 2744 1080 2240 5144 3326 176 2736 3320 1240 2600 1610 4854 2950 2220 1812 2140 1128 3928 516 672 1192 1180 980 1162 1156 1062 688 902 3248 594 530 2367 502 0 1096 606 1448 132 1169 1190 216 922 4562 500 1281 849 420 1002 918 464 1712 1309 920 1292 2249 1502 2730 438 
2008 2152 1860 1684 1386 1918 2004 1950 1536 1174 1554 1534 1428 1740 2636 1938 1358 1776 1664 1430 1844 1710 1398 1492 1798 1762 1326 1650 1664 1486 1674 1486 1614 2204 2162 2408 1764 1826 1558 1638 1254 880 1982 664 1864 1292 1302 1184 1504 1296 1332 1380 1556 972 1542 2052 1572 1496 932 1678 1612 1286 2288 1686 1382 2258 1674 1492 1784 1408 1538 1026 1626 1622 1598 1096 0 1022 1820 1162 762 1738 1036 1448 1130 1596 1950 1662 1516 1430 1738 1292 1676 1470 2016 2388 1286 1696 2016 1534 
2332 3481 1527 1580 1632 1911 1773 1662 642 2604 1068 1048 586 1881 1752 1096 516 1965 1233 1908 1014 1836 1668 1625 1434 920 484 2268 1178 644 832 966 2316 2136 1980 1922 2772 984 3966 1990 2862 2886 3148 895 2555 2418 1380 580 1830 1362 775 1614 1986 2610 2445 2420 2190 1635 270 1977 718 784 1394 1557 1182 1364 1560 1365 890 1104 3390 12 732 2184 704 606 1022 0 1852 536 780 1236 14 1124 3084 702 1542 1152 622 928 716 270 1308 1728 1122 1494 1176 1281 2871 640 
1116 2688 1284 1564 1360 1419 2229 1566 710 1728 1524 1224 890 2145 1812 1400 820 2385 1689 2516 1318 2100 1720 1924 1638 1092 788 1632 1354 948 1136 1422 1048 2592 1608 2098 2456 1288 2780 1936 2516 2532 2608 2312 1548 1964 1528 1360 1356 1516 1348 1348 1608 2348 2212 1028 964 1564 2032 656 860 942 1764 2628 1250 1546 1696 1578 1260 1246 1720 1844 874 2196 730 1448 1820 1852 0 1316 2116 1534 940 1266 2444 770 1050 1776 764 1448 1546 1188 2968 1436 1644 1562 1068 2208 2628 708 
2432 2496 1761 1044 1400 1965 1989 1650 374 2000 1284 1316 742 2283 1484 1240 660 1908 1449 2196 1170 2166 1400 1604 1668 1076 628 976 1446 800 976 1200 1160 2352 1692 2148 2136 1128 2108 1904 1920 2000 2876 996 1660 2148 1208 44 684 1220 856 1388 788 2052 2268 2344 1076 1620 716 1384 450 606 1258 1312 914 1210 1024 963 754 836 1988 528 464 1184 436 132 1162 536 1316 0 800 1124 282 856 1772 434 1182 948 354 1068 984 530 1844 616 986 1226 248 1469 2658 372 
2492 4171 1647 1844 2184 2028 1893 1782 774 2395 1188 968 666 1761 1884 1176 596 2085 1353 1728 1094 1716 2226 1825 1554 1000 564 3108 1098 724 912 1086 3046 2256 2100 1842 3012 1064 5089 2190 3619 3126 3412 245 2755 2711 1890 844 2597 1869 1425 2163 2779 3325 2645 2580 2430 1835 595 3239 850 524 1526 1848 1314 1496 1824 1563 1022 1236 4417 792 864 3010 836 1169 762 780 2116 800 0 976 274 1256 3878 834 1782 1350 754 668 976 530 1828 2478 1254 1626 1834 1401 2991 772 
2092 2220 1982 1398 1508 2186 2034 1976 1250 1466 1676 1590 1550 1796 2360 2060 1480 1806 1786 1840 1900 1766 1520 1622 1920 1884 1448 1364 1720 1608 1796 1608 1456 2234 2004 2464 1820 1948 1588 1760 1468 1094 1696 1074 1706 1348 1424 1146 1218 1418 1546 1502 1270 1002 1256 2048 1414 1580 1146 1568 958 1482 2154 1780 1412 2086 1388 482 1650 1122 1252 1240 972 1488 1560 1190 1738 1236 1534 1124 976 0 1250 1478 844 1310 1296 1756 1230 1644 1952 1506 1890 816 2110 2102 1000 1416 1730 1248 
1180 1144 1032 804 558 1288 1196 1122 656 882 726 1062 600 1268 1766 1110 530 1324 836 968 1028 1238 570 664 970 934 498 770 1192 658 846 658 786 1438 1334 1936 938 998 1336 810 968 976 1588 372 1036 820 474 304 624 468 324 552 676 884 992 1224 744 668 104 670 732 798 1408 788 1196 1378 794 924 904 1118 1144 18 746 742 718 216 1036 14 940 282 274 1250 0 1138 1042 716 1042 782 636 942 730 284 668 590 1136 1508 406 868 1928 654 
1604 1694 1456 1130 982 1684 1508 1546 982 940 1150 1064 1024 1270 2092 1534 954 1280 1260 1392 1374 1240 994 1096 1394 1358 922 1096 1194 1082 1270 1082 1188 1708 1736 1938 1294 1422 1062 1234 942 568 1486 1354 1438 822 898 878 950 892 1284 976 1002 476 1046 1648 1146 1092 1214 1300 1058 1214 2114 1512 886 1818 1120 996 1610 912 1042 1120 1072 1448 1292 922 1448 1124 1266 856 1256 1478 1138 0 634 1042 1396 1488 962 1720 1518 1386 1580 916 1842 1834 732 1516 1520 980 
