0 2778 1482 2412 1428 600 3602 2010 4194 2348 3708 708 1569 3104 2088 1182 2622 2888 1440 2775 1875 2228 846 3049 1638 1710 1856 2208 2912 1890 1114 1202 1206 842 3424 1524 1995 3846 1542 1980 2832 4070 2785 2634 1902 1674 3768 2778 3516 3442 3630 3615 2628 4740 2776 3820 3348 4944 3552 2670 2262 2013 1432 4200 2912 1360 1464 3656 2344 3024 1736 1154 1590 1648 3104 2097 1662 4254 1504 1582 1644 1836 1222 2982 2094 1210 3093 4348 3292 4836 1692 3044 1430 2577 2490 3048 3828 4176 3592 2128 
2778 0 2883 2442 2068 2236 2514 1773 1251 2280 1674 2391 1902 2925 2078 2006 2442 2934 1952 1686 1716 2409 1358 1656 1878 1590 1512 1767 1896 2031 960 1336 1302 1284 1800 1668 2139 1908 2628 2814 1560 2541 1815 1461 2037 2430 2202 1533 1902 1434 2067 1323 2115 1770 1017 486 1674 1176 1920 1932 2979 2157 1528 2817 2841 1528 1676 2886 2355 1755 1956 1250 1686 1494 2505 2241 1806 1845 1666 1636 1740 1932 1318 1635 2337 1306 2646 1941 2511 1734 1836 2427 1642 2295 2034 2430 2058 2805 1542 1740 
1482 2883 0 2427 2242 1588 2970 1734 2316 2097 2100 2190 2193 2760 2506 1996 2919 1449 1926 2163 2157 3099 1332 2097 2124 1874 2222 1728 2961 1992 1278 1654 1276 1258 2865 1629 1392 2574 2589 2775 1323 2444 1068 1422 1998 2265 2019 1350 1619 1911 2328 2388 1832 2403 2328 2397 2403 2487 1737 1767 2940 2118 1406 2778 2658 1702 1554 2703 2108 1590 2188 1128 1564 1812 2340 2058 1523 2205 1556 1556 1714 1810 868 1452 2172 1280 3123 2283 2547 2727 1797 2144 1520 2655 2564 2247 2019 2766 1803 1557 
2412 2442 2427 0 624 1404 4056 1848 3778 1948 1962 1914 1257 2069 1694 378 2154 2264 1232 2490 1524 1604 638 2466 1430 1128 1614 2112 2288 4200 832 994 998 634 2604 1212 1683 3552 2172 1512 2576 3250 2265 2680 3162 984 3776 2872 3856 3353 1624 2460 2212 4277 2212 3260 2888 2532 3624 2312 2157 1701 1224 4101 2288 556 1152 3240 1720 2784 1666 946 1316 1366 1918 1785 1350 4424 884 1242 1436 1628 1014 2358 1626 1002 2454 4675 2668 5053 1380 2628 1118 2109 2136 2632 4272 4077 2646 1712 
1428 2068 2242 624 0 2028 1512 1086 1234 1544 1278 1900 1462 1590 1924 1002 2060 1756 1856 1620 1640 1426 1262 1600 1714 1752 1912 1152 1664 1674 1456 1618 1622 1258 1548 1432 1746 1118 2072 1632 1360 1530 1530 1294 1678 870 1488 1342 1584 1452 1030 1282 1726 1452 1730 1928 952 1468 1520 1202 1890 1758 1848 1782 1768 1180 1696 2244 1484 1320 2118 1570 1940 1990 1504 1656 1524 1730 1508 1472 2056 2252 1638 1410 1708 1626 2036 1790 1958 1556 1544 1934 1662 2030 2434 1940 1688 1774 1380 1480 
600 2236 1588 1404 2028 0 560 1270 1402 1728 1684 1072 1646 2152 2092 1782 1528 2044 2040 1692 1510 1714 1446 1550 1882 2158 1256 1336 1832 1212 1694 1802 1806 1442 1716 1616 1930 1286 1610 1920 1544 1698 1714 1478 1208 1158 1656 1526 1654 1698 1810 1450 1512 1620 1976 2128 1120 2248 1784 1490 2058 1942 2032 1950 2056 1960 1864 2428 1772 1608 2286 1754 2190 2236 2108 1824 1708 2018 2104 1640 2224 2436 1822 1594 1996 1810 2204 2036 2246 1724 1728 2004 1830 2318 2602 2124 1856 1942 1770 1664 
3602 2514 2970 4056 1512 560 0 4527 3789 2668 3372 2448 1731 3496 1532 1392 1452 3308 1776 2830 1425 2648 1182 2663 1322 1598 696 4288 2544 3056 1134 1518 1360 1178 2312 1755 2226 2904 1575 2094 3843 2845 3170 4766 1944 3456 4932 4982 5070 5607 5400 2225 1904 3710 2913 4185 2520 5574 5778 4950 2247 2244 1586 4170 3120 1490 1304 3964 2764 5481 1726 1308 1744 1676 3284 2040 1737 6512 1646 1080 1664 1990 1272 3444 2409 1364 2466 6229 3384 5508 1923 2888 1270 2892 2042 3356 5832 4146 4559 2436 
2010 1773 1734 1848 1086 1270 4527 0 3276 1064 2268 1281 564 2392 1418 840 1953 2380 770 1860 870 2528 176 1457 968 1230 1406 264 2316 3528 634 532 536 172 2084 519 990 2448 1479 1665 959 2560 1110 1456 1776 4406 3913 1792 3993 4182 3472 1940 1288 3311 1816 2145 3122 3794 2313 2841 1830 1008 762 3336 2256 1018 910 2316 1632 3162 1448 484 920 1168 1899 1092 657 3304 912 912 974 1166 552 972 1206 540 2157 3128 2004 4849 687 1704 876 1689 1928 1708 3636 3312 2025 788 
4194 1251 2316 3778 1234 1402 3789 3276 0 1528 846 2190 1473 2428 1254 1314 2517 2400 1498 2935 1779 1544 904 2869 1044 756 678 2688 860 5037 1010 1260 868 778 732 1299 1137 1792 1686 2445 2317 2150 2080 3327 3336 4610 3310 3111 4113 4575 5338 120 2112 2737 2568 3005 1269 5000 2772 4354 1830 1200 1186 3336 2564 1482 920 3164 2480 3831 1122 908 1344 1544 2741 1562 1293 5000 1336 802 1280 1590 976 2244 1842 1060 2049 4950 2616 2283 1467 1620 886 1827 1200 2556 4210 3312 3485 1636 
2348 2280 2097 1948 1544 1728 2668 1064 1528 0 964 1770 1053 2160 1604 1298 2316 1832 1228 2080 1359 3072 634 1797 1426 956 1442 963 2388 1364 876 990 874 286 2260 1026 1353 1596 1620 2172 1032 2588 1372 1092 1372 1964 856 996 1488 1744 2300 1624 1772 2264 2300 2392 1838 3164 480 1552 1917 774 1004 2772 2740 1300 636 2800 2026 1316 1722 726 1162 1410 2383 1455 1020 2136 1154 1154 996 1408 794 1132 1569 878 2520 2240 2048 2172 1095 2188 602 2052 1964 2192 1256 2788 1600 1272 
3708 1674 2100 1962 1278 1684 3372 2268 846 964 0 2268 1593 2164 1536 1032 2319 1836 1526 2605 1557 2108 932 2495 1326 474 960 2256 1424 2784 878 1254 586 768 1296 1029 1356 2190 1989 2160 1554 2855 1720 1644 2796 2034 1290 1500 2238 2622 3180 825 1776 3192 2304 2995 1692 4494 726 2334 1920 777 1006 4170 2744 1210 638 2804 2030 1980 1404 728 1164 1412 2387 1458 1023 3210 1156 1084 998 1410 796 1704 1572 880 2472 3366 2052 1812 1098 2184 604 2055 1482 2196 1890 4158 2406 1276 
708 2391 2190 1914 1900 1072 2448 1281 2190 1770 2268 0 1425 2448 1994 1654 1965 2874 1624 1209 1239 2379 1030 1179 1822 1986 2138 1182 2706 1653 642 1018 1320 894 2739 1695 2124 2136 2250 2607 1545 2562 1800 1488 1659 1545 2010 1518 1887 957 1590 2262 2100 1635 1374 2463 1950 2535 1905 1455 2613 2184 1518 2451 2730 1210 1548 2661 1878 1278 1970 1240 1540 1176 2028 2022 1791 1893 1348 1532 1758 1922 1308 1416 1860 1324 2385 1464 2235 2538 1863 2073 1514 2343 2570 2211 2085 2463 1065 1725 
1569 1902 2193 1257 1462 1646 1731 564 1473 1053 1593 1425 0 1959 1668 1216 1476 2244 1146 684 306 2175 552 246 1344 1536 1660 465 2118 1329 308 692 842 416 2022 978 1449 1482 1878 2118 870 2037 1125 771 1323 1464 1512 843 1212 468 1101 1545 1425 1146 885 1746 1233 2046 1230 966 2124 1467 1068 1962 2151 884 1216 2172 1389 789 1644 790 1214 850 1539 1533 1116 1404 1022 1206 1280 1472 858 927 1371 846 1896 975 1746 1956 1146 1584 1182 1854 2182 1722 1368 1974 576 1050 
3104 2925 2760 2069 1590 2152 3496 2392 2428 2160 2164 2448 1959 0 1828 588 2499 3032 1966 2324 1773 2252 1372 2432 1950 1556 1892 2384 1568 2736 998 1374 1316 1298 2904 1689 2016 2044 2649 2634 1916 2800 2256 1976 2744 1988 1304 1880 2372 1988 2766 2524 2656 2712 2544 3276 2376 3727 1680 1324 2253 1674 1446 3220 3260 1522 860 3684 1888 1560 1946 1168 1468 1532 2787 1914 1683 2380 1276 1460 1220 1778 1236 1744 1752 1320 2910 2544 2496 2768 1857 3072 826 2235 2262 2804 1704 3236 2132 2156 
2088 2078 2506 1694 1924 2092 1532 1418 1254 1604 1536 1994 1668 1828 0 2072 2028 2040 2188 1524 1544 2026 1594 1504 1734 2010 1932 1484 1684 1770 1360 1736 1954 1590 1236 1764 2010 806 1994 2456 1624 1550 1794 1626 1774 1874 1176 1606 1604 1356 1778 1302 1746 904 1634 1754 972 2214 1364 1688 1910 1640 2112 1802 1972 1928 1384 2492 1820 1570 2138 1834 2258 1894 2070 1676 1668 1980 2066 1492 1744 2240 1782 1662 1894 1958 1488 1694 1772 1576 1854 1954 1350 2280 2454 2192 1376 1794 1428 1468 
1182 2006 1996 378 1002 1782 1392 840 1314 1298 1032 1654 1216 588 2072 0 1814 1510 1610 1374 1394 1180 1016 1354 1808 1506 1992 906 1372 1428 1210 1372 1376 1012 1680 1186 1500 1266 1826 1386 1114 1678 1284 1048 1432 624 1240 1096 1342 1206 784 1362 1484 1600 1484 1682 1100 1222 1274 956 1816 1512 1602 1708 1522 934 1448 1998 1238 1074 2044 1324 1694 1744 1258 1568 1278 1484 1262 1620 1808 2006 1392 1164 1462 1380 2014 1544 1712 1636 1298 1692 1414 1784 2514 1694 1440 1700 1134 1234 
2622 2442 2919 2154 2060 1528 1452 1953 2517 2316 2319 1965 1476 2499 2028 1814 0 2970 2072 1260 1290 2619 1478 1230 2270 2020 1664 1941 2757 1980 676 1052 1422 1400 2832 1788 2175 2187 2577 642 1596 2613 1851 1641 1986 1785 2061 1569 1938 1008 1641 2445 2151 1686 1425 2616 2292 2586 1956 1506 2664 2337 1552 2502 2781 1244 1582 2712 1929 1329 2004 1274 1574 1210 2079 2073 1842 1944 1382 1566 1860 1956 1342 1467 1911 1426 2436 1515 2286 2589 2016 2124 1548 2394 2604 2262 2238 2514 1116 1776 
2888 2934 1449 2264 1756 2044 3308 2380 2400 1832 1836 2874 2244 3032 2040 1510 2970 0 1960 2952 2208 2884 1366 2864 2158 1392 1878 2372 3260 2724 1312 1688 1310 1202 3132 1680 2007 2468 2640 2472 1904 2836 2244 1964 2732 1772 1728 1868 1736 2616 2900 2496 2020 3136 3172 3264 2800 3952 1352 2424 2571 1428 1440 3616 3568 1600 1072 3544 2400 2188 2144 1162 1598 1846 2832 2109 1398 3008 1420 1590 1432 1844 1046 2004 2223 1314 3174 3112 2920 3044 1749 2436 1038 2706 2386 3064 2128 3632 2472 2144 
1440 1952 1926 1232 1856 2040 1776 770 1498 1228 1526 1624 1146 1966 2188 1610 2072 1960 0 1514 1350 960 946 1310 1738 2000 2176 836 1302 1358 1404 1302 1306 942 1812 1116 1430 1382 1756 1880 1044 1794 1214 978 1362 1478 1472 1026 1272 1400 1638 1546 1414 1716 1678 1628 1216 2014 1284 1304 1990 1442 1532 1882 1898 1788 1680 1928 1586 1186 2218 1254 1690 1938 1686 1498 1208 1596 1682 1682 1744 1936 1322 1094 1574 1310 2208 1552 1772 1820 1228 1622 1646 1896 2698 1624 1376 1874 1328 1164 
2775 1686 2163 2490 1620 1692 2830 1860 2935 2080 2605 1209 684 2324 1524 1374 1260 2952 1514 0 378 2612 920 742 1712 1516 1756 1929 1996 1200 172 548 918 872 2768 1092 1419 2385 1317 1902 1400 3095 1825 1475 1210 2080 2175 1355 1970 420 1475 2815 1860 1550 892 3100 2705 3050 2000 1250 1908 1581 1048 2910 2700 740 1078 2608 1564 955 1500 770 1070 706 1855 1317 1086 1980 878 1062 1356 1452 838 1185 1155 922 1680 1265 2040 3055 1260 1824 1044 1638 2100 2008 2470 2930 600 1360 
1875 1716 2157 1524 1640 1510 1425 870 1779 1359 1557 1239 306 1773 1544 1394 1290 2208 1350 378 0 1989 756 60 1548 1512 1646 771 1875 1098 184 568 914 620 2106 1086 1413 1461 1695 1932 834 1887 1089 879 1104 1278 1335 807 1176 282 915 1719 1389 960 699 1854 1539 1860 1194 780 1938 1575 1044 1776 2055 760 1098 1986 1203 603 1520 766 1090 726 1353 1347 1080 1218 898 1082 1352 1448 834 741 1185 918 1710 789 1560 1863 1254 1398 1064 1668 2120 1536 1476 1788 390 1014 
2228 2409 3099 1604 1426 1714 2648 2528 1544 3072 2108 2379 2175 2252 2026 1180 2619 2884 960 2612 1989 0 1440 2728 1816 1528 1450 2660 684 2808 1142 1518 1542 1436 2276 2028 2295 2440 2703 1977 2368 3252 2708 2428 2816 1112 2508 2332 2596 2276 1432 1640 2880 3108 2832 3728 2108 3292 2592 1776 2622 2358 1672 3280 2908 866 1462 4136 2340 2012 1894 1394 1626 1676 2538 2253 2022 2832 1194 1574 1822 2076 1462 2196 2091 1546 2919 2952 3288 2188 2196 3164 1428 2574 1972 3256 2908 3264 2132 2608 
846 1358 1332 638 1262 1446 1182 176 904 634 932 1030 552 1372 1594 1016 1478 1366 946 920 756 1440 0 716 1144 1406 1582 242 1334 764 810 708 712 348 1218 522 836 788 1162 1286 450 1200 620 384 768 884 878 432 678 806 1044 952 820 1122 1084 1034 622 1420 690 710 1396 848 938 1288 1304 1194 1086 1334 992 592 1624 660 1096 1344 1092 904 614 1002 1088 1088 1150 1342 728 500 980 716 1614 958 1178 1226 634 1028 1052 1302 2104 1030 782 1280 734 570 
3049 1656 2097 2466 1600 1550 2663 1457 2869 1797 2495 1179 246 2432 1504 1354 1230 2864 1310 742 60 2728 716 0 1508 1472 1686 1323 2580 1805 144 528 874 580 2802 1026 1353 2553 1680 1872 1290 3121 1715 1365 1795 2326 2219 1245 1860 682 1737 2853 1772 1812 1008 2990 2503 3312 1890 1496 1878 1515 1004 3166 2680 720 1058 2626 1672 1201 1480 726 1050 686 1939 1287 1020 2226 858 1042 1312 1408 794 1247 1125 878 1650 1527 2148 3219 1194 1885 1024 1608 2080 2024 2360 3170 862 1272 
1638 1878 2124 1430 1714 1882 1322 968 1044 1426 1326 1822 1344 1950 1734 1808 2270 2158 1738 1712 1548 1816 1144 1508 0 1800 1722 1034 1474 1556 1602 1500 1504 1140 1358 1314 1628 928 1954 2078 1242 1340 1412 1176 1560 1676 1298 1224 1394 1598 1836 1092 1536 1262 1876 1826 762 2212 1482 1502 1700 1640 1730 1592 1762 1986 1506 2126 1726 1384 1928 1452 1888 2136 1884 1466 1406 1794 1880 1282 1866 2134 1520 1292 1772 1508 1846 1750 1894 1366 1426 1744 1472 2094 2244 1822 1498 1584 1526 1362 
1710 1590 1874 1128 1752 2158 1598 1230 756 956 474 1986 1536 1556 2010 1506 2020 1392 2000 1516 1512 1528 1406 1472 1800 0 1434 1226 1186 1402 1352 1728 1060 1242 906 1160 1378 1204 1664 1914 992 1616 1162 1022 1406 1152 904 974 1220 1348 1534 804 1362 1538 1626 1672 1038 1972 716 1252 1754 992 1480 1862 1846 1684 1112 1876 1474 1134 1878 1202 1638 1886 1634 1446 1156 1544 1630 1558 1472 1884 1270 1042 1522 1354 2122 1596 1500 1078 1206 1566 1078 1844 1956 1572 1104 1860 1276 1112 
1856 1512 2222 1614 1912 1256 696 1406 678 1442 960 2138 1660 1892 1932 1992 1664 1878 2176 1756 1646 1450 1582 1686 1722 1434 0 1350 1108 1348 1592 1938 1546 1456 1044 1544 1436 1126 1746 2092 1340 1538 1510 1406 1344 1464 1390 1358 1592 1588 2010 630 1648 1460 1866 1836 960 2296 1202 1626 1898 1478 1864 1790 1960 2160 1598 2260 1908 1518 1704 1586 2022 2126 2018 1664 1540 1928 2014 1480 1958 2268 1654 1426 1906 1738 2044 1798 1986 904 1656 1392 1564 1800 1782 1956 1590 1782 1660 1496 
2208 1767 1728 2112 1152 1336 4288 264 2688 963 2256 1182 465 2384 1484 906 1941 2372 836 1929 771 2660 242 1323 1034 1226 1350 0 2204 2336 618 598 532 106 2076 513 984 2712 1413 1659 945 2620 1100 816 1764 3096 2792 1008 1992 2498 3600 1800 1280 3397 1802 2135 2048 3794 2040 2120 1824 1002 758 3324 2248 1050 906 2308 1624 1648 1444 480 916 1160 1891 1086 651 3288 908 908 970 1162 548 960 1200 536 2151 3112 1996 4064 681 1696 872 1683 1872 1700 2408 3300 2009 780 
2912 1896 2961 2288 1664 1832 2544 2316 860 2388 1424 2706 2118 1568 1684 1372 2757 3260 1302 1996 1875 684 1334 2580 1474 1186 1108 2204 0 2956 1170 1546 1298 1208 1592 1944 1782 1756 2331 2490 2184 2580 2524 2316 2964 1796 2284 2220 2688 2332 2116 956 2972 2424 2888 3176 1424 3976 1908 2460 2475 1845 1616 3084 3424 1208 1350 4024 3024 2540 1552 1338 1774 1704 3183 2207 1938 3360 1536 1232 1710 2020 1406 2356 2487 1490 2694 3008 3476 1504 2112 2480 1316 2472 1630 3416 2684 3068 2476 2496 
1890 2031 1992 4200 1674 1212 3056 3528 5037 1364 2784 1653 1329 2736 1770 1428 1980 2724 1358 1200 1098 2808 764 1805 1556 1402 1348 2336 2956 0 652 1028 708 690 2431 777 1248 3856 597 1923 1561 3060 1540 2280 12 6429 4859 2568 4568 4196 2752 2890 1632 3850 1852 2575 6204 4322 3087 3667 1317 1266 934 2310 1880 838 1082 2660 1976 3939 1106 656 1092 1186 2213 1350 915 3992 1084 1084 1146 1338 724 1488 1464 712 2400 3816 2348 6221 945 2048 1048 1947 2192 2052 4668 2286 2520 1132 
1114 960 1278 832 1456 1694 1134 634 1010 876 878 642 308 998 1360 1210 676 1312 1404 172 184 1142 810 144 1602 1352 1592 618 1170 652 0 384 754 724 1220 564 782 790 1050 1104 396 1074 566 426 656 668 706 378 624 4 426 962 766 456 282 1076 918 1056 636 336 1108 890 884 1000 1186 576 914 1140 618 218 1336 606 906 542 718 714 560 628 714 898 1192 1288 674 310 606 758 956 342 856 1058 676 748 880 928 1936 840 824 1008 76 516 
1202 1336 1654 994 1618 1802 1518 532 1260 990 1254 1018 692 1374 1736 1372 1052 1688 1302 548 568 1518 708 528 1500 1728 1938 598 1546 1028 384 0 1068 704 1574 878 1158 1144 1426 1480 772 1450 942 740 1032 1044 1082 754 1000 380 802 1308 1142 832 658 1390 978 1432 1012 712 1484 1204 1260 1376 1562 952 1290 1516 994 594 1712 982 1282 918 1094 1090 936 1004 1090 1274 1506 1664 1050 686 982 1072 1332 718 1232 1434 990 1124 1256 1304 2312 1216 1138 1384 452 892 
1206 1302 1276 998 1622 1806 1360 536 868 874 586 1320 842 1316 1954 1376 1422 1310 1306 918 914 1542 712 874 1504 1060 1546 532 1298 708 754 1068 0 638 1234 466 780 1148 1106 1230 394 1172 564 328 712 986 822 376 622 750 1024 916 764 1078 1028 978 982 1364 634 654 1340 792 882 1232 1248 1174 1030 1278 936 536 1568 604 1040 1288 1036 848 558 946 1032 1032 1094 1286 672 444 924 660 1558 902 1122 1190 578 972 996 1246 2068 974 726 1224 678 514 
842 1284 1258 634 1258 1442 1178 172 778 286 768 894 416 1298 1590 1012 1400 1202 942 872 620 1436 348 580 1140 1242 1456 106 1208 690 724 704 638 0 1144 448 762 784 1048 1212 376 1154 546 310 694 880 714 358 604 728 1006 826 746 1060 1006 960 618 1346 526 636 1322 774 864 1214 1230 1156 922 1260 918 518 1550 586 1022 1266 1018 830 540 928 1014 1014 1076 1268 654 426 906 642 1540 884 1104 1100 560 954 888 1228 1978 956 708 1206 660 496 
3424 1800 2865 2604 1548 1716 2312 2084 732 2260 1296 2739 2022 2904 1236 1680 2832 3132 1812 2768 2106 2276 1218 2802 1358 906 1044 2076 1592 2431 1220 1574 1234 1144 0 1848 1686 860 1137 2994 2056 2348 2396 2188 2439 2652 1600 2092 2456 2432 3276 828 2740 1528 2988 2756 1192 3676 1780 2648 2301 1749 1552 2852 3192 1788 1008 3896 3120 2412 1488 1274 1710 1754 3447 2059 1842 3232 1702 1116 1368 1926 1342 2228 2277 1426 2022 3108 2792 1376 2016 2352 974 2376 1566 3288 2000 2836 2576 2368 
1524 1668 1629 1212 1432 1616 1755 519 1299 1026 1029 1695 978 1689 1764 1186 1788 1680 1116 1092 1086 2028 522 1026 1314 1160 1544 513 1944 777 564 878 466 448 1848 0 885 1437 1374 1146 306 1473 561 207 783 1194 948 279 648 840 1251 1371 861 1332 1257 1182 1188 1761 666 696 1725 903 692 1563 1587 984 840 1632 1119 519 1378 414 850 1098 1269 987 552 1134 842 842 904 1096 482 381 1101 470 2052 1068 1398 1656 582 1173 806 1584 1950 1176 804 1551 732 486 
1995 2139 1392 1683 1746 1930 2226 990 1137 1353 1356 2124 1449 2016 2010 1500 2175 2007 1430 1419 1413 2295 836 1353 1628 1378 1436 984 1782 1248 782 1158 780 762 1686 885 0 1809 1845 2031 579 1700 324 678 1254 1521 1275 606 875 1167 1584 1209 1088 1659 1584 1653 1560 1743 993 1023 2196 1374 910 2034 1914 1206 1058 1959 1364 846 1692 632 1068 1316 1596 1314 779 1461 1060 1060 1218 1314 372 708 1428 784 2379 1539 1803 1620 1053 1400 1024 1911 1958 1503 1275 2022 1059 813 
3846 1908 2574 3552 1118 1286 2904 2448 1792 1596 2190 2136 1482 2044 806 1266 2187 2468 1382 2385 1461 2440 788 2553 928 1204 1126 2712 1756 3856 790 1144 1148 784 860 1437 1809 0 1782 2583 2919 1860 2510 3280 2904 4272 1480 3264 3192 3287 4875 1240 1880 1169 2128 2370 664 4386 2232 3904 1656 1251 1322 2988 2332 1358 578 3404 2260 3432 1332 1044 1480 1324 2692 1514 1293 5072 1350 686 938 1496 976 2652 1632 1152 1377 4631 1932 3215 1572 2296 544 2352 1648 2828 2280 2964 3003 1796 
1542 2628 2589 2172 2072 1610 1575 1479 1686 1620 1989 2250 1878 2649 1994 1826 2577 2640 1756 1317 1695 2703 1162 1680 1954 1664 1746 1413 2331 597 1050 1426 1106 1048 1137 1374 1845 1782 0 2520 1266 2433 1521 1167 603 2154 1908 1239 1608 1569 1629 1758 1821 2247 1986 2142 2031 2721 1626 1656 1914 1863 1332 1752 2007 1236 1480 2592 2079 1479 1504 1054 1490 1584 2229 1947 1512 2094 1482 1482 1544 1736 1122 1341 2061 1110 2997 2028 2358 2169 1542 2133 1446 2544 2324 2136 1764 1740 1677 1446 
1980 2814 2775 1512 1632 1920 2094 1665 2445 2172 2160 2607 2118 2634 2456 1386 642 2472 1880 1902 1932 1977 1286 1872 2078 1914 2092 1659 2490 1923 1104 1480 1230 1212 2994 1146 2031 2583 2520 0 1452 2619 1707 1353 1929 1143 2094 1425 1794 1650 2121 2517 2007 2328 2067 2328 2334 2778 1812 1641 2871 2049 1456 2709 2490 1564 1604 2778 2064 1665 2142 1178 1614 1638 2415 2133 1698 2280 1606 1606 1668 1860 1246 1527 2247 1234 3078 2157 2544 2724 1728 2319 1570 2730 2694 2322 1950 2697 1758 1632 
2832 1560 1323 2576 1360 1544 3843 959 2317 1032 1554 1545 870 1916 1624 1114 1596 1904 1044 1400 834 2368 450 1290 1242 992 1340 945 2184 1561 396 772 394 376 2056 306 579 2919 1266 1452 0 2035 425 231 1350 2198 1624 63 924 1372 2391 1775 812 2644 1340 1790 2520 3320 966 1036 1617 795 524 2910 1780 820 672 1840 1156 623 1306 246 682 930 1423 735 300 2058 674 674 832 928 314 258 849 398 1800 2240 1632 3324 474 1228 638 1332 1782 1232 1624 2886 1192 312 
4070 2541 2444 3250 1530 1698 2845 2560 2150 2588 2855 2562 2037 2800 1550 1678 2613 2836 1794 3095 1887 3252 1200 3121 1340 1616 1538 2620 2580 3060 1074 1450 1172 1154 2348 1473 1700 1860 2433 2619 2035 0 2360 2110 3070 2675 2785 1990 1375 2675 2830 2270 1384 2695 2696 3735 1445 4650 2635 1845 2274 1962 1302 3520 3156 1282 1322 2908 1764 2140 1744 1024 1460 1608 2196 1902 921 3165 1102 1098 1218 1706 728 2160 1866 1176 2493 3265 2736 2955 1641 1800 1288 2349 968 1856 2430 3500 2745 1868 
2785 1815 1068 2265 1530 1714 3170 1110 2080 1372 1720 1800 1125 2256 1794 1284 1851 2244 1214 1825 1089 2708 620 1715 1412 1162 1510 1100 2524 1540 566 942 564 546 2396 561 324 2510 1521 1707 425 2360 0 590 1550 1995 1585 470 985 1405 2100 2200 1052 2225 1680 2215 2225 2365 1115 1165 1872 1050 694 2850 2120 990 842 2180 1414 870 1476 416 852 1100 1713 990 455 1895 844 844 1002 1098 156 640 1104 568 2055 2025 1972 2765 729 1468 808 1587 1852 1572 1585 2830 1225 652 
2634 1461 1422 2680 1294 1478 4766 1456 3327 1092 1644 1488 771 1976 1626 1048 1641 1964 978 1475 879 2428 384 1365 1176 1022 1406 816 2316 2280 426 740 328 310 2188 207 678 3280 1167 1353 231 2110 590 0 1152 4149 2769 360 2641 3151 2784 1940 872 2749 1400 1625 4936 3182 1377 1844 1518 696 554 2712 1840 846 702 1900 1216 1914 1240 276 712 960 1483 780 345 2472 704 704 766 958 344 348 894 332 1845 2296 1588 4511 375 1288 668 1377 1812 1292 2388 2688 1297 372 
1902 2037 1998 3162 1678 1208 1944 1776 3336 1372 2796 1659 1323 2744 1774 1432 1986 2732 1362 1210 1104 2816 768 1795 1560 1406 1344 1764 2964 12 656 1032 712 694 2439 783 1254 2904 603 1929 1350 3070 1550 1152 0 3126 2634 1296 2034 1956 2076 2900 1640 3312 1860 2585 3114 4334 2070 2130 1311 1272 938 2298 1872 842 1086 2668 1984 1776 1102 660 1096 1190 2221 1356 921 3006 1088 1088 1150 1342 728 1500 1470 716 2406 2874 2356 4091 951 2056 1052 1953 2196 2060 2346 2274 2172 1140 
1674 2430 2265 984 870 1158 3456 4406 4610 1964 2034 1545 1464 1988 1874 624 1785 1772 1478 2080 1278 1112 884 2326 1676 1152 1464 3096 1796 6429 668 1044 986 880 2652 1194 1521 4272 2154 1143 2198 2675 1995 4149 3126 0 3839 3861 5383 4189 2608 2520 1996 3906 1884 3270 6074 3270 3906 1660 1788 1644 1116 3380 1796 802 906 3024 1228 2927 1420 838 1138 1202 1988 1419 1188 3440 946 1130 1266 1520 906 1626 1257 990 2424 3768 2176 4743 1362 2412 872 1740 1932 2144 5467 3364 2576 1496 
3768 2202 2019 3776 1488 1656 4932 3913 3310 856 1290 2010 1512 1304 1176 1240 2061 1728 1472 2175 1335 2508 878 2219 1298 904 1390 2792 2284 4859 706 1082 822 714 1600 948 1275 1480 1908 2094 1624 2785 1585 2769 2634 3839 0 2553 3421 3861 4451 1900 1528 2464 1960 2860 3384 4480 846 3030 1275 696 952 3080 1956 1248 208 2696 1776 2684 1294 674 1110 1240 2067 1377 942 3592 984 1056 568 1126 742 1542 1077 826 1932 4160 1192 4705 1017 1944 174 1797 1912 2088 1100 3088 2631 1168 
2778 1533 1350 2872 1342 1526 4982 1792 3111 996 1500 1518 843 1880 1606 1096 1569 1868 1026 1355 807 2332 432 1245 1224 974 1358 1008 2220 2568 378 754 376 358 2092 279 606 3264 1239 1425 63 1990 470 360 1296 3861 2553 0 2329 2839 2700 1820 776 2581 1304 1745 5296 3302 1161 1604 1590 768 506 2856 1744 802 654 1804 1120 1626 1288 228 664 912 1387 708 273 2280 656 656 814 910 296 204 822 380 1773 2488 1596 4295 447 1192 620 1305 1764 1196 2676 2832 1129 276 
3516 1902 1619 3856 1584 1654 5070 3993 4113 1488 2238 1887 1212 2372 1604 1342 1938 1736 1272 1970 1176 2596 678 1860 1394 1220 1592 1992 2688 4568 624 1000 622 604 2456 648 875 3192 1608 1794 924 1375 985 2641 2034 5383 3421 2329 0 4811 2328 2405 284 3442 1796 2360 4108 3940 2414 2710 1572 1137 752 2949 2236 732 830 1808 664 3071 1276 474 910 1158 1096 1077 96 3264 552 902 668 1156 178 942 1191 626 2142 3136 1636 4260 816 700 796 1674 1518 1688 2532 2965 1990 768 
3442 1434 1911 3353 1452 1698 5607 4182 4575 1744 2622 957 468 1988 1356 1206 1008 2616 1400 420 282 2276 806 682 1598 1348 1588 2498 2332 4196 4 380 750 728 2432 840 1167 3287 1569 1650 1372 2675 1405 3151 1956 4189 3861 2839 4811 0 2036 2395 1524 1582 556 2680 5941 3156 2844 1660 1656 1329 880 2988 2364 572 910 2272 1228 1284 1332 602 902 538 1519 1065 834 2496 710 894 1188 1284 670 918 903 754 1428 1352 1704 4743 1008 1488 876 1386 1932 1672 5002 3012 252 1024 
3630 2067 2328 1624 1030 1810 5400 3472 5338 2300 3180 1590 1101 2766 1778 784 1641 2900 1638 1475 915 1432 1044 1737 1836 1534 2010 3600 2116 2752 426 802 1024 1006 3276 1251 1584 4875 1629 2121 2391 2830 2100 2784 2076 2608 4451 2700 2328 2036 0 3450 1448 3059 1400 3365 4512 3750 3732 3131 2289 1740 1158 4254 3048 150 1306 2972 1828 2678 1754 880 910 960 1276 1482 969 4225 478 1172 1250 1562 760 1752 1536 1028 1845 3295 2548 5736 1419 1864 1272 2019 2100 2228 4016 4278 1225 1580 
3615 1323 2388 2460 1282 1450 2225 1940 120 1624 825 2262 1545 2524 1302 1362 2445 2496 1546 2815 1719 1640 952 2853 1092 804 630 1800 956 2890 962 1308 916 826 828 1371 1209 1240 1758 2517 1775 2270 2200 1940 2900 2520 1900 1820 2405 2395 3450 0 2208 2075 2472 3125 825 4238 1430 2490 1902 1272 1234 2900 2660 1530 968 3260 2556 2220 1074 956 1392 1496 2837 1634 1365 3245 1384 850 1328 1638 1024 1990 1914 1108 2121 2920 2712 685 1539 1524 934 1755 1152 2652 2400 2880 2575 1732 
2628 2115 1832 2212 1726 1512 1904 1288 2112 1772 1776 2100 1425 2656 1746 1484 2151 2020 1414 1860 1389 2880 820 1772 1536 1362 1648 1280 2972 1632 766 1142 764 746 2740 861 1088 1880 1821 2007 812 1384 1052 872 1640 1996 1528 776 284 1524 1448 2208 0 2180 2080 2172 1548 2894 1292 1332 1359 1350 894 1596 1968 874 972 2092 948 1096 1134 616 1052 1300 1380 1290 309 1916 694 1044 810 1298 320 912 1404 768 2355 1796 1920 1960 1029 984 938 1887 1660 1972 1128 1612 1380 1052 
4740 1770 2403 4277 1452 1620 3710 3311 2737 2264 3192 1635 1146 2712 904 1600 1686 3136 1716 1550 960 3108 1122 1812 1262 1538 1460 3397 2424 3850 456 832 1078 1060 1528 1332 1659 1169 2247 2328 2644 2695 2225 2749 3312 3906 2464 2581 3442 1582 3059 2075 2180 0 1460 2140 1750 4042 3122 2744 2157 1752 1208 3990 3000 1024 912 3176 1832 2331 1666 930 1354 990 2423 1743 1326 3766 1162 1020 1272 1336 998 2274 1581 1082 876 2765 2600 3864 1500 2392 878 2064 1982 2576 3164 3966 1834 1128 
2776 1017 2328 2212 1730 1976 2913 1816 2568 2300 2304 1374 885 2544 1634 1484 1425 3172 1678 892 699 2832 1084 1008 1876 1626 1866 1802 2888 1852 282 658 1028 1006 2988 1257 1584 2128 1986 2067 1340 2696 1680 1400 1860 1884 1960 1304 1796 556 1400 2472 2080 1460 0 2178 2384 2660 1820 1220 2073 1746 1158 2548 2920 850 1188 2828 1784 984 1610 880 1180 816 2075 1482 1251 1104 988 1172 1466 1562 948 1168 1320 1032 1845 1232 2260 2664 1425 2044 1154 1278 2210 2228 2196 2564 700 1580 
3820 486 2397 3260 1928 2128 4185 2145 3005 2392 2995 2463 1746 3276 1754 1682 2616 3264 1628 3100 1854 3728 1034 2990 1826 1672 1836 2135 3176 2575 1076 1390 978 960 2756 1182 1653 2370 2142 2328 1790 3735 2215 1625 2585 3270 2860 1745 2360 2680 3365 3125 2172 2140 2178 0 2785 1150 2390 2440 2493 1671 1204 3885 3140 1496 1352 3200 2516 2145 1890 926 1362 1610 2783 1755 1320 3170 1354 1354 1416 1608 994 1915 1869 982 2160 3060 2700 3768 1350 2588 1318 2352 2358 2592 2620 3865 2500 1672 
3348 1674 2403 2888 952 1120 2520 3122 1269 1838 1692 1950 1233 2376 972 1100 2292 2800 1216 2705 1539 2108 622 2503 762 1038 960 2048 1424 6204 918 978 982 618 1192 1188 1560 664 2031 2334 2520 1445 2225 4936 3114 6074 3384 5296 4108 5941 4512 825 1548 1750 2384 2785 0 4698 3258 4981 1407 1500 1208 2490 2000 1278 744 3072 1928 5415 1166 930 1366 1452 2360 1291 1044 5088 1184 520 1104 1612 810 2310 1875 986 1626 4912 2264 2988 1356 1964 710 2250 1482 2600 4890 2466 3451 1680 
4944 1176 2487 2532 1468 2248 5574 3794 5000 3164 4494 2535 2046 3727 2214 1222 2586 3952 2014 3050 1860 3292 1420 3312 2212 1972 2296 3794 3976 4322 1056 1432 1364 1346 3676 1761 1743 4386 2721 2778 3320 4650 2365 3182 4334 3270 4480 3302 3940 3156 3750 4238 2894 4042 2660 1150 4698 0 4076 4108 3072 2250 1590 5894 3912 1400 1694 3972 3256 3754 2276 1312 1748 1590 3458 2334 1849 4984 1728 1740 1654 1994 1102 3506 2448 704 2790 4170 1780 5882 1929 3310 1634 2931 2798 3364 3932 5870 2940 2444 
3552 1920 1737 3624 1520 1784 5778 2313 2772 480 726 1905 1230 1680 1364 1274 1956 1352 1284 2000 1194 2592 690 1890 1482 716 1202 2040 1908 3087 636 1012 634 526 1780 666 993 2232 1626 1812 966 2635 1115 1377 2070 3906 846 1161 2414 2844 3732 1430 1292 3122 1820 2390 3258 4076 0 2412 1557 414 764 3502 2260 1060 396 2320 1546 1881 1482 486 922 1170 1903 1095 660 3312 914 914 756 1168 554 978 1209 638 2160 3520 1568 4137 735 1708 362 1692 1724 1712 1746 3510 2032 792 
2670 1932 1767 2312 1202 1490 4950 2841 4354 1552 2334 1455 966 1324 1688 956 1506 2424 1304 1250 780 1776 710 1496 1502 1252 1626 2120 2460 3667 336 712 654 636 2648 696 1023 3904 1656 1641 1036 1845 1165 1844 2130 1660 3030 1604 2710 1660 3131 2490 1332 2744 1220 2440 4981 4108 2412 0 1350 1146 784 3074 2300 904 814 2360 564 590 1344 506 806 870 1463 921 690 2112 614 798 1092 1188 574 630 759 658 1926 2440 1512 3249 864 1748 780 1242 1600 1480 3661 3098 1414 832 
2262 2979 2940 2157 1890 2058 2247 1830 1830 1917 1920 2613 2124 2253 1910 1816 2664 2571 1990 1908 1938 2622 1396 1878 1700 1754 1898 1824 2475 1317 1108 1484 1340 1322 2301 1725 2196 1656 1914 2871 1617 2274 1872 1518 1311 1788 1275 1590 1572 1656 2289 1902 1359 2157 2073 2493 1407 3072 1557 1350 0 1971 1566 162 441 1676 1058 2346 1773 1527 444 1288 1706 1642 2277 2271 1668 2142 1514 1458 1418 1970 1226 1665 990 1344 3033 1149 2169 1866 1893 1758 1024 2592 2122 1443 1575 174 1764 1797 
2013 2157 2118 1701 1758 1942 2244 1008 1200 774 777 2184 1467 1674 1640 1512 2337 1428 1442 1581 1575 2358 848 1515 1640 992 1478 1002 1845 1266 890 1204 792 774 1749 903 1374 1251 1863 2049 795 1962 1050 696 1272 1644 696 768 1137 1329 1740 1272 1350 1752 1746 1671 1500 2250 414 1146 1971 0 1018 2052 2076 1310 672 2121 723 1008 1704 740 1176 1424 1758 1476 1041 1623 1168 1168 1032 1422 808 870 1590 796 2541 1557 1590 1683 321 1662 638 2073 2000 1665 996 2040 1221 975 
1432 1528 1406 1224 1848 2032 1586 762 1186 1004 1006 1518 1068 1446 2112 1602 1552 1440 1532 1048 1044 1672 938 1004 1730 1480 1864 758 1616 934 884 1260 882 864 1552 692 910 1322 1332 1456 524 1302 694 554 938 1116 952 506 752 880 1158 1234 894 1208 1158 1204 1208 1590 764 784 1566 1018 0 1458 1378 1308 1160 1408 1066 666 1794 734 1170 1418 1166 978 688 1076 1162 1162 1320 1416 802 574 1054 886 1688 1128 1304 1424 804 1102 1126 1376 2270 1104 952 1450 808 644 
4200 2817 2778 4101 1782 1950 4170 3336 3336 2772 4170 2451 1962 3220 1802 1708 2502 3616 1882 2910 1776 3280 1288 3166 1592 1862 1790 3324 3084 2310 1000 1376 1232 1214 2852 1563 2034 2988 1752 2709 2910 3520 2850 2712 2298 3380 3080 2856 2949 2988 4254 2900 1596 3990 2548 3885 2490 5894 3502 3074 162 2052 1458 0 372 1568 1166 2912 2544 2992 336 1180 1616 1534 2904 2136 1506 4222 1436 1350 1332 1862 1118 3060 828 1236 2871 1974 2720 3706 1731 2128 1132 2475 2014 1708 2989 24 3204 2180 
2912 2841 2658 2288 1768 2056 3120 2256 2564 2740 2744 2730 2151 3260 1972 1522 2781 3568 1898 2700 2055 2908 1304 2680 1762 1846 1960 2248 3424 1880 1186 1562 1248 1230 3192 1587 1914 2332 2007 2490 1780 3156 2120 1840 1872 1796 1956 1744 2236 2364 3048 2660 1968 3000 2920 3140 2000 3912 2260 2300 441 2076 1378 372 0 1674 1186 3284 2864 2064 522 1100 1536 1720 3131 2016 1581 2884 1528 1520 1146 1704 1168 1880 1107 1252 3081 1688 2348 2644 1755 2500 1152 2613 2200 2048 1556 356 2348 2020 
1360 1528 1702 556 1180 1960 1490 1018 1482 1300 1210 1210 884 1522 1928 934 1244 1600 1788 740 760 866 1194 720 1986 1684 2160 1050 1208 838 576 952 1174 1156 1788 984 1206 1358 1236 1564 820 1282 990 846 842 802 1248 802 732 572 150 1530 874 1024 850 1496 1278 1400 1060 904 1676 1310 1308 1568 1674 0 1456 1636 1064 786 1904 1030 1060 1110 324 1138 796 978 328 1322 1400 1712 910 734 1174 1178 1380 910 1424 1570 1096 1082 1422 1278 2250 1264 1154 1576 500 940 
1464 1676 1554 1152 1696 1864 1304 910 920 636 638 1548 1216 860 1384 1448 1582 1072 1680 1078 1098 1462 1086 1058 1506 1112 1598 906 1350 1082 914 1290 1030 922 1008 840 1058 578 1480 1604 672 1322 842 702 1086 906 208 654 830 910 1306 968 972 912 1188 1352 744 1694 396 814 1058 672 1160 1166 1186 1456 0 1556 1096 696 1502 882 1318 1448 1196 1126 836 1106 1192 1264 776 1334 950 722 926 1034 1496 1208 804 1242 886 802 382 1406 2120 1252 408 1174 956 792 
3656 2886 2703 3240 2244 2428 3964 2316 3164 2800 2804 2661 2172 3684 2492 1998 2712 3544 1928 2608 1986 4136 1334 2626 2126 1876 2260 2308 4024 2660 1140 1516 1278 1260 3896 1632 1959 3404 2592 2778 1840 2908 2180 1900 2668 3024 2696 1804 1808 2272 2972 3260 2092 3176 2828 3200 3072 3972 2320 2360 2346 2121 1408 2912 3284 1636 1556 0 2472 2124 1792 1130 1566 760 2904 2061 1452 2944 1456 1558 1572 1812 1082 1940 2175 1282 3126 1596 3400 3384 1800 2408 1522 2658 2422 3000 2652 2928 2408 2080 
2344 2355 2108 1720 1484 1772 2764 1632 2480 2026 2030 1878 1389 1888 1820 1238 1929 2400 1586 1564 1203 2340 992 1672 1726 1474 1908 1624 3024 1976 618 994 936 918 3120 1119 1364 2260 2079 2064 1156 1764 1414 1216 1984 1228 1776 1120 664 1228 1828 2556 948 1832 1784 2516 1928 3256 1546 564 1773 723 1066 2544 2864 1064 1096 2472 0 800 1608 788 1088 1152 1760 1344 594 1620 884 1080 1000 1470 510 984 1182 940 2250 1784 2076 2008 1044 1364 1062 1665 1850 2044 1508 2560 1372 1396 
3024 1755 1590 2784 1320 1608 5481 3162 3831 1316 1980 1278 789 1560 1570 1074 1329 2188 1186 955 603 2012 592 1201 1384 1134 1518 1648 2540 3939 218 594 536 518 2412 519 846 3432 1479 1665 623 2140 870 1914 1776 2927 2684 1626 3071 1284 2678 2220 1096 2331 984 2145 5415 3754 1881 590 1527 1008 666 2992 2064 786 696 2124 800 0 1276 388 688 752 1227 744 513 1640 496 680 974 1070 456 276 582 540 1749 2208 1276 3780 687 1512 662 1065 1718 1244 3759 3000 1001 596 
1736 1956 2188 1666 2118 2286 1726 1448 1122 1722 1404 1970 1644 1946 2138 2044 2004 2144 2218 1500 1520 1894 1624 1480 1928 1878 1704 1444 1552 1106 1336 1712 1568 1550 1488 1378 1692 1332 1504 2142 1306 1744 1476 1240 1102 1420 1294 1288 1276 1332 1754 1074 1134 1666 1610 1890 1166 2276 1482 1344 444 1704 1794 336 522 1904 1502 1792 1608 1276 0 1490 1952 1870 1776 1760 1340 1686 1772 1686 1668 2198 1454 1356 888 1572 2250 994 1696 800 1490 1288 1468 1696 1678 1190 1300 344 1404 1426 
1154 1250 1128 946 1570 1754 1308 484 908 726 728 1240 790 1168 1834 1324 1274 1162 1254 770 766 1394 660 726 1452 1202 1586 480 1338 656 606 982 604 586 1274 414 632 1044 1054 1178 246 1024 416 276 660 838 674 228 474 602 880 956 616 930 880 926 930 1312 486 506 1288 740 734 1180 1100 1030 882 1130 788 388 1490 0 892 1140 888 700 410 798 884 884 1042 1138 524 296 776 608 1410 850 1026 690 526 824 848 1098 1568 826 674 1172 530 366 
1590 1686 1564 1316 1940 2190 1744 920 1344 1162 1164 1540 1214 1468 2258 1694 1574 1598 1690 1070 1090 1626 1096 1050 1888 1638 2022 916 1774 1092 906 1282 1040 1022 1710 850 1068 1480 1490 1614 682 1460 852 712 1096 1138 1110 664 910 902 910 1392 1052 1354 1180 1362 1366 1748 922 806 1706 1176 1170 1616 1536 1060 1318 1566 1088 688 1952 892 0 1440 1188 1000 846 1098 1184 1184 1478 1574 960 596 1076 1044 1710 1240 1326 1528 962 1260 1284 1398 2406 1126 1110 1608 830 802 
1648 1494 1812 1366 1990 2236 1676 1168 1544 1410 1412 1176 850 1532 1894 1744 1210 1846 1938 706 726 1676 1344 686 2136 1886 2126 1160 1704 1186 542 918 1288 1266 1754 1098 1316 1324 1584 1638 930 1608 1100 960 1190 1202 1240 912 1158 538 960 1496 1300 990 816 1610 1452 1590 1170 870 1642 1424 1418 1534 1720 1110 1448 760 1152 752 1870 1140 1440 0 1252 1248 1094 1162 1248 1432 1726 1822 1208 844 1140 1292 1490 876 1390 1592 1210 1282 1414 1462 2470 1374 1358 1542 610 1050 
3104 2505 2340 1918 1504 2108 3284 1899 2741 2383 2387 2028 1539 2787 2070 1258 2079 2832 1686 1855 1353 2538 1092 1939 1884 1634 2018 1891 3183 2213 718 1094 1036 1018 3447 1269 1596 2692 2229 2415 1423 2196 1713 1483 2221 1988 2067 1387 1096 1519 1276 2837 1380 2423 2075 2783 2360 3458 1903 1463 2277 1758 1166 2904 3131 324 1196 2904 1760 1227 1776 888 1188 1252 0 1494 918 1308 4 1180 1216 1570 726 1319 1332 1040 2385 2195 2390 2703 1437 1796 1162 1431 2066 2379 1940 2920 1591 1663 
2097 2241 2058 1785 1656 1824 2040 1092 1562 1455 1458 2022 1533 1914 1676 1568 2073 2109 1498 1317 1347 2253 904 1287 1466 1446 1664 1086 2207 1350 714 1090 848 830 2059 987 1314 1514 1947 2133 735 1902 990 780 1356 1419 1377 708 1077 1065 1482 1634 1290 1743 1482 1755 1291 2334 1095 921 2271 1476 978 2136 2016 1138 1126 2061 1344 744 1760 700 1000 1248 1494 0 981 1359 992 184 1130 1382 768 606 1326 852 2277 1572 1701 1976 1155 1602 1092 1809 2186 1401 1143 2124 957 915 
1662 1806 1523 1350 1524 1708 1737 657 1293 1020 1023 1791 1116 1683 1668 1278 1842 1398 1208 1086 1080 2022 614 1020 1406 1156 1540 651 1938 915 560 936 558 540 1842 552 779 1293 1512 1698 300 921 455 345 921 1188 942 273 96 834 969 1365 309 1326 1251 1320 1044 1849 660 690 1668 1041 688 1506 1581 796 836 1452 594 513 1340 410 846 1094 918 981 0 1128 616 838 732 1092 114 375 1095 562 2046 1206 1323 1353 720 621 802 1578 1582 1170 729 1518 726 480 
4254 1845 2205 4424 1730 2018 6512 3304 5000 2136 3210 1893 1404 2380 1980 1484 1944 3008 1596 1980 1218 2832 1002 2226 1794 1544 1928 3288 3360 3992 628 1004 946 928 3232 1134 1461 5072 2094 2280 2058 3165 1895 2472 3006 3440 3592 2280 3264 2496 4225 3245 1916 3766 1104 3170 5088 4984 3312 2112 2142 1623 1076 4222 2884 978 1106 2944 1620 1640 1686 798 1098 1162 1308 1359 1128 0 658 1090 1198 1480 866 1506 1197 950 1404 3848 2096 4865 1302 2332 1072 450 2074 1488 3320 4230 2436 1416 
1504 1666 1556 884 1508 2104 1646 912 1336 1154 1156 1348 1022 1276 2066 1262 1382 1420 1682 878 898 1194 1088 858 1880 1630 2014 908 1536 1084 714 1090 1032 1014 1702 842 1060 1350 1482 1606 674 1102 844 704 1088 946 984 656 552 710 478 1384 694 1162 988 1354 1184 1728 914 614 1514 1168 1162 1436 1528 328 1192 1456 884 496 1772 884 1184 1248 4 992 616 658 0 1176 1220 1566 730 588 884 1036 1594 1048 1134 1336 954 902 1158 958 2070 1118 974 1444 782 794 
1582 1636 1556 1242 1472 1640 1080 912 802 1154 1084 1532 1206 1460 1492 1620 1566 1590 1682 1062 1082 1574 1088 1042 1282 1558 1480 908 1232 1084 898 1274 1032 1014 1116 842 1060 686 1482 1606 674 1098 844 704 1088 1130 1056 656 902 894 1172 850 1044 1020 1172 1354 520 1740 914 798 1458 1168 1162 1350 1520 1322 1264 1558 1080 680 1686 884 1184 1432 1180 184 838 1090 1176 0 1314 1566 952 588 1068 1036 1604 1232 1318 1124 954 1252 1230 1390 2002 1118 946 1342 822 794 
1644 1740 1714 1436 2056 2224 1664 974 1280 996 998 1758 1280 1220 1744 1808 1860 1432 1744 1356 1352 1822 1150 1312 1866 1472 1958 970 1710 1146 1192 1506 1094 1076 1368 904 1218 938 1544 1668 832 1218 1002 766 1150 1266 568 814 668 1188 1250 1328 810 1272 1466 1416 1104 1654 756 1092 1418 1032 1320 1332 1146 1400 776 1572 1000 974 1668 1042 1478 1726 1216 1130 732 1198 1220 1314 0 1294 846 882 1286 1098 1856 1340 764 1254 1016 1018 742 1498 2132 1412 368 1324 1116 952 
1836 1932 1810 1628 2252 2436 1990 1166 1590 1408 1410 1922 1472 1778 2240 2006 1956 1844 1936 1452 1448 2076 1342 1408 2134 1884 2268 1162 2020 1338 1288 1664 1286 1268 1926 1096 1314 1496 1736 1860 928 1706 1098 958 1342 1520 1126 910 1156 1284 1562 1638 1298 1336 1562 1608 1612 1994 1168 1188 1970 1422 1416 1862 1704 1712 1334 1812 1470 1070 2198 1138 1574 1822 1570 1382 1092 1480 1566 1566 1294 0 1206 978 1458 1290 1920 1532 1322 1812 1208 1506 1300 1780 2674 1508 926 1854 1212 772 
1222 1318 868 1014 1638 1822 1272 552 976 794 796 1308 858 1236 1782 1392 1342 1046 1322 838 834 1462 728 794 1520 1270 1654 548 1406 724 674 1050 672 654 1342 482 372 976 1122 1246 314 728 156 344 728 906 742 296 178 670 760 1024 320 998 948 994 810 1102 554 574 1226 808 802 1118 1168 910 950 1082 510 456 1454 524 960 1208 726 768 114 866 730 952 846 1206 0 364 844 676 1478 918 996 1016 594 528 916 1166 1696 894 600 1126 598 434 
