0 3.14101 2.61639 6.02097 1.75077 1.22334 5.39979 4.41918 5.73911 2.97257 6.63129 1.93135 2.17675 4.3082 2.28155 1.82255 2.83269 3.78523 1.75916 4.31602 2.36721 4.08946 1.22878 3.82567 1.96612 2.16832 1.96994 5.19263 4.14699 4.8598 1.23755 1.3483 1.51644 1.22388 4.21337 2.66188 2.69304 6.17423 2.67712 2.65881 5.57328 6.12092 4.67237 4.83907 5.86186 5.14872 5.68991 4.97989 5.52893 4.88443 5.73568 4.90545 3.60335 6.84332 4.69049 5.73598 5.41615 7.12811 5.52694 5.74176 2.76737 2.3009 1.71832 6.94701 3.72588 1.64116 1.89913 4.47575 3.56314 5.42361 2.07859 1.73158 1.85972 2.12206 3.71291 2.75158 2.18645 7.23043 1.6184 1.66531 1.81278 2.08875 1.37059 6.56821 2.70806 1.78432 3.31148 6.20566 4.30624 6.69655 2.42822 3.99998 1.92742 3.3224 2.57951 4.40588 6.13584 6.40546 6.7587 4.35137 
3.14101 0 3.99579 2.59665 2.16239 2.34858 2.89374 2.20105 2.25486 2.73688 2.42286 3.11254 2.50427 3.06698 2.0888 2.27654 3.29436 3.34562 2.26294 2.60581 2.78814 2.95115 1.97625 2.30852 2.01699 2.05533 2.10751 2.13737 2.96502 2.57418 1.31551 1.52935 1.50442 1.58962 2.83659 3.01387 2.74462 2.15325 3.04621 3.24962 2.24893 2.77488 2.40608 2.03662 2.7313 2.59614 2.39492 1.93764 2.44856 2.1017 2.61826 2.33934 2.88967 2.10706 2.47675 2.29672 2.21656 2.69984 2.18292 2.53243 3.28764 2.57024 1.84855 3.01711 3.24019 1.77429 2.06733 3.34057 2.65187 2.18086 2.08996 1.55221 1.99286 2.09389 2.92441 2.81566 2.40828 2.594 1.74863 1.66046 1.99797 2.27394 1.50052 2.22691 3.12939 1.60261 3.29223 2.45211 2.819 2.56005 2.57922 2.48851 2.0718 2.78732 2.4157 3.11273 2.56536 2.88965 2.30801 2.76975 
2.61639 3.99579 0 2.98066 2.48994 2.06815 3.3797 2.58428 3.05238 2.87022 2.97067 3.16246 3.21271 3.54698 2.76091 2.30326 4.05748 2.62038 2.49833 3.12216 3.62206 3.66069 1.96794 3.01563 2.49968 2.5898 2.53629 2.58231 3.7468 2.75967 1.81461 1.92535 1.87658 1.71865 3.66154 3.75397 3.24427 3.21047 3.70557 3.77228 2.54012 3.4961 2.49509 2.44976 3.14653 2.4575 2.81626 2.36187 2.67053 2.94806 3.08838 3.40611 3.19098 3.3499 4.00768 3.89693 3.08098 3.64475 2.55495 2.75664 3.63462 2.99328 2.19904 3.58827 3.51828 2.12187 2.12226 3.8916 2.97514 2.6916 2.67646 2.15802 2.34044 2.60277 3.31414 3.49253 2.49162 3.63608 1.97452 2.09392 2.06064 2.38716 1.4412 2.8872 3.47637 2.28259 4.27945 3.27939 3.56086 3.45987 3.11198 3.54515 2.22725 4.24348 2.97096 3.98557 2.88684 3.51004 3.07387 3.73869 
6.02097 2.59665 2.98066 0 1.15054 1.62686 9.05594 7.08186 6.85574 2.53872 4.79022 2.0344 1.8817 3.0872 1.94387 1.10498 2.59848 3.58033 1.49998 4.03432 2.13493 2.91793 1.35837 3.75278 1.45973 1.6798 1.66554 7.97768 3.13456 7.48205 0.993716 1.10446 1.12176 1.03329 3.57238 2.14021 2.19792 8.28873 2.51552 2.25927 5.79241 4.7622 4.22563 6.1279 5.71986 7.23389 6.46645 6.54592 6.99529 7.09514 8.10654 4.27114 3.2889 7.20397 4.0637 4.3549 6.30557 5.55882 7.06594 7.17692 2.54143 1.83124 1.45914 5.95843 3.26785 1.04192 1.63995 4.00477 2.97664 7.15172 1.86753 1.45243 1.3532 1.87822 2.97006 2.22992 1.63917 9.34966 1.04192 1.31229 1.55144 1.8543 1.11141 5.32552 2.48389 1.27793 2.74963 8.67424 3.27527 8.78248 1.95856 3.30381 1.66824 2.81005 2.20652 3.96293 7.88884 5.74907 6.60936 3.78118 
1.75077 2.16239 2.48994 1.15054 0 2.05347 1.57762 1.24438 1.3988 1.73727 1.3988 2.08037 1.77418 1.86926 2.37049 1.86926 2.27309 2.05943 2.28045 1.8848 1.93227 1.71863 2.11716 1.77418 1.88634 2.10642 2.12631 1.48522 1.71863 1.84724 1.77418 1.88493 1.86541 1.73727 1.74005 1.67988 1.87373 1.53186 2.19292 2.0736 1.60769 1.7367 1.72866 1.48522 1.9232 1.53186 1.53186 1.57102 1.59004 1.66151 1.60081 1.7408 1.7366 1.68216 2.21675 1.99996 1.15054 1.99996 1.60226 1.57102 1.99858 1.8616 2.23961 1.99858 1.86254 1.82216 2.22478 2.37028 1.70372 1.57102 2.32831 1.9132 2.13379 2.6239 1.82216 1.7389 1.59004 2.12887 1.91523 1.7389 2.16142 2.43914 1.72866 1.57102 1.96197 2.0584 2.15261 1.98954 2.02678 1.74382 1.8616 1.99735 2.1864 2.24615 2.63314 2.20293 1.6955 1.86254 1.66151 1.75295 
1.22334 2.34858 2.06815 1.62686 2.05347 0 1.22334 1.42125 1.70913 1.81684 1.7634 1.70625 1.68412 2.23531 2.58425 2.34557 1.94032 2.28714 2.44539 1.73914 1.68412 1.94773 1.82174 1.68412 2.06322 2.47102 1.96994 1.56982 1.94773 1.22334 1.70625 1.94306 2.04229 1.81684 2.04492 1.85675 2.0506 1.74359 1.94748 1.94032 1.77525 1.96581 1.85636 1.53821 1.22334 1.24485 1.76096 1.70786 1.71774 1.70625 1.85933 1.91767 1.71774 1.89592 2.27684 2.18615 1.42125 2.44245 1.82097 1.70786 2.22768 2.03848 2.37644 2.16013 2.09164 2.24713 2.40166 2.49797 1.88364 1.70786 2.43708 2.09008 2.50631 2.71682 2.1599 1.91591 1.71774 2.27684 2.1599 1.91591 2.28911 2.61601 1.85636 1.70786 2.19107 2.44245 2.4386 2.04767 2.25589 1.97292 2.03848 2.17422 2.4155 2.47526 2.88221 2.37994 1.87238 1.97131 1.80259 1.92983 
5.39979 2.89374 3.3797 9.05594 1.57762 1.22334 0 7.84382 9.52617 3.13379 5.97816 2.63944 2.22355 4.17908 2.01693 1.86972 2.37056 4.27128 2.0337 4.1628 1.93401 4.05031 1.41005 3.59804 1.76848 1.99517 1.11056 7.51762 3.97894 7.95916 1.22244 1.53137 1.53833 1.40515 3.77218 2.43377 2.72692 9.01996 2.6369 2.43338 6.42757 5.34569 5.09871 7.93901 4.95671 8.50848 9.658 8.06436 8.70782 7.66585 8.20587 4.17691 3.05478 8.09049 4.64853 5.33604 8.48804 6.83605 9.18376 9.1512 2.74011 2.46903 1.90059 6.01526 3.7072 1.73381 1.78108 4.47011 3.39023 9.33364 1.86211 1.58612 2.04199 2.21287 3.8042 2.55276 2.13379 9.48755 1.68405 1.41195 1.71946 2.11205 1.3524 5.80001 2.70019 1.96659 3.15582 8.61954 4.28675 11.1045 2.59635 3.73585 1.926 3.17816 2.29539 4.25117 9.76108 5.6379 7.8846 4.22031 
4.41918 2.20105 2.58428 7.08186 1.24438 1.42125 7.84382 0 7.24496 2.10858 4.56253 1.63623 1.01562 3.05316 1.64459 1.31615 2.44298 3.49079 1.49998 2.8223 1.77146 3.06399 0.872782 2.37178 1.08966 1.5947 1.56372 5.58075 3.25053 9.27882 0.66303 0.773775 0.974438 0.611224 3.03494 2.0021 1.56186 7.5165 1.90104 2.19026 5.21098 4.64707 3.83951 13.1745 4.47947 11.4783 10.5175 13.6616 12.7063 11.7836 6.20545 3.98487 3.02343 6.44246 3.69806 4.13748 13.4112 5.25839 7.01831 8.43669 2.27544 1.59009 1.33192 5.24758 2.82134 1.13476 1.3713 3.50471 2.54476 11.1953 1.65427 1.11651 1.35333 1.57726 2.93668 1.65964 1.50509 7.74605 1.13476 0.942349 1.10837 1.38434 0.931974 4.55578 2.11719 1.27793 2.47563 6.85454 3.11748 9.36294 1.7174 2.97281 1.34818 2.49797 1.96991 3.49072 12.5386 4.6056 6.01894 3.21471 
5.73911 2.25486 3.05238 6.85574 1.3988 1.70913 9.52617 7.24496 0 2.9341 4.34002 2.49262 1.88436 3.09164 1.64659 1.56127 2.77921 3.85873 1.61802 3.56062 2.20962 3.40357 1.49843 3.54477 1.37753 1.01543 1.11056 6.44597 3.36597 7.73633 1.15437 1.32683 0.964265 0.91855 2.58962 2.3054 1.7541 7.11238 2.12485 2.73447 4.36035 4.50138 4.25395 6.67066 5.22607 7.93856 7.66916 6.37135 7.50398 6.67614 7.07751 3.97524 3.15655 6.52951 3.47932 4.08626 6.92004 5.71466 7.62483 7.7228 2.32512 1.86678 1.56301 5.20114 3.34543 1.58318 1.27056 3.9428 2.79132 7.66973 1.28823 0.962826 1.80175 1.9469 3.40477 1.91063 1.5255 8.29802 1.40485 1.07108 1.43598 1.71797 1.03512 5.37907 2.16688 1.69351 2.76263 7.68851 3.52347 9.50282 1.94768 2.76041 1.52764 2.59666 1.51676 3.87415 8.3887 5.30243 6.86495 3.44921 
2.97257 2.73688 2.87022 2.53872 1.73727 1.81684 3.13379 2.10858 2.9341 0 2.73921 2.24333 1.88527 3.81221 1.934 1.48984 2.89455 3.89873 1.86775 2.74244 2.25059 3.68348 1.15141 2.53866 1.58255 1.6511 1.74097 2.29766 3.70938 2.43292 0.948631 1.12655 1.00045 0.575668 3.76383 2.54035 2.23916 2.9833 2.15607 2.614 2.849 3.74203 3.46403 1.9929 2.97094 2.50639 2.53956 2.29024 2.74574 2.44052 2.73246 3.46369 3.45111 3.39812 4.48635 4.07989 2.86581 3.76315 2.2616 2.66789 2.33963 1.835 1.40529 3.5302 3.22308 1.47004 1.34589 4.28437 3.26922 2.35737 1.84415 1.33111 1.68861 1.86286 3.48054 2.29825 1.73893 3.69934 1.30537 1.29512 1.28428 1.56025 0.896523 2.84344 2.18138 1.63739 3.08627 3.14189 3.81428 3.47516 1.88215 3.63245 1.37419 3.0338 2.1946 4.18203 2.77967 3.20483 3.15287 4.14723 
6.63129 2.42286 2.97067 4.79022 1.3988 1.7634 5.97816 4.56253 4.34002 2.73921 0 2.48649 2.14206 2.94132 1.79168 1.35482 2.75843 3.68062 1.77499 4.08115 2.44099 3.28242 1.55064 3.94867 1.52904 1.01543 1.55382 4.59807 3.33634 5.12546 1.22073 1.4024 0.733599 0.91855 2.85901 2.21617 2.01991 5.02844 2.4004 2.61959 4.67104 4.97853 4.37726 4.10457 6.1862 4.45186 4.44608 4.23285 4.76759 4.8509 5.38918 4.49667 3.42591 6.18619 4.10722 4.68872 4.44508 6.52775 4.50237 5.08478 2.3504 1.84059 1.56301 6.32908 3.19788 1.35252 1.27056 4.22198 2.91417 4.79459 1.56872 1.01504 1.57108 1.99911 3.32436 2.05228 1.68627 6.33777 1.35252 1.12329 1.43598 1.71797 1.03512 5.98135 2.30852 1.54491 2.90958 5.7163 3.60574 5.54537 1.96573 3.06656 1.52764 2.72174 1.87853 4.05961 5.44993 6.23116 6.06416 3.79219 
1.93135 3.11254 3.16246 2.0344 2.08037 1.70625 2.63944 1.63623 2.49262 2.24333 2.48649 0 1.96372 3.01386 2.13789 1.94033 3.12145 3.01488 2.08877 1.9776 2.4775 2.80256 1.55838 1.9408 2.07087 2.36364 2.23783 1.63237 2.81644 1.88427 1.02672 1.20464 1.71299 1.34977 2.9738 3.01743 2.87793 2.48384 2.925 2.71623 2.229 2.86114 2.43689 1.70528 2.15947 1.95148 2.28314 1.91771 2.41276 1.87513 2.22036 2.68187 2.71676 2.46722 3.00735 3.07665 2.43042 2.92417 2.24413 2.03492 3.10151 2.56988 1.6975 2.83098 2.83614 1.62325 1.94409 3.25928 2.5914 1.77011 2.2808 1.82909 1.84181 1.94285 2.67918 2.90192 2.37247 2.79468 1.59758 1.67974 1.84692 2.12289 1.34947 1.81616 2.94326 1.86179 3.3689 2.26148 2.96774 2.87417 2.57887 2.80139 1.95216 3.36885 2.67309 3.18354 2.50456 2.70351 2.04743 2.83059 
2.17675 2.50427 3.21271 1.8817 1.77418 1.68412 2.22355 1.01562 1.88436 1.88527 2.14206 1.96372 0 2.57007 1.73675 1.56 2.77236 2.79856 1.78298 1.52259 2.1303 2.60598 1.2127 1.49944 1.64388 1.95015 1.75941 1.01365 2.60814 1.56679 0.627474 0.803501 1.2995 0.936283 2.58752 2.49187 2.25731 1.9174 2.53872 2.51964 1.97084 2.25288 1.89425 1.08467 1.71788 1.86616 1.78629 1.43044 1.8892 1.4494 1.77657 2.07361 2.33096 1.85896 2.4397 2.5303 1.83725 2.48037 1.62352 1.83833 2.68399 1.96162 1.29637 2.41346 2.52831 1.22211 1.54295 2.69862 1.98313 1.49087 1.87966 1.42795 1.44067 1.54171 2.23539 2.29366 1.84891 2.22702 1.19644 1.2786 1.43343 1.7094 0.935981 1.53692 2.52574 1.46065 2.80501 1.81216 2.41948 2.29431 1.9706 2.22277 1.55102 2.8012 2.27195 2.76602 1.89629 2.36765 1.60363 2.22232 
4.3082 3.06698 3.54698 3.0872 1.86926 2.23531 4.17908 3.05316 3.09164 3.81221 2.94132 3.01386 2.57007 0 2.09292 1.10498 3.39947 4.7044 2.03073 3.51095 2.96406 3.933 1.97971 3.40033 2.06266 2.02546 2.17426 3.03322 3.43249 3.72726 1.37239 1.63546 1.49642 1.33849 4.2859 3.01794 2.82746 3.34126 3.21286 3.06506 3.25376 4.2629 3.81976 2.99145 4.13217 2.6246 2.88521 2.81644 3.27877 3.24909 3.24505 3.81969 4.41341 3.96172 4.74004 4.1333 3.01612 4.4105 2.93193 2.86795 2.73955 2.32937 1.691 4.15903 4.03212 1.56752 1.60311 5.05216 3.86976 2.9719 2.0684 1.70144 1.87879 2.15077 4.01267 2.55004 2.308 4.06216 1.55481 1.58857 1.54149 1.81746 1.34327 3.30741 2.69964 1.92095 3.342 3.78785 4.11403 3.61883 2.45668 3.8326 1.49652 3.25392 2.39537 4.85083 3.46802 4.06309 3.66081 4.55823 
2.28155 2.0888 2.76091 1.94387 2.37049 2.58425 2.01693 1.64459 1.64659 1.934 1.79168 2.13789 1.73675 2.09292 0 2.46557 2.26877 2.38481 2.81492 1.84736 1.89484 2.26515 2.29439 1.73675 2.28656 2.29585 2.47474 1.67621 2.10747 1.89089 1.73675 1.8475 2.05641 1.934 1.64659 1.87087 2.01549 1.02293 2.20222 2.49752 1.74946 1.97983 1.87043 1.64459 2.00138 1.95074 1.61793 1.61793 1.73181 1.61991 1.94387 1.81239 1.87837 1.02293 2.13447 1.75844 1.62407 2.31383 1.61793 1.94493 2.18832 1.88467 2.34925 2.08115 2.22844 2.20859 2.14671 2.50515 1.88111 1.61991 2.53768 2.05497 2.49356 2.58647 2.11628 1.87491 1.73181 2.09725 2.11628 1.87491 2.137 2.27421 1.87043 1.68036 1.93035 2.44498 2.01948 1.95211 1.99516 1.99845 1.88467 2.03182 2.15477 2.38246 2.88094 2.33894 1.71857 2.08115 1.68036 1.61793 
1.82255 2.27654 2.30326 1.10498 1.86926 2.34557 1.86972 1.31615 1.56127 1.48984 1.35482 1.94033 1.56 1.10498 2.46557 0 2.0372 1.81199 2.14651 1.67061 1.70334 1.45044 1.97971 1.56 2.17844 2.23059 2.28878 1.34777 1.45044 1.70979 1.56 1.67074 1.76478 1.48984 1.86422 1.89628 1.87484 1.44264 2.10545 1.93616 1.45173 1.83568 1.63701 1.31615 1.86381 1.10498 1.28442 1.31615 1.57385 1.39705 1.39705 1.80864 1.70964 1.80633 1.91161 1.95816 1.44264 1.92095 1.35482 1.10498 1.95804 1.61416 1.98474 1.95804 1.8748 1.56752 1.97734 2.33309 1.60856 1.31615 2.4131 1.99799 1.87879 2.44451 1.56752 1.83788 1.57385 1.84946 1.56752 1.83788 1.91573 2.1917 1.63701 1.31615 1.71453 1.92095 2.27678 1.70593 1.77935 1.80864 1.61416 1.97734 1.93896 2.25566 2.74016 2.11294 1.44806 1.95804 1.39705 1.87712 
2.83269 3.29436 4.05748 2.59848 2.27309 1.94032 2.37056 2.44298 2.77921 2.89455 2.75843 3.12145 2.77236 3.39947 2.26877 2.0372 0 3.49946 2.39299 2.56127 2.46821 3.0745 2.01117 2.33047 2.2847 2.5313 1.96486 2.44101 3.08838 2.3302 1.35043 1.56427 1.89895 1.74102 3.47049 2.46531 3.26897 2.68134 3.54564 2.46493 2.70649 3.01682 2.93043 2.21638 2.43777 2.13356 2.63864 2.37129 2.65887 2.26872 2.62751 2.8637 2.56973 2.6229 3.39349 3.29424 2.55415 3.46337 2.6676 2.60627 3.52958 3.05492 1.88347 3.25905 3.2718 1.80921 2.13006 3.53333 2.98586 2.30931 2.47339 2.01505 2.02778 2.12881 3.11717 3.05759 2.60103 3.28068 1.78355 1.81062 2.03288 2.30885 1.53543 2.35536 3.37133 2.04776 3.56895 2.80068 3.32324 3.0844 3.0639 3.01286 2.13812 3.59129 2.84345 3.53134 2.8605 3.13158 2.54699 3.01168 
3.78523 3.34562 2.62038 3.58033 2.05943 2.28714 4.27128 3.49079 3.85873 3.89873 3.68062 3.01488 2.79856 4.7044 2.38481 1.81199 3.49946 0 2.18615 4.23827 2.99863 4.72509 2.01176 3.84555 2.21486 2.20187 2.11863 3.59734 4.84755 3.89087 1.53717 1.80025 1.50048 1.34255 5.03666 3.00637 2.97613 4.09821 3.44001 3.06607 3.23208 4.38007 3.37544 3.2645 4.34697 3.34812 3.23227 2.71002 3.09844 3.67242 3.6004 4.21522 4.25641 4.1349 5.38972 4.93657 3.67099 4.51435 3.09123 3.33301 2.87889 2.28707 1.85609 4.29189 4.1873 1.71858 1.54977 4.87947 3.81645 3.22563 2.23834 1.78192 1.98366 2.19355 4.19494 2.93716 2.00097 4.39792 1.50924 1.80911 1.48816 2.01105 1.16509 3.82079 2.83897 2.00208 3.57324 3.80078 4.48393 3.98452 2.41439 4.21515 1.73731 3.59301 2.39848 4.99658 3.52624 4.41488 4.04517 4.92955 
1.75916 2.26294 2.49833 1.49998 2.28045 2.44539 2.0337 1.49998 1.61802 1.86775 1.77499 2.08877 1.78298 2.03073 2.81492 2.14651 2.39299 2.18615 0 1.89359 1.94107 1.49998 2.14763 1.78298 2.25999 2.50755 2.44617 1.61103 1.61802 1.8641 1.78298 1.89372 1.95664 1.86775 1.95927 2.05352 1.96495 1.95927 2.27337 2.082 1.6468 2.19279 1.90027 1.57941 2.03173 1.49998 1.84812 1.57941 1.76932 1.75356 1.66008 1.83202 1.91588 2.1266 2.26811 2.26294 1.61802 2.314 1.77499 1.57941 2.37301 1.9925 2.248 2.36905 2.16007 1.92402 2.42881 2.54956 1.87182 1.57941 2.54218 2.00443 2.14259 2.66748 1.92402 2.11268 1.76932 2.20596 1.92402 2.11268 2.3407 2.64316 1.90027 1.57941 2.25883 2.314 2.60909 1.99833 2.19314 2.00443 1.9925 2.08857 2.4571 2.43022 2.85236 2.3762 1.89953 2.23696 1.68101 2.1266 
4.31602 2.60581 3.12216 4.03432 1.8848 1.73914 4.1628 2.8223 3.56062 2.74244 4.08115 1.9776 1.52259 3.51095 1.84736 1.67061 2.56127 4.23827 1.89359 0 1.34938 3.39684 1.19121 2.85848 1.78035 2.03327 1.79653 3.02364 3.39091 3.29226 0.306285 0.914113 1.40239 1.10672 3.75055 2.58957 2.42568 3.75452 2.3711 2.45344 3.90557 5.26653 4.9134 2.88877 4.01138 3.69951 3.87406 3.00399 3.73332 2.998 3.48969 4.34986 3.27394 4.44511 3.9101 4.92387 3.54302 5.05366 3.40827 3.76218 2.43083 1.96437 1.33768 4.55365 3.47966 1.11504 1.53617 3.64035 2.99709 3.56221 1.81024 1.46927 1.42631 1.52605 3.12094 2.39136 1.73128 4.55375 1.11504 1.38921 1.53632 1.81229 0.989646 3.87182 2.27259 1.5512 2.51373 3.96655 3.72016 4.2778 1.97335 3.41298 1.59234 2.70513 2.33276 3.80688 3.99592 4.32711 4.18168 3.48268 
2.36721 2.78814 3.62206 2.13493 1.93227 1.68412 1.93401 1.77146 2.20962 2.25059 2.44099 2.4775 2.1303 2.96406 1.89484 1.70334 2.46821 2.99863 1.94107 1.34938 0 2.60083 1.23869 1.46482 1.82782 2.03327 1.71302 1.79895 2.57546 1.61275 0.306285 0.961591 1.40239 1.10672 2.73063 2.74959 2.65663 2.07779 2.73188 2.7492 2.19397 2.46137 2.37498 1.7777 1.54972 2.03726 2.0832 1.68555 2.10343 1.49826 2.20567 2.30825 2.01429 2.06745 2.68966 2.78802 1.94181 2.95715 2.16138 1.97352 2.92718 2.52553 1.33768 2.55522 2.81989 1.11504 1.53617 2.97788 2.47965 1.69788 1.90189 1.46927 1.42631 1.52605 2.41334 2.55137 2.04559 2.53403 1.11504 1.43669 1.53632 1.81229 0.989646 1.66403 2.76893 1.5512 2.86512 2.22769 2.81702 2.51111 2.53451 2.45742 1.59234 2.88746 2.33276 2.91991 2.35428 2.51585 1.93586 2.45623 
4.08946 2.95115 3.66069 2.91793 1.71863 1.94773 4.05031 3.06399 3.40357 3.68348 3.28242 2.80256 2.60598 3.933 2.26515 1.45044 3.0745 4.72509 1.49998 3.39684 2.60083 0 1.91547 3.43461 2.02782 1.87869 1.73816 3.21817 3.94156 3.58848 1.46297 1.66155 1.59468 1.63601 4.54978 2.83198 2.77409 3.73809 2.99049 2.98468 3.2678 4.31684 4.08102 3.11333 4.19645 3.13286 3.56626 3.08091 3.3673 3.14974 3.25143 3.82646 4.39903 3.96849 4.96174 4.54357 3.34931 4.53564 3.3768 3.38215 3.18841 2.55763 1.93841 4.50909 4.43932 1.3518 1.92793 5.10598 4.08677 3.24615 1.94015 1.59324 1.66307 2.2563 4.0802 2.8448 2.29623 4.36817 1.3518 1.63317 1.89898 2.33357 1.49675 3.31418 3.07543 2.05077 3.22565 3.7454 4.82694 3.88162 2.68494 4.16569 2.02745 3.03781 2.28718 5.07307 3.75427 4.25021 3.66758 4.89132 
1.22878 1.97625 1.96794 1.35837 2.11716 1.82174 1.41005 0.872782 1.49843 1.15141 1.55064 1.55838 1.2127 1.97971 2.29439 1.97971 2.01117 2.01176 2.14763 1.19121 1.23869 1.91547 0 1.2127 1.96244 2.22804 1.95874 0.904399 1.899 0.872782 1.2504 1.36114 1.60638 1.15141 1.67976 1.54675 1.4807 1.36843 1.28205 1.95669 1.43778 1.70493 1.43778 0.872782 1.04041 1.45411 1.42255 1.22067 1.29916 1.22067 1.35837 1.60767 1.44572 1.60607 1.73553 1.87615 1.36843 1.94149 1.24488 1.37146 1.73906 1.39911 1.88956 1.64658 1.61598 1.62232 2.00324 2.03588 1.62401 1.22098 2.06192 1.78007 1.84088 2.1349 1.62232 1.60591 1.29916 1.73553 1.62232 1.60591 1.74031 2.01628 1.43778 1.22067 1.64658 1.94149 2.14499 1.46575 1.69677 1.78007 1.39911 1.68747 1.98013 2.07958 2.64356 1.81265 1.37187 1.51449 1.22067 1.61211 
3.82567 2.30852 3.01563 3.75278 1.77418 1.68412 3.59804 2.37178 3.54477 2.53866 3.94867 1.9408 1.49944 3.40033 1.73675 1.56 2.33047 3.84555 1.78298 2.85848 1.46482 3.43461 1.2127 0 1.66973 1.87518 1.71302 2.85806 3.36697 2.42568 0.306285 0.803501 1.2443 0.936283 3.57455 2.33167 2.16778 3.53315 2.33431 2.29625 3.70591 5.11955 4.45781 2.32261 3.2378 3.49337 3.50472 2.42041 3.12438 2.3916 3.15245 4.07396 2.95321 3.95436 3.56831 4.55843 3.39208 4.41592 3.04281 3.35518 2.3752 1.71663 1.17959 3.98105 3.29791 1.10533 1.42618 3.16834 2.65531 2.97587 1.8504 1.31118 1.3239 1.42493 2.74181 2.13346 1.49988 4.00825 1.07967 1.2786 1.37823 1.6542 0.831556 3.37521 2.21695 1.39311 2.30731 3.37319 3.37837 4.09433 1.72562 3.06735 1.43425 2.53666 2.17467 3.68574 3.41016 3.89208 3.51732 3.14089 
1.96612 2.01699 2.49968 1.45973 1.88634 2.06322 1.76848 1.08966 1.37753 1.58255 1.52904 2.07087 1.64388 2.06266 2.28656 2.17844 2.2847 2.21486 2.25999 1.78035 1.82782 2.02782 1.96244 1.66973 0 2.23667 2.20022 1.33049 2.02782 1.69252 1.66973 1.78048 1.71069 1.58255 1.71332 1.52516 1.719 1.48937 2.0382 2.28895 1.45297 1.68334 1.57394 1.33049 1.76848 1.78637 1.48937 1.43532 1.43532 1.64001 1.88469 1.58607 1.58188 1.59823 2.15487 1.85455 1.08966 2.27374 1.48937 1.76017 2.05502 1.70688 2.25824 1.96255 1.93195 2.13058 2.07006 2.21556 1.76017 1.58965 2.29623 1.75848 2.34914 2.55424 1.91809 1.58431 1.43532 2.06699 1.91809 1.58431 2.0067 2.28441 1.57394 1.58431 1.90009 2.27374 2.13111 1.88509 1.9649 1.75848 1.70688 1.84262 2.09835 2.18427 2.60641 2.04834 1.54078 1.83046 1.64001 1.59823 
2.16832 2.05533 2.5898 1.6798 2.10642 2.47102 1.99517 1.5947 1.01543 1.6511 1.01543 2.36364 1.95015 2.02546 2.29585 2.23059 2.5313 2.20187 2.50755 2.03327 2.03327 1.87869 2.22804 1.87518 2.23667 0 2.10107 1.58954 1.87869 1.73529 1.87518 2.11003 1.69682 1.6511 1.01543 1.82098 1.70812 1.27292 1.73529 2.41162 1.46594 1.92994 1.70812 1.57845 1.90292 1.78148 1.30845 1.46594 1.68192 1.73933 2.0435 1.57519 1.82848 1.6769 2.20982 1.98245 1.27292 2.36129 1.30845 1.78938 2.10223 1.73268 2.29557 2.10223 2.17855 2.31574 2.00312 2.46216 1.9761 1.66832 2.27873 1.74759 2.5343 2.65357 2.16469 1.83091 1.68192 2.14566 2.16469 1.83091 2.08711 2.36308 1.76767 1.66832 1.97876 2.4054 2.20978 2.03364 2.04357 1.73202 1.73268 1.83174 2.06733 2.17338 2.50726 2.29494 1.66868 2.10223 1.73933 1.6769 
1.96994 2.10751 2.53629 1.66554 2.12631 1.96994 1.11056 1.56372 1.11056 1.74097 1.55382 2.23783 1.75941 2.17426 2.47474 2.28878 1.96486 2.11863 2.44617 1.79653 1.71302 1.73816 1.95874 1.71302 2.20022 2.10107 0 1.56372 1.73816 1.57075 1.71302 2.08006 1.8046 1.80841 1.45181 1.88929 1.81292 1.45181 1.77701 2.20421 1.57075 1.94304 1.81292 1.57075 1.57075 1.55382 1.5969 1.57075 1.69502 1.71302 2.02741 1.11056 1.69502 1.8773 2.15492 2.10751 1.11056 2.42913 1.5969 1.71383 2.22276 1.84047 2.38786 2.06687 2.16448 2.27106 2.1024 2.48129 2.00566 1.71928 2.06687 1.80288 2.48962 2.70014 2.18382 1.89922 1.70105 2.21617 2.18382 1.89922 2.21495 2.59932 1.82055 1.71928 2.21071 2.50309 2.41998 1.98784 2.27552 1.52016 1.84047 1.7704 2.35578 2.21617 2.29539 2.36325 1.86391 1.94503 1.7859 1.91314 
5.19263 2.13737 2.58231 7.97768 1.48522 1.56982 7.51762 5.58075 6.44597 2.29766 4.59807 1.63237 1.01365 3.03322 1.67621 1.34777 2.44101 3.59734 1.61103 3.02364 1.79895 3.21817 0.904399 2.85806 1.33049 1.58954 1.56372 0 3.26792 5.43835 0.627474 0.803501 0.974438 0.575668 2.99686 2.16052 1.56535 7.49036 1.86229 2.18829 5.58197 4.5576 4.25414 5.0926 4.77916 6.24342 6.99999 5.83286 6.47772 5.46078 7.21202 3.95463 3.17121 6.88136 3.52574 4.27347 6.4827 5.61504 5.54561 6.90065 2.20197 1.4796 1.29637 5.23126 3.21195 1.16638 1.34589 3.39172 2.70465 6.60934 1.62417 1.08642 1.38494 1.54171 2.96592 1.86914 1.4781 8.68905 1.16638 0.973965 1.10837 1.38434 0.896523 5.2526 2.04372 1.30954 2.47366 7.56652 3.21587 8.01668 1.48858 2.71863 1.34818 2.43429 1.94991 3.66686 6.89355 5.16949 7.00965 3.25458 
4.14699 2.96502 3.7468 3.13456 1.71863 1.94773 3.97894 3.25053 3.36597 3.70938 3.33634 2.81644 2.60814 3.43249 2.10747 1.45044 3.08838 4.84755 1.61802 3.39091 2.57546 3.94156 1.899 3.36697 2.02782 1.87869 1.73816 3.26792 0 3.58255 1.44087 1.62191 1.59468 1.63601 4.31856 2.92097 2.8602 3.51751 3.02755 2.99855 3.37497 4.30479 4.21013 3.35075 4.08887 3.06353 3.02866 3.15193 3.42232 2.93702 3.33625 3.7089 4.55301 3.85093 4.67818 4.47524 3.32353 4.53955 3.25694 2.83062 3.03821 2.64662 1.98018 4.20144 4.17527 1.6562 1.84792 4.94635 3.98341 2.96734 1.94015 1.59324 1.87477 2.24198 3.97574 2.83475 2.48394 4.06245 1.6562 1.63317 2.01334 2.29534 1.61333 3.33624 2.99829 2.09541 3.31176 3.67706 4.5047 3.82113 2.77393 3.80291 2.02745 3.05168 2.28718 4.88687 3.67157 4.08438 3.50795 4.58556 
4.8598 2.57418 2.75967 7.48205 1.84724 1.22334 7.95916 9.27882 7.73633 2.43292 5.12546 1.88427 1.56679 3.72726 1.89089 1.70979 2.3302 3.89087 1.8641 3.29226 1.61275 3.58848 0.872782 2.42568 1.69252 1.73529 1.57075 5.43835 3.58255 0 0.762225 1.07761 1.23164 0.832328 3.28946 2.53562 2.29808 7.11221 2.04013 2.49409 5.9714 5.19985 4.33835 9.35429 4.3924 11.1363 10.71 10.2894 11.0697 10.4086 6.5568 4.16076 2.60409 6.69956 3.959 4.69353 10.2589 5.74298 7.21908 9.07951 2.22907 1.90054 1.39681 5.35918 3.17015 1.12957 1.57708 3.56864 2.97481 11.9385 1.63052 1.51016 1.34813 1.64215 2.83863 2.20628 1.54944 8.37287 1.12957 1.33599 1.34678 1.62275 0.945033 4.82809 2.07082 1.5611 2.71517 6.98473 3.61117 9.63725 1.90952 3.32446 1.58659 2.8711 2.3424 3.54012 12.7304 5.07375 6.59999 3.49664 
1.23755 1.31551 1.81461 0.993716 1.77418 1.70625 1.22244 0.66303 1.15437 0.948631 1.22073 1.02672 0.627474 1.37239 1.73675 1.56 1.35043 1.53717 1.78298 0.306285 0.306285 1.46297 1.2504 0.306285 1.66973 1.87518 1.71302 0.627474 1.44087 0.762225 0 0.803501 1.2443 0.948631 1.44245 1.337 1.22172 1.04843 1.30897 1.35043 0.831556 1.25826 0.831556 0.627474 0.762225 1.02889 0.899385 0.510702 0.904188 0.306285 0.908678 1.15437 0.904188 0.90214 1.02556 1.31551 1.02777 1.39311 0.8828 0.921744 1.46618 1.03703 1.17959 1.30009 1.35235 1.10533 1.42618 1.34362 0.921744 0.511006 1.8504 1.31118 1.3239 1.42493 1.07967 1.2786 0.831556 1.02556 1.07967 1.2786 1.37823 1.6542 0.831556 0.510702 1.20982 1.39311 1.30284 0.805008 1.17396 1.31118 1.03306 0.995208 1.43425 1.36961 2.17467 1.30779 1.00002 1.30009 0.510702 0.90214 
1.3483 1.52935 1.92535 1.10446 1.88493 1.94306 1.53137 0.773775 1.32683 1.12655 1.4024 1.20464 0.803501 1.63546 1.8475 1.67074 1.56427 1.80025 1.89372 0.914113 0.961591 1.66155 1.36114 0.803501 1.78048 2.11003 2.08006 0.803501 1.62191 1.07761 0.803501 0 1.45815 1.12655 1.6149 1.44774 1.33246 1.15917 1.48688 1.56427 1.09463 1.50578 1.09463 0.773775 1.18811 1.14515 1.16246 0.773775 1.16726 0.773775 1.10446 1.32683 1.16726 1.15917 1.28864 1.52935 1.13851 1.60695 1.09665 1.06249 1.686 1.25088 1.44267 1.51394 1.61543 1.36841 1.68925 1.60669 1.18482 0.77408 2.05212 1.57425 1.58697 1.68801 1.34274 1.38935 1.09463 1.28864 1.34274 1.38935 1.59208 1.86805 1.09463 0.773775 1.47289 1.60695 1.69809 1.01885 1.38781 1.51289 1.2469 1.25828 1.69732 1.63268 2.42218 1.57087 1.21387 1.51394 0.773775 1.16521 
1.51644 1.50442 1.87658 1.12176 1.86541 2.04229 1.53833 0.974438 0.964265 1.00045 0.733599 1.71299 1.2995 1.49642 2.05641 1.76478 1.89895 1.50048 1.95664 1.40239 1.40239 1.59468 1.60638 1.2443 1.71069 1.69682 1.8046 0.974438 1.59468 1.23164 1.2443 1.45815 0 1.00045 1.40998 1.295 1.20644 1.25922 1.55056 1.63005 0.964265 1.45319 1.05445 0.733599 1.28126 1.12747 0.974549 0.733599 1.12709 1.23754 1.33751 1.07351 1.12709 1.36808 1.70814 1.50442 1.06872 1.72656 0.733599 1.12747 1.60716 0.951108 1.56322 1.60716 1.62542 1.58339 1.50383 1.76076 1.26623 1.02342 1.78366 1.24591 1.80195 2.02269 1.4633 1.35416 1.05445 1.50076 1.4633 1.35416 1.44221 1.71818 1.05445 1.02342 1.33385 1.72656 1.90096 1.35353 1.39867 1.24591 0.951108 1.33006 1.53212 1.6717 2.1094 1.81819 0.974549 1.60031 1.23754 1.36808 
1.22388 1.58962 1.71865 1.03329 1.73727 1.81684 1.40515 0.611224 0.91855 0.575668 0.91855 1.34977 0.936283 1.33849 1.934 1.48984 1.74102 1.34255 1.86775 1.10672 1.10672 1.63601 1.15141 0.936283 1.58255 1.6511 1.80841 0.575668 1.63601 0.832328 0.948631 1.12655 1.00045 0 1.32151 1.28519 1.16991 0.940588 1.20998 1.62534 0.896523 1.39415 0.896523 0.575668 0.999956 1.07889 0.816618 0.575668 0.969155 0.948631 1.22703 1.15871 0.969155 1.24568 1.46349 1.502 0.940588 1.63739 0.575668 1.06068 1.44923 0.793177 1.40529 1.44923 1.46749 1.47004 1.34589 1.60283 1.1083 0.865489 1.86886 1.33111 1.68861 1.86286 1.30537 1.25915 0.896523 1.34283 1.30537 1.29512 1.28428 1.56025 0.896523 0.865489 1.17592 1.63739 1.77855 1.1956 1.24074 1.33111 0.793177 1.34113 1.37419 1.75691 2.1946 1.66227 0.816618 1.44923 0.948631 1.24568 
4.21337 2.83659 3.66154 3.57238 1.74005 2.04492 3.77218 3.03494 2.58962 3.76383 2.85901 2.9738 2.58752 4.2859 1.64659 1.86422 3.47049 5.03666 1.95927 3.75055 2.73063 4.54978 1.67976 3.57455 1.71332 1.01543 1.45181 2.99686 4.31856 3.28946 1.44245 1.6149 1.40998 1.32151 0 3.04985 2.5669 2.77756 2.26749 3.42575 3.318 4.50159 4.12062 2.97468 3.82044 3.65598 3.18839 2.98502 3.46652 3.33133 3.86385 3.83426 4.27601 3.99919 4.95807 4.19989 3.10097 4.7206 2.94802 3.7614 2.96052 2.61124 1.91832 4.2551 4.38253 1.91538 1.49709 5.20303 3.91644 3.44639 1.62948 1.4311 2.13394 2.23498 4.52991 2.58959 2.26697 4.41068 1.7461 1.41233 1.6625 1.9445 1.38283 3.60525 2.80227 1.98681 3.33556 4.01595 4.69868 3.77926 2.68404 3.99783 1.70096 3.24307 1.85801 4.92787 3.52551 3.99813 4.03265 4.61805 
2.66188 3.01387 3.75397 2.14021 1.67988 1.85675 2.43377 2.0021 2.3054 2.54035 2.21617 3.01743 2.49187 3.01794 1.87087 1.89628 2.46531 3.00637 2.05352 2.58957 2.74959 2.83198 1.54675 2.33167 1.52516 1.82098 1.88929 2.16052 2.92097 2.53562 1.337 1.44774 1.295 1.28519 3.04985 0 2.90704 2.40084 3.24623 2.56644 2.16422 2.56646 2.59871 1.97692 2.71915 2.13403 2.18694 2.08875 2.25769 2.15724 2.60278 2.5832 2.72415 2.3424 3.113 2.97873 2.13211 3.1716 2.29806 2.27391 3.07922 2.60456 1.83193 2.97855 2.72954 1.71489 1.65437 3.30202 2.58468 2.16256 1.88054 1.34279 1.93346 2.12881 2.83141 2.72587 2.31848 3.00019 1.5024 1.16863 1.59101 1.86873 1.15825 2.20358 3.0199 1.85806 3.28845 2.64058 2.99121 2.63404 2.73187 2.73237 1.68267 3.31079 2.20628 3.19931 2.4965 2.71724 2.44092 2.73119 
2.69304 2.74462 3.24427 2.19792 1.87373 2.0506 2.72692 1.56186 1.7541 2.23916 2.01991 2.87793 2.25731 2.82746 2.01549 1.87484 3.26897 2.97613 1.96495 2.42568 2.65663 2.77409 1.4807 2.16778 1.719 1.70812 1.81292 1.56535 2.8602 2.29808 1.22172 1.33246 1.20644 1.16991 2.5669 2.90704 0 2.18425 2.5485 3.22423 1.52783 2.48482 1.74454 1.63637 2.49079 2.20981 2.10832 1.58961 1.99777 2.10603 2.52063 2.22499 2.43888 2.35557 2.87347 2.68627 1.82237 2.87914 1.78268 2.17059 3.04813 2.28866 1.64676 2.84939 2.83994 1.69345 1.69525 3.17676 2.36181 2.16714 1.79198 1.205 1.91201 2.10623 2.76133 2.48374 1.81887 2.83536 1.49629 1.31325 1.5849 1.91141 0.948827 2.23124 2.88988 1.6897 3.33135 2.42672 2.78859 2.31235 2.33971 2.31868 1.80024 3.07127 2.01794 3.23861 2.11458 2.69912 2.37087 2.65046 
6.17423 2.15325 3.21047 8.28873 1.53186 1.74359 9.01996 7.5165 7.11238 2.9833 5.02844 2.48384 1.9174 3.34126 1.02293 1.44264 2.68134 4.09821 1.95927 3.75452 2.07779 3.73809 1.36843 3.53315 1.48937 1.27292 1.45181 7.49036 3.51751 7.11221 1.04843 1.15917 1.25922 0.940588 2.77756 2.40084 2.18425 0 2.08887 2.72608 6.24668 4.94687 4.70535 6.00223 5.10638 7.9039 7.61113 6.32897 7.04855 6.64057 8.32853 4.2402 3.39808 6.26667 3.72842 3.90779 7.09409 5.80481 6.51695 7.93181 2.17625 1.93222 1.61627 5.60294 3.49496 1.52026 1.26838 4.07712 2.69632 7.59091 1.62192 1.25778 1.80523 1.89814 3.43617 1.85417 1.68359 9.0552 1.35664 1.08362 1.20676 1.58588 1.07324 5.45917 2.01801 1.63554 2.58334 8.64962 3.4269 8.71667 2.01844 2.84058 1.45592 2.62634 1.85801 3.91562 7.75796 5.5797 7.04323 3.42284 
2.67712 3.04621 3.70557 2.51552 2.19292 1.94748 2.6369 1.90104 2.12485 2.15607 2.4004 2.925 2.53872 3.21286 2.20222 2.10545 3.54564 3.44001 2.27337 2.3711 2.73188 2.99049 1.28205 2.33431 2.0382 1.73529 1.77701 1.86229 3.02755 2.04013 1.30897 1.48688 1.55056 1.20998 2.26749 3.24623 2.5485 2.08887 0 3.52582 2.42139 3.01845 2.57854 1.89056 2.41439 2.62315 2.29325 2.21384 2.38484 2.29791 2.6675 2.61555 2.84999 2.4643 3.14534 3.10646 2.19777 3.36652 2.15875 2.58393 3.03532 2.70851 1.97975 2.99705 2.97703 1.71251 1.99948 3.57414 2.90645 2.336 1.88019 1.59835 1.93107 2.22509 2.98271 2.8366 2.50294 3.12209 1.71251 1.68167 1.8305 2.10647 1.52797 2.38205 2.87707 2.03725 3.41035 2.72831 3.02672 2.76479 2.71749 2.74701 2.02778 3.34314 2.46184 3.33556 2.34322 2.69458 2.49456 2.83538 
2.65881 3.24962 3.77228 2.25927 2.0736 1.94032 2.43338 2.19026 2.73447 2.614 2.61959 2.71623 2.51964 3.06506 2.49752 1.93616 2.46493 3.06607 2.082 2.45344 2.7492 2.98468 1.95669 2.29625 2.28895 2.41162 2.20421 2.18829 2.99855 2.49409 1.35043 1.56427 1.63005 1.62534 3.42575 2.56644 3.22423 2.72608 3.52582 0 2.2802 3.06107 2.8655 2.05592 2.69519 2.11395 2.33434 1.96891 2.46395 1.92822 2.27156 2.81895 2.73262 2.6902 3.05855 3.12785 2.62672 2.97537 2.3633 2.17288 3.22777 2.62287 1.83193 3.0025 2.88734 1.75477 2.01274 3.31048 2.64438 1.82131 2.38294 1.84519 1.97333 2.12881 2.73038 3.15872 2.42367 2.84587 1.73201 1.93242 1.95112 2.22709 1.4842 1.86736 3.11479 1.89793 3.4201 2.31268 3.01894 3.01288 2.72612 2.85259 2.04103 3.43101 2.70868 3.35506 2.5562 2.87504 2.09862 2.90527 
5.57328 2.24893 2.54012 5.79241 1.60769 1.77525 6.42757 5.21098 4.36035 2.849 4.67104 2.229 1.97084 3.25376 1.74946 1.45173 2.70649 3.23208 1.6468 3.90557 2.19397 3.2678 1.43778 3.70591 1.45297 1.46594 1.57075 5.58197 3.37497 5.9714 0.831556 1.09463 0.964265 0.896523 3.318 2.16422 1.52783 6.24668 2.42139 2.2802 0 4.33596 4.18102 5.20238 5.60518 5.45058 5.09239 4.28517 5.07232 5.14584 6.05366 3.65184 3.02078 7.20486 3.82861 4.27856 4.6396 5.70884 5.23446 5.20473 2.39716 1.66128 1.15048 5.25663 3.06169 1.10251 1.16844 3.60909 2.73761 4.90277 1.54981 0.962826 1.34274 1.55263 2.7809 1.89196 1.11839 7.04698 0.86832 1.04721 1.00615 1.39214 0.320855 5.18365 2.23891 1.11095 2.68274 6.24174 3.35471 5.9616 1.74963 2.83652 1.35598 2.55519 1.82632 3.61323 5.79851 5.50185 6.98756 3.54763 
6.12092 2.77488 3.4961 4.7622 1.7367 1.96581 5.34569 4.64707 4.50138 3.74203 4.97853 2.86114 2.25288 4.2629 1.97983 1.83568 3.01682 4.38007 2.19279 5.26653 2.46137 4.31684 1.70493 5.11955 1.68334 1.92994 1.94304 4.5576 4.30479 5.19985 1.25826 1.50578 1.45319 1.39415 4.50159 2.56646 2.48482 4.94687 3.01845 3.06107 4.33596 0 6.08941 4.58201 5.60211 4.95232 4.48226 3.92414 3.79172 4.42912 5.12054 5.20974 3.39393 5.41416 4.28191 5.96581 4.1693 6.25644 4.43079 4.01587 2.59184 2.20268 1.57688 5.06565 3.84759 1.48588 1.5164 4.41574 3.21607 4.3618 1.90817 1.45175 1.79716 1.91464 3.48749 2.18707 1.78016 4.94704 1.23003 1.27758 1.45479 1.91488 1.04691 4.17672 2.55192 1.9687 2.92769 4.84506 4.20481 4.16807 2.32999 3.56295 1.70394 3.02227 1.51676 3.29346 4.45024 4.99301 5.26707 4.11432 
4.67237 2.40608 2.49509 4.22563 1.72866 1.85636 5.09871 3.83951 4.25395 3.46403 4.37726 2.43689 1.89425 3.81976 1.87043 1.63701 2.93043 3.37544 1.90027 4.9134 2.37498 4.08102 1.43778 4.45781 1.57394 1.70812 1.81292 4.25414 4.21013 4.33835 0.831556 1.09463 1.05445 0.896523 4.12062 2.59871 1.74454 4.70535 2.57854 2.8655 4.18102 6.08941 0 3.7051 5.17551 4.0995 4.44038 3.4665 4.08033 4.23113 4.53826 5.31443 3.76398 4.88445 4.12051 5.15582 4.31518 4.90933 3.93497 4.4733 2.64869 1.81843 1.15048 5.55625 3.89878 1.10251 1.16844 4.20154 3.43201 4.26044 1.72917 1.14219 1.34274 1.55263 3.76825 2.07298 1.29941 5.60484 0.86832 1.16818 1.00615 1.39214 0.320855 4.96925 2.49044 1.11095 3.0497 4.9136 3.29606 5.01177 2.00117 3.436 1.35598 2.78962 1.92153 4.451 4.28293 5.29342 4.73765 4.17097 
4.83907 2.03662 2.44976 6.1279 1.48522 1.53821 7.93901 13.1745 6.67066 1.9929 4.10457 1.70528 1.08467 2.99145 1.64459 1.31615 2.21638 3.2645 1.57941 2.88877 1.7777 3.11333 0.872782 2.32261 1.33049 1.57845 1.57075 5.0926 3.35075 9.35429 0.627474 0.773775 0.733599 0.575668 2.97468 1.97692 1.63637 6.00223 1.89056 2.05592 5.20238 4.58201 3.7051 0 3.62934 9.5091 9.20685 13.1876 10.7939 10.5398 5.77837 3.80159 2.55259 5.85448 3.2055 3.78532 13.0853 4.21214 5.25529 7.6042 1.84834 1.13783 1.20172 4.49158 2.49884 0.943603 1.13046 3.09269 2.39679 9.64849 1.5064 1.08642 1.16217 1.54171 2.63154 1.52341 1.13634 7.4033 0.943603 0.942349 0.867532 1.1435 0.692953 4.25463 1.69009 1.07428 2.54469 6.02237 2.55923 8.23302 1.14682 2.46764 1.10734 2.56703 1.94991 3.26567 10.7705 3.80875 5.3268 2.73964 
5.86186 2.7313 3.14653 5.71986 1.9232 1.22334 4.95671 4.47947 5.22607 2.97094 6.1862 2.15947 1.71788 4.13217 2.00138 1.86381 2.43777 4.34697 2.03173 4.01138 1.54972 4.19645 1.04041 3.2378 1.76848 1.90292 1.57075 4.77916 4.08887 4.3924 0.762225 1.18811 1.28126 0.999956 3.82044 2.71915 2.49079 5.10638 2.41439 2.69519 5.60518 5.60211 5.17551 3.62934 0 4.68041 4.56994 4.21742 4.35733 4.21348 5.06709 4.43052 2.70576 6.16999 4.05746 5.22923 4.485 6.38863 4.66779 4.92333 2.25876 2.05773 1.50731 5.72417 3.15778 1.2972 1.6097 3.94465 3.3114 4.37562 1.63052 1.58612 1.51576 1.75265 3.34284 2.27932 1.81229 5.91644 1.2972 1.41195 1.34678 1.62275 1.11266 5.20845 2.10052 1.62194 2.89341 4.9492 3.76543 5.48432 2.06672 3.56893 1.58659 3.05463 2.44961 3.79778 4.48701 5.04173 5.67853 3.65424 
5.14872 2.59614 2.4575 7.23389 1.53186 1.24485 8.50848 11.4783 7.93856 2.50639 4.45186 1.95148 1.86616 2.6246 1.95074 1.10498 2.13356 3.34812 1.49998 3.69951 2.03726 3.13286 1.45411 3.49337 1.78637 1.78148 1.55382 6.24342 3.06353 11.1363 1.02889 1.14515 1.12747 1.07889 3.65598 2.13403 2.20981 7.9039 2.62315 2.11395 5.45058 4.95232 4.0995 9.5091 4.68041 0 10.7777 10.6453 11.3293 11.2454 6.82788 4.01748 2.87702 7.467 4.09757 4.55847 10.6867 5.83105 6.52346 9.3851 1.98976 1.76438 1.34751 5.28723 2.86419 1.04192 1.46093 3.99963 2.97419 12.207 1.64029 1.36076 1.3532 1.80728 2.94043 2.14398 1.63202 8.70429 1.04192 1.31229 1.39931 1.67528 0.980655 4.95197 1.94984 1.39535 2.83941 7.74554 3.14247 9.72825 1.89169 3.09105 1.35435 2.82194 2.10284 3.67756 12.8827 5.05401 6.93555 3.68013 
5.68991 2.39492 2.81626 6.46645 1.53186 1.76096 9.658 10.5175 7.66916 2.53956 4.44608 2.28314 1.78629 2.88521 1.61793 1.28442 2.63864 3.23227 1.84812 3.87406 2.0832 3.56626 1.42255 3.50472 1.48937 1.30845 1.5969 6.99999 3.02866 10.71 0.899385 1.16246 0.974549 0.816618 3.18839 2.18694 2.10832 7.61113 2.29325 2.33434 5.09239 4.48226 4.44038 9.20685 4.56994 10.7777 0 8.3005 9.0926 10.1376 7.18431 3.99697 2.71319 6.55665 3.57662 4.35724 9.20865 5.18071 7.63107 7.93475 1.81768 1.4547 1.218 4.51135 2.52484 1.28563 0.993547 3.55069 2.21057 9.03819 1.56872 1.2286 1.57673 1.67777 2.83541 1.5654 1.21437 7.80234 1.0818 1.08361 0.968205 1.24418 0.798408 4.57115 1.55504 1.51235 2.38159 6.75587 2.53587 8.29263 1.46369 2.48233 0.758883 2.59617 2.00309 3.27752 10.2088 4.60481 6.27201 2.84709 
4.97989 1.93764 2.36187 6.54592 1.57102 1.70786 8.06436 13.6616 6.37135 2.29024 4.23285 1.91771 1.43044 2.81644 1.61793 1.31615 2.37129 2.71002 1.57941 3.00399 1.68555 3.08091 1.22067 2.42041 1.43532 1.46594 1.57075 5.83286 3.15193 10.2894 0.510702 0.773775 0.733599 0.575668 2.98502 2.08875 1.58961 6.32897 2.21384 1.96891 4.28517 3.92414 3.4665 13.1876 4.21742 10.6453 8.3005 0 9.74925 10.7805 5.64716 3.31284 2.34189 5.2889 3.22351 3.64267 13.3133 4.6949 6.18658 6.56978 1.77231 1.04994 0.829622 4.05061 2.46973 0.943603 1.02982 2.57711 1.88143 7.36017 1.5064 0.961206 1.16217 1.28909 2.18104 1.63524 0.623225 6.54894 0.729698 0.942349 0.867532 1.1435 0.320855 4.02961 1.61406 1.11095 2.20012 4.82054 2.52062 7.24793 1.05893 2.24923 1.08428 2.27777 1.78291 2.94437 8.43485 4.09581 5.01966 2.69956 
5.52893 2.44856 2.67053 6.99529 1.59004 1.71774 8.70782 12.7063 7.50398 2.74574 4.76759 2.41276 1.8892 3.27877 1.73181 1.57385 2.65887 3.09844 1.76932 3.73332 2.10343 3.3673 1.29916 3.12438 1.43532 1.68192 1.69502 6.47772 3.42232 11.0697 0.904188 1.16726 1.12709 0.969155 3.46652 2.25769 1.99777 7.04855 2.38484 2.46395 5.07232 3.79172 4.08033 10.7939 4.35733 11.3293 9.0926 9.74925 0 11.9686 5.92834 3.75663 2.56222 6.04666 3.64496 4.55391 11.4914 5.33429 6.36887 7.69944 1.97587 1.32844 1.22311 4.55123 2.65017 0.80527 0.993547 2.91387 2.3676 10.2009 1.45999 1.00357 1.20412 1.41401 2.161 1.62179 1.05888 6.90834 0.729698 1.02956 0.730622 1.25352 0.532108 4.12065 1.81763 1.4539 2.61893 5.71833 3.13739 7.6453 1.59243 2.49726 1.21736 2.51335 1.62013 3.00801 10.5769 4.44407 5.7635 2.92937 
4.88443 2.1017 2.94806 7.09514 1.66151 1.70625 7.66585 11.7836 6.67614 2.44052 4.8509 1.87513 1.4494 3.24909 1.61991 1.39705 2.26872 3.67242 1.75356 2.998 1.49826 3.14974 1.22067 2.3916 1.64001 1.73933 1.71302 5.46078 2.93702 10.4086 0.306285 0.773775 1.23754 0.948631 3.33133 2.15724 2.10603 6.64057 2.29791 1.92822 5.14584 4.42912 4.23113 10.5398 4.21348 11.2454 10.1376 10.7805 11.9686 0 6.45226 3.615 2.87706 5.88117 3.02779 3.60799 11.7578 5.24939 7.04517 8.47104 2.00716 1.58734 1.04375 4.65777 2.93643 0.808756 1.22988 2.75763 2.29383 11.0605 1.59561 1.17533 1.12003 1.21976 2.27331 1.95933 1.33891 6.69417 0.808756 1.16592 1.28261 1.55858 0.831556 4.15543 1.84891 1.25756 1.77855 5.86598 3.18494 8.28517 1.59632 2.57883 1.2984 2.13843 2.03882 3.1338 11.6169 4.43252 5.00575 2.68378 
