0 2778 1482 2830 2208 600 3022 1675 3055 2580 3565 472 1398 3732 2088 1510 2157 3436 1440 2775 1947 1924 846 3239 2940 1900 1856 3316 3270 1575 1671 1202 1206 1576 3176 1524 2660 3205 1028 2020 2360 4235 2785 2195 1585 3445 3430 2315 2930 2943 3295 3175 3213 3959 2860 3820 2790 4690 2960 3010 4050 2684 2148 4320 2172 2936 3160 3890 3715 2715 2064 1731 1590 1648 3239 2097 2770 3740 2373 1582 1644 2754 3055 2485 3685 1210 3960 3165 3344 3860 2256 2684 2319 2694 2422 3810 3190 2661 3001 2128 
2778 0 2883 1752 1626 2452 2997 1773 1251 2079 1674 1594 1268 2580 2078 1546 2211 2631 1952 1686 1716 1587 1358 1656 1623 1590 1512 2259 1404 2031 1440 1336 1302 1612 1800 1668 2139 1908 1752 1569 1560 2706 1815 1461 2037 2121 2202 1533 1881 1434 2067 1323 1668 1770 1017 486 2157 1176 1920 1932 2574 2157 2292 2607 2316 2292 2514 2478 2262 1755 1956 1875 1686 1494 2505 2241 1806 1845 2499 1678 1740 2898 1977 1635 1779 1306 2646 2934 2511 1734 1836 2157 2463 2295 2034 2430 2058 2550 1542 1740 
1482 2883 0 2328 2313 1588 2970 1734 1938 1953 1956 1460 1562 2760 2426 1930 2262 1449 1926 2163 2157 1548 1332 2097 2310 1778 1970 2541 2061 1992 1917 1654 1276 1588 2487 1629 1392 2430 1726 1620 1323 2394 1068 1422 1998 1959 1875 1350 1569 1911 2328 2010 1782 2403 2328 2397 2403 2487 1593 1767 2535 2007 2109 2697 2277 2553 2187 2151 2067 1590 2134 1449 1564 1812 2202 2058 1473 2205 2196 1556 1714 2604 1302 1452 2172 1280 2439 3195 2547 2214 1797 1482 2136 2655 2354 2247 2019 2766 1803 1557 
2830 1752 2328 0 876 1732 5128 2079 1503 2164 1540 1466 1140 2059 1694 378 1461 1172 1232 2490 1524 1508 638 2560 1164 1090 1012 2012 1090 4725 1248 994 998 1112 1400 1212 2184 3552 1448 1092 2576 3250 2265 3015 3162 615 4757 3231 4338 3844 1827 955 4086 4277 2212 3260 3249 2954 3979 3984 3530 2268 1836 3800 1860 1112 2508 5653 3195 3951 1456 1419 1316 1366 1760 1785 2700 5796 1326 1242 1436 2298 4563 2751 5617 1002 3272 2526 2928 3892 1840 2268 1830 2328 1534 3290 4806 2349 2646 1712 
2208 1626 2313 876 0 2002 2163 1203 375 1509 798 1618 1284 1704 1852 962 1335 1755 1572 1722 1740 1017 978 1680 747 1006 928 1383 528 1461 1464 1334 922 1028 924 1098 1512 1569 1372 693 990 2157 1245 891 1467 1245 1443 963 1332 1470 1485 447 1236 2016 1887 1866 1323 2142 1161 1380 2004 1575 1722 2166 1746 1710 1755 1719 1803 1203 1372 1305 1306 1518 1953 1671 1236 1818 1947 1298 1360 2172 1407 1065 1785 926 2544 2808 2082 858 1266 1587 1704 2202 1450 1860 1488 2235 1416 1170 
600 2452 1588 1732 2002 0 560 1270 1752 1890 2026 1072 1714 2308 2092 2110 1528 2318 2040 1692 1510 1562 1446 1550 1882 2500 1256 2258 1854 1212 1664 1802 1806 2176 1716 1616 1930 1286 1610 1610 1544 1698 1714 1478 1208 1978 1656 1526 1654 1668 1900 1800 1512 1620 1946 2128 1120 2476 1784 1804 2220 1942 2032 2310 2048 2050 1864 2156 1986 1686 2646 1754 2190 2206 2186 1824 1708 2096 2182 1640 2224 2436 1822 1594 2074 1810 2204 2668 2252 1994 1728 1942 1830 2396 2666 2124 1856 2374 1740 1664 
3022 2997 2970 5128 2163 560 0 4024 4768 2668 3685 1632 1154 3496 1532 1660 1452 3736 1776 2830 1425 2232 1182 2604 2644 1948 696 3503 3235 2669 1656 1488 1360 1620 2312 1755 2968 2904 1050 2328 3843 2845 3170 4189 1944 3820 4384 4381 4376 4528 5421 3100 3808 3710 2772 4185 2240 7105 5136 5473 4435 2992 2379 4375 2403 2980 2608 6624 3565 5001 2086 1962 1744 1646 3284 2040 3474 6641 2469 1080 1664 2937 5088 4018 6553 1364 3288 3162 3384 5736 2564 2784 1905 2925 2106 4195 5184 2892 4130 2436 
1675 1773 1734 2079 1203 1270 4024 0 4752 1240 1890 1142 728 2392 1418 840 1152 2096 770 1860 1191 584 176 1885 1600 1230 1230 1976 1595 3528 951 532 536 906 1836 519 1320 2448 986 680 959 2560 1110 1560 1776 1770 3913 1920 3847 3865 3906 1500 4854 3311 1816 2145 3345 4221 2570 2136 2375 1344 1143 2645 1167 2036 1820 3987 2040 3150 1394 726 920 1168 1899 1092 1314 3717 1368 912 974 1749 3357 1134 4112 540 2620 2229 2004 4219 916 1344 1314 1689 1752 2135 3636 1656 1953 788 
3055 1251 1938 1503 375 1752 4768 4752 0 1512 705 1368 1034 1772 1602 712 960 1840 1322 2245 1365 856 728 2185 496 756 678 1344 255 4620 1089 1084 672 778 732 723 1516 3186 1122 424 1435 2970 1450 3332 2184 1450 4220 3596 4303 4470 3330 120 4700 3865 2016 2485 4740 4123 2809 2680 2715 1600 1347 2985 1371 1780 1840 4158 2380 3900 1122 930 1056 1268 2171 1296 1722 4329 1572 1048 1110 1797 4173 1610 4884 676 2892 2433 2276 2423 1188 1616 1329 1827 1200 2475 4707 1860 2429 1060 
2580 2079 1953 2164 1509 1890 2668 1240 1512 0 964 1472 1122 2160 1604 1460 1458 1832 1390 2004 1497 992 796 1916 2008 956 1434 1192 1676 1364 1257 1152 740 286 2244 825 1612 1596 1080 1088 956 2324 1180 824 1372 2408 856 920 1224 1668 2216 1608 1508 2264 2224 2124 1928 2820 480 1476 2308 1032 1449 2524 1473 2516 1272 1224 1888 1240 1598 798 1124 1372 2131 1398 1096 2060 1545 1116 996 1371 868 1056 2016 744 2384 2535 2048 2084 1324 1108 903 1995 1920 2116 1256 1962 1524 1196 
3565 1674 1956 1540 798 2026 3685 1890 705 964 0 1512 1162 2164 1606 994 1383 1836 1526 2605 1557 1264 932 2495 1060 474 960 1788 960 2320 1317 1254 586 768 1296 1029 1616 2000 1326 988 1295 2910 1480 1370 2330 2155 1075 1250 1535 2185 2555 825 1890 2835 2304 2995 2285 3625 605 1945 3200 1036 1509 3470 1677 2344 1276 1535 2365 1650 1404 801 1164 1374 2135 1458 1375 2675 1548 1156 998 1374 1090 1420 2620 880 2388 2595 2052 1510 1464 1112 906 2055 1482 2745 1575 2166 2005 1276 
472 1594 1460 1466 1618 1072 1632 1142 1368 1472 1512 0 950 1632 1994 1844 1310 1804 1912 806 826 1144 1318 786 1460 1986 2046 1856 1266 1102 642 1018 1388 1758 1734 1198 1416 1424 1500 1192 1030 1486 1200 1060 1106 1712 1340 1012 936 638 1060 1416 794 1090 916 1710 1552 1642 1270 970 1700 1524 1518 1592 1630 1210 1548 1552 1252 852 1928 1212 1540 1176 1352 1348 1000 1262 1348 1532 1604 1854 1114 944 1240 1392 1590 1638 1490 1690 1310 1234 1514 1562 2454 1474 1358 1754 710 1150 
1398 1268 1562 1140 1284 1714 1154 728 1034 1122 1162 950 0 1306 1668 1518 984 1470 1498 456 204 794 904 164 1126 1636 1712 1506 932 886 308 692 1038 1408 1400 848 1066 1098 1284 842 680 1152 850 710 882 1386 1014 662 602 312 734 1082 460 764 590 1360 1174 1316 920 644 1366 1174 1168 1258 1280 884 1222 1218 926 526 1594 878 1214 850 1026 1022 666 936 1022 1206 1270 1520 780 618 914 1042 1264 1312 1164 1356 960 900 1188 1236 2120 1148 1024 1428 384 800 
3732 2580 2760 2059 1704 2308 3496 2392 1772 2160 2164 1632 1306 0 1828 588 2289 3032 1966 2324 1773 2144 1372 2284 2268 1556 1564 2987 1568 2736 1497 1374 1316 1366 2504 1689 2688 2044 1766 2196 1916 2800 2256 1976 2744 2551 1304 1880 2372 1988 2766 1868 2300 2712 2544 3276 2376 3140 1680 1324 3004 2232 2169 3220 2337 3066 1720 2424 1888 1560 1946 1698 1468 1532 2787 1914 2244 2380 1914 1460 1220 2271 2068 1744 2336 1320 3584 2991 2496 2416 2476 2308 1239 2235 2086 2804 1704 2523 2132 2156 
2088 2078 2426 1694 1852 2092 1532 1418 1602 1604 1606 1994 1668 1828 0 2072 2028 2040 2188 1524 1544 1710 1594 1504 1734 2080 2228 1996 1704 1770 1360 1736 1954 1890 1236 1764 1930 806 1994 1758 1624 1550 1714 1626 1774 1940 1176 1606 1604 1356 1778 1650 1512 904 1634 1754 972 2214 1364 1688 2026 1640 2112 2134 2154 1928 1384 1736 1820 1570 2470 1656 2258 1894 2070 1676 1668 1980 2066 1492 1744 2038 1558 1662 1894 1958 1488 2356 1772 1846 1854 1678 1350 2280 2518 2192 1376 2408 1428 1468 
1510 1546 1930 378 962 2110 1660 840 712 1460 994 1844 1518 588 2072 0 1352 964 1610 1374 1394 1132 1016 1354 960 1468 1390 1384 814 1428 1210 1372 1376 1490 1078 1186 1470 1266 1826 924 1114 1678 1284 1048 1432 624 1240 1096 1342 1206 784 760 1286 1600 1484 1682 1100 1222 1236 1250 1790 1512 1602 1898 1618 934 1448 1608 1532 1256 1834 1324 1694 1744 1258 1568 1278 1666 1262 1620 1808 1910 1392 1164 1624 1380 2014 2062 1836 1034 1298 1512 1414 1930 1912 1694 1440 1944 1134 1234 
2157 2211 2262 1461 1335 1528 1452 1152 960 1458 1383 1310 984 2289 2028 1352 0 2313 1538 1260 1290 966 944 1230 1332 1396 1318 1968 1113 1410 1014 1052 888 1258 1509 1047 1518 2070 1338 642 939 2106 1194 840 1416 1830 1581 912 1281 1008 1641 1032 1242 1686 1425 1815 1821 2337 1299 1329 1953 1536 1671 2115 1695 1866 1893 1857 1752 1152 1746 1254 1272 1210 1902 1620 1185 1767 1896 1264 1326 2277 1356 1014 1734 892 2436 2508 2031 1443 1215 1536 1842 2217 1840 1809 1437 2184 1116 1119 
3436 2631 1449 1172 1755 2318 3736 2096 1840 1832 1836 1804 1470 3032 2040 964 2313 0 1818 2668 2019 2132 1224 2612 2336 1392 1598 2758 2044 2724 1743 1546 1310 1202 2572 1680 2484 2468 1760 2228 1904 2836 2052 1964 2732 680 1728 1868 1736 2332 1984 1936 2020 3136 2888 3264 2616 2860 1352 2424 3428 1904 2160 3616 2328 2284 2144 2096 2400 2188 2042 1452 1598 1704 2832 2109 1864 3008 2130 1590 1432 2025 1740 2004 2964 1314 3256 3246 2920 2484 2332 1980 1557 2706 2120 3064 2128 2817 2472 2144 
1440 1952 1926 1232 1572 2040 1776 770 1322 1390 1526 1912 1498 1966 2188 1610 1538 1818 0 1514 1564 960 946 1524 1570 2000 2000 1758 1302 1358 1404 1302 1306 1676 1688 1116 1430 1382 1756 1110 1044 1794 1214 978 1362 1478 1472 1026 1272 1400 1638 1370 1414 1716 1678 1628 1216 1976 1284 1304 1720 1442 1532 1828 1548 1788 1680 1656 1586 1186 2164 1254 1690 1938 1686 1498 1208 1596 1682 1682 1744 1936 1322 1094 1574 1310 2080 2256 1772 1644 1228 1442 1646 1896 2522 1624 1376 1874 1328 1164 
2775 1686 2163 2490 1722 1692 2830 1860 2245 2004 2605 806 456 2324 1524 1374 1260 2668 1514 0 378 1348 920 742 1980 1516 1576 2772 1990 1200 258 548 918 1288 2528 1092 1892 2385 878 1444 1400 2540 1825 1475 1210 3105 2175 1355 1165 420 1475 2365 810 1550 892 3100 2705 2930 2000 1250 3075 2108 1572 2805 1740 1480 2156 2705 1955 955 1458 1113 1070 706 1830 1317 1325 1980 1317 1062 1134 2076 1610 1185 1925 922 2240 1752 2040 3050 1680 1528 1566 1638 1984 2510 2220 1926 600 1360 
1947 1716 2157 1524 1740 1510 1425 1191 1365 1497 1557 826 204 1773 1544 1394 1290 2019 1564 378 0 1005 970 60 1503 1512 1588 2073 1212 1098 276 568 914 1284 1914 1086 1413 1461 1130 1077 834 1542 1089 879 1104 1893 1335 807 717 282 915 1437 504 960 699 1854 1653 1788 1194 780 1863 1575 1566 1701 1734 1140 1647 1641 1203 603 1470 1131 1090 726 1353 1347 813 1218 1347 1082 1146 2094 984 741 1185 918 1710 1782 1560 1848 1254 1164 1596 1668 1996 1536 1350 1956 390 1014 
1924 1587 1548 1508 1017 1562 2232 584 856 992 1264 1144 794 2144 1710 1132 966 2132 960 1348 1005 0 468 1260 1352 1106 1106 1760 684 928 765 824 412 782 1588 333 1072 1808 862 432 300 1856 640 168 936 1752 1156 264 756 1012 1432 952 1040 1668 1568 1468 1476 2164 780 820 1652 1096 957 1868 981 1732 1572 1524 1384 584 1270 540 796 1044 1651 906 628 1404 1182 788 850 1563 856 400 1360 416 2372 2043 1756 1500 668 1096 1128 1503 1628 1460 964 1470 868 540 
846 1358 1332 638 978 1446 1182 176 728 796 932 1318 904 1372 1594 1016 944 1224 946 920 970 468 0 930 976 1406 1406 1164 810 764 810 708 712 1082 1094 522 836 788 1162 516 450 1200 620 384 768 884 878 432 678 806 1044 776 820 1122 1084 1034 622 1382 690 710 1126 848 938 1234 954 1194 1086 1062 992 592 1570 660 1096 1344 1092 904 614 1002 1088 1088 1150 1342 728 500 980 716 1486 1662 1178 1050 634 848 1052 1302 1928 1030 782 1280 734 570 
3239 1656 2097 2560 1680 1550 2604 1885 2185 1916 2495 786 164 2284 1504 1354 1230 2612 1524 742 60 1260 930 0 1924 1472 1548 2684 2022 1805 216 528 874 1244 2472 1026 1804 2491 1120 1356 1290 2623 1715 1365 1795 3065 2172 1245 1248 526 1581 2305 900 1656 852 2990 2724 3028 1890 1348 3048 2020 1506 2886 1674 1440 2116 2672 2053 1053 1430 1071 1050 686 1786 1287 1344 2078 1287 1042 1106 2034 1629 1191 2023 878 2200 1722 2000 2990 1592 1472 1536 1608 1956 2516 2192 1896 706 1272 
2940 1623 2310 1164 747 1882 2644 1600 496 2008 1060 1460 1126 2268 1734 960 1332 2336 1570 1980 1503 1352 976 1924 0 1004 926 1840 700 1944 1227 1202 920 1026 1228 1095 2012 1856 1370 920 1316 2680 1656 1184 1952 1656 1920 1280 1616 1644 1976 592 1332 2524 2200 2484 1524 2852 1544 1836 2668 2096 1719 2884 1743 2276 2336 2288 2280 1600 1370 1302 1304 1360 2628 1668 1644 2420 1944 1282 1358 2169 1872 1416 2376 924 3388 2733 2772 1140 1684 2112 1701 2199 1448 2476 1980 2232 1788 1556 
1900 1590 1778 1090 1006 2500 1948 1230 756 956 474 1986 1636 1556 2080 1468 1396 1392 2000 1516 1512 1106 1406 1472 1004 0 1434 1348 858 1402 1352 1728 1060 1242 906 1160 1282 1274 1664 968 992 1638 1066 1022 1406 1336 904 974 1088 1348 1496 804 1230 1608 1626 1672 1388 1924 716 1252 1754 992 1480 1862 1592 1646 1112 1088 1420 1134 1878 1008 1638 1848 1510 1446 1024 1544 1506 1630 1472 1390 910 1042 1522 1354 1668 2204 1500 1078 1206 1030 1078 1844 1956 1572 1104 1918 1276 1112 
1856 1512 1970 1012 928 1256 696 1230 678 1434 960 2046 1712 1564 2228 1390 1318 1598 2000 1576 1588 1106 1406 1548 926 1434 0 1350 780 1348 1404 1762 1350 1456 1044 1160 1436 1422 1746 890 1088 1834 1258 1022 1344 1258 1390 1070 1316 1408 1418 630 1252 1756 1686 1672 1256 1856 1202 1348 1764 1478 1576 1872 1592 1568 1598 1574 1630 1230 1704 1298 1734 1946 1730 1542 1252 1640 1726 1726 1788 1876 1366 1138 1618 1354 2124 2300 1816 904 1272 1392 1564 1800 1782 1668 1420 1918 1372 1208 
3316 2259 2541 2012 1383 2258 3503 1976 1344 1192 1788 1856 1506 2987 1996 1384 1968 2758 1758 2772 2073 1760 1164 2684 1840 1348 1350 0 1548 2199 1833 1520 1124 106 2076 1401 2421 2519 1472 1768 1724 3151 1989 1592 2207 2504 1875 1688 2051 2436 2824 1440 2335 3059 2992 2892 2608 3588 1499 2244 3076 1992 2025 3292 2049 3124 2291 2243 2706 2008 1794 1386 1508 1756 2954 1974 1923 2828 2133 1500 1388 1959 1809 1824 2784 1128 3325 3111 2919 1988 2092 2049 1491 2571 1872 2884 2127 2538 2292 1964 
3270 1404 2061 1090 528 1854 3235 1595 255 1676 960 1266 932 1568 1704 814 1113 2044 1302 1990 1212 684 810 2022 700 858 780 1548 0 2025 936 1008 754 880 936 846 1720 2245 1204 628 1240 2910 1665 1075 2035 1705 2035 1195 1535 1570 2105 375 1180 2700 1812 2700 1835 3200 1565 1890 2930 1780 1470 3175 1494 1984 2044 2495 2365 1595 1224 1053 1138 1166 2282 1419 1650 2620 1695 1130 1192 1950 1935 1365 2565 758 3056 2442 2440 1060 1352 1780 1482 1980 1302 2690 2070 1983 1750 1224 
1575 2031 1992 4725 1461 1212 2669 3528 4620 1364 2320 1102 886 2736 1770 1428 1410 2724 1358 1200 1098 928 764 1805 1944 1402 1348 2199 2025 0 978 1028 708 968 2180 777 1664 3856 398 1024 1561 3060 1540 2280 12 2930 4859 2568 4437 4196 3096 1930 4854 3850 1852 2575 6204 4823 3430 2824 2805 1688 1401 3075 1425 1676 2164 4761 2470 3939 1566 984 1092 1186 2213 1350 1830 4491 1626 1084 1146 2007 4389 1736 4972 712 2964 2472 2348 4993 1260 1688 1572 1947 1924 2565 4668 1914 2520 1132 
1671 1440 1917 1248 1464 1664 1656 951 1089 1257 1317 642 308 1497 1360 1210 1014 1743 1404 258 276 765 810 216 1227 1352 1404 1833 936 978 0 384 754 1124 1638 846 1173 1185 1050 837 594 1266 849 639 984 1617 1059 567 441 6 639 1161 228 684 423 1614 1377 1512 954 504 1587 1335 1326 1425 1494 864 1371 1365 927 327 1286 855 906 542 1077 1071 537 942 1071 898 962 1818 708 465 909 758 1434 1506 1284 1572 1014 888 1320 1392 1812 1260 1074 1680 114 774 
1202 1336 1654 994 1334 1802 1488 532 1084 1152 1254 1018 692 1374 1736 1372 1052 1546 1302 548 568 824 708 528 1202 1728 1762 1520 1008 1028 384 0 1068 1438 1450 878 1158 1144 1426 872 772 1228 942 740 1032 1240 1082 754 678 380 802 1132 536 832 658 1390 978 1384 1012 712 1442 1204 1260 1334 1310 952 1290 1294 994 594 1670 954 1282 918 1094 1090 742 1004 1090 1274 1346 1596 856 686 982 1072 1332 1380 1232 1406 990 976 1256 1304 2196 1216 1100 1496 452 892 
1206 1302 1276 998 922 1806 1360 536 672 740 586 1388 1038 1316 1954 1376 888 1310 1306 918 914 412 712 874 920 1060 1350 1124 754 708 754 1068 0 1026 1038 466 780 1148 1106 460 394 1172 564 328 712 1120 822 376 622 750 1024 720 764 1078 1028 978 982 1326 634 654 1070 792 882 1178 898 1174 1030 1006 936 536 1514 604 1040 1288 1036 848 558 946 1032 1032 1094 1286 672 444 924 660 1430 1606 1122 994 578 792 996 1246 1872 974 726 1224 678 514 
1576 1612 1588 1112 1028 2176 1620 906 778 286 768 1758 1408 1366 1890 1490 1258 1202 1676 1288 1284 782 1082 1244 1026 1242 1456 106 880 968 1124 1438 1026 0 1144 836 1092 1084 1366 830 764 1448 876 698 972 1358 714 746 898 1120 1394 826 1040 1418 1398 1348 1250 1696 526 1024 1440 802 1252 1548 1268 1544 922 898 1230 906 1884 818 1410 1658 1320 1218 834 1316 1316 1402 1282 1200 720 814 1294 1030 1478 1976 1310 1100 948 840 888 1616 1978 1344 914 1594 1048 884 
3176 1800 2487 1400 924 1716 2312 1836 732 2244 1296 1734 1400 2504 1236 1078 1509 2572 1688 2528 1914 1588 1094 2472 1228 906 1044 2076 936 2180 1638 1450 1038 1144 0 1272 2248 860 758 1156 1552 2348 1892 1420 2188 1892 1600 1516 2008 2192 2212 828 1880 1528 2748 2720 1192 3088 1780 2072 2904 2332 1896 3120 1920 2512 2016 2524 2636 1836 1488 1479 1422 1634 2903 1845 1880 2656 2121 1116 1368 2346 2108 1652 2612 1042 2696 2982 2792 1376 1920 2348 1461 2376 1566 2712 2000 2409 2120 1792 
1524 1668 1629 1212 1098 1616 1755 519 723 825 1029 1198 848 1689 1764 1186 1047 1680 1116 1092 1086 333 522 1026 1095 1160 1160 1401 846 777 846 878 466 836 1272 0 885 1437 916 405 306 1473 561 207 783 1395 948 279 648 840 1251 795 861 1332 1257 1182 1188 1704 666 696 1320 903 1038 1482 1062 1476 1260 1224 1119 519 1324 621 850 1098 1269 987 552 1134 1263 842 904 1644 723 381 1101 470 1860 2124 1398 1206 582 903 1209 1584 1682 1176 804 1551 732 486 
2660 2139 1392 2184 1512 1930 2968 1320 1516 1612 1616 1416 1066 2688 1930 1470 1518 2484 1430 1892 1413 1072 836 1804 2012 1282 1436 2421 1720 1664 1173 1158 780 1092 2248 885 0 2248 1230 1168 772 2200 432 904 1672 2224 1508 808 1100 1556 2112 1612 1384 2212 2112 2204 2212 2324 1132 1364 2388 1684 1365 2604 1533 2412 1924 1876 1764 1128 1638 705 1068 1316 2007 1314 972 1948 1452 1060 1218 1860 744 944 1904 784 2260 2451 2404 1960 1404 984 1392 1911 1858 2004 1700 2022 1412 1084 
3205 1908 2430 3552 1569 1286 2904 2448 3186 1596 2000 1424 1098 2044 806 1266 2070 2468 1382 2385 1461 1808 788 2491 1856 1274 1422 2519 2245 3856 1185 1144 1148 1084 860 1437 2248 0 1188 1904 2919 1860 2270 3280 2904 2835 1480 3264 3192 3287 4875 2110 3760 1169 2128 2370 664 4969 2232 3904 3050 1668 1983 3320 2022 2716 1156 3720 2825 3432 1664 1275 1480 1324 2692 1514 2586 5072 2022 686 938 1848 3008 3094 4352 1152 1836 2679 1932 4160 2096 1744 816 2352 1712 3535 2280 2403 3003 1796 
1028 1752 1726 1448 1372 1610 1050 986 1122 1080 1326 1500 1284 1766 1994 1826 1338 1760 1756 878 1130 862 1162 1120 1370 1664 1746 1472 1204 398 1050 1426 1106 1366 758 916 1230 1188 0 910 844 1622 1014 778 402 1570 1272 826 1072 1046 1086 1170 1202 1498 1324 1428 1354 1776 1084 1104 1520 1242 1332 1628 1348 1236 1480 1456 1386 986 1964 1054 1490 1584 1486 1298 1008 1396 1482 1482 1544 1736 1122 894 1374 1110 1880 2046 1572 1444 1028 1242 1446 1696 2322 1424 1176 1674 1118 964 
2020 1569 1620 1092 693 1610 2328 680 424 1088 988 1192 842 2196 1758 924 642 2228 1110 1444 1077 432 516 1356 920 968 890 1768 628 1024 837 872 460 830 1156 405 1168 1904 910 0 396 1952 736 264 1032 1584 1252 360 852 1108 1656 520 1136 1764 1664 1564 1572 2260 876 916 1748 1192 1029 1964 1053 1956 1668 1620 1480 680 1318 612 844 1092 1747 978 724 1500 1254 836 898 1635 952 496 1456 464 2468 2115 1852 1068 764 1192 1200 1575 1412 1556 1060 1542 964 636 
2360 1560 1323 2576 990 1544 3843 959 1435 956 1295 1030 680 1916 1624 1114 939 1904 1044 1400 834 300 450 1290 1316 992 1088 1724 1240 1561 594 772 394 764 1552 306 772 2919 844 396 0 2035 425 231 1350 1815 1624 63 924 1372 2345 1145 1421 2644 1340 1790 2520 3388 966 1036 2020 1060 786 2290 954 1640 1344 2268 1445 623 1252 369 682 930 1423 735 600 2058 1011 674 832 1392 1099 301 1981 398 2144 1872 1632 2562 632 868 957 1332 1610 1540 1624 1443 1120 312 
4235 2706 2394 3250 2157 1698 2845 2560 2970 2324 2910 1486 1152 2800 1550 1678 2106 2836 1794 2540 1542 1856 1200 2623 2680 1638 1834 3151 2910 3060 1266 1228 1172 1448 2348 1473 2200 1860 1622 1952 2035 0 2210 2110 3070 3850 2775 1990 1375 2120 2830 3090 1730 2695 2252 3735 1445 4015 2305 1845 3965 2396 1953 3725 2121 2564 2636 2915 2205 2140 1826 1239 1460 1386 2196 1902 1535 3165 1653 1098 1218 2202 1820 2160 3010 1176 2972 2772 2736 3340 2188 1696 1926 2349 968 2320 2430 2268 2300 1868 
2785 1815 1068 2265 1245 1714 3170 1110 1450 1180 1480 1200 850 2256 1714 1284 1194 2052 1214 1825 1089 640 620 1715 1656 1066 1258 1989 1665 1540 849 942 564 876 1892 561 432 2270 1014 736 425 2210 0 590 1550 2240 1345 470 835 1405 2100 1570 1190 2225 1680 2215 2225 2365 875 1165 2445 1252 1041 2715 1209 1980 1492 1805 1665 870 1422 381 852 1100 1575 990 675 1895 1128 844 1002 1536 390 640 1840 568 1828 2127 1972 1910 972 552 1068 1587 1642 1965 1585 1698 1225 652 
2195 1461 1422 3015 891 1478 4189 1560 3332 824 1370 1060 710 1976 1626 1048 840 1964 978 1475 879 168 384 1365 1184 1022 1022 1592 1075 2280 639 740 328 698 1420 207 904 3280 778 264 231 2110 590 0 1152 1980 2769 360 2495 2617 3132 980 3294 2749 1400 1625 4905 3493 1530 1304 1855 928 831 2125 855 1692 1404 3051 1520 1902 1186 414 712 960 1483 780 690 2781 1056 704 766 1437 2109 406 3072 332 2204 1917 1588 3283 500 928 1002 1377 1544 1615 2388 1344 1225 372 
1585 2037 1998 3162 1467 1208 1944 1776 2184 1372 2330 1106 882 2744 1774 1432 1416 2732 1362 1210 1104 936 768 1795 1952 1406 1344 2207 2035 12 984 1032 712 972 2188 783 1672 2904 402 1032 1350 3070 1550 1152 0 2940 2634 1296 2034 1956 2076 1940 2424 3312 1860 2585 3114 4146 2070 2130 2815 1696 1407 3085 1431 1684 2172 3186 2480 1776 1570 990 1096 1190 2221 1356 1842 3006 1632 1088 1150 2013 2184 1500 2940 716 2972 2478 2356 3150 1268 1696 1578 1953 1928 2575 2346 1920 2172 1140 
3445 2121 1959 615 1245 1978 3820 1770 1450 2408 2155 1712 1386 2551 1940 624 1830 680 1478 3105 1893 1752 884 3065 1656 1336 1258 2504 1705 2930 1617 1240 1120 1358 1892 1395 2224 2835 1570 1584 1815 3850 2240 1980 2940 0 2125 1860 2475 2685 1630 1570 2830 3615 2704 3605 2420 2725 2505 2555 3835 2512 1875 4105 2043 1604 2116 3435 3260 2260 1702 1458 1408 1612 2252 1824 2315 3285 1695 1400 1418 2481 2335 2030 3230 1124 3384 2895 2892 2255 2084 2108 1536 2421 1780 3355 2625 2532 2505 1764 
3430 2202 1875 4757 1443 1656 4384 3913 4220 856 1075 1340 1014 1304 1176 1240 1581 1728 1472 2175 1335 1156 878 2172 1920 904 1390 1875 2035 4859 1059 1082 822 714 1600 948 1508 1480 1272 1252 1624 2775 1345 2769 2634 2125 0 2553 3142 3861 4976 1900 3923 2464 1960 2860 3384 3920 940 2424 2125 928 1428 2395 1467 2496 416 2520 2220 2684 1294 720 1110 1240 2027 1377 1488 4041 1467 1056 568 1293 2310 1799 3590 826 2280 2418 1192 4521 1356 1004 261 1797 1868 2610 1100 1848 2618 1168 
2315 1533 1350 3231 963 1526 4381 1920 3596 920 1250 1012 662 1880 1606 1096 912 1868 1026 1355 807 264 432 1245 1280 974 1070 1688 1195 2568 567 754 376 746 1516 279 808 3264 826 360 63 1990 470 360 1296 1860 2553 0 2183 2329 3026 1100 2934 2581 1304 1745 5265 3325 1290 1112 1975 1024 759 2245 927 1604 1308 2835 1400 1614 1234 342 664 912 1387 708 546 2565 984 656 814 1365 1821 238 2832 380 2108 1845 1596 3403 596 832 930 1305 1592 1495 2676 1416 1057 276 
2930 1881 1569 4338 1332 1654 4376 3847 4303 1224 1535 936 602 2372 1604 1342 1281 1736 1272 1165 717 756 678 1248 1616 1088 1316 2051 1535 4437 441 678 622 898 2008 648 1100 3192 1072 852 924 1375 835 2495 2034 2475 3142 2183 0 2593 2619 1715 923 2625 1152 2360 4108 3696 2006 2096 2590 1296 1128 2350 1296 1464 1536 2900 830 2595 1276 414 910 836 1096 1077 192 3672 828 902 668 1377 1506 1099 3480 626 1872 1947 1636 3798 1088 596 1101 1674 1518 2110 2532 1752 1295 768 
2943 1434 1911 3844 1470 1668 4528 3865 4470 1668 2185 638 312 1988 1356 1206 1008 2332 1400 420 282 1012 806 526 1644 1348 1408 2436 1570 4196 6 380 750 1120 2192 840 1556 3287 1046 1108 1372 2120 1405 2617 1956 2685 3861 2329 2593 0 2128 1945 2445 1582 556 2680 5484 3514 3160 1328 2655 1772 1320 2385 1488 1144 1820 4203 1535 1284 1290 861 902 538 1494 1065 1086 2808 1065 894 966 1824 3386 1071 3010 754 1904 1500 1704 4736 1344 1192 1314 1386 1816 2090 4570 1674 252 1024 
3295 2067 2328 1827 1485 1900 5421 3906 3330 2216 2555 1060 734 2766 1778 784 1641 1984 1638 1475 915 1432 1044 1581 1976 1496 1418 2824 2105 3096 639 802 1024 1394 2212 1251 2112 4875 1086 1656 2345 2830 2100 3132 2076 1630 4976 3026 2619 2128 0 1970 2747 3059 1400 3365 5076 4375 4139 3016 3595 2320 1737 3440 1899 300 2612 5133 2285 2996 1712 1287 910 960 948 1482 1938 4748 717 1172 1250 2121 3420 2044 4655 1028 2460 1917 2548 5085 1892 1760 1908 2019 1940 2785 4518 2307 1225 1580 
3175 1323 2010 955 447 1800 3100 1500 120 1608 825 1416 1082 1868 1650 760 1032 1936 1370 2365 1437 952 776 2305 592 804 630 1440 375 1930 1161 1132 720 826 828 795 1612 2110 1170 520 1145 3090 1570 980 1940 1570 1900 1100 1715 1945 1970 0 1555 2855 2112 2605 1700 3065 1430 1795 2835 1696 1419 3105 1443 1876 1936 2360 2500 1500 1074 1002 1104 1316 2267 1368 1555 2525 1644 1096 1158 1869 1840 1270 2470 724 2988 2505 2372 685 1284 1524 1401 1755 1152 2595 1975 1932 1855 1156 
3213 1668 1782 4086 1236 1512 3808 4854 4700 1508 1890 794 460 2300 1512 1286 1242 2020 1414 810 504 1040 820 900 1332 1230 1252 2335 1180 4854 228 536 764 1040 1880 861 1384 3760 1202 1136 1421 1730 1190 3294 2424 2830 3923 2934 923 2445 2747 1555 0 2128 868 2715 5953 4060 2640 2041 2265 1580 1341 1995 1509 1456 1820 3539 1185 2665 1134 627 1052 694 1380 1290 618 3688 1041 1044 810 1590 2358 1596 3847 768 2156 1734 1920 4064 1328 880 1314 1620 1660 2465 3384 1908 798 1052 
3959 1770 2403 4277 2016 1620 3710 3311 3865 2264 2835 1090 764 2712 904 1600 1686 3136 1716 1550 960 1668 1122 1656 2524 1608 1756 3059 2700 3850 684 832 1078 1418 1528 1332 2212 1169 1498 1764 2644 2695 2225 2749 3312 3615 2464 2581 2625 1582 3059 2855 2128 0 1460 2140 1750 4676 3122 2744 3730 2336 1812 3515 1980 2048 1824 4424 2290 2331 1742 1395 1354 990 2398 1743 2442 3766 1743 1020 1272 2004 3248 2653 3689 1082 1168 2178 2600 4809 2000 2096 1317 2064 2046 3220 3164 2352 1834 1128 
2860 1017 2328 2212 1887 1946 2772 1816 2016 2224 2304 916 590 2544 1634 1484 1425 2888 1678 892 699 1568 1084 852 2200 1626 1686 2992 1812 1852 423 658 1028 1398 2748 1257 2112 2128 1324 1664 1340 2252 1680 1400 1860 2704 1960 1304 1152 556 1400 2112 868 1460 0 2178 2384 2564 1820 1220 2680 2328 1737 2464 1905 1700 2376 2384 1784 984 1568 1278 1180 816 2050 1482 1280 1104 1482 1172 1244 2241 1508 1168 1760 1032 2460 1917 2260 2660 1900 1748 1731 1278 2094 2228 1996 2091 700 1580 
3820 486 2397 3260 1866 2128 4185 2145 2485 2124 2995 1710 1360 3276 1754 1682 1815 3264 1628 3100 1854 1468 1034 2990 2484 1672 1672 2892 2700 2575 1614 1390 978 1348 2720 1182 2204 2370 1428 1564 1790 3735 2215 1625 2585 3605 2860 1745 2360 2680 3365 2605 2715 2140 2178 0 2785 1150 2390 2440 3480 2228 1806 3535 1830 2992 2704 3320 2960 2145 1750 1389 1362 1610 2783 1755 2200 3170 2031 1354 1416 2412 2485 1915 2155 982 2880 2634 2700 3290 1800 2228 1977 2352 2194 3240 2620 2064 2500 1672 
2790 2157 2403 3249 1323 1120 2240 3345 4740 1928 2285 1552 1174 2376 972 1100 1821 2616 1216 2705 1653 1476 622 2724 1524 1388 1256 2608 1835 6204 1377 978 982 1250 1192 1188 2212 664 1354 1572 2520 1445 2225 4905 3114 2420 3384 5265 4108 5484 5076 1700 5953 1750 2384 2785 0 5481 3738 3920 3465 2000 1812 3735 1836 2556 1488 4932 2410 5415 1674 1362 1366 1452 2360 1291 2088 5724 1776 520 1104 2097 5022 2695 6252 986 2168 2871 2264 3933 1808 1860 1065 2358 1546 3250 4890 2325 3451 1680 
4690 1176 2487 2954 2142 2476 7105 4221 4123 2820 3625 1642 1316 3140 2214 1222 2337 2860 1976 2930 1788 2164 1382 3028 2852 1924 1856 3588 3200 4823 1512 1384 1326 1696 3088 1704 2324 4969 1776 2260 3388 4015 2365 3493 4146 2725 3920 3325 3696 3514 4375 3065 4060 4676 2564 1150 5481 0 4228 3178 2655 2412 2184 2385 2352 2740 2656 5530 1810 2765 1290 1767 1478 1542 2737 1929 3360 4200 1929 1470 1654 2652 3923 3087 1407 704 3720 1944 1780 5250 2496 2444 1941 2250 2378 3530 4535 1374 3430 1992 
2960 1920 1593 3979 1161 1784 5136 2570 2809 480 605 1270 920 1680 1364 1236 1299 1352 1284 2000 1194 780 690 1890 1544 716 1202 1499 1565 3430 954 1012 634 526 1780 666 1132 2232 1084 876 966 2305 875 1530 2070 2505 940 1290 2006 3160 4139 1430 2640 3122 1820 2390 3738 4228 0 2144 2595 552 1146 2865 1314 2120 792 1674 1760 2219 1482 438 922 1132 1651 1095 924 3726 1185 914 756 1011 970 1141 4080 638 1904 2232 1568 3675 980 628 543 1692 1680 2140 1940 1803 1960 792 
3010 1932 1767 3984 1380 1804 5473 2136 2680 1476 1945 970 644 1324 1688 1250 1329 2424 1304 1250 780 820 710 1348 1836 1252 1348 2244 1890 2824 504 712 654 1024 2072 696 1364 3904 1104 916 1036 1845 1165 1304 2130 2555 2424 1112 2096 1328 3016 1795 2041 2744 1220 2440 3920 3178 2144 0 2250 1528 1176 2520 1344 1808 1628 3632 705 472 1344 759 806 870 1463 921 1380 2112 921 798 1092 1782 2296 735 2024 658 2568 1998 1512 2888 1152 1388 1170 1242 1600 1850 2896 1530 1414 832 
4050 2574 2535 3530 2004 2220 4435 2375 2715 2308 3200 1700 1366 3004 2026 1790 1953 3428 1720 3075 1863 1652 1126 3048 2668 1754 1764 3076 2930 2805 1587 1442 1070 1440 2904 1320 2388 3050 1520 1748 2020 3965 2445 1855 2815 3835 2125 1975 2590 2655 3595 2835 2265 3730 2680 3480 3465 2655 2595 2250 0 2412 1944 270 1968 3176 2116 3525 2455 2375 444 1527 1454 1600 2967 1893 2430 3400 2169 1446 1418 2550 2715 2145 1650 1074 3688 1149 2892 3274 1984 2412 1536 2490 2122 3470 2625 1761 2730 1856 
2684 2157 2007 2268 1575 1942 2992 1344 1600 1032 1036 1524 1174 2232 1640 1512 1536 1904 1442 2108 1575 1096 848 2020 2096 992 1478 1992 1780 1688 1335 1204 792 802 2332 903 1684 1668 1242 1192 1060 2396 1252 928 1696 2512 928 1024 1296 1772 2320 1696 1580 2336 2328 2228 2000 2412 552 1528 2412 0 1527 2628 1551 2620 1344 1296 964 1344 1650 852 1176 1408 2203 1476 1168 2164 1599 1168 1032 1425 940 1160 1608 796 2456 2547 2120 2156 428 1180 957 2073 1956 2220 1328 1977 1628 1300 
2148 2292 2109 1836 1722 2032 2379 1143 1347 1449 1509 1518 1168 2169 2112 1602 1671 2160 1532 1572 1566 957 938 1506 1719 1480 1576 2025 1470 1401 1326 1260 882 1252 1896 1038 1365 1983 1332 1029 786 1953 1041 831 1407 1875 1428 759 1128 1320 1737 1419 1341 1812 1737 1806 1812 2184 1146 1176 1944 1527 0 2106 1686 1962 1740 1704 1599 999 1740 1101 1170 1418 1749 1467 1032 1614 1743 1162 1320 2124 1203 861 1581 886 2340 2604 1956 1830 1206 1383 1689 2064 2098 1656 1428 2175 1212 966 
4320 2607 2697 3800 2166 2310 4375 2645 2985 2524 3470 1592 1258 3220 2134 1898 2115 3616 1828 2805 1701 1868 1234 2886 2884 1862 1872 3292 3175 3075 1425 1334 1178 1548 3120 1482 2604 3320 1628 1964 2290 3725 2715 2125 3085 4105 2395 2245 2350 2385 3440 3105 1995 3515 2464 3535 3735 2385 2865 2520 270 2628 2106 0 2130 3040 2332 3795 2185 2350 336 1689 1562 1492 2904 2055 2510 3375 2154 1554 1526 2712 2795 2415 1380 1182 3752 987 3108 3220 2200 2476 1698 2475 2014 3740 2895 1599 2565 2072 
2172 2316 2277 1860 1746 2048 2403 1167 1371 1473 1677 1630 1280 2337 2154 1618 1695 2328 1548 1740 1734 981 954 1674 1743 1592 1592 2049 1494 1425 1494 1310 898 1268 1920 1062 1533 2022 1348 1053 954 2121 1209 855 1431 2043 1467 927 1296 1488 1899 1443 1509 1980 1905 1830 1836 2352 1314 1344 1968 1551 1686 2130 0 2124 1779 1872 1767 1167 1756 1269 1282 1530 1917 1635 1200 1782 1911 1274 1146 2292 1371 1029 1749 902 2508 2772 1761 1854 1230 1551 1728 2232 2114 1824 1167 2199 1380 1134 
2936 2292 2553 1112 1710 2050 2980 2036 1780 2516 2344 1210 884 3066 1928 934 1866 2284 1788 1480 1140 1732 1194 1440 2276 1646 1568 3124 1984 1676 864 952 1174 1544 2512 1476 2412 2716 1236 1956 1640 2564 1980 1692 1684 1604 2496 1604 1464 1144 300 1876 1456 2048 1700 2992 2556 2740 2120 1808 3176 2620 1962 3040 2124 0 2912 1924 2128 1572 1856 1512 1060 1110 648 1707 1592 1956 492 1322 1400 1896 1820 1468 1936 1178 2760 2142 2848 2424 2192 2060 2133 1917 2090 2528 2308 2223 1000 1880 
3160 2514 2187 2508 1755 1864 2608 1820 1840 1272 1276 1548 1222 1720 1384 1448 1893 2144 1680 2156 1647 1572 1086 2116 2336 1112 1598 2291 2044 2164 1371 1290 1030 922 2016 1260 1924 1156 1480 1668 1344 2636 1492 1404 2172 2116 416 1308 1536 1820 2612 1936 1820 1824 2376 2704 1488 2656 792 1628 2116 1344 1740 2332 1779 2912 0 1536 2192 1392 1502 1032 1318 1448 2443 1689 1408 2212 1779 1264 776 1605 1180 1444 1852 1034 2696 2730 1608 2396 1772 1420 573 2109 2076 2504 816 2160 1912 1584 
3890 2478 2151 5653 1719 2156 6624 3987 4158 1224 1535 1552 1218 2424 1736 1608 1857 2096 1656 2705 1641 1524 1062 2672 2288 1088 1574 2243 2495 4761 1365 1294 1006 898 2524 1224 1876 3720 1456 1620 2268 2915 1805 3051 3186 3435 2520 2835 2900 4203 5133 2360 3539 4424 2384 3320 4932 5530 1674 3632 3525 1296 1704 3795 1872 1924 1536 0 2370 3555 1854 996 1294 760 2328 1653 1656 5400 1743 1286 1128 453 2547 2443 5301 1010 2648 2790 2312 5349 1724 1372 1101 2250 2052 3070 3420 2361 3262 1536 
3715 2262 2067 3195 1803 1986 3565 2040 2380 1888 2365 1252 926 1888 1820 1532 1752 2400 1586 1955 1203 1384 992 2053 2280 1420 1630 2706 2365 2470 927 994 936 1230 2636 1119 1764 2825 1386 1480 1445 2205 1665 1520 2480 3260 2220 1400 830 1535 2285 2500 1185 2290 1784 2960 2410 1810 1760 705 2455 964 1599 2185 1767 2128 2192 2370 0 1000 1210 912 1088 1152 1760 1344 990 2025 1326 1080 1000 1875 1275 1230 805 940 2536 1824 2076 2510 1392 1260 1593 1665 1850 2555 1885 1254 1715 1396 
2715 1755 1590 3951 1203 1686 5001 3150 3900 1240 1650 852 526 1560 1570 1256 1152 2188 1186 955 603 584 592 1053 1600 1134 1230 2008 1595 3939 327 594 536 906 1836 519 1128 3432 986 680 623 2140 870 1902 1776 2260 2684 1614 2595 1284 2996 1500 2665 2331 984 2145 5415 2765 2219 472 2375 1344 999 2350 1167 1572 1392 3555 1000 0 1276 582 688 752 1227 744 1026 1845 744 680 974 1605 3132 322 1940 540 2332 1821 1276 3797 916 1152 993 1065 1718 1555 3759 1353 1001 596 
2064 1956 2134 1456 1372 2646 2086 1394 1122 1598 1404 1928 1594 1946 2470 1834 1746 2042 2164 1458 1470 1270 1570 1430 1370 1878 1704 1794 1224 1566 1286 1670 1514 1884 1488 1324 1638 1664 1964 1318 1252 1826 1422 1186 1570 1702 1294 1234 1276 1290 1712 1074 1134 1742 1568 1750 1674 1290 1482 1344 444 1650 1740 336 1756 1856 1502 1854 1210 1276 0 1462 1898 1828 1776 1706 1340 1686 1772 1890 1862 2144 1408 1302 888 1518 2166 994 1890 800 1436 1288 1468 1696 1678 1832 1494 1402 1362 1372 
1731 1875 1449 1419 1305 1754 1962 726 930 798 801 1212 878 1698 1656 1324 1254 1452 1254 1113 1131 540 660 1071 1302 1008 1298 1386 1053 984 855 954 604 818 1479 621 705 1275 1054 612 369 1239 381 414 990 1458 720 342 414 861 1287 1002 627 1395 1278 1389 1362 1767 438 759 1527 852 1101 1689 1269 1512 1032 996 912 582 1462 0 892 1112 1047 1050 318 1197 1041 884 944 1449 147 444 1164 608 1284 2187 1539 1035 789 327 981 1647 1568 1239 1011 1758 795 549 
1590 1686 1564 1316 1306 2190 1744 920 1056 1124 1164 1540 1214 1468 2258 1694 1272 1598 1690 1070 1090 796 1096 1050 1304 1638 1734 1508 1138 1092 906 1282 1040 1410 1422 850 1068 1480 1490 844 682 1460 852 712 1096 1408 1110 664 910 902 910 1104 1052 1354 1180 1362 1366 1478 922 806 1454 1176 1170 1562 1282 1060 1318 1294 1088 688 1898 892 0 1440 1188 1000 846 1098 1184 1184 1478 1574 960 596 1076 1044 1710 1758 1326 1378 962 1080 1284 1398 2256 1126 1110 1590 830 802 
1648 1494 1812 1366 1518 2206 1646 1168 1268 1372 1374 1176 850 1532 1894 1744 1210 1704 1938 706 726 1044 1344 686 1360 1848 1946 1756 1166 1186 542 918 1288 1658 1634 1098 1316 1324 1584 1092 930 1386 1100 960 1190 1612 1240 912 836 538 960 1316 694 990 816 1610 1452 1542 1132 870 1600 1408 1418 1492 1530 1110 1448 760 1152 752 1828 1112 1440 0 1252 1248 900 1162 1248 1432 1504 1062 1014 844 1140 1292 1490 1538 1390 1590 1210 1134 1414 1462 2354 1374 1258 1654 610 1050 
3239 2505 2202 1760 1953 2186 3284 1899 2171 2131 2135 1352 1026 2787 2070 1258 1902 2832 1686 1830 1353 1651 1092 1786 2628 1510 1730 2954 2282 2213 1077 1094 1036 1320 2903 1269 2007 2692 1486 1747 1423 2196 1575 1483 2221 2252 2027 1387 1096 1494 948 2267 1380 2398 2050 2783 2360 2737 1651 1463 2967 2203 1749 2904 1917 648 2443 2328 1760 1227 1776 1047 1188 1252 0 1494 1224 1308 6 1180 1216 2199 1263 1319 1933 1040 2779 2571 2390 2479 1983 1503 1734 1431 2066 2379 1940 2103 1591 1663 
2097 2241 2058 1785 1671 1824 2040 1092 1296 1398 1458 1348 1022 1914 1676 1568 1620 2109 1498 1317 1347 906 904 1287 1668 1446 1542 1974 1419 1350 1071 1090 848 1218 1845 987 1314 1514 1298 978 735 1902 990 780 1356 1824 1377 708 1077 1065 1482 1368 1290 1743 1482 1755 1291 1929 1095 921 1893 1476 1467 2055 1635 1707 1689 1653 1344 744 1706 1050 1000 1248 1494 0 981 1359 1488 184 1130 2073 1152 606 1326 852 2277 2349 1701 1779 1155 1332 1638 1809 2064 1401 1143 2097 957 915 
2770 1806 1473 2700 1236 1708 3474 1314 1722 1096 1375 1000 666 2244 1668 1278 1185 1864 1208 1325 813 628 614 1344 1644 1024 1252 1923 1650 1830 537 742 558 834 1880 552 972 2586 1008 724 600 1535 675 690 1842 2315 1488 546 192 1086 1938 1555 618 2442 1280 2200 2088 3360 924 1380 2430 1168 1032 2510 1200 1592 1408 1656 990 1026 1340 318 846 900 1224 981 0 2256 924 838 732 1281 342 750 2154 562 1744 2043 1764 2166 960 468 1005 1578 1582 1950 1458 1689 1302 640 
3740 1845 2205 5796 1818 2096 6641 3717 4329 2060 2675 1262 936 2380 1980 1666 1767 3008 1596 1980 1218 1404 1002 2078 2420 1544 1640 2828 2620 4491 942 1004 946 1316 2656 1134 1948 5072 1396 1500 2058 3165 1895 2781 3006 3285 4041 2565 3672 2808 4748 2525 3688 3766 1104 3170 5724 4200 3726 2112 3400 2164 1614 3375 1782 1956 2212 5400 2025 1845 1686 1197 1098 1162 1308 1359 2256 0 987 1090 1198 2220 3897 1757 3591 950 1872 2436 2096 5463 1736 1972 1608 450 2074 1860 3735 1968 2436 1416 
2373 2499 2196 1326 1947 2182 2469 1368 1572 1545 1548 1348 1022 1914 2066 1262 1896 2130 1682 1317 1347 1182 1088 1287 1944 1506 1726 2133 1695 1626 1071 1090 1032 1316 2121 1263 1452 2022 1482 1254 1011 1653 1128 1056 1632 1695 1467 984 828 1065 717 1644 1041 1743 1482 2031 1776 1929 1185 921 2169 1599 1743 2154 1911 492 1779 1743 1326 744 1772 1041 1184 1248 6 1488 924 987 0 1176 1220 2196 894 882 1326 1036 2031 2565 1701 1806 1431 1074 1728 1437 2070 1677 1461 2097 1173 1191 
1582 1678 1556 1242 1298 1640 1080 912 1048 1116 1156 1532 1206 1460 1492 1620 1264 1590 1682 1062 1082 788 1088 1042 1282 1630 1726 1500 1130 1084 898 1274 1032 1402 1116 842 1060 686 1482 836 674 1098 844 704 1088 1400 1056 656 902 894 1172 1096 1044 1020 1172 1354 520 1470 914 798 1446 1168 1162 1554 1274 1322 1264 1286 1080 680 1890 884 1184 1432 1180 184 838 1090 1176 0 1314 1566 952 588 1068 1036 1604 1750 1318 1370 954 1072 1230 1390 2066 1118 946 1582 822 794 
1644 1740 1714 1436 1360 2224 1664 974 1110 996 998 1604 1270 1220 1744 1808 1326 1432 1744 1134 1146 850 1150 1106 1358 1472 1788 1388 1192 1146 962 1346 1094 1282 1368 904 1218 938 1544 898 832 1218 1002 766 1150 1418 568 814 668 966 1250 1158 810 1272 1244 1416 1104 1654 756 1092 1418 1032 1320 1526 1146 1400 776 1128 1000 974 1862 944 1478 1504 1216 1130 732 1198 1220 1314 0 1294 846 882 1286 1098 1604 1966 764 1254 1016 966 742 1498 2132 1412 368 1662 1038 952 
2754 2898 2604 2298 2172 2436 2937 1749 1797 1371 1374 1854 1520 2271 2038 1910 2277 2025 1936 2076 2094 1563 1342 2034 2169 1390 1876 1959 1950 2007 1818 1596 1286 1200 2346 1644 1860 1848 1736 1635 1392 2202 1536 1437 2013 2481 1293 1365 1377 1824 2121 1869 1590 2004 2241 2412 2097 2652 1011 1782 2550 1425 2124 2712 2292 1896 1605 453 1875 1605 2144 1449 1574 1062 2199 2073 1281 2220 2196 1566 1294 0 1302 1467 2049 1290 2439 3210 1983 2214 1746 1482 1554 2670 2354 2262 1389 2781 1818 1158 
3055 1977 1302 4563 1407 1822 5088 3357 4173 868 1090 1114 780 2068 1558 1392 1356 1740 1322 1610 984 856 728 1629 1872 910 1366 1809 1935 4389 708 856 672 720 2108 723 744 3008 1122 952 1099 1820 390 2109 2184 2335 2310 1821 1506 3386 3420 1840 2358 3248 1508 2485 5022 3923 970 2296 2715 940 1203 2795 1371 1820 1180 2547 1275 3132 1408 147 960 1014 1263 1152 342 3897 894 952 846 1302 0 1274 4193 676 1516 2214 1956 3006 1188 240 834 1749 1486 2235 3510 1860 1918 868 
