0 600 1345 1296 1114 1425 345 822 612 700 326 660 612 1524 1160 1908 876 2608 1527 2484 448 1119 714 1981 1438 1716 2392 810 1026 1952 944 1798 796 699 1821 1662 837 1426 162 330 2020 1924 132 2116 640 2436 2742 1745 2400 2383 4020 2585 2472 2076 1696 2139 2144 2748 2785 2427 2231 3092 2732 1866 586 1900 996 573 3680 1052 1230 764 1424 1234 1428 455 972 2720 1644 708 1216 1354 993 1388 912 892 2396 846 2750 648 1136 1500 1258 1648 1587 718 1840 1833 1746 1912 
600 0 1245 1410 1406 1863 645 849 904 963 618 1098 904 1816 1308 1869 1168 1857 1965 1680 740 1557 795 1692 1038 1458 2232 843 1464 1902 1236 1650 1041 1137 2058 1062 1275 1718 519 622 1650 1485 666 1485 918 1656 771 1485 1878 1677 1788 1989 636 1281 1872 1602 1671 1812 1740 1746 1398 2100 2649 2466 986 2025 1396 1173 1545 1452 1830 1164 1824 1634 1258 873 1216 2640 2244 1308 1060 1754 1593 1788 1312 1234 2397 1246 1050 1048 1536 1641 1658 1299 2187 1118 1443 2433 1590 1766 
1345 1245 0 2156 742 618 1420 1760 1042 1341 388 1305 372 1954 2020 2049 1306 2712 2172 2727 878 1764 750 2841 1804 2775 1516 1750 1671 2076 1228 1474 1664 1344 2202 1359 930 1856 1210 760 3095 2820 1455 2820 1500 2907 2872 2820 3057 3140 4227 3660 3007 2904 2772 2991 3060 2947 3245 2847 2675 3679 3784 2655 1124 2976 1522 1380 4310 1386 2019 1302 1962 1568 1844 1800 1510 3796 2409 1515 1754 1892 1800 1914 1450 1196 3416 1180 3697 1186 1674 2576 1796 2510 2394 1256 2750 2640 2182 2200 
1296 1410 2156 0 1264 2007 1356 748 1152 900 866 1470 712 2064 2240 1588 846 2204 1677 1336 988 1929 1556 1612 1978 2168 2072 1620 1836 3032 886 1752 1004 1509 1581 1818 1647 1902 1188 430 2080 2280 1384 2348 840 1924 2812 2056 1600 2652 2980 3148 2728 3156 2720 2216 2460 1512 1516 2024 1480 2840 3612 2526 1234 3000 1436 1545 3668 1300 1890 1314 1974 1482 1944 1660 1580 3839 2418 1680 1864 1904 1818 1828 1560 782 3428 1094 3280 1296 1784 2600 1906 2228 2559 1366 2224 2571 1642 1786 
1114 1406 742 1264 0 330 1144 890 1618 966 1130 1446 1114 1822 1126 874 1058 1116 1634 1000 1454 1752 1042 1018 2006 1122 1368 1276 1202 1780 1218 1288 1018 648 1386 1498 1362 1736 1060 946 1420 852 1158 1008 936 302 1304 1360 1132 666 830 1670 1394 1590 1398 930 976 1088 1484 1026 1256 1752 1628 1506 1570 1212 1090 1366 1554 1314 1082 1026 1686 1496 1690 1166 920 1544 1358 1586 1584 1616 924 1650 1328 1114 1460 1108 1436 1064 1516 1012 1672 882 1840 1134 824 1638 2114 2108 
1425 1863 618 2007 330 0 1470 1674 1316 1569 800 1923 784 2112 1941 816 1388 1656 2499 1005 1290 2382 1068 2187 1994 1629 1557 1668 2289 2175 888 1618 1866 1632 1584 1821 1548 1904 1344 1172 2400 1713 1491 1764 1743 1445 2112 1545 1203 1830 1970 2814 2247 2712 2043 1665 1848 1137 2565 1521 2223 2133 2712 2529 1536 2253 1420 1998 2766 1302 1893 1316 1976 1484 1946 1698 1250 2820 2421 2133 1874 1906 1821 1830 1656 784 2574 1096 2653 1392 1846 1953 1962 1815 3012 1462 1671 2949 2404 1788 
345 645 1420 1356 1144 1470 0 760 642 760 356 453 642 1554 1220 1760 906 2225 1572 1885 478 1164 670 2041 1468 1775 2244 750 1071 2012 972 1828 864 744 1710 1707 882 1456 210 360 2095 1820 455 1820 700 2105 2360 1820 2215 2140 3425 2240 2135 2136 1972 2015 2130 2105 2245 2255 1675 3012 3008 2073 724 2176 1134 780 3310 1190 1437 902 1562 1372 1566 800 1110 2996 1851 915 1354 1492 1200 1526 1050 868 2672 984 2825 786 1274 1776 1396 1510 1794 856 1750 2040 1782 1872 
822 849 1760 748 890 1674 760 0 778 152 492 909 338 1690 1492 1824 1042 2866 1116 7334 614 1368 1616 2093 1604 2538 2308 1962 1275 2284 670 1574 256 948 1758 1911 1086 1592 1320 56 1665 3774 954 3176 92 3822 3240 1785 2345 4284 3906 3000 5366 2408 2244 7515 5166 2992 1963 4755 1507 2724 3280 2277 860 2412 1270 984 6044 1152 1506 1038 1698 1334 1702 1140 1206 3268 2055 1119 1490 1628 1404 1662 1186 724 2944 946 3165 922 1410 2048 1532 8753 1998 992 8417 2010 1478 1728 
612 904 1042 1152 1618 1316 642 778 0 854 830 944 1116 2028 1084 772 1380 1080 1522 646 952 1250 742 1340 1942 1062 1014 774 1188 1480 864 1730 906 970 1032 1190 1062 1880 558 834 1312 1118 656 1152 824 1316 1384 1006 778 1330 1596 1538 1328 1470 1338 1086 1208 734 1372 990 1144 1398 1784 1662 1198 1478 1414 994 1798 1278 1238 1292 1952 1460 1922 794 1584 1868 1590 1084 1828 1882 1190 1806 1524 760 1692 1072 1604 1260 1748 1278 1870 1078 1670 1330 1090 1834 2256 1764 
700 963 1341 900 966 1569 760 152 854 0 568 1023 262 1766 1644 1901 1118 2060 1230 1649 690 1482 960 2245 1680 1844 2385 1024 1389 2436 594 1650 408 1062 1797 2025 1200 1668 592 132 1484 1880 788 1880 244 1328 2312 1580 1913 2056 2384 2552 2132 2560 2396 2036 2128 1548 1340 1880 884 2876 3432 2391 936 2564 1346 1098 3072 1228 1620 1114 1774 1410 1778 1064 1282 3420 2169 1233 1566 1704 1518 1738 1262 800 3096 1022 2684 998 1486 2200 1608 1632 2112 1068 1824 2124 1554 1804 
326 618 388 866 1130 800 356 492 830 568 0 658 760 1742 798 1018 1094 620 1236 892 666 964 88 1054 1510 898 1146 488 902 826 1110 1862 620 684 1278 1294 408 1644 272 548 1026 916 370 916 538 1030 1132 916 922 1044 1558 1252 1042 1184 1174 806 1012 980 1086 710 858 1644 1504 1382 912 1276 1134 708 1512 998 958 1090 1750 1180 1726 508 1298 1588 1394 798 1542 1680 988 1526 1238 1006 1496 792 1318 974 1462 1076 1584 792 1384 1044 888 1548 1970 2010 
660 1098 1305 1470 1446 1923 453 909 944 1023 658 0 944 1856 1368 1473 1208 1788 2025 1584 780 1617 855 1752 1770 1518 2136 903 1524 1962 1274 2130 1101 1197 2163 2160 1335 1758 579 662 1710 1545 726 1545 978 1716 1869 1545 1782 1737 2508 1797 1734 1947 1932 1662 1731 1716 1800 1806 1458 2712 2709 2526 1026 2085 1436 1233 2439 1492 1890 1204 1864 1674 1868 933 1412 2700 2304 1368 1656 1794 1653 1828 1352 1170 2457 1286 2148 1088 1576 1785 1698 1359 2247 1158 1503 2493 2084 2174 
612 904 372 712 1114 784 642 338 1116 262 760 944 0 2028 1084 1200 1380 1292 1082 1074 952 1250 672 1340 1942 1184 1130 774 1188 1410 856 1846 466 970 1460 1278 992 1930 558 394 1004 1202 656 1202 384 926 1418 1052 1206 1290 1454 1538 1328 1470 1460 1280 1326 1036 932 1202 704 1700 1978 1856 1198 1544 1608 994 1798 1490 1342 1376 2036 1672 2040 794 1544 1972 1708 1084 1828 1966 1274 2000 1524 1062 1810 1284 1604 1260 1748 1362 1870 1078 1670 1330 1174 1678 1816 2066 
1524 1816 1954 2064 1822 2112 1554 1690 2028 1766 1742 1856 2028 0 944 1568 2030 1290 2434 1442 1864 2162 1654 2070 2180 1296 1810 1686 2100 2052 1660 2506 1818 1866 1828 1900 1974 1790 1470 1746 1594 970 1516 1062 1736 1520 1706 1802 1412 1884 2048 1788 1616 2046 1572 1104 1150 1354 1926 1200 1698 1982 1802 1680 1782 1386 1432 1578 1728 1488 1256 1200 1860 1670 1864 1378 2138 1988 1532 1944 1758 1734 1098 1824 1528 1328 1634 1282 1892 1276 2608 1186 1846 1094 2014 1346 998 1850 2288 2348 
1160 1308 2020 2240 1126 1941 1220 1492 1084 1644 798 1368 1084 944 0 1500 1086 1088 2235 1248 920 1827 1420 2343 1434 1200 1984 1484 1734 2612 842 1708 1748 1407 1515 1752 1545 846 1052 802 1696 660 1248 236 1584 1648 2020 1968 1332 2376 2704 2296 1840 2700 1752 716 908 1316 2360 908 1904 2572 2112 1401 1086 1380 686 1323 2064 742 765 504 1164 924 1168 1364 1442 2584 1254 1578 1062 1094 603 1078 844 632 1876 536 2392 580 1716 980 1150 796 1902 650 604 1731 1592 1652 
1908 1869 2049 1588 874 816 1760 1824 772 1901 1018 1473 1200 1568 1500 0 1600 1120 1683 252 1294 2085 1860 3200 1450 1084 988 1828 2295 1844 344 1210 1568 1968 768 1005 1242 1360 1800 968 2112 1196 1996 1264 1732 2164 1728 972 516 2892 2152 2832 1908 2768 1636 1132 1376 428 2392 940 1936 1756 2528 1713 1354 1916 894 1725 2600 758 1077 772 1432 940 1402 1900 1700 2802 1605 2139 1330 1362 1005 1286 1112 240 2344 552 2460 848 2090 1516 1418 1332 2214 918 1140 2133 1860 1244 
876 1168 1306 846 1058 1388 906 1042 1380 1118 1094 1208 1380 2030 1086 1600 0 1394 1786 1474 1216 1514 1006 40 2206 1448 1842 1038 1452 1744 1692 1742 1170 410 1860 1730 1326 1696 822 1098 1576 1180 920 968 1088 756 1536 1466 1516 898 1284 1802 1592 1734 1724 1208 1304 1508 1604 1304 1408 2136 1906 1784 1462 1540 1536 1258 1882 1592 1360 1354 2014 1774 2018 1058 1152 1776 1686 1348 1912 1944 1252 1928 1694 1482 1788 1386 1668 1430 1748 1340 2000 1248 1934 1500 1152 2004 2442 2340 
2608 1857 2712 2204 1116 1656 2225 2866 1080 2060 620 1788 1292 1290 1088 1120 1394 0 2145 1302 1286 2340 2508 2916 890 1770 1604 3340 2283 2268 652 1518 1980 1740 1230 1467 1542 1154 2692 1010 2162 960 2520 1278 1816 2442 3000 1985 755 3534 3438 2845 2730 2680 1732 558 1332 1566 2448 270 1764 2372 1768 1143 1076 1360 514 1308 3066 378 507 494 1154 560 1158 1680 1432 2093 1239 1857 1052 1084 588 906 834 548 1856 172 2965 570 1902 960 1140 1164 1644 640 876 1716 1582 1532 
1527 1965 2172 1677 1634 2499 1572 1116 1522 1230 1236 2025 1082 2434 2235 1683 1786 2145 0 1494 1358 2484 1722 2619 2320 2118 2046 1770 2391 2829 1214 2080 1308 2064 2073 2310 2202 950 1446 800 2115 2202 1593 2253 1185 1998 2601 2034 1692 2544 2790 2916 2601 2814 2532 2154 2337 1626 2007 2010 1665 2622 3201 3018 1604 2742 1764 2100 3255 1628 2382 1642 2302 1810 2272 1800 1950 3327 2910 2235 2200 2232 2310 2156 1930 1110 3063 1422 3015 1666 2154 2442 2276 2226 3114 1736 2160 3126 2222 2114 
2484 1680 2727 1336 1000 1005 1885 7334 646 1649 892 1584 1074 1442 1248 252 1474 1302 1494 0 1168 1896 3216 2948 1324 1248 736 3568 2106 2096 218 1084 1316 1779 579 816 1053 1234 4644 842 2523 2041 2616 1771 1480 6229 2628 900 330 5940 3325 3225 4893 2516 1384 3665 2844 352 3210 1840 2526 1504 2276 1524 1228 1664 768 1536 4849 632 888 646 1306 814 1276 2060 1574 2550 1416 1950 1204 1236 816 1160 986 114 2092 426 2877 722 1964 1264 1292 5402 2025 792 4586 1944 1734 1118 
448 740 878 988 1454 1290 478 614 952 690 666 780 952 1864 920 1294 1216 1286 1358 1168 0 1086 578 1176 1444 1020 1536 610 1024 1316 1284 2056 742 806 1554 1114 898 1766 394 670 1148 1038 492 1038 660 1152 920 1038 1300 1166 1598 1374 830 1260 1296 1116 1162 1256 1208 1212 980 1806 1814 1692 1034 1398 1444 830 1436 1500 1268 1212 1872 1682 1664 630 1420 1808 1544 920 1466 1802 1110 1836 1360 1282 1646 1294 1106 1096 1584 1198 1706 914 1506 1166 1010 1670 1996 2172 
1119 1557 1764 1929 1752 2382 1164 1368 1250 1482 964 1617 1250 2162 1827 2085 1514 2340 2484 1896 1086 0 1314 2211 1264 1722 2448 714 1722 2421 1482 1876 1560 1656 2397 1401 1269 2064 1038 968 1521 1944 1185 2004 1437 2175 1110 1356 2094 1716 2127 2061 975 330 2136 2061 1941 2028 2259 2205 1917 2439 3000 2925 1332 1767 1702 1692 1056 1758 2028 1470 1986 1940 1484 1392 890 3033 2514 1827 734 2060 1956 2022 1618 1378 2100 1552 561 1354 1882 1731 1964 1758 2706 1424 1902 2892 1264 1992 
714 795 750 1556 1042 1068 670 1616 742 960 88 855 672 1654 1420 1860 1006 2508 1722 3216 578 1314 0 2241 1568 2430 2116 1600 1221 1476 1022 1774 1064 894 1785 1809 480 1556 736 460 2345 3612 846 3050 900 3793 3132 2070 2340 4349 5145 2910 4024 2336 2172 3600 3696 3568 3175 3600 2573 3112 3184 2205 824 2376 1222 930 5900 1086 1569 1002 1662 1268 1638 1050 1210 3196 1959 1065 1454 1592 1350 1614 1150 918 2816 880 3075 886 1374 1976 1496 3404 1944 956 3500 2190 1882 1922 
1981 1692 2841 1612 1018 2187 2041 2093 1340 2245 1054 1752 1340 2070 2343 3200 40 2916 2619 2948 1176 2211 2241 0 2166 2857 3684 2305 2118 3654 1672 1702 2349 555 2790 2535 1929 1736 1873 1058 3173 2463 2069 2223 2185 1685 2992 3056 3137 1716 2741 3662 3121 3432 3409 2544 2711 3103 3128 2736 2825 4375 3940 2736 1422 3183 1504 1827 3862 1632 2100 1394 2054 1814 2058 2224 1112 3472 2589 1962 1952 1984 1938 1968 1734 1522 3679 1426 3356 1470 1708 2783 2040 2580 2841 1540 2407 3066 2448 2300 
1438 1038 1804 1978 2006 1994 1468 1604 1942 1680 1510 1770 1942 2180 1434 1450 2206 890 2320 1324 1444 1264 1568 2166 0 1480 1692 1600 1972 2024 1542 1840 1732 1796 1562 898 1888 2044 1384 1660 1414 1210 1482 1316 1650 1704 704 1684 1192 1342 1382 1930 614 1044 1756 1076 1334 1412 1706 980 1478 1590 1774 1652 1824 1570 1404 1620 1220 1268 1228 1384 2044 1450 1448 1420 1406 1858 1716 1910 1250 1974 1282 1796 1582 1438 1818 1062 890 1318 2192 1284 1928 1136 1986 1388 1182 1892 1780 1956 
1716 1458 2775 2168 1122 1629 1775 2538 1062 1844 898 1518 1184 1296 1200 1084 1448 1770 2118 1248 1020 1722 2430 2857 1480 0 1568 2016 1884 2704 634 1500 1940 1557 1203 1440 1677 1210 1878 902 2393 978 1584 1446 1784 2460 3018 1940 1370 3552 4044 2860 2748 2692 552 1212 438 1512 3678 1500 2994 2336 2204 1470 1070 1372 732 1299 3084 788 834 500 1160 866 860 1665 1438 2576 792 1434 1058 1090 597 1124 840 530 1260 582 2980 576 1620 972 1146 1182 1971 646 894 1725 1588 1534 
2392 2232 1516 2072 1368 1557 2244 2308 1014 2385 1146 2136 1130 1810 1984 988 1842 1604 2046 736 1536 2448 2116 3684 1692 1568 0 2312 2658 1928 586 716 2052 2331 1131 1368 1605 1602 2284 1210 2596 1680 2480 1748 2216 2648 2212 1456 1000 3376 2420 3316 2392 3252 2120 1616 1860 912 2876 1424 2420 2240 3012 2076 1596 2400 1136 2088 3084 1000 1440 1014 1674 1182 1644 2384 1942 3286 1968 2502 1572 1604 1368 1528 1354 482 2828 794 2944 1090 2332 2000 1660 1816 2577 1160 1624 2496 2102 1486 
810 843 1750 1620 1276 1668 750 1962 774 1024 488 903 774 1686 1484 1828 1038 3340 1770 3568 610 714 1600 2305 1600 2016 2312 0 1269 2276 1006 1818 1128 942 1761 1905 1080 1588 972 492 1345 3647 942 3162 964 4433 3228 1070 2300 5146 4831 2245 4647 1752 1896 4401 3847 3515 3271 4833 2683 3080 3272 2271 856 1840 1266 978 5317 1322 1314 1034 1694 1504 1532 1130 1242 3260 1800 1113 1210 1624 1398 1658 1182 902 2604 1116 2537 918 1406 2040 1528 3972 1992 988 4020 2238 1740 1906 
1026 1464 1671 1836 1202 2289 1071 1275 1188 1389 902 1524 1188 2100 1734 2295 1452 2283 2391 2106 1024 1722 1221 2118 1972 1884 2658 1269 0 2328 1520 1886 1467 1563 2685 2463 1701 2002 945 906 2076 1911 1092 1911 1344 1350 2172 1911 2304 1896 2142 2415 2037 1392 2298 2028 2097 2238 2166 2172 1824 3234 3075 2892 1270 2451 1680 1599 2118 1736 2256 1448 2108 1918 2112 1299 1518 3066 2670 1734 1442 2038 2019 2072 1596 1518 2823 1530 1623 1332 1820 2151 1942 1725 2613 1402 1869 2859 1972 2522 
1952 1902 2076 3032 1780 2175 2012 2284 1480 2436 826 1962 1410 2052 2612 1844 1744 2268 2829 2096 1316 2421 1476 3654 2024 2704 1928 2276 2328 0 1266 1680 2540 2001 2151 2388 1587 1916 1844 1198 2876 2164 2040 2376 2376 3152 3524 2816 2360 3388 3996 3800 3344 3802 3256 1896 2412 2272 3472 2088 3016 3600 3292 2286 1562 2884 1276 2037 3568 1332 1650 1256 1916 1514 1920 2316 1948 3905 2382 2172 1814 1846 1731 1668 1596 1162 3380 1126 3896 1332 2112 2484 1902 2300 2787 1402 2108 2859 2344 2166 
944 1236 1228 886 1218 888 972 670 864 594 1110 1274 856 1660 842 344 1692 652 1214 218 1284 1482 1022 1672 1542 634 586 1006 1520 1266 0 1302 798 1302 604 762 920 1452 890 726 1148 690 988 724 716 1174 956 578 350 1538 1168 1508 1046 1476 910 658 780 306 1264 562 1036 970 1356 1234 1446 1050 986 1242 1392 850 810 864 1524 1032 1494 1042 1792 1440 1162 1416 1422 1454 762 1378 1204 332 1264 644 1322 940 2080 850 1510 758 1568 1010 662 1514 1952 1336 
1798 1650 1474 1752 1288 1618 1828 1574 1730 1650 1862 2130 1846 2506 1708 1210 1742 1518 2080 1084 2056 1876 1774 1702 1840 1500 716 1818 1886 1680 1302 0 1702 1332 1470 1510 1786 2318 1744 1630 1280 1536 1842 1590 1620 986 1316 1444 1216 1350 458 2354 1226 1656 1776 1524 1646 1172 2154 1428 1926 1836 2222 2100 1328 1896 1774 1532 1832 1716 1618 1710 2370 1898 2060 1732 1604 2228 2028 2270 1862 2300 1608 2244 2012 1198 2130 1510 1502 1748 2200 1696 2356 1566 2434 1818 1508 2322 2392 2202 
796 1041 1664 1004 1018 1866 864 256 906 408 620 1101 466 1818 1748 1568 1170 1980 1308 1316 742 1560 1064 2349 1732 1940 2052 1128 1467 2540 798 1702 0 1140 1566 1803 1278 1720 696 184 1588 1908 884 1984 164 1432 2416 1684 1580 2160 2488 2656 2236 2664 2492 1992 2156 1140 1260 1800 804 2468 3388 2358 984 2628 1324 1170 3168 1188 1698 1128 1788 1370 1792 1160 1334 3516 2190 1305 1614 1718 1539 1716 1310 596 3124 982 2788 1046 1534 2228 1656 1728 2184 1116 1852 2064 1514 1600 
699 1137 1344 1509 648 1632 744 948 970 1062 684 1197 970 1866 1407 1968 410 1740 2064 1779 806 1656 894 555 1796 1557 2331 942 1563 2001 1302 1332 1140 0 2358 2199 1374 1780 618 688 1749 1344 765 1578 1017 519 1908 1584 1923 1065 1311 2088 1773 1986 1971 1461 1530 1821 1839 1605 1497 2778 2508 2325 1052 1884 1134 1272 2397 1358 1689 1070 1730 1540 1734 972 964 2382 2103 1407 1628 1660 1452 1694 1372 1198 2256 1152 2187 1108 1560 1584 1716 1389 2286 1178 1302 2523 2110 2152 
1821 2058 2202 1581 1386 1584 1710 1758 1032 1797 1278 2163 1460 1828 1515 768 1860 1230 2073 579 1554 2397 1785 2790 1562 1203 1131 1761 2685 2151 604 1470 1566 2358 0 1395 1632 1620 1740 1228 1974 1287 1887 1338 1689 2013 1287 1119 777 2244 2004 2514 1422 2067 1617 1239 1422 711 2184 1095 1842 1707 2286 2103 1614 1827 1154 2115 2331 1018 1467 1032 1692 1200 1602 1815 1740 2412 1995 2529 1584 1622 1395 1546 1372 500 2148 812 1836 1108 2346 1527 1678 1389 2604 1178 1245 2523 2114 1504 
1662 1062 1359 1818 1498 1821 1707 1911 1190 2025 1294 2160 1278 1900 1752 1005 1730 1467 2310 816 1114 1401 1809 2535 898 1440 1368 1905 2463 2388 762 1510 1803 2199 1395 0 1869 1778 1581 1330 1626 1395 1728 1575 1926 1794 291 1356 1014 1248 1578 2400 426 1071 1854 1476 1581 948 2421 1332 2079 1620 2523 2340 1494 1935 1312 1935 1335 1176 1704 1104 1764 1358 938 1635 1076 2550 2154 2370 920 1694 1503 1704 1252 658 2307 970 840 988 1682 1431 1598 1209 2841 1058 1353 2343 1450 1446 
837 1275 930 1647 1362 1548 882 1086 1062 1200 408 1335 992 1974 1545 1242 1326 1542 2202 1053 898 1269 480 1929 1888 1677 1605 1080 1701 1587 920 1786 1278 1374 1632 1869 0 1876 756 780 1887 1722 903 1722 1155 1893 2046 1593 1251 1914 2478 2226 1911 1599 2091 1713 1866 1185 1977 1569 1635 2181 2760 2577 1144 2262 1470 1410 2325 1334 1941 1322 1982 1516 1958 1110 1530 2877 2439 1545 1580 1912 1830 1862 1470 816 2592 1128 1830 1206 1694 1962 1816 1536 2424 1276 1680 2670 2110 1820 
1426 1718 1856 1902 1736 1904 1456 1592 1880 1668 1644 1758 1930 1790 846 1360 1696 1154 950 1234 1766 2064 1556 1736 2044 1210 1602 1588 2002 1916 1452 2318 1720 1780 1620 1778 1876 0 1372 1648 1458 940 1426 728 1638 1434 1620 1594 1276 1798 1962 1758 1530 1960 1486 968 1064 1268 1790 1064 1562 1896 1666 1544 1696 1300 1296 1492 1642 1352 1120 1114 1774 1534 1778 1292 2052 1902 1446 1854 1672 1704 1012 1688 1454 1242 1548 1146 1806 1190 2518 1100 1760 1008 1878 1260 912 1764 2202 2262 
162 519 1210 1188 1060 1344 210 1320 558 592 272 579 558 1470 1052 1800 822 2692 1446 4644 394 1038 736 1873 1384 1878 2284 972 945 1844 890 1744 696 618 1740 1581 756 1372 0 276 1885 2894 294 2406 532 4673 2580 1610 2265 4174 4501 2450 4266 1968 1804 5069 4266 3448 2623 4495 2123 3052 2840 1947 640 2008 1050 654 5164 1106 1311 818 1478 1288 1482 590 1026 2828 1725 789 1270 1408 1074 1442 966 888 2504 900 2615 702 1190 1608 1312 4760 1668 772 4664 1914 1698 1892 
330 622 760 430 946 1172 360 56 834 132 548 662 394 1746 802 968 1098 1010 800 842 670 968 460 1058 1660 902 1210 492 906 1198 726 1630 184 688 1228 1330 780 1648 276 0 722 920 374 920 102 644 1136 770 974 1008 1172 1256 1046 1188 1178 998 1044 754 650 920 422 1418 1696 1574 916 1262 1326 712 1516 1208 1060 1094 1754 1390 1758 512 1262 1690 1426 802 1546 1684 992 1718 1242 780 1528 1002 1322 978 1466 1080 1588 796 1388 1048 892 1396 1534 1784 
2020 1650 3095 2080 1420 2400 2095 1665 1312 1484 1026 1710 1004 1594 1696 2112 1576 2162 2115 2523 1148 1521 2345 3173 1414 2393 2596 1345 2076 2876 1148 1280 1588 1749 1974 1626 1887 1458 1885 722 0 1947 2130 2159 1424 2863 2225 2415 2325 3727 2055 3590 2000 2460 2340 1718 2174 2586 3150 1937 2580 3160 2376 1599 1380 1968 818 1764 3271 874 507 798 1458 1056 1462 2447 1592 2989 1695 1920 1314 1388 1044 1210 1138 926 2464 668 2690 874 1944 1568 1444 2021 2100 944 1877 2172 1844 1946 
1924 1485 2820 2280 852 1713 1820 3774 1118 1880 916 1545 1202 970 660 1196 1180 960 2202 2041 1038 1944 3612 2463 1210 978 1680 3647 1911 2164 690 1536 1908 1344 1287 1395 1722 940 2894 920 1947 0 1792 742 1820 2200 2208 2080 1105 3656 3773 2045 2584 2152 1204 536 720 1953 2868 920 2184 2024 1664 1065 812 832 462 912 3032 518 429 230 890 700 894 1020 1168 2036 843 1461 788 764 192 854 558 358 1328 312 2305 306 1638 432 876 496 1566 376 112 1320 1318 1378 
132 666 1455 1384 1158 1491 455 954 656 788 370 726 656 1516 1248 1996 920 2520 1593 2616 492 1185 846 2069 1482 1584 2480 942 1092 2040 988 1842 884 765 1887 1728 903 1426 294 374 2130 1792 0 2094 728 2568 2874 1855 2330 2295 4152 2695 2604 2164 1608 2026 2012 2665 2917 2314 2319 3004 2644 1800 542 1812 952 507 3592 1008 1164 720 1380 1190 1384 345 928 2632 1578 642 1172 1310 927 1344 868 848 2308 802 2860 604 1092 1412 1214 1516 1521 674 1708 1767 1702 1868 
2116 1485 2820 2348 1008 1764 1820 3176 1152 1880 916 1545 1202 1062 236 1264 968 1278 2253 1771 1038 2004 3050 2223 1316 1446 1748 3162 1911 2376 724 1590 1984 1578 1338 1575 1722 728 2406 920 2159 742 2094 0 1820 2471 2676 2165 1370 3745 4319 2575 2807 2464 1516 840 1176 1944 3186 1176 2502 2336 1876 1224 968 1144 568 1146 3199 624 588 386 1046 806 1050 1410 1324 2348 1077 1689 944 976 426 960 726 514 1640 418 2695 462 1790 744 1032 980 1725 532 644 1554 1474 1534 
640 918 1500 840 936 1743 700 92 824 244 538 978 384 1736 1584 1732 1088 1816 1185 1480 660 1437 900 2185 1650 1784 2216 964 1344 2376 716 1620 164 1017 1689 1926 1155 1638 532 102 1424 1820 728 1820 0 1268 2252 1520 1744 1996 2324 2492 2072 2500 2336 1828 2068 1304 1096 1636 640 2632 3224 2235 906 2504 1242 1053 3012 1106 1575 1084 1744 1288 1748 1004 1252 3360 2124 1188 1536 1674 1473 1634 1232 678 3036 900 2624 968 1456 2140 1578 1572 2067 1038 1764 1941 1432 1682 
2436 1656 2907 1924 302 1445 2105 3822 1316 1328 1030 1716 926 1520 1648 2164 756 2442 1998 6229 1152 2175 3793 1685 1704 2460 2648 4433 1350 3152 1174 986 1432 519 2013 1794 1893 1434 4673 644 2863 2200 2568 2471 1268 0 3006 3255 2340 1638 1848 3420 5475 2693 2192 4082 3370 3472 3680 3620 2996 3012 2652 1806 1268 1820 788 1596 5008 1012 1170 724 1384 1194 1388 2160 618 2484 1584 1926 1282 1314 933 1348 1026 852 2316 806 3069 762 1214 1420 1370 3770 2307 832 3393 2004 1812 1806 
2742 771 2872 2812 1304 2112 2360 3240 1384 2312 1132 1869 1418 1706 2020 1728 1536 3000 2601 2628 920 1110 3132 2992 704 3018 2212 3228 2172 3524 956 1316 2416 1908 1287 291 2046 1620 2580 1136 2225 2208 2874 2676 2252 3006 0 2948 2301 1914 2574 3515 270 1040 2564 2442 2580 2716 4722 2730 4224 1772 3024 2085 1300 2192 1142 1644 2088 1198 1449 910 1570 1380 744 2240 882 3012 1863 2079 726 1500 1212 1534 1058 852 2688 992 915 794 1488 1520 1404 1836 2586 864 2124 2052 1256 1252 
1745 1485 2820 2056 1360 1545 1820 1785 1006 1580 916 1545 1052 1802 1968 972 1466 1985 2034 900 1038 1356 2070 3056 1684 1940 1456 1070 1911 2816 578 1444 1684 1584 1119 1356 1593 1594 1610 770 2415 2080 1855 2165 1520 3255 2948 0 1230 3540 3275 3315 3083 2411 2104 2000 2305 1120 2890 1760 2320 2224 2996 2064 1284 984 1128 1620 2983 992 1428 1006 1666 1174 1636 2200 1670 3270 1956 1755 936 1596 1356 1520 1346 474 2812 786 3213 1082 1834 1984 1652 2250 2565 1152 2010 2484 1526 1478 
2400 1878 3057 1600 1132 1203 2215 2345 778 1913 922 1782 1206 1412 1332 516 1516 755 1692 330 1300 2094 2340 3137 1192 1370 1000 2300 2304 2360 350 1216 1580 1923 777 1014 1251 1276 2265 974 2325 1105 2330 1370 1744 2340 2301 1230 0 3250 2110 3150 2436 2780 1648 770 1415 550 2345 530 1775 1768 2012 1326 1198 1604 636 1491 2860 500 690 616 1276 682 1280 1985 1554 2337 1422 2040 1174 1206 771 1028 956 246 2100 294 3126 692 2024 1204 1262 1275 1827 762 1035 1899 1704 1250 
2383 1677 3140 2652 666 1830 2140 4284 1330 2056 1044 1737 1290 1884 2376 2892 898 3534 2544 5940 1166 1716 4349 1716 1342 3552 3376 5146 1896 3388 1538 1350 2160 1065 2244 1248 1914 1798 4174 1008 3727 3656 2295 3745 1996 1638 1914 3540 3250 0 3122 4035 3594 1965 2920 4464 4671 4928 4756 4896 4088 3048 3380 2352 940 2548 1152 1104 5191 1376 1716 1088 1748 1558 1382 1340 254 1756 2130 1653 1130 1678 1479 1712 1266 1216 3044 1170 2159 1002 850 2148 1612 3812 2532 1072 3987 2364 1660 1442 
4020 1788 4227 2980 830 1970 3425 3906 1596 2384 1558 2508 1454 2048 2704 2152 1284 3438 2790 3325 1598 2127 5145 2741 1382 4044 2420 4831 2142 3996 1168 458 2488 1311 2004 1578 2478 1962 4501 1172 2055 3773 4152 4319 2324 1848 2574 3275 2110 3122 0 4740 2688 2396 3248 4034 4207 3633 5166 3794 4482 3404 3700 2592 870 2876 1316 1870 5012 1344 1740 1252 1912 1526 1602 3362 1146 3540 2376 2718 1404 1842 1725 1872 1554 1064 3372 1138 2610 1290 1742 2476 1898 3878 3093 1360 3675 2796 1934 2068 
2585 1989 3660 3148 1670 2814 2240 3000 1538 2552 1252 1797 1538 1788 2296 2832 1802 2845 2916 3225 1374 2061 2910 3662 1930 2860 3316 2245 2415 3800 1508 2354 2656 2088 2514 2400 2226 1758 2450 1256 3590 2045 2695 2575 2492 3420 3515 3315 3150 4035 4740 0 3290 3264 2840 2380 2495 3005 4390 2620 3865 3660 3300 2292 1482 2468 1280 1917 3785 1336 1656 1048 1708 1518 1712 2695 1868 3376 2070 2259 1544 1582 1404 1672 1240 1176 2964 1130 3980 976 2170 2068 1586 1985 2793 1046 2115 2325 2074 2196 
2472 636 3007 2728 1394 2247 2135 5366 1328 2132 1042 1734 1328 1616 1840 1908 1592 2730 2601 4893 830 975 4024 3121 614 2748 2392 4647 2037 3344 1046 1226 2236 1773 1422 426 1911 1530 4266 1046 2000 2584 2604 2807 2072 5475 270 3083 2436 3594 2688 3290 0 860 2384 3620 3850 3780 4452 4100 3954 1952 2844 1950 1210 2012 1052 1509 3060 1108 1314 820 1480 1290 834 2015 792 2832 1728 1944 636 1410 1077 1444 968 942 2508 902 690 704 1578 1340 1314 2610 2451 774 3090 1917 1166 1342 
2076 1281 2904 3156 1590 2712 2136 2408 1470 2560 1184 1947 1470 2046 2700 2768 1734 2680 2814 2516 1260 330 2336 3432 1044 2692 3252 1752 1392 3802 1476 1656 2664 1986 2067 1071 1599 1960 1968 1188 2460 2152 2164 2464 2500 2693 1040 2411 2780 1965 2396 3264 860 0 3244 2308 2400 2692 3546 2500 3121 2812 3560 2595 1552 2155 1482 2022 968 1538 1959 1250 1766 1720 1264 2340 670 3626 2373 2157 514 1840 1626 1802 1398 1372 2360 1332 308 1134 1774 1868 1744 1904 3036 1204 2096 2562 1044 1772 
1696 1872 2772 2720 1398 2043 1972 2244 1338 2396 1174 1932 1460 1572 1752 1636 1724 1732 2532 1384 1296 2136 2172 3409 1756 552 2120 1896 2298 3256 910 1776 2492 1971 1617 1854 2091 1486 1804 1178 2340 1204 1608 1516 2336 2192 2564 2104 1648 2920 3248 2840 2384 3244 0 1360 844 1560 3004 1552 2548 2888 2756 1884 1346 1924 1008 1713 2608 1064 1248 776 1436 1142 1136 1884 1714 3128 1206 1848 1334 1366 1011 1400 1116 806 1812 858 2936 852 1896 1524 1422 1340 2385 922 1148 2139 1864 1810 
2139 1602 2991 2216 930 1665 2015 7515 1086 2036 806 1662 1280 1104 716 1132 1208 558 2154 3665 1116 2061 3600 2544 1076 1212 1616 4401 2028 1896 658 1524 1992 1461 1239 1476 1713 968 5069 998 1718 536 2026 840 1828 4082 2442 2000 770 4464 4034 2380 3620 2308 1360 0 1290 1947 2466 480 1782 2180 1396 864 890 988 328 1029 3344 384 228 308 968 566 972 1215 1246 2009 960 1578 866 898 309 720 648 436 1484 178 2500 384 1716 588 954 1515 1365 454 795 1437 1396 1456 
2144 1671 3060 2460 976 1848 2130 5166 1208 2128 1012 1731 1326 1150 908 1376 1304 1332 2337 2844 1162 1941 3696 2711 1334 438 1860 3847 2097 2412 780 1646 2156 1530 1422 1581 1866 1064 4266 1044 2174 720 2012 1176 2068 3370 2580 2305 1415 4671 4207 2495 3850 2400 844 1290 0 2245 3240 1770 2556 2272 1912 1251 936 1080 586 1098 3528 642 615 354 1014 720 714 1330 1292 2284 573 1647 912 944 378 978 694 482 968 436 2615 430 1762 680 1000 1240 1752 500 760 1506 1442 1502 
2748 1812 2947 1512 1088 1137 2105 2992 734 1548 980 1716 1036 1354 1316 428 1508 1566 1626 352 1256 2028 3568 3103 1412 1512 912 3515 2238 2272 306 1172 1140 1821 711 948 1185 1268 3448 754 2586 1953 2665 1944 1304 3472 2716 1120 550 4928 3633 3005 3780 2692 1560 1947 2245 0 3474 1768 2790 1328 2320 1557 1140 1488 790 1404 4761 720 921 558 1218 902 1222 1840 1486 2638 1335 1953 1116 1148 684 1182 898 26 1984 514 3009 634 1966 1088 1204 2225 2058 704 1841 1812 1646 1030 
2785 1740 3245 1516 1484 2565 2245 1963 1372 1340 1086 1800 932 1926 2360 2392 1604 2448 2007 3210 1208 2259 3175 3128 1706 3678 2876 3271 2166 3472 1264 2154 1260 1839 2184 2421 1977 1790 2623 650 3150 2868 2917 3186 1096 3680 4722 2890 2345 4756 5166 4390 4452 3546 3004 2466 3240 3474 0 2178 684 3644 3040 2097 1454 2632 1150 1875 4546 1014 1461 1130 1790 1196 1794 2625 1800 3334 2193 2010 1474 1720 1542 1542 1408 1184 3128 808 4400 1144 2004 2232 1754 2886 2598 1214 2784 1803 884 2168 
2427 1746 2847 2024 1026 1521 2255 4755 990 1880 710 1806 1202 1200 908 940 1304 270 2010 1840 1212 2205 3600 2736 980 1500 1424 4833 2172 2088 562 1428 1800 1605 1095 1332 1569 1064 4495 920 1937 920 2314 1176 1636 3620 2730 1760 530 4896 3794 2620 4100 2500 1552 480 1770 1768 2178 0 1494 2192 1588 1008 986 1180 424 1173 3728 288 372 404 1064 470 1068 1455 1342 1913 1104 1722 962 994 453 816 744 458 1676 82 2740 480 1812 780 1050 1490 1509 550 1010 1581 1492 1442 
2231 1398 2675 1480 1256 2223 1675 1507 1144 884 858 1458 704 1698 1904 1936 1408 1764 1665 2526 980 1917 2573 2825 1478 2994 2420 2683 1824 3016 1036 1926 804 1497 1842 2079 1635 1562 2123 422 2580 2184 2319 2502 640 2996 4224 2320 1775 4088 4482 3865 3954 3121 2548 1782 2556 2790 684 1494 0 3188 2584 1755 1226 2176 922 1533 4290 786 1119 902 1562 968 1566 2055 1572 2909 1851 1668 1460 1492 1200 1314 1242 956 2672 580 3985 978 1776 1776 1548 2388 2256 1048 2100 1461 1112 1940 
3092 2100 3679 2840 1752 2133 3012 2724 1398 2876 1644 2712 1700 1982 2572 1756 2136 2372 2622 1504 1806 2439 3112 4375 1590 2336 2240 3080 3234 3600 970 1836 2468 2778 1707 1620 2181 1896 3052 1418 3160 2024 3004 2336 2632 3012 1772 2224 1768 3048 3404 3660 1952 2812 2888 2180 2272 1328 3644 2192 3188 0 3576 2499 1768 2744 1418 2346 3164 1384 1863 1186 1846 1566 1630 2728 1768 2382 2277 2895 1612 1776 1626 1810 1526 690 3240 1178 2504 1262 2374 2344 1832 2160 3000 1332 1968 2754 2142 366 
2732 2649 3784 3612 1628 2712 3008 3280 1784 3432 1504 2709 1978 1802 2112 2528 1906 1768 3201 2276 1814 3000 3184 3940 1774 2204 3012 3272 3075 3292 1356 2222 3388 2508 2286 2523 2760 1666 2840 1696 2376 1664 2644 1876 3224 2652 3024 2996 2012 3380 3700 3300 2844 3560 2756 1396 1912 2320 3040 1588 2584 3576 0 1911 1588 2384 1026 2076 2592 1082 1275 1006 1186 1264 1670 2368 1944 3405 2007 2625 1326 406 1356 22 1346 1134 1200 876 3252 1082 2414 1984 1652 1800 2412 1152 1608 2484 1856 2154 
1866 2466 2655 2526 1506 2529 2073 2277 1662 2391 1382 2526 1856 1680 1401 1713 1784 1143 3018 1524 1692 2925 2205 2736 1652 1470 2076 2271 2892 2286 1234 2100 2358 2325 2103 2340 2577 1544 1947 1574 1599 1065 1800 1224 2235 1806 2085 2064 1326 2352 2592 2292 1950 2595 1884 864 1251 1557 2097 1008 1755 2499 1911 0 1466 1605 904 1893 2118 960 1092 884 1544 1142 1548 1593 1822 2325 1824 2442 1442 1474 1173 1296 1224 1012 1977 754 2364 960 2292 1305 1530 1167 2229 1030 1023 2301 1972 2032 
586 986 1124 1234 1570 1536 724 860 1198 936 912 1026 1198 1782 1086 1354 1462 1076 1604 1228 1034 1332 824 1422 1824 1070 1596 856 1270 1562 1446 1328 984 1052 1614 1494 1144 1696 640 916 1380 812 542 968 906 1268 1300 1284 1198 940 870 1482 1210 1552 1346 890 936 1140 1454 986 1226 1768 1588 1466 0 1172 1218 204 1146 1274 1042 986 1646 1456 1650 404 1194 1582 1318 970 1176 1576 884 1610 1134 1114 1420 1068 1476 870 1634 972 1480 688 1556 940 784 1444 1706 2134 
1900 2025 2976 3000 1212 2253 2176 2412 1478 2564 1276 2085 1544 1386 1380 1916 1540 1360 2742 1664 1398 1767 2376 3183 1570 1372 2400 1840 2451 2884 1050 1896 2628 1884 1827 1935 2262 1300 2008 1262 1968 832 1812 1144 2504 1820 2192 984 1604 2548 2876 2468 2012 2155 1924 988 1080 1488 2632 1180 2176 2744 2384 1605 1172 0 822 1452 1270 878 969 590 1250 1060 1254 1536 1320 2756 1383 2001 444 1180 732 1214 930 718 2048 672 1847 666 1998 1152 1236 968 2106 736 776 1860 1034 1738 
996 1396 1522 1436 1090 1420 1134 1270 1414 1346 1134 1436 1608 1432 686 894 1536 514 1764 768 1444 1702 1222 1504 1404 732 1136 1266 1680 1276 986 1774 1324 1134 1154 1312 1470 1296 1050 1326 818 462 952 568 1242 788 1142 1128 636 1152 1316 1280 1052 1482 1008 328 586 790 1150 424 922 1418 1026 904 1218 822 0 1014 1164 712 480 636 1296 894 1300 814 1406 1302 968 1380 1194 1226 534 1048 976 764 1070 506 1328 712 2002 622 1282 530 1238 782 434 1286 1724 1784 
573 1173 1380 1545 1366 1998 780 984 994 1098 708 1233 994 1578 1323 1725 1258 1308 2100 1536 830 1692 930 1827 1620 1299 2088 978 1599 2037 1242 1532 1170 1272 2115 1935 1410 1492 654 712 1764 912 507 1146 1053 1596 1644 1620 1491 1104 1870 1917 1509 2022 1713 1029 1098 1404 1875 1173 1533 2346 2076 1893 204 1452 1014 0 1413 1070 1257 782 1442 1252 1446 300 990 2067 1671 1149 972 1372 1020 1406 930 910 1824 864 1908 666 1430 1152 1276 726 2028 736 870 1860 1502 1930 
3680 1545 4310 3668 1554 2766 3310 6044 1798 3072 1512 2439 1798 1728 2064 2600 1882 3066 3255 4849 1436 1056 5900 3862 1220 3084 3084 5317 2118 3568 1392 1832 3168 2397 2331 1335 2325 1642 5164 1516 3271 3032 3592 3199 3012 5008 2088 2983 2860 5191 5012 3785 3060 968 2608 3344 3528 4761 4546 3728 4290 3164 2592 2118 1146 1270 1164 1413 0 1220 1419 932 1282 1402 1440 2510 846 3228 1896 2355 30 1522 1245 1318 1166 1060 1392 1014 825 902 1950 1836 1512 2880 2619 972 2920 2214 560 1948 
1052 1452 1386 1300 1314 1302 1190 1152 1278 1228 998 1492 1490 1488 742 758 1592 378 1628 632 1500 1758 1086 1632 1268 788 1000 1322 1736 1332 850 1716 1188 1358 1018 1176 1334 1352 1106 1208 874 518 1008 624 1106 1012 1198 992 500 1376 1344 1336 1108 1538 1064 384 642 720 1014 288 786 1384 1082 960 1274 878 712 1070 1220 0 536 692 1352 758 1356 870 1630 590 1024 1436 1250 1282 590 1104 1032 746 1126 370 1384 768 2100 678 1338 586 1294 838 490 1342 1780 1154 
1230 1830 2019 1890 1082 1893 1437 1506 1238 1620 958 1890 1342 1256 765 1077 1360 507 2382 888 1268 2028 1569 2100 1228 834 1440 1314 2256 1650 810 1618 1698 1689 1467 1704 1941 1120 1311 1060 507 429 1164 588 1575 1170 1449 1428 690 1716 1740 1656 1314 1959 1248 228 615 921 1461 372 1119 1863 1275 1092 1042 969 480 1257 1419 536 0 460 1120 718 1124 957 1398 1689 1188 1806 976 1050 537 872 800 588 1341 330 1728 536 1868 669 1106 531 1593 606 387 1665 1506 1608 
764 1164 1302 1314 1026 1316 902 1038 1292 1114 1090 1204 1376 1200 504 772 1354 494 1642 646 1212 1470 1002 1394 1384 500 1014 1034 1448 1256 864 1710 1128 1070 1032 1104 1322 1114 818 1094 798 230 720 386 1084 724 910 1006 616 1088 1252 1048 820 1250 776 308 354 558 1130 404 902 1186 1006 884 986 590 636 782 932 692 460 0 1064 874 1068 582 1342 1192 736 1148 962 994 302 1028 744 532 838 486 1096 480 1812 390 1050 298 1218 550 202 1054 1492 1552 
1424 1824 1962 1974 1686 1976 1562 1698 1952 1774 1750 1864 2036 1860 1164 1432 2014 1154 2302 1306 1872 1986 1662 2054 2044 1160 1674 1694 2108 1916 1524 2370 1788 1730 1692 1764 1982 1774 1478 1754 1458 890 1380 1046 1744 1384 1570 1666 1276 1748 1912 1708 1480 1766 1436 968 1014 1218 1790 1064 1562 1846 1186 1544 1646 1250 1296 1442 1282 1352 1120 1064 0 1534 1728 1242 2002 1852 1396 1808 1312 1592 962 1208 1404 1192 586 1146 1612 1140 2472 1050 1710 958 1878 1210 862 1714 1842 2212 
1234 1634 1568 1482 1496 1484 1372 1334 1460 1410 1180 1674 1672 1670 924 940 1774 560 1810 814 1682 1940 1268 1814 1450 866 1182 1504 1918 1514 1032 1898 1370 1540 1200 1358 1516 1534 1288 1390 1056 700 1190 806 1288 1194 1380 1174 682 1558 1526 1518 1290 1720 1142 566 720 902 1196 470 968 1566 1264 1142 1456 1060 894 1252 1402 758 718 874 1534 0 1434 1052 1812 1348 1102 1618 1432 1464 772 1286 1214 928 1204 552 1566 950 2282 860 1520 768 1476 1020 672 1524 1962 1912 
1428 1258 1844 1944 1690 1946 1566 1702 1922 1778 1726 1868 2040 1864 1168 1402 2018 1158 2272 1276 1664 1484 1638 2058 1448 860 1644 1532 2112 1920 1494 2060 1792 1734 1602 938 1958 1778 1482 1758 1462 894 1384 1050 1748 1388 744 1636 1280 1382 1602 1712 834 1264 1136 972 714 1222 1794 1068 1566 1630 1670 1548 1650 1254 1300 1446 1440 1356 1124 1068 1728 1434 0 1246 1626 1856 1096 1812 1470 1658 966 1692 1408 1196 1198 1150 1110 1144 2232 1054 1714 962 1882 1214 866 1718 2000 1996 
455 873 1800 1660 1166 1698 800 1140 794 1064 508 933 794 1378 1364 1900 1058 1680 1800 2060 630 1392 1050 2224 1420 1665 2384 1130 1299 2316 1042 1732 1160 972 1815 1635 1110 1292 590 512 2447 1020 345 1410 1004 2160 2240 2200 1985 1340 3362 2695 2015 2340 1884 1215 1330 1840 2625 1455 2055 2728 2368 1593 404 1536 814 300 2510 870 957 582 1242 1052 1246 0 790 2356 1371 849 1034 1172 720 1206 730 710 2032 664 2705 466 1230 1136 1076 710 1728 536 950 1560 1564 1730 
972 1216 1510 1580 920 1250 1110 1206 1584 1282 1298 1412 1544 2138 1442 1700 1152 1432 1950 1574 1420 890 1210 1112 1406 1438 1942 1242 1518 1948 1792 1604 1334 964 1740 1076 1530 2052 1026 1262 1592 1168 928 1324 1252 618 882 1670 1554 254 1146 1868 792 670 1714 1246 1292 1486 1800 1342 1572 1768 1944 1822 1194 1320 1406 990 846 1630 1398 1342 2002 1812 1626 790 0 1132 1674 1356 876 1932 1240 1966 1520 1470 1542 1424 516 1256 1104 1328 1866 1074 1942 1326 1140 1830 1406 1696 
2720 2640 3796 3839 1544 2820 2996 3268 1868 3420 1588 2700 1972 1988 2584 2802 1776 2093 3327 2550 1808 3033 3196 3472 1858 2576 3286 3260 3066 3905 1440 2228 3516 2382 2412 2550 2877 1902 2828 1690 2989 2036 2632 2348 3360 2484 3012 3270 2337 1756 3540 3376 2832 3626 3128 2009 2284 2638 3334 1913 2909 2382 3405 2325 1582 2756 1302 2067 3228 590 1689 1192 1852 1348 1856 2356 1132 0 2286 2616 1644 1782 1635 1694 1340 1320 3252 960 3318 1076 1728 2356 1686 1788 2826 1146 1980 2475 2174 564 
1644 2244 2409 2418 1358 2421 1851 2055 1590 2169 1394 2304 1708 1532 1254 1605 1686 1239 2910 1416 1544 2514 1959 2589 1716 792 1968 1800 2670 2382 1162 2028 2190 2103 1995 2154 2439 1446 1725 1426 1695 843 1578 1077 2124 1584 1863 1956 1422 2130 2376 2070 1728 2373 1206 960 573 1335 2193 1104 1851 2277 2007 1824 1318 1383 968 1671 1896 1024 1188 736 1396 1102 1096 1371 1674 2286 0 2220 1294 1326 951 1360 1076 864 1299 818 2142 812 2144 1083 1382 945 2325 882 801 2079 1824 1884 
708 1308 1515 1680 1586 2133 915 1119 1084 1233 798 1368 1084 1944 1578 2139 1348 1857 2235 1950 920 1827 1065 1962 1910 1434 2502 1113 1734 2172 1416 2270 1305 1407 2529 2370 1545 1854 789 802 1920 1461 642 1689 1188 1926 2079 1755 2040 1653 2718 2259 1944 2157 1848 1578 1647 1953 2010 1722 1668 2895 2625 2442 970 2001 1380 1149 2355 1436 1806 1148 1808 1618 1812 849 1356 2616 2220 0 1600 1738 1569 1772 1296 1276 2373 1230 2358 1032 664 1701 1642 1275 879 1102 1419 2175 2130 2296 
1216 1060 1754 1864 1584 1874 1354 1490 1828 1566 1542 1656 1828 1758 1062 1330 1912 1052 2200 1204 1466 734 1454 1952 1250 1058 1572 1210 1442 1814 1422 1862 1614 1628 1584 920 1580 1672 1270 1546 1314 788 1172 944 1536 1282 726 936 1174 1130 1404 1544 636 514 1334 866 912 1116 1474 962 1460 1612 1326 1442 1176 444 1194 972 30 1250 976 962 1312 1432 1470 1034 876 1644 1294 1600 0 1552 860 1348 1196 1090 726 1044 360 932 1980 948 1542 750 1776 1002 760 1506 590 1978 
1354 1754 1892 1904 1616 1906 1492 1628 1882 1704 1680 1794 1966 1734 1094 1362 1944 1084 2232 1236 1802 2060 1592 1984 1974 1090 1604 1624 2038 1846 1454 2300 1718 1660 1622 1694 1912 1704 1408 1684 1388 764 1310 976 1674 1314 1500 1596 1206 1678 1842 1582 1410 1840 1366 898 944 1148 1720 994 1492 1776 406 1474 1576 1180 1226 1372 1522 1282 1050 994 1592 1464 1658 1172 1932 1782 1326 1738 1552 0 892 428 1322 1122 1006 1076 1686 1070 2402 980 1640 888 1808 1140 792 1644 2082 2142 
993 1593 1800 1818 924 1821 1200 1404 1190 1518 988 1653 1274 1098 603 1005 1252 588 2310 816 1110 1956 1350 1938 1282 597 1368 1398 2019 1731 762 1608 1539 1452 1395 1503 1830 1012 1074 992 1044 192 927 426 1473 933 1212 1356 771 1479 1725 1404 1077 1626 1011 309 378 684 1542 453 1200 1626 1356 1173 884 732 534 1020 1245 590 537 302 962 772 966 720 1240 1635 951 1569 860 892 0 926 642 430 1104 384 1395 378 1710 432 948 294 1674 448 150 1428 1390 1450 
