0 1.41653 4.22371 3.14226 1.31787 2.18319 4.08564 2.94935 1.12629 2.96291 0.905064 1.99819 0.863349 1.54589 3.27996 3.71797 1.29687 5.12561 2.75017 3.87978 1.10249 2.04492 5.15642 3.31589 1.59599 4.62768 4.0887 3.63723 2.44538 3.73021 1.07952 1.91856 1.93974 1.94284 2.45902 2.09744 2.10332 1.72218 3.37443 1.08749 3.70963 5.93667 4.85741 4.70137 1.76911 4.39009 6.16074 3.47985 4.27247 5.17345 5.44735 4.29424 4.32318 2.99348 3.66252 4.65329 5.42754 4.45817 5.63286 4.42862 5.47858 3.85194 4.04846 2.8191 1.40224 3.17648 1.30348 2.64037 5.70891 1.6409 2.22853 1.6155 1.77009 1.47565 1.54697 4.34509 1.29746 4.19172 2.75933 2.95796 1.43024 1.70438 2.38748 1.53447 1.19484 0.920904 4.21087 1.12828 4.18774 1.16388 1.58559 3.13153 1.49799 4.49562 2.77928 1.32228 4.02418 2.72315 1.75292 1.93931 
1.41653 0 1.88555 2.41418 1.53873 2.50155 2.13811 1.48657 1.40301 2.11217 1.28984 2.31516 1.07746 1.93067 2.02439 2.68601 1.68513 2.07621 3.13848 1.88733 0.998087 2.15066 2.10163 2.46791 1.58547 2.0202 2.86581 1.65547 2.43107 2.90893 1.31166 1.93123 1.72666 2.34551 2.68303 2.19641 2.43915 2.01299 1.29024 1.3016 1.8024 2.52383 1.4265 1.92565 1.64471 1.91217 2.20692 1.96691 2.41119 1.91972 2.39175 2.50999 1.86599 2.25406 2.72614 1.97978 2.13025 1.96105 2.31966 2.02839 2.23903 2.66426 3.19398 3.2121 1.52795 2.34178 1.68826 2.78248 2.45856 1.94598 2.41123 2.00028 2.05152 1.7825 1.54697 1.95814 1.29746 3.077 3.15233 3.30307 1.43222 2.08916 2.72559 1.91925 1.47449 1.30568 3.10417 1.51306 2.22669 1.54866 1.77311 2.26717 1.77765 1.78754 3.17146 1.62715 1.94473 2.99242 1.82034 2.04904 
4.22371 1.88555 0 3.75872 1.14644 2.04633 5.10657 3.5988 1.38842 2.67232 1.2659 2.22516 0.709758 2.24364 3.90074 3.23948 1.92974 4.69249 3.17514 3.11163 1.45194 2.4706 4.02952 4.0406 1.85416 4.21597 3.61249 4.06722 2.8085 3.62682 1.26794 1.75572 2.98593 2.27923 2.70412 2.03918 2.44169 2.13445 3.54596 1.31997 4.5378 5.42536 4.11442 4.13394 2.9239 3.89251 4.91894 4.80213 4.87657 4.74455 4.83825 5.52871 4.44968 4.08609 4.4736 4.3943 4.80734 4.10989 5.3599 3.84012 5.00887 4.59199 4.86553 3.49604 1.78832 4.07035 1.68174 3.1599 5.35882 2.1072 2.90851 2.17923 2.34526 1.92585 1.89436 5.03716 1.75131 4.71716 3.42867 3.50737 1.88607 2.26811 3.21869 2.0982 1.78747 1.3186 5.02127 1.58676 5.16091 1.54995 1.97166 4.09012 2.09062 4.04199 3.48157 1.88601 4.00805 3.4536 2.24208 2.33701 
3.14226 2.41418 3.75872 0 1.46834 2.4969 3.58364 2.54855 1.23471 3.5472 1.29735 2.51933 1.41986 2.08992 4.31953 4.45945 1.49619 3.70976 3.14032 2.99398 1.65934 3.16096 3.46186 3.77036 1.98827 3.39032 4.7899 3.24194 3.25598 4.63073 0.967337 1.8535 2.95237 2.07976 2.95592 2.85106 2.80228 1.98761 2.7094 1.39386 3.88131 4.11826 3.12583 3.02917 2.60583 3.1636 4.12403 3.13672 3.63537 3.69204 4.04071 4.38244 3.83861 4.7027 4.6182 3.11953 3.84031 3.12556 3.29904 3.04188 3.16256 4.95846 4.9147 3.35627 1.86464 4.34254 1.5974 3.43812 4.32841 1.95348 2.89839 2.02552 2.19154 1.78823 2.07355 3.4867 1.93761 4.63832 3.2965 3.45951 1.90883 2.11439 3.50616 1.94448 1.63375 1.16488 5.294 1.44086 4.20642 1.60961 2.1538 4.53675 1.93691 3.07833 3.28075 1.73229 3.01075 3.25352 2.02125 2.18329 
1.31787 1.53873 1.14644 1.46834 0 1.13094 1.45294 1.17103 1.63549 1.1736 1.43682 1.65444 1.1736 2.19878 1.44289 1.13094 1.77094 1.43682 1.81761 1.13094 1.92632 1.86976 1.14644 1.74951 2.17085 1.27078 1.56559 1.46133 1.53246 1.83175 1.39271 1.68992 1.34138 1.14644 1.73696 1.52409 1.63675 2.34461 1.14644 1.31997 1.70512 1.2778 1.31787 1.26015 1.32462 1.13094 1.52409 1.48518 1.1889 1.33643 1.39203 1.9426 1.61824 1.86976 1.57029 1.1889 1.27078 1.13094 1.94603 1.1889 1.55367 1.78234 1.91574 1.97995 1.78832 1.53564 1.43382 1.78832 1.8912 1.88719 1.70512 1.99677 2.1628 1.75949 2.08912 1.31787 1.77403 1.88719 1.88231 1.97166 1.93452 2.08565 1.95972 1.91574 1.68281 1.13614 2.10372 1.41212 1.77403 1.44603 1.97166 1.58438 1.98596 1.21394 2.09509 1.78135 1.13614 2.21672 2.52426 2.11701 
2.18319 2.50155 2.04633 2.4969 1.13094 0 2.37653 1.90137 1.38842 1.91712 1.2659 2.48004 1.1736 2.19878 2.37226 2.26583 1.77094 2.3584 3.27687 1.89086 1.81306 2.98055 1.88507 2.84405 2.10926 2.03565 2.27597 2.19238 2.96322 2.56563 1.26794 1.68992 2.0182 2.40557 2.92374 2.18407 2.67198 2.34461 1.87006 1.31997 2.57637 2.49234 2.12681 2.03264 2.03142 1.96081 2.40427 2.25845 2.2696 2.35732 2.56676 2.928 2.45324 2.99029 2.76677 2.08235 2.09084 2.04139 2.99509 1.94581 2.6005 2.98258 3.27671 3.2968 1.78832 2.75568 1.43382 3.18441 2.99741 1.88719 3.0493 1.99677 2.1628 1.75949 2.08912 2.08599 1.77403 3.04599 3.25491 3.27911 1.93452 2.08565 3.3693 1.91574 1.68281 1.13614 3.52411 1.41212 2.75884 1.44603 1.97166 2.72179 1.98596 1.9252 3.43967 1.78135 1.89626 3.66255 2.5051 2.11701 
4.08564 2.13811 5.10657 3.58364 1.45294 2.37653 0 3.65545 1.0233 3.36217 0.935645 1.69809 1.25493 1.8712 3.7836 3.32343 1.57149 4.10349 2.90188 3.27309 1.44793 2.77184 4.24723 4.23497 1.62657 4.00316 4.42262 3.78267 3.13562 3.66668 0.976529 1.8381 2.91538 2.57797 2.40233 2.43493 2.50301 1.9968 3.43184 1.45055 4.92484 4.42308 3.83836 3.74563 2.56884 4.17733 5.3788 4.41383 4.62888 4.96073 5.33781 4.56916 4.56351 4.16677 3.99757 3.96684 4.64269 3.98346 4.99481 3.52113 4.64378 4.43187 4.31929 2.89291 1.65324 3.84383 1.52193 3.08385 5.34503 1.68201 2.64676 1.75404 1.98013 1.51675 1.86214 4.96873 1.7473 4.31486 2.83314 3.39354 1.69012 1.84292 2.59296 1.67301 1.41503 0.953475 4.70226 1.16938 5.46625 1.58689 2.10224 3.9571 1.71819 3.83763 3.05704 1.46082 3.47147 3.27991 2.13266 1.97188 
2.94935 1.48657 3.5988 2.54855 1.17103 1.90137 3.65545 0 1.10775 2.27428 1.03632 1.71498 0.709758 1.81962 3.39407 3.27957 1.52867 4.79668 2.5383 13.6039 1.24021 2.16027 6.87613 3.06806 1.72725 4.06672 3.51698 6.53387 2.27618 3.60999 0.840379 1.72655 1.47091 1.56159 2.5226 2.11467 2.06242 1.64529 8.7135 0.737893 3.4378 8.632 4.60131 5.34634 1.55216 11.209 5.59405 2.99935 3.68638 8.76703 6.17306 4.24313 8.43191 3.29957 3.65515 16.77 10.4486 5.85171 4.80916 8.28907 4.68879 3.98445 3.98461 2.87607 1.42684 3.23066 1.32808 2.71968 7.64392 1.69246 2.2678 1.76449 1.94047 1.52721 1.78909 4.00171 1.49696 3.8072 2.81808 2.84228 1.57468 1.85337 2.71593 1.68346 1.41866 0.949796 4.32256 1.17984 4.16203 1.18847 1.61018 3.31288 1.72182 18.5472 2.8036 1.47127 18.2993 2.73596 1.75292 1.96821 
1.12629 1.40301 1.38842 1.23471 1.63549 1.38842 1.0233 1.10775 0 1.15908 1.26848 1.35145 1.57195 2.06106 1.17966 1.35145 1.75404 1.26848 1.58398 0.990726 1.63048 1.6913 1.09832 1.73261 1.95941 1.12629 1.41029 1.10711 1.84768 1.58965 1.15908 2.02065 1.10775 1.46166 1.65689 1.40301 1.20711 2.17935 0.990726 1.6352 1.44926 1.27768 1.12629 1.17966 1.10775 1.46166 1.40301 1.10711 1.18878 1.65165 1.72275 1.74085 1.40301 1.6913 1.57017 1.18878 1.27066 1.10775 1.7247 1.18878 1.32004 1.78222 1.91562 1.97984 1.83578 1.53552 1.76454 1.83578 1.81328 1.92462 1.44926 1.99665 2.16268 1.75937 2.04469 1.13602 1.92985 1.92462 1.88219 1.83924 1.87997 2.08553 1.83649 1.91562 1.60489 1.13602 2.09733 1.412 1.6913 1.77675 2.28689 1.58426 1.90804 1.13602 1.83924 1.70343 1.13602 2.03488 2.32252 2.15443 
2.96291 2.11217 2.67232 3.5472 1.1736 1.91712 3.36217 2.27428 1.15908 0 1.22172 2.21732 0.709758 2.01429 3.70839 3.66109 1.70727 3.30313 2.97817 2.70494 1.58371 2.69722 2.75124 3.82908 1.91264 2.96434 3.7035 2.99232 2.86627 3.97932 0.840379 1.77787 2.77441 2.22408 2.89914 2.12785 2.3072 1.91198 2.35327 0.949368 3.33031 3.7813 2.71338 2.91554 2.8833 2.52768 3.44875 3.03954 3.39034 3.46758 3.68424 3.97 3.42617 4.25345 4.28124 3.0345 3.33429 2.79303 3.84665 2.75236 3.56613 4.60364 4.67318 3.2348 1.63831 4.07634 1.52177 3.10631 4.14578 1.87785 2.81578 1.94989 2.11591 1.7126 1.99792 3.35403 1.70843 4.50565 3.1768 3.201 1.8332 2.03876 3.29119 1.86885 1.55812 1.08925 5.02727 1.36523 3.91879 1.39995 1.82166 4.1308 1.86128 2.97356 3.34708 1.65666 2.78894 3.31984 2.05515 2.10766 
0.905064 1.28984 1.2659 1.29735 1.43682 1.2659 0.935645 1.03632 1.26848 1.22172 0 1.41409 1.34032 1.8301 0.984973 1.2659 1.55935 0.905064 1.64662 0.975795 1.51731 1.57813 0.905064 1.55935 1.58547 1.05894 1.28777 1.16554 1.62193 1.29218 1.22172 2.04813 1.17039 1.23591 1.43364 1.44977 1.08458 1.98466 0.905064 1.40944 1.16554 1.26921 0.905064 0.984973 1.03632 1.23591 1.46565 1.16974 0.975795 1.4259 1.66626 1.5099 1.28984 1.57813 1.35845 0.905064 1.04106 1.12755 1.44334 0.905064 1.03632 1.77375 1.63191 1.68002 1.77929 1.35979 1.48083 1.65163 1.58232 1.6409 1.16554 1.71294 1.93308 1.45955 1.83119 0.905064 1.81668 1.6409 1.58238 1.55552 1.64901 1.80182 1.60553 1.63191 1.37393 1.12755 1.80378 1.12828 1.57813 1.54579 2.06113 1.30054 1.67709 0.905064 1.55552 1.41972 0.905064 1.80392 2.09156 2.08444 
1.99819 2.31516 2.22516 2.51933 1.65444 2.48004 1.69809 1.71498 1.35145 2.21732 1.41409 0 1.25493 2.20667 2.39562 2.32685 1.89965 2.3128 3.24363 1.93958 1.76386 3.08537 2.21243 2.95196 2.10502 2.28931 3.07471 2.00599 3.36578 3.01851 1.30468 2.16626 1.83181 2.80813 3.22523 2.81743 2.69534 2.19046 1.70826 1.47907 2.38998 2.81056 1.94718 2.29688 1.84503 2.36337 2.80683 2.07206 2.54385 2.75987 3.00191 2.9317 2.61026 3.16408 3.10686 2.35008 2.54373 2.09371 2.81059 2.22965 2.51999 3.37341 3.60685 3.62558 1.972 3.00112 1.87324 3.58697 3.22008 2.07023 3.10719 2.14226 2.30829 1.90497 2.19029 2.48855 2.04212 3.44855 3.56581 3.68167 2.02558 2.23114 3.45761 2.06123 1.7505 1.28163 3.83678 1.5576 3.11831 1.73364 2.15535 3.02225 2.05365 2.32776 3.55006 1.84904 2.2691 3.52283 2.29809 2.30004 
0.863349 1.07746 0.709758 1.41986 1.1736 1.1736 1.25493 0.709758 1.57195 0.709758 1.34032 1.25493 0 2.25564 1.28647 1.26794 1.92974 1.34032 1.76913 1.26794 1.67511 1.54817 0.709758 1.58246 2.11007 1.46838 1.28981 1.00006 1.66013 1.77059 1.26794 1.8834 0.891435 1.27412 1.8999 1.44765 1.38805 2.13445 0.709758 1.32254 1.31153 1.64379 0.863349 1.43225 0.863349 1.1736 1.44765 1.28077 1.44943 1.46411 1.8834 1.76021 1.44765 1.73593 1.83712 1.42966 1.46661 1.2929 1.48665 1.34032 1.34032 2.03253 2.1565 2.21243 1.91599 1.70918 1.80941 1.91599 1.98813 2.1655 1.53473 2.23753 2.35862 2.00025 2.13363 1.42966 1.95338 2.1655 2.11479 2.08012 2.06384 2.32641 2.02751 2.1565 1.89853 1.43895 2.29328 1.65288 1.73593 1.67763 2.09934 1.80211 2.20168 1.42966 2.08012 1.94431 1.42966 1.91117 2.24208 2.45736 
1.54589 1.93067 2.24364 2.08992 2.19878 2.19878 1.8712 1.81962 2.06106 2.01429 1.8301 2.20667 2.25564 0 1.12412 2.19878 2.15708 1.8301 2.4392 1.50799 2.15813 2.21895 1.78087 2.15708 2.30905 1.64262 2.26551 1.83008 2.26275 2.22504 2.01429 2.58394 1.87483 1.87673 2.10881 2.00998 2.06232 2.59245 1.54589 2.05027 1.91324 1.12412 1.54589 1.12412 1.81962 1.72409 2.00998 1.90748 1.56074 2.0271 2.25594 1.96564 1.86336 2.21168 1.72187 1.20577 1.6211 1.50799 2.09475 1.52663 1.88166 2.12754 1.93261 1.99683 2.47898 1.79479 1.97287 2.25282 1.89907 2.13695 1.91324 2.01365 2.16823 1.874 2.28524 1.54589 2.40196 2.13695 1.89919 2.30322 1.92249 2.07364 2.03806 1.93261 1.6618 1.50799 2.12059 1.52663 2.08876 1.95617 2.70196 1.60125 1.99384 1.54589 2.30322 1.81812 1.12412 2.36545 2.65309 2.57954 
3.27996 2.02439 3.90074 4.31953 1.44289 2.37226 3.7836 3.39407 1.17966 3.70839 0.984973 2.39562 1.28647 1.12412 0 4.32169 1.21998 3.62117 2.95245 2.9679 1.33821 2.38884 2.90185 4.26481 1.6759 3.16517 4.72792 3.36554 2.86377 4.43086 1.13289 1.99447 3.55911 2.297 2.8736 2.38698 2.2649 1.64529 2.74542 1.23035 3.69233 3.31098 2.7771 2.76269 3.22574 3.27092 4.34194 3.46097 3.76716 3.81903 4.54576 3.77798 3.50027 4.21147 4.08856 2.94803 3.1416 3.29262 4.04188 3.13967 3.83519 4.90142 4.49015 2.96427 1.69869 3.98691 1.38339 3.15383 3.99548 1.64111 2.66234 1.6155 1.77009 1.47586 1.6521 3.58208 1.63758 4.87897 2.90628 3.27742 1.46992 1.70438 2.91394 1.53447 1.19484 1.02603 4.87312 1.12849 3.99249 1.3667 1.88204 4.00939 1.49799 3.26909 3.14444 1.32228 2.6059 3.11428 1.91247 2.08369 
3.71797 2.68601 3.23948 4.45945 1.13094 2.26583 3.32343 3.27957 1.35145 3.66109 1.2659 2.32685 1.26794 2.19878 4.32169 0 1.77094 3.8413 3.51239 3.24397 1.77608 3.05045 2.70433 4.64092 2.10502 3.57764 3.94177 3.64412 3.19873 3.7089 1.26794 1.68992 3.62223 2.64108 3.22818 2.48109 2.66043 2.32495 3.00507 1.49032 4.22661 4.22824 3.56718 3.32464 3.61033 3.44636 4.39139 3.87344 3.92695 4.04837 4.34848 4.51772 4.05936 4.89002 4.72818 3.25339 3.94759 3.44447 4.61314 3.47938 4.29228 5.15758 5.01324 3.47153 1.96883 4.54556 1.43382 3.41992 4.68715 1.88719 3.28481 1.99677 2.1628 1.75949 2.08912 3.73857 1.77403 4.93507 3.41176 3.51462 1.93452 2.08565 3.51934 1.91574 1.68281 1.13614 5.40399 1.41212 4.49958 1.44603 2.24559 4.65883 1.98596 3.44945 3.67518 1.78135 3.12073 3.89368 2.46813 2.11701 
1.29687 1.68513 1.92974 1.49619 1.77094 1.77094 1.57149 1.52867 1.75404 1.70727 1.55935 1.89965 1.92974 2.15708 1.21998 1.77094 0 1.55935 2.13218 1.49619 1.91259 1.97341 1.45497 1.21845 2.25028 1.45422 1.95849 1.58454 1.95363 1.95429 1.70727 2.1561 1.62226 1.21845 2.13179 1.87791 1.7553 2.21967 1.21998 1.74115 1.64248 1.69933 1.29687 1.21845 1.5706 1.21845 1.70219 1.6553 1.58521 1.47099 1.8281 1.90518 1.68513 1.97341 1.75373 1.30011 1.45422 1.55767 1.82065 1.55935 1.6109 2.20387 2.02695 2.09116 2.05114 1.75508 1.54503 2.04691 1.94472 1.98369 1.64248 2.10798 2.26257 1.96834 2.15317 1.30035 1.86177 1.96361 1.99352 2.03246 2.01141 2.19686 1.92967 2.02695 1.76512 1.55767 2.21493 1.62097 1.86177 1.52834 2.2569 1.69559 2.06827 1.29625 2.03246 1.89256 1.21845 2.19921 2.46846 2.42627 
5.12561 2.07621 4.69249 3.70976 1.43682 2.3584 4.10349 4.79668 1.26848 3.30313 0.905064 2.3128 1.34032 1.8301 3.62117 3.8413 1.55935 0 3.08316 4.51885 1.51731 2.55787 5.28481 3.93744 1.21015 5.55258 4.34138 5.15725 3.03281 3.98305 1.1456 2.02364 2.75065 2.494 2.12219 2.34495 2.34366 1.90854 4.18733 1.33333 4.67754 6.72914 5.78582 5.44756 2.67112 5.50669 6.52252 4.30305 4.78952 6.22269 6.38693 5.14092 5.18258 3.85148 4.19402 5.46199 6.24424 5.43551 6.80338 5.02972 6.55286 4.49475 4.5332 3.05165 1.77929 3.91325 1.42931 3.23024 6.74147 1.6409 2.68542 1.71294 1.93308 1.45955 1.75149 5.03461 1.81668 4.55759 2.99366 3.27218 1.63674 1.80182 2.9178 1.63191 1.37393 1.04617 4.7339 1.12828 5.1574 1.49427 2.06113 3.80275 1.67709 5.36179 3.14057 1.41971 4.92705 3.1661 2.01545 2.00306 
2.75017 3.13848 3.17514 3.14032 1.81761 3.27687 2.90188 2.5383 1.58398 2.97817 1.64662 3.24363 1.76913 2.4392 2.95245 3.51239 2.13218 3.08316 0 2.35914 2.00861 3.67218 2.78158 3.45554 2.33755 2.58621 3.70576 2.82931 4.03596 3.4028 1.31661 2.20278 2.65514 3.37053 3.57219 3.33527 3.51867 1.59234 2.53158 1.79273 3.07575 3.04291 2.6938 2.39771 2.64478 2.83754 3.32467 2.78331 2.80147 3.42485 3.44385 3.49846 3.0237 3.56413 3.31733 2.5278 2.82657 2.37655 3.33672 2.48728 2.95036 3.65625 3.80206 3.86346 2.21392 3.28396 1.94667 3.98419 3.55661 2.30276 3.44445 2.37479 2.54082 2.1375 2.42283 2.87493 2.28688 3.82908 3.80547 4.35184 2.25811 2.46367 3.94314 2.29376 1.98303 1.51416 4.07467 1.79013 3.51836 1.95888 2.66502 3.30509 2.28618 2.7466 4.01013 2.08157 2.44682 4.01241 2.48006 2.53257 
3.87978 1.88733 3.11163 2.99398 1.13094 1.89086 3.27309 13.6039 0.990726 2.70494 0.975795 1.93958 1.26794 1.50799 2.9679 3.24397 1.49619 4.51885 2.35914 0 1.41536 2.14963 5.04008 3.36715 1.38596 3.239 3.18855 6.15396 2.72751 2.65983 0.840379 1.24834 2.3601 2.16986 1.69371 1.94314 1.97141 1.59234 8.25544 1.36783 3.56182 7.21844 3.84303 5.02364 2.05182 10.5392 4.54932 3.15533 2.60355 8.62826 5.34384 3.89483 8.18639 3.32712 2.66369 15.2529 8.56732 5.42276 5.06992 7.14616 4.71546 3.07509 2.97142 2.06721 1.52725 2.40526 1.25999 2.64029 6.75098 1.33165 2.1951 1.30598 1.47201 1.05124 1.38087 3.64283 1.60021 3.39499 2.00744 3.0434 1.25393 1.39486 2.45946 1.22495 1.06467 0.498108 3.35804 0.706364 4.05409 1.32496 2.07177 2.8556 1.36783 17.448 2.70689 1.11046 16.6495 2.7093 1.84778 1.455 
1.10249 0.998087 1.45194 1.65934 1.92632 1.81306 1.44793 1.24021 1.63048 1.58371 1.51731 1.76386 1.67511 2.15813 1.33821 1.77608 1.91259 1.51731 2.00861 1.41536 0 1.28637 1.45194 1.79977 1.81294 1.38697 1.83493 1.28637 1.60835 1.91224 1.58371 2.1587 1.40036 1.54025 1.66924 1.41536 1.61587 2.3379 0.998087 1.71378 1.39147 1.67481 1.13539 1.33821 1.37228 1.54025 1.36534 1.53174 1.5859 1.36534 1.64238 1.76344 0.998087 1.28637 1.68647 1.41987 1.38697 1.53238 1.76355 1.51731 1.56886 1.86504 2.14671 2.13279 1.75541 1.65968 1.91572 1.60787 1.53857 2.17344 1.60044 2.22774 2.27898 2.00997 1.77444 1.13539 1.52492 2.12649 2.03515 1.99042 1.65968 2.31662 1.57795 2.14671 1.70196 1.53314 1.8945 1.74052 1.28637 1.77612 2.00058 1.35255 2.00511 1.13539 1.99042 1.85461 1.33821 2.03425 2.04781 2.2765 
2.04492 2.15066 2.4706 3.16096 1.86976 2.98055 2.77184 2.16027 1.6913 2.69722 1.57813 3.08537 1.54817 2.21895 2.38884 3.05045 1.97341 2.55787 3.67218 2.14963 1.28637 0 2.09672 3.12074 1.87376 2.34336 3.22963 2.01987 2.74543 3.27275 1.64453 2.118 2.49687 2.99834 3.04685 2.56023 2.11622 2.39872 1.73545 1.65723 2.35471 2.85884 2.19671 2.42794 2.41492 2.565 2.57074 2.24666 2.76162 2.54796 2.88056 2.84169 2.22517 2.51539 3.09373 2.44033 2.40711 2.4419 3.16227 2.52628 2.8764 3.11621 3.43756 3.6224 1.81623 2.47269 1.97654 3.1783 2.58947 2.21293 2.57796 2.24517 2.0855 1.9832 1.74945 2.49751 1.30879 3.4575 3.56263 3.69063 1.29109 2.26117 2.84748 2.09126 1.76278 1.49244 3.23929 1.76422 2.49142 1.83694 1.94402 2.68211 2.06593 2.24271 3.75718 1.91543 2.32808 3.76263 1.83167 2.33732 
5.15642 2.10163 4.02952 3.46186 1.14644 1.88507 4.24723 6.87613 1.09832 2.75124 0.905064 2.21243 0.709758 1.78087 2.90185 2.70433 1.45497 5.28481 2.78158 5.04008 1.45194 2.09672 0 3.88113 1.58547 4.45594 3.29522 6.76662 2.69187 3.23239 1.05155 1.85624 2.78683 2.30246 2.38641 1.89979 1.77771 1.88028 6.29023 1.31997 4.54402 8.96592 4.76588 6.17993 2.44706 7.39716 5.90863 3.95853 4.12694 8.68406 7.27104 4.74886 7.74608 3.59371 3.47661 6.45205 7.90512 7.55542 6.26034 6.01751 5.88133 4.08244 3.77134 2.65586 1.72826 3.3423 1.48083 3.06792 8.59029 1.6409 2.54435 1.71294 1.83403 1.45955 1.71604 4.43951 1.63828 4.0399 2.59787 3.16992 1.64901 1.80182 2.84284 1.63191 1.37393 1.0285 4.15064 1.12828 4.61199 1.54579 1.97166 3.4123 1.67709 7.31509 2.95463 1.41972 5.73068 3.17751 2.09156 2.04691 
3.31589 2.46791 4.0406 3.77036 1.74951 2.84405 4.23497 3.06806 1.73261 3.82908 1.55935 2.95196 1.58246 2.15708 4.26481 4.64092 1.21845 3.93744 3.45554 3.36715 1.79977 3.12074 3.88113 0 2.25028 3.56239 4.98475 3.57116 3.18443 4.94291 1.68584 2.13468 3.59338 1.87941 3.31248 2.94567 3.1614 2.21967 2.73855 1.39386 3.76145 4.17531 2.86856 3.17742 3.3172 2.71591 4.06157 3.91867 3.95568 3.12077 4.22039 4.40337 3.67053 4.3838 4.67525 3.43122 3.96335 3.45753 4.02438 3.64573 3.83914 4.80574 5.04197 3.55329 1.96068 4.27318 1.54503 3.3959 4.32092 1.98369 3.0977 2.10798 2.26257 1.96834 2.15317 3.38673 1.73189 4.66079 3.54682 3.22058 2.01141 2.19686 3.28188 2.02695 1.76512 1.55767 5.20182 1.62097 4.08188 1.52834 1.84511 4.45221 2.06827 3.16009 3.68415 1.89256 3.0678 3.67062 2.46846 2.42627 
1.59599 1.58547 1.85416 1.98827 2.17085 2.10926 1.62657 1.72725 1.95941 1.91264 1.58547 2.10502 2.11007 2.30905 1.6759 2.10502 2.25028 1.21015 2.33755 1.38596 1.81294 1.87376 1.58547 2.25028 0 1.63838 2.12929 1.85647 2.19574 2.16827 1.91264 2.12929 1.86132 1.92684 1.63984 1.38596 1.96067 2.67559 1.58547 2.10037 1.49267 1.6454 1.59599 1.37042 1.72725 1.70863 1.38596 1.86067 1.38596 1.70863 1.71227 1.98286 1.21015 1.67793 1.8079 1.21015 1.63838 1.50374 1.90378 1.21015 1.72725 1.83564 1.93699 2.0012 2.11461 1.63674 1.95355 1.96707 1.57005 1.94599 1.49267 2.01802 2.25426 1.78073 1.75149 1.59599 1.86821 1.94599 1.90356 2.24645 1.63674 2.1069 1.555 1.93699 1.67901 1.50374 1.87156 1.43336 1.555 1.94451 2.49802 1.32961 1.98217 1.21015 2.24645 1.7248 1.21015 2.17448 2.18804 2.19204 
4.62768 2.0202 4.21597 3.39032 1.27078 2.03565 4.00316 4.06672 1.12629 2.96434 1.05894 2.28931 1.46838 1.64262 3.16517 3.57764 1.45422 5.55258 2.58621 3.239 1.38697 2.34336 4.45594 3.56239 1.63838 0 3.92985 4.01424 2.64168 3.22971 1.07952 1.65595 2.60541 2.23708 2.35618 2.09404 2.12584 1.78846 3.64234 1.2791 4.06657 4.32725 4.2969 4.32816 2.27506 4.37053 5.56316 3.5772 3.71853 5.17803 5.35669 4.01147 4.70654 3.33044 2.57497 3.97814 4.41339 3.69575 5.95962 3.81757 5.53333 3.71711 3.38664 2.29317 1.64699 2.8265 1.39984 2.6425 5.10635 1.46628 2.27104 1.44062 1.47201 1.05124 1.38087 4.13694 1.58588 3.63896 1.78179 3.01015 1.37837 1.5295 2.68146 1.35959 1.14313 0.579991 3.75514 0.855964 4.15788 1.40684 1.83033 3.21161 1.44629 4.4282 2.66844 1.2451 2.97829 2.90051 1.96122 1.6961 
4.0887 2.86581 3.61249 4.7899 1.56559 2.27597 4.42262 3.51698 1.41029 3.7035 1.28777 3.07471 1.28981 2.26551 4.72792 3.94177 1.95849 4.34138 3.70576 3.18855 1.83493 3.22963 3.29522 4.98475 2.12929 3.92985 0 3.92981 3.52164 3.73216 1.28981 1.24834 4.01711 2.96399 3.19418 2.40613 2.94142 2.3838 3.59596 1.83965 4.04416 4.57207 3.89768 3.66847 4.00521 3.68968 4.40882 4.26832 3.73757 4.3922 3.91173 5.01552 3.90092 5.0928 5.05591 3.5952 4.10896 3.7883 5.00356 3.45015 4.63611 5.32355 5.34097 3.69678 1.82515 4.72531 1.81898 3.21398 4.73778 2.12907 3.3707 2.2011 2.36713 1.94772 2.12604 4.00544 2.1343 5.2789 3.62091 3.83753 2.08442 2.28998 3.61838 2.08972 1.80934 1.34047 5.59983 1.58609 4.7348 1.83119 2.49134 4.67004 2.11249 3.79328 3.86091 1.90788 3.46456 4.08379 2.52697 2.35888 
3.63723 1.65547 4.06722 3.24194 1.46133 2.19238 3.78267 6.53387 1.10711 2.99232 1.16554 2.00599 1.00006 1.83008 3.36554 3.64412 1.58454 5.15725 2.82931 6.15396 1.28637 2.01987 6.76662 3.57116 1.85647 4.01424 3.92981 0 2.27483 3.5523 1.06034 1.84908 2.19781 2.30351 2.64983 2.18049 1.77012 1.93559 6.4557 1.2242 3.80901 8.25471 4.58253 6.02474 2.05941 7.72589 5.77654 3.24489 3.96 9.65205 6.43025 3.99401 7.61903 3.17098 3.54712 8.00238 8.98998 6.52399 5.68822 7.34065 5.22065 4.0871 3.83219 2.68565 1.54731 2.7147 1.56396 2.61071 7.42226 1.82168 2.0538 1.79607 1.79706 1.52804 1.67906 4.14724 1.30879 4.15975 2.62588 3.16551 1.29109 1.88495 2.27989 1.71504 1.3739 1.03728 3.9027 1.30906 3.98386 1.47878 1.90049 3.09622 1.67706 7.43064 2.98442 1.50285 6.09183 2.97627 1.83167 2.05569 
2.44538 2.43107 2.8085 3.25598 1.53246 2.96322 3.13562 2.27618 1.84768 2.86627 1.62193 3.36578 1.66013 2.26275 2.86377 3.19873 1.95363 3.03281 4.03596 2.72751 1.60835 2.74543 2.69187 3.18443 2.19574 2.64168 3.52164 2.27483 0 3.63653 1.80091 2.19155 2.76876 2.6898 3.39364 3.03659 2.84807 2.44252 2.06889 1.31992 2.78533 3.22392 2.47713 2.6073 2.69327 2.25647 2.75107 2.92157 3.10663 2.26401 2.85343 3.20594 2.37898 2.33425 3.21753 2.78225 2.79005 2.80047 3.37028 2.89006 3.10597 3.45248 3.60779 3.80031 1.78826 2.7375 1.6895 2.96719 2.72214 2.24052 2.88619 2.25246 2.38183 2.11281 2.15724 2.41981 1.56088 3.62926 3.74054 3.76474 1.76552 2.34133 3.04515 2.25133 1.80658 1.63777 3.41542 1.84515 2.40008 1.5499 1.97161 2.77244 2.10973 2.25903 3.8475 1.95923 2.36429 4.04304 2.15365 2.61863 
3.73021 2.90893 3.62682 4.63073 1.83175 2.56563 3.66668 3.60999 1.58965 3.97932 1.29218 3.01851 1.77059 2.22504 4.43086 3.7089 1.95429 3.98305 3.4028 2.65983 1.91224 3.27275 3.23239 4.94291 2.16827 3.22971 3.73216 3.5523 3.63653 0 1.54288 2.07095 3.99797 3.07888 3.09111 2.75068 2.99342 2.37959 3.29964 1.80438 4.29483 4.02686 3.52571 3.14072 3.66726 3.82658 4.23657 3.87904 3.53576 4.38142 4.22978 4.61085 3.94305 4.89768 4.52816 3.06948 3.58121 3.32846 4.46012 2.86915 4.08338 5.00244 4.81187 3.39382 2.21958 4.34419 1.87577 3.58476 4.53335 2.13348 3.14768 2.08284 2.30162 1.89831 2.22613 4.07162 2.21161 4.95991 3.31795 3.89446 2.04395 2.17171 3.54372 1.94769 1.76887 1.27496 5.22007 1.44407 4.53967 1.94073 2.45607 4.47492 2.07202 3.60282 3.55795 1.81465 3.06081 3.78083 2.4865 2.32949 
1.07952 1.31166 1.26794 0.967337 1.39271 1.26794 0.976529 0.840379 1.15908 0.840379 1.22172 1.30468 1.26794 2.01429 1.13289 1.26794 1.70727 1.1456 1.31661 0.840379 1.58371 1.64453 1.05155 1.68584 1.91264 1.07952 1.28981 1.06034 1.80091 1.54288 0 1.77787 0.840379 1.41489 1.60074 1.35625 1.16034 1.91198 0.943958 1.36783 1.24709 1.23092 1.07952 1.13289 0.840379 1.21888 1.35625 0.984178 1.05267 1.60489 1.47997 1.69409 1.35625 1.64453 1.5234 1.14201 1.22389 0.840379 1.45733 1.05267 1.05267 1.73546 1.86885 1.93307 1.78901 1.46783 1.52177 1.78901 1.76651 1.87785 1.24709 1.94989 2.11591 1.7126 1.99792 1.08925 1.86198 1.87785 1.83542 1.79247 1.8332 2.03876 1.78972 1.86885 1.55812 1.08925 2.05056 1.36523 1.64453 1.53398 2.24012 1.53749 1.86128 1.08925 1.79247 1.65666 1.08925 1.76751 2.05515 2.10766 
1.91856 1.93123 1.75572 1.8535 1.68992 1.68992 1.8381 1.72655 2.02065 1.77787 2.04813 2.16626 1.8834 2.58394 1.99447 1.68992 2.1561 2.02364 2.20278 1.24834 2.1587 2.118 1.85624 2.13468 2.12929 1.65595 1.24834 1.84908 2.19155 2.07095 1.77787 0 1.72655 1.80553 1.82678 1.5729 2.02191 2.72978 1.80553 1.87549 1.65195 1.66297 1.91856 1.64531 1.72655 1.5161 1.5729 1.84908 1.26244 1.90211 1.24834 2.37181 1.5729 2.118 1.95545 1.57406 1.65595 1.5161 2.3435 1.51472 1.93884 2.02258 2.30091 2.36512 1.82515 1.9208 1.81898 1.82515 2.05059 2.27236 1.65195 2.38194 2.54796 2.14465 2.21457 1.82515 2.15919 2.27236 2.26748 2.63076 2.11728 2.47081 2.03554 2.30091 2.06797 1.52131 2.33464 1.79728 2.03554 1.83119 2.63076 1.81015 2.37113 1.5991 2.65404 2.16651 1.52131 2.6162 2.72133 2.50217 
1.93974 1.72666 2.98593 2.95237 1.34138 2.0182 2.91538 1.47091 1.10775 2.77441 1.17039 1.83181 0.891435 1.87483 3.55911 3.62223 1.62226 2.75065 2.65514 2.3601 1.40036 2.49687 2.78683 3.59338 1.86132 2.60541 4.01711 2.19781 2.76876 3.99797 0.840379 1.72655 0 2.12657 2.58966 2.22893 2.10685 1.82697 1.90367 1.11558 3.04648 3.54537 2.34447 2.55661 1.77399 2.51346 3.63746 2.46847 3.0519 3.2724 3.48668 3.49975 2.98944 3.78252 3.97464 2.65133 3.09163 2.28495 3.07624 2.44935 2.85567 4.31774 4.30641 2.86473 1.5539 3.64852 1.43642 2.85574 3.71469 1.77245 2.43007 1.82577 1.99129 1.58848 1.87592 3.00479 1.64513 4.15641 2.80674 3.00454 1.69112 1.91465 2.86646 1.74474 1.41604 0.947173 4.66049 1.24111 3.67586 1.31554 1.73725 3.78037 1.71919 2.6082 2.82587 1.55127 2.40999 2.74452 1.83292 1.96558 
1.94284 2.34551 2.27923 2.07976 1.14644 2.40557 2.57797 1.56159 1.46166 2.22408 1.23591 2.80813 1.27412 1.87673 2.297 2.64108 1.21845 2.494 3.37053 2.16986 1.54025 2.99834 2.30246 1.87941 1.92684 2.23708 2.96399 2.30351 2.6898 3.07888 1.41489 1.80553 2.12657 0 3.21771 2.86066 3.07639 2.0565 1.78847 0.933901 2.42916 2.68839 1.89183 1.74763 2.11004 1.58319 2.59428 2.45988 2.48889 1.56614 2.76787 2.76699 2.2972 2.74015 2.625 2.04768 2.33894 2.20871 2.52835 2.31972 2.36992 3.27655 3.1446 3.18079 1.40224 2.66601 1.30348 3.02341 2.79615 1.8545 2.91719 1.86644 1.99581 1.72679 1.87782 1.81595 1.47237 2.9476 3.1228 3.08308 1.69564 1.95531 3.11916 1.86531 1.42056 1.25175 3.392 1.45913 2.6028 1.16388 1.58559 2.62242 1.72372 1.7642 3.30756 1.57321 1.73525 3.488 2.13819 2.23261 
2.45902 2.68303 2.70412 2.95592 1.73696 2.92374 2.40233 2.5226 1.65689 2.89914 1.43364 3.22523 1.8999 2.10881 2.8736 3.22818 2.13179 2.12219 3.57219 1.69371 1.66924 3.04685 2.38641 3.31248 1.63984 2.35618 3.19418 2.64983 3.39364 3.09111 1.60074 1.82678 2.58966 3.21771 0 2.43441 2.76752 2.22943 2.3714 1.92253 2.55566 2.42703 2.46725 2.02248 2.49636 2.49495 1.97786 2.62944 2.11349 2.6933 2.58561 3.12288 2.2603 2.8203 2.70146 1.98317 2.34052 2.23263 3.01515 1.78144 2.72953 2.56523 3.15864 3.17737 2.10569 2.46239 1.80806 3.37867 2.59996 1.87971 2.93348 1.85405 2.07283 1.5993 1.63475 2.53946 1.85409 3.06884 3.1176 3.67982 1.62782 1.94293 3.06763 1.77302 1.61274 1.04617 3.07122 1.21528 2.70712 1.87303 2.3539 2.25168 1.91589 2.07797 3.71936 1.65852 1.83094 3.68261 2.23187 2.00306 
2.09744 2.19641 2.03918 2.85106 1.52409 2.18407 2.43493 2.11467 1.40301 2.12785 1.44977 2.81743 1.44765 2.00998 2.38698 2.48109 1.87791 2.34495 3.33527 1.94314 1.41536 2.56023 1.89979 2.94567 1.38596 2.09404 2.40613 2.18049 3.03659 2.75068 1.35625 1.5729 2.22893 2.86066 2.43441 0 2.2809 2.15582 1.88478 1.70965 2.3581 2.55074 2.10741 2.09103 2.24215 2.32681 2.12045 2.3673 2.33624 2.43487 2.51597 2.9086 2.02954 2.56997 2.8444 2.14075 2.14924 2.10499 2.97569 2.0042 2.5811 2.68894 3.33708 3.3552 1.85181 2.5861 1.65315 3.12024 2.62597 1.73594 2.73591 1.80798 1.974 1.57069 1.38087 2.18761 1.60021 3.14761 3.3133 3.38073 1.37394 1.89685 2.94898 1.72694 1.41621 0.947346 3.24905 1.22332 2.5242 1.66535 2.10002 2.42814 1.71937 1.9058 3.42027 1.51475 2.0537 3.64315 1.97799 1.89163 
2.10332 2.43915 2.44169 2.80228 1.63675 2.67198 2.50301 2.06242 1.20711 2.3072 1.08458 2.69534 1.38805 2.06232 2.2649 2.66043 1.7553 2.34366 3.51867 1.97141 1.61587 2.11622 1.77771 3.1614 1.96067 2.12584 2.94142 1.77012 2.84807 2.99342 1.16034 2.02191 2.10685 3.07639 2.76752 2.2809 0 2.18061 1.76269 1.63646 2.44711 2.78569 2.22222 2.33377 2.12007 2.63841 2.47657 2.1292 2.57899 2.6506 2.85923 2.85372 2.15449 2.52443 3.02058 2.36719 2.34465 2.34773 3.15803 2.24694 2.66219 3.02204 3.34339 3.54925 1.83704 2.55188 1.76581 3.08602 2.59175 1.92588 2.70169 1.99791 2.16394 1.74453 2.04595 2.40334 1.63828 3.36333 3.47338 3.59646 1.77304 2.08679 2.91476 1.91688 1.60615 1.13728 3.21483 1.40544 2.47866 1.77801 2.27351 2.58794 1.90931 2.14854 3.66301 1.70469 2.23391 3.79787 2.16116 2.15569 
1.72218 2.01299 2.13445 1.98761 2.34461 2.34461 1.9968 1.64529 2.17935 1.91198 1.98466 2.19046 2.13445 2.59245 1.64529 2.32495 2.21967 1.90854 1.59234 1.59234 2.3379 2.39872 1.88028 2.21967 2.67559 1.78846 2.3838 1.93559 2.44252 2.37959 1.91198 2.72978 1.82697 2.0565 2.22943 2.15582 2.18061 0 1.64529 2.00944 1.91239 1.79548 1.72218 1.59234 1.77531 1.86049 2.15582 2.00445 1.68136 2.2413 2.43188 2.33049 2.11043 2.39872 2.08797 1.68136 1.78846 1.65382 2.12499 1.68136 1.81561 2.30002 2.40821 2.49763 2.69318 2.05332 2.18707 2.47222 2.40292 2.54012 1.91239 2.51445 2.68048 2.27717 2.6068 1.72566 2.61617 2.54012 2.39999 2.45777 2.4522 2.60333 2.42612 2.40821 2.19452 1.65382 2.6214 1.90458 2.39872 2.17038 2.88173 2.10206 2.49768 1.72566 2.45777 2.31893 1.65382 2.40391 2.69155 2.76993 
3.37443 1.29024 3.54596 2.7094 1.14644 1.87006 3.43184 8.7135 0.990726 2.35327 0.905064 1.70826 0.709758 1.54589 2.74542 3.00507 1.21998 4.18733 2.53158 8.25544 0.998087 1.73545 6.29023 2.73855 1.58547 3.64234 3.59596 6.4557 2.06889 3.29964 0.943958 1.80553 1.90367 1.78847 2.3714 1.88478 1.76269 1.64529 0 0.933901 3.27309 7.80544 4.11988 4.93343 1.94078 9.88438 5.39671 3.08262 3.72354 8.50671 5.94658 3.663 7.82817 2.71132 3.27289 11.4773 9.94724 5.73114 5.46339 8.02344 4.97835 3.72127 3.68454 2.61403 1.40224 2.89431 1.30348 2.56327 7.40062 1.6409 2.15142 1.6155 1.77009 1.47565 1.54697 3.78803 1.29746 3.87352 2.55426 2.77899 1.43024 1.70438 2.31038 1.53447 1.19484 0.920904 3.92871 1.12828 3.72661 1.16388 1.58559 2.84936 1.49799 10.6387 2.67198 1.32228 9.4856 2.61585 1.75292 1.93931 
1.08749 1.3016 1.31997 1.39386 1.31997 1.31997 1.45055 0.737893 1.6352 0.949368 1.40944 1.47907 1.32254 2.05027 1.23035 1.49032 1.74115 1.33333 1.79273 1.36783 1.71378 1.65723 1.31997 1.39386 2.10037 1.2791 1.83965 1.2242 1.31992 1.80438 1.36783 1.87549 1.11558 0.933901 1.92253 1.70965 1.63646 2.00944 0.933901 0 1.33717 1.46337 1.08749 1.23035 1.08749 0.737893 1.48632 1.4603 1.37446 1.12389 1.45241 1.73006 1.48632 1.65723 1.57861 1.2404 1.2791 1.22837 1.51289 1.2404 1.2404 1.87978 1.96724 2.02315 1.57578 1.5038 1.47702 1.57578 1.80249 1.93869 1.33717 2.03997 2.16935 1.81099 2.05135 1.10533 1.6459 1.88504 1.92551 1.75913 1.86918 2.12885 1.82569 1.96724 1.5941 1.23358 2.104 1.46362 1.6459 1.33742 1.75913 1.62758 1.89725 1.10533 1.88256 1.74675 1.12523 1.78359 2.09113 2.21444 
3.70963 1.8024 4.5378 3.88131 1.70512 2.57637 4.92484 3.4378 1.44926 3.33031 1.16554 2.38998 1.31153 1.91324 3.69233 4.22661 1.64248 4.67754 3.07575 3.56182 1.39147 2.35471 4.54402 3.76145 1.49267 4.06657 4.04416 3.80901 2.78533 4.29483 1.24709 1.65195 3.04648 2.42916 2.55566 2.3581 2.44711 1.91239 3.27309 1.33717 0 5.10852 3.91529 3.85456 2.77134 3.5699 5.11409 4.4025 4.19202 4.29774 4.04863 4.89263 3.46864 3.31934 3.99328 3.85987 4.61551 4.01928 5.01751 3.88344 4.66209 4.25036 4.32152 2.97627 1.53962 3.39721 1.43315 2.66215 4.68428 1.82168 2.16621 1.79607 1.9465 1.57062 1.55052 4.20164 1.66724 4.42659 2.9165 3.16188 1.43577 1.88495 2.54175 1.71504 1.45707 1.16174 4.34995 1.28491 4.52484 1.49811 2.14427 3.27061 1.76022 3.62381 3.07574 1.50285 3.5604 3.10126 1.99734 2.08871 
5.93667 2.52383 5.42536 4.11826 1.2778 2.49234 4.42308 8.632 1.27768 3.7813 1.26921 2.81056 1.64379 1.12412 3.31098 4.22824 1.69933 6.72914 3.04291 7.21844 1.67481 2.85884 8.96592 4.17531 1.6454 4.32725 4.57207 8.25471 3.22392 4.02686 1.23092 1.66297 3.54537 2.68839 2.42703 2.55074 2.78569 1.79548 7.80544 1.46337 5.10852 0 5.38765 7.38288 3.10989 8.72699 6.5742 4.62067 4.2959 10.0165 8.37928 4.31535 9.1512 4.25236 2.53935 7.42134 7.75576 8.67671 6.98889 7.8152 6.35442 3.95996 2.93128 2.36298 1.66891 2.9233 1.39983 2.96095 9.55955 1.47331 2.6659 1.44061 1.41788 1.14886 1.53489 4.71609 1.74671 4.09395 2.0652 3.45982 1.31051 1.00362 2.31089 1.03181 0.566564 0.587012 3.51714 0.862986 5.06158 1.30092 2.14532 3.57582 1.33859 7.46128 3.11811 1.18808 5.40985 3.09767 1.98944 1.70312 
4.85741 1.4265 4.11442 3.12583 1.31787 2.12681 3.83836 4.60131 1.12629 2.71338 0.905064 1.94718 0.863349 1.54589 2.7771 3.56718 1.29687 5.78582 2.6938 3.84303 1.13539 2.19671 4.76588 2.86856 1.59599 4.2969 3.89768 4.58253 2.47713 3.52571 1.07952 1.91856 2.34447 1.89183 2.46725 2.10741 2.22222 1.72218 4.11988 1.08749 3.91529 5.38765 0 4.1087 1.99087 4.25009 6.19483 3.53392 3.89202 4.64014 5.90265 3.83305 4.92362 3.27623 3.08203 3.93474 4.98122 4.27747 5.95489 4.09126 5.12144 3.80497 3.45843 2.40991 1.40224 2.80509 1.30348 2.65392 5.58253 1.61461 2.18765 1.58901 1.56628 1.29726 1.54697 3.94136 1.29746 3.92681 2.35014 2.52736 1.41821 1.67788 2.55133 1.51089 1.14313 0.920904 3.77482 1.10491 4.06039 1.16388 1.31022 3.11697 1.44629 4.35722 2.45419 1.29578 3.52115 2.3628 1.75292 1.93931 
4.70137 1.92565 4.13394 3.02917 1.26015 2.03264 3.74563 5.34634 1.17966 2.91554 0.984973 2.29688 1.43225 1.12412 2.76269 3.32464 1.21845 5.44756 2.39771 5.02364 1.33821 2.42794 6.17993 3.17742 1.37042 4.32816 3.66847 6.02474 2.6073 3.14072 1.13289 1.64531 2.55661 1.74763 2.02248 2.09103 2.33377 1.59234 4.93343 1.23035 3.85456 7.38288 4.1087 0 2.17439 5.71681 6.04201 3.36671 3.69969 6.73633 7.62177 3.90633 6.61242 3.3151 2.96086 5.99562 7.26228 5.88418 5.81573 5.71834 5.3966 3.4875 3.24592 2.09018 1.62115 2.77824 1.03423 2.66326 7.76762 1.19832 2.00065 1.07502 1.31126 0.935371 1.42827 3.87104 1.54499 3.42139 2.03041 2.72906 1.06552 1.16389 2.48243 0.993983 0.833706 0.569354 3.63666 0.588 4.05274 1.0992 1.85847 2.91509 1.13686 6.0366 2.38735 0.879489 4.96896 2.6338 1.71445 1.66098 
1.76911 1.64471 2.9239 2.60583 1.32462 2.03142 2.56884 1.55216 1.10775 2.8833 1.03632 1.84503 0.863349 1.81962 3.22574 3.61033 1.5706 2.67112 2.64478 2.05182 1.37228 2.41492 2.44706 3.3172 1.72725 2.27506 4.00521 2.05941 2.69327 3.66726 0.840379 1.72655 1.77399 2.11004 2.49636 2.24215 2.12007 1.77531 1.94078 1.08749 2.77134 3.10989 1.99087 2.17439 0 2.43158 3.35896 2.12192 2.65951 3.02143 3.26555 3.18812 2.80263 3.59273 3.53916 2.27766 2.76128 2.00644 2.60487 2.05695 2.46327 3.92535 3.86088 2.7726 1.47997 3.31638 1.33638 2.82311 3.4011 1.69246 2.29739 1.76449 1.94047 1.52721 1.8207 2.6124 1.57119 3.76401 2.71283 2.87187 1.62781 1.85337 2.85255 1.68346 1.41866 0.949797 4.21497 1.17984 3.40338 1.2416 1.66331 3.40669 1.72182 2.21581 2.73196 1.47127 2.0176 2.55292 1.75292 1.96821 
4.39009 1.91217 3.89251 3.1636 1.13094 1.96081 4.17733 11.209 1.46166 2.52768 1.23591 2.36337 1.1736 1.72409 3.27092 3.44636 1.21845 5.50669 2.83754 10.5392 1.54025 2.565 7.39716 2.71591 1.70863 4.37053 3.68968 7.72589 2.25647 3.82658 1.21888 1.5161 2.51346 1.58319 2.49495 2.32681 2.63841 1.86049 9.88438 0.737893 3.5699 8.72699 4.25009 5.71681 2.43158 0 5.66266 3.80987 3.48108 8.63038 6.57819 4.29829 8.98494 3.22216 3.52153 13.912 11.0558 6.24066 5.6076 8.29941 5.42065 3.64831 3.77258 2.57673 1.33496 3.14152 0.873962 2.43366 7.79167 1.42498 2.31249 1.51471 1.64409 1.37507 1.56925 3.12627 1.25795 3.39537 2.68561 2.64975 1.34392 1.60359 2.50198 1.59395 1.06884 0.874188 3.93601 1.18797 3.86472 0.812157 1.58559 3.20026 1.37199 12.016 2.81031 1.22149 11.7631 2.83717 1.94218 1.84235 
6.16074 2.20692 4.91894 4.12403 1.52409 2.40427 5.3788 5.59405 1.40301 3.44875 1.46565 2.80683 1.44765 2.00998 4.34194 4.39139 1.70219 6.52252 3.32467 4.54932 1.36534 2.57074 5.90863 4.06157 1.38596 5.56316 4.40882 5.77654 2.75107 4.23657 1.35625 1.5729 3.63746 2.59428 1.97786 2.12045 2.47657 2.15582 5.39671 1.48632 5.11409 6.5742 6.19483 6.04201 3.35896 5.66266 0 5.21684 4.49461 5.89588 6.26305 5.71294 5.99689 4.1602 3.97195 5.46113 5.85409 4.88183 7.40902 5.16099 7.15697 3.26242 4.36388 3.01795 1.6565 3.47198 1.47006 2.89204 6.42231 1.65618 2.62766 1.80798 1.974 1.57069 1.16113 4.6571 0.889264 3.40482 2.99483 3.11434 1.37394 1.89685 2.88866 1.72694 1.41621 0.947346 4.40062 1.22332 4.78005 1.33046 1.77311 3.47748 1.71937 5.35279 3.33031 1.51475 4.35142 3.56238 1.97799 1.66319 
3.47985 1.96691 4.80213 3.13672 1.48518 2.25845 4.41383 2.99935 1.10711 3.03954 1.16974 2.07206 1.28077 1.90748 3.46097 3.87344 1.6553 4.30305 2.78331 3.15533 1.53174 2.24666 3.95853 3.91867 1.86067 3.5772 4.26832 3.24489 2.92157 3.87904 0.984178 1.84908 2.46847 2.45988 2.62944 2.3673 2.1292 2.00445 3.08262 1.4603 4.4025 4.62067 3.53392 3.36671 2.12192 3.80987 5.21684 0 4.44184 4.65629 4.8475 4.67487 4.17691 3.50437 3.77895 3.52543 4.04009 3.43763 4.28322 3.32796 3.61794 4.30796 4.1559 2.80969 1.73704 3.12603 1.61424 2.69363 4.44472 1.73114 2.0914 1.70548 1.8715 1.46819 1.79782 4.3885 1.74754 4.26542 2.74992 3.33342 1.25393 1.79435 2.70254 1.62445 1.41141 0.844847 4.24182 1.12082 4.57804 1.62645 2.18119 3.51305 1.71457 3.67665 3.04217 1.50995 3.13982 3.09719 1.78593 1.96095 
4.27247 2.41119 4.87657 3.63537 1.1889 2.2696 4.62888 3.68638 1.18878 3.39034 0.975795 2.54385 1.44943 1.56074 3.76716 3.92695 1.58521 4.78952 2.80147 2.60355 1.5859 2.76162 4.12694 3.95568 1.38596 3.71853 3.73757 3.96 3.10663 3.53576 1.05267 1.26244 3.0519 2.48889 2.11349 2.33624 2.57899 1.68136 3.72354 1.37446 4.19202 4.2959 3.89202 3.69969 2.65951 3.48108 4.49461 4.44184 0 4.28667 4.00223 5.05518 3.83986 4.12972 3.21354 3.16103 4.22793 3.03035 4.7976 3.24775 4.42805 3.64582 3.53526 2.37653 1.46088 3.03092 1.25999 2.58778 4.33491 1.33165 2.36402 1.30598 1.52477 1.05124 1.45108 4.12699 1.65817 3.69502 2.31676 3.25197 1.29648 1.39486 2.6943 1.22495 1.06467 0.498108 3.88935 0.706364 4.82454 1.32496 2.12973 3.42448 1.36783 3.25698 2.91852 1.11046 2.67831 2.92092 1.84778 1.455 
5.17345 1.91972 4.74455 3.69204 1.33643 2.35732 4.96073 8.76703 1.65165 3.46758 1.4259 2.75987 1.46411 2.0271 3.81903 4.04837 1.47099 6.22269 3.42485 8.62826 1.36534 2.54796 8.68406 3.12077 1.70863 5.17803 4.3922 9.65205 2.26401 4.38142 1.60489 1.90211 3.2724 1.56614 2.6933 2.43487 2.6506 2.2413 8.50671 1.12389 4.29774 10.0165 4.64014 6.73633 3.02143 8.63038 5.89588 4.65629 4.28667 0 7.52462 4.85948 8.8468 3.43101 3.65059 8.98252 10.1956 7.89877 6.20017 8.8959 6.37521 3.57007 4.16093 2.83613 1.35353 3.32415 1.25477 2.37671 8.68312 1.42498 2.53304 1.81772 1.9471 1.67808 1.56925 3.72948 0.889264 3.51221 2.91639 2.55683 1.42748 1.9066 2.62254 1.89696 1.37185 1.25499 4.01296 1.49098 3.76562 1.11517 1.31022 3.03624 1.675 7.41104 3.08123 1.5245 7.44663 3.27677 2.04912 1.66888 
