0 0.875032 3.61773 3.34537 1.28158 4.1418 4.01904 3.35938 1.12629 4.12939 0.905064 1.27189 0.863349 1.54589 4.21751 3.48311 2.096 3.45878 3.86635 3.01845 1.10249 2.04492 3.89777 3.1537 1.59599 3.03055 3.35894 2.96954 2.44538 3.45421 0.995648 2.16095 2.24965 3.24348 3.46361 2.09744 3.69061 2.60616 2.26303 1.08749 3.13312 4.15335 2.89893 3.36602 2.86022 3.40652 4.40782 2.61342 4.20389 3.90486 4.09587 4.29424 3.06401 3.88949 3.37787 3.19532 3.56462 3.87495 4.18394 3.429 3.97482 4.02649 4.04312 4.54514 2.52965 3.14119 1.30348 3.76182 4.32553 1.57271 2.22853 2.29043 1.77009 1.40746 1.54697 4.36003 1.29746 4.08131 2.48106 2.09005 1.43024 1.70438 3.38527 1.53447 1.19484 0.947173 4.14862 1.06009 3.95496 4.37236 2.28818 3.13153 4.87602 3.26662 3.95658 1.32228 3.08147 2.5292 1.75292 2.74701 
0.875032 0 1.22448 1.27825 1.66257 1.41551 0.825344 1.18166 1.40301 1.35625 1.28984 1.54862 1.44765 1.93067 1.11075 1.54862 1.58562 1.22165 1.78115 1.08599 0.998087 1.05891 1.22448 1.57231 1.51728 1.1595 0.825344 1.05891 1.38089 1.66819 1.35625 1.44282 1.2227 1.16595 1.32604 1.08599 1.31251 1.88167 0.825344 1.48632 1.164 1.34544 0.90793 1.11075 1.18166 1.31279 1.08599 1.30428 1.25654 1.13788 1.41491 1.53598 0.825344 1.05891 1.37508 1.15033 1.1595 1.33457 1.53609 1.22165 1.3414 1.34275 1.87717 1.55411 1.52795 1.43222 1.68826 1.38041 1.31111 1.94598 1.37298 1.34275 2.05152 1.7825 1.54697 0.90793 1.29746 1.89903 1.80769 1.31602 1.43222 2.04708 1.35049 1.87717 1.47449 1.33457 1.66704 1.44486 1.05891 1.15033 1.36694 1.12509 1.71081 0.90793 1.31602 1.62715 1.11075 1.80679 1.82034 1.69511 
3.61773 1.22448 0 3.57341 1.14644 4.0226 4.12369 3.19038 1.38842 3.41916 1.09153 1.40737 0.709758 1.97946 4.703 3.23948 2.3429 3.74189 4.21972 3.11163 1.45194 2.43116 3.57707 3.31504 1.85416 3.93966 3.22684 4.20262 2.52515 3.62682 1.25493 2.15826 2.99534 3.66684 3.75196 2.03918 3.89986 3.12036 2.79186 1.03663 4.02557 4.68818 3.74301 3.91275 3.7613 3.58762 4.51864 3.25866 4.65857 4.44081 4.54075 5.16468 3.68956 4.86804 3.93185 3.9597 4.06932 4.21629 4.56582 3.61894 4.74574 4.72908 4.51737 5.21775 2.85356 3.79971 1.39839 4.36402 5.14843 1.85177 2.79555 2.78338 2.06816 1.72406 1.85744 4.75954 1.54235 4.44478 3.02553 2.6649 1.79837 2.05022 4.17348 1.88031 1.52329 1.38337 4.71941 1.37669 4.71879 4.73163 2.55425 3.8358 5.59894 3.69538 4.77626 1.67594 3.73372 3.10425 2.24092 3.17916 
3.34537 1.27825 3.57341 0 1.37587 5.88806 4.67458 7.50974 1.23471 2.92996 0.952898 1.38031 0.933648 1.7604 3.74626 3.30264 2.00812 6.89572 3.30512 8.58769 1.50571 2.00202 6.12675 2.86094 1.70696 4.00354 8.65169 6.42852 2.68855 3.16201 0.967337 2.40378 2.14072 9.95225 3.50653 2.18778 3.22677 2.55547 10.085 1.17502 5.85128 9.76149 4.63566 5.77224 3.70074 11.5653 5.56586 2.73321 3.85336 8.46201 6.54203 4.21223 10.1433 5.2609 11.1265 11.5263 11.9197 5.1611 5.52109 10.1015 4.75331 10.6249 3.54514 3.88973 2.72135 3.01517 1.3801 3.66667 7.54489 1.62509 2.32504 1.88337 1.55718 1.21004 1.64299 3.88037 1.71672 3.73396 2.05142 2.04082 1.46354 1.63991 3.49104 1.51839 1.20285 1.00182 3.86486 1.01477 5.00763 3.80225 2.43788 3.26718 4.29649 12.0435 10.023 1.38438 10.8841 2.43697 1.7529 2.53949 
1.28158 1.66257 1.14644 1.37587 0 0.349787 1.31847 1.08768 1.63549 1.15021 1.37488 1.65444 1.1736 2.00465 1.18474 1.1889 0.903808 1.10476 1.79963 1.1889 1.89004 1.74498 1.14644 0.903808 1.99648 1.25557 1.31847 1.53675 1.49617 1.81019 1.39271 1.25417 1.31642 0.903808 1.97884 1.52409 1.29909 1.81403 1.13474 1.08768 1.35668 1.2778 1.28158 1.18474 1.28834 0.349787 1.44815 1.53564 1.1889 1.15635 1.25417 1.72246 1.44815 1.52778 1.14336 1.09446 1.25557 1.22397 1.58025 1.10476 1.44124 1.39111 1.8213 1.37317 1.68475 1.53564 1.22375 1.68475 1.62702 1.77477 1.35668 1.39111 1.99387 1.67535 1.91904 1.23287 1.52778 1.70957 1.70488 1.72196 1.69371 1.95338 1.50592 1.8213 1.41862 1.22397 1.92853 1.32798 1.52778 1.09446 1.35197 1.45211 1.65494 0.949756 1.50592 1.57128 0.949756 1.97218 2.29197 1.63924 
4.1418 1.41551 4.0226 5.88806 0.349787 0 5.36254 6.0324 1.35214 3.2892 1.09153 1.37109 0.890253 1.91543 4.24585 3.29224 1.69436 6.77891 3.80984 5.9319 1.64297 2.58411 6.61446 2.49499 1.81368 5.57386 7.01533 7.53566 2.48572 3.47727 1.10936 2.05622 2.74113 5.36516 3.67659 1.90072 3.74223 2.8228 5.97703 1.03663 6.25637 7.6184 5.5211 6.33318 4.59102 5.60644 5.97131 3.23626 4.01944 7.26259 6.5906 4.87706 7.2596 5.72463 5.96679 5.91049 7.02691 5.90513 7.11815 5.63214 5.85251 7.69673 4.02119 4.51644 2.51187 3.45686 1.13821 4.07489 8.70441 1.59158 2.61165 2.32708 1.86424 1.46387 1.80577 3.98597 1.38951 3.76678 2.44622 2.32321 1.66138 1.79004 3.94666 1.62013 1.41862 1.15781 4.37527 1.1165 5.35202 3.9592 2.31372 3.61441 4.75227 6.49194 8.13617 1.48573 5.73609 2.92006 2.05368 2.67462 
4.01904 0.825344 4.12369 4.67458 1.31847 5.36254 0 5.03546 0.888825 4.19365 0.935645 0.948957 0.947585 1.7968 4.67401 2.81449 2.35724 4.9663 3.52575 3.60816 1.05281 2.26624 4.93411 3.53272 1.572 4.90789 5.30639 4.77709 2.63308 2.96185 0.842057 1.98561 2.69049 4.82253 3.12925 1.92933 4.09772 2.68367 4.49603 1.20865 5.78097 5.20445 5.00079 4.84587 4.88125 5.15077 6.39696 3.08945 4.34261 5.87303 6.0262 4.33603 5.20798 6.51489 4.84094 4.66565 5.42 5.31834 5.85133 4.30877 6.02677 5.85672 4.04028 4.89914 2.60004 3.36114 1.44752 4.00179 6.19382 1.6076 2.38185 2.43862 1.84566 1.44235 1.60169 4.56172 1.35218 4.11843 2.57002 2.17901 1.48694 1.76851 3.34498 1.5986 1.34063 1.12402 4.21957 1.09498 6.10538 4.58921 2.44726 3.41378 5.17339 4.49063 5.79196 1.38641 4.30924 2.90264 1.87506 2.72602 
3.35938 1.18166 3.19038 7.50974 1.08768 6.0324 5.03546 0 1.11836 2.71256 1.02337 1.26397 0.709758 1.81851 4.05279 3.09215 2.06313 7.76733 3.39147 6.70808 1.37228 2.08534 7.65589 2.62949 1.7143 4.79447 9.60806 6.83536 2.35737 3.39087 0.842057 2.06584 2.18407 7.8142 3.60748 2.12528 3.22102 2.49414 7.91612 0.737893 5.67609 10.7948 5.08271 6.13859 3.96121 7.73686 5.59904 2.62333 3.73006 9.17384 6.106 4.44903 9.52338 5.56921 7.41245 7.82075 9.83811 5.4295 5.6905 7.64202 4.8946 9.74086 3.7497 4.1997 2.41926 3.25086 1.32808 3.87738 7.8501 1.69246 2.2678 2.21864 1.78549 1.42713 1.6675 3.83821 1.49696 3.70686 2.3867 2.14779 1.63742 1.85337 3.78488 1.68346 1.36234 0.949796 4.13355 1.17984 5.26497 3.72423 2.15816 3.50895 4.54126 8.26167 10.8422 1.47127 7.55965 2.47465 1.75292 2.73832 
1.12629 1.40301 1.38842 1.23471 1.63549 1.35214 0.888825 1.11836 0 1.15908 1.26848 1.35145 1.57195 2.11382 1.17966 1.35145 1.55854 1.20029 1.58398 0.888825 1.63048 1.6913 1.09832 1.55854 1.95941 1.12629 0.888825 1.10711 1.73816 1.58965 1.15908 1.5887 1.25297 1.20029 1.56636 1.40301 1.20711 1.73355 0.888825 1.52567 1.44926 1.27768 1.12629 1.17966 1.11836 1.35214 1.40301 1.10711 1.18878 1.54213 1.72275 1.79361 1.40301 1.6913 1.36488 1.18878 1.27066 1.41276 1.34662 1.18878 1.32004 1.64479 1.91562 1.62685 1.83578 1.53552 1.76454 1.75629 1.86604 1.92462 1.44926 1.64479 2.16268 1.75937 2.04469 1.18878 1.92985 1.92462 1.88219 1.50239 1.89018 2.08553 1.7596 1.91562 1.65765 1.44104 2.09733 1.412 1.6913 1.22661 1.50239 1.58426 1.89396 1.18878 1.6339 1.70343 1.18878 2.08764 2.28248 1.83056 
4.12939 1.35625 3.41916 2.92996 1.15021 3.2892 4.19365 2.71256 1.15908 0 1.19481 1.30468 0.709758 1.90952 4.39468 3.37774 2.32747 3.38245 3.9133 3.10941 1.58371 2.34968 3.16894 3.01632 1.88574 3.61196 3.36831 4.00623 2.70093 3.556 0.842057 2.41771 2.75392 3.34365 3.89945 2.12785 3.55948 2.72011 2.94292 0.949368 4.21378 4.26864 3.53239 3.61555 3.73419 3.08677 4.88001 3.12721 4.44795 4.45316 4.65914 5.0676 4.31033 5.07371 3.4822 3.72918 3.78386 3.89979 4.088 3.45924 4.37574 4.6508 4.19105 5.04801 2.76404 3.6165 1.47111 4.34323 5.14013 1.87785 2.6125 2.57207 1.8765 1.51814 1.75851 4.42195 1.70843 4.11846 2.63326 2.42275 1.72843 1.9881 4.31058 1.82649 1.45335 1.09283 4.54514 1.32287 4.87826 4.44729 2.48057 3.92752 5.376 3.63861 4.80801 1.606 3.37338 2.92578 1.95038 2.97658 
0.905064 1.28984 1.09153 0.952898 1.37488 1.09153 0.935645 1.02337 1.26848 1.19481 0 1.41409 1.32737 1.8301 0.984973 1.2659 1.29793 0.826348 1.44586 0.951464 1.51731 1.43658 0.826348 1.29793 1.58547 0.990939 0.951464 1.12125 1.55999 1.29218 1.22172 1.31642 1.02337 0.826348 1.39547 1.44977 0.952898 1.75589 0.826348 1.34751 1.16554 1.12125 0.905064 0.984973 1.02337 1.09153 1.46565 1.16974 0.951464 1.36397 1.58382 1.5099 1.28984 1.43658 0.952897 0.905064 1.02678 1.23401 1.38187 0.905064 1.03632 1.27085 1.63191 1.25291 1.47606 1.35979 1.39839 1.47257 1.58232 1.6409 1.16554 1.27085 1.9188 1.44527 1.83119 0.905064 1.70853 1.6409 1.55424 1.21867 1.64901 1.80182 1.38566 1.63191 1.37393 1.23401 1.7895 1.12828 1.45866 0.942896 1.21867 1.30054 1.61025 0.905064 1.25996 1.41972 0.905064 1.77413 2.09156 1.54685 
1.27189 1.54862 1.40737 1.38031 1.65444 1.37109 0.948957 1.26397 1.35145 1.30468 1.41409 0 1.63054 2.25942 1.32527 0.948957 1.57749 1.34589 1.72959 0.948957 1.77608 1.8369 1.24393 1.57749 2.07426 1.27189 0.948957 1.25271 1.75711 1.6086 1.30468 1.7343 1.39857 1.34589 1.62649 1.51787 1.35271 1.87916 1.13633 1.54462 1.59487 1.42329 1.27189 1.32527 1.26397 1.37109 1.51787 1.25271 1.33439 1.56108 1.82844 1.85374 1.51787 1.8369 1.51048 1.33439 1.41627 1.55837 1.49223 1.33439 1.46565 1.7904 2.06123 1.77245 1.98139 1.68112 1.91015 1.90189 2.01165 2.07023 1.59487 1.7904 2.30829 1.90497 2.15954 1.33439 2.05233 2.07023 2.0278 1.648 2.03579 2.23114 1.90521 2.06123 1.80325 1.58664 2.24294 1.5576 1.8369 1.37222 1.648 1.72987 2.03957 1.33439 1.77951 1.84904 1.33439 2.23324 2.42808 1.97617 
0.863349 1.44765 0.709758 0.933648 1.1736 0.890253 0.947585 0.709758 1.57195 0.709758 1.32737 1.63054 0 2.20263 1.28647 1.26794 1.29266 1.32737 1.74985 1.25493 1.67511 1.54817 0.709758 1.29266 2.11007 1.38441 0.947585 1.16003 1.47228 1.57039 1.25493 1.57634 0.891435 1.08626 1.9127 1.44765 0.933648 2.09966 0.709758 1.0392 1.31153 1.42408 0.863349 1.38271 0.863349 0.890253 1.44765 1.47321 1.44943 1.27625 1.60477 1.76021 1.44765 1.69649 1.32737 1.39276 1.32961 1.38073 1.42364 1.34032 1.34032 1.65585 2.1196 1.6379 1.72814 1.73232 1.62938 1.72814 1.95485 2.09105 1.48953 1.65585 2.22163 1.90017 2.03356 1.25769 1.79826 2.0374 1.96962 1.69798 2.02154 2.28121 1.77066 2.1196 1.74646 1.38594 2.1992 1.61598 1.73593 1.42229 1.69807 1.77994 1.98277 1.25769 1.69798 1.89911 1.27759 1.91117 2.24208 1.96707 
1.54589 1.93067 1.97946 1.7604 2.00465 1.91543 1.7968 1.81851 2.11382 1.90952 1.8301 2.25942 2.20263 0 1.12412 1.91543 1.9277 1.54004 2.38141 1.56074 2.15813 2.21895 1.78087 1.9277 2.30905 1.62389 1.7968 1.83008 2.26275 2.22504 2.06705 2.21162 1.87483 1.54004 2.33103 2.00998 1.85277 2.11463 1.54589 2.05027 1.79197 1.12412 1.54589 1.12412 1.81962 1.65487 2.00998 1.90748 1.56074 2.0271 2.21162 1.96564 1.86336 2.10413 1.62389 1.20577 1.6211 1.78398 2.08627 1.52663 1.88166 1.6908 1.93261 1.74148 2.33793 1.79479 1.97287 2.07377 1.89907 2.13695 1.79197 1.6908 2.16823 1.874 2.28524 1.54589 2.40196 2.13695 1.89919 1.96637 1.92249 2.07364 1.8654 1.93261 1.6618 1.78398 2.12059 1.52663 2.08876 1.3413 1.96637 1.60125 1.90588 1.3413 1.8654 1.81812 1.12412 2.35155 2.65309 1.84756 
4.21751 1.11075 4.703 3.74626 1.18474 4.24585 4.67401 4.05279 1.17966 4.39468 0.984973 1.32527 1.28647 1.12412 0 3.2894 1.88173 3.5569 3.86478 3.59685 1.33821 2.2682 3.6014 3.12766 1.63554 3.81431 4.1488 4.16876 2.51397 3.44063 1.13289 2.11539 2.6021 3.4291 3.80181 2.38698 4.14061 2.72794 3.09784 1.23035 4.1536 3.96654 3.38582 3.46108 4.14227 3.61025 5.25707 3.25765 4.85172 4.60032 5.18784 4.86523 4.27281 4.81806 3.84789 3.4919 3.96925 4.49785 4.84647 3.73592 4.83434 4.71987 3.99389 5.10515 2.68588 3.52231 1.16153 4.17738 5.00971 1.55366 2.30608 2.33807 1.76424 1.29071 1.6521 4.61241 1.59063 4.03866 2.48091 2.0899 1.43385 1.61688 3.91157 1.42175 1.19484 1.05492 4.37319 0.918128 4.89081 4.55896 2.1508 3.49642 5.29186 3.72291 4.61798 1.32228 3.19659 2.73187 1.91247 2.60295 
3.48311 1.54862 3.23948 3.30264 1.1889 3.29224 2.81449 3.09215 1.35145 3.37774 1.2659 0.948957 1.26794 1.91543 3.2894 0 2.3789 3.20744 4.71479 3.01614 1.77608 2.81963 2.70433 4.11649 1.88322 3.21126 2.75119 3.5394 2.91539 3.40338 1.10936 2.53436 3.68264 3.10783 4.37581 2.45033 3.23856 3.17426 2.74562 1.20865 3.71438 3.84311 3.32634 3.04129 3.38865 3.27386 3.91647 3.93209 3.64361 3.7544 3.91219 4.32964 3.68336 4.22606 3.35538 2.92797 3.47341 3.46613 3.9983 3.01614 3.81306 4.15591 4.7299 4.13013 3.00118 4.26221 1.15047 4.86099 4.38326 1.60385 3.00146 3.02173 1.87945 1.47614 1.80577 3.45523 1.49068 4.56856 3.08292 2.76879 1.66138 1.8023 4.79754 1.63239 1.45222 1.15781 5.12064 1.12877 4.21623 3.51363 2.5615 4.37548 4.50141 3.00576 4.10542 1.498 2.96138 3.40937 2.05368 3.15577 
2.096 1.58562 2.3429 2.00812 0.903808 1.69436 2.35724 2.06313 1.55854 2.32747 1.29793 1.57749 1.29266 1.9277 1.88173 2.3789 0 1.76545 3.03868 1.87832 1.81309 2.95899 2.01884 1.8504 1.91953 2.08465 2.22983 2.52235 2.84298 2.89493 1.51177 2.4444 2.28059 1.41192 3.10045 2.74466 2.16346 3.20573 1.86475 1.20674 2.19828 2.2732 2.03824 1.59193 2.2632 1.45844 2.61437 2.47826 2.24912 1.90934 2.36042 2.83316 2.45499 2.58976 1.91811 1.63292 2.09489 2.30377 2.69839 1.7819 2.5096 2.37849 2.90719 2.28718 2.99662 2.73218 1.27273 2.91052 2.64095 1.72611 2.67121 2.64877 2.07193 1.5984 2.07489 1.99116 1.45083 2.79937 2.79161 2.75069 1.74153 1.92456 2.81966 1.75465 1.57447 1.37982 3.23122 1.25103 2.47609 1.90965 2.5434 2.58823 2.77802 1.76918 2.48152 1.62026 1.6047 3.27608 2.36317 2.88993 
3.45878 1.22165 3.74189 6.89572 1.10476 6.77891 4.9663 7.76733 1.20029 3.38245 0.826348 1.34589 1.32737 1.54004 3.5569 3.20744 1.76545 0 3.40645 6.68034 1.44911 2.29816 8.15907 2.98567 1.21015 5.15892 7.58035 7.27938 2.58302 3.21644 1.12994 2.07637 2.16506 7.54402 3.14411 2.21813 3.22223 2.49794 6.57061 1.25574 5.88692 9.57847 5.09929 6.90839 4.12704 8.02154 5.36589 3.03901 4.07965 9.52414 6.724 4.388 7.60598 5.07295 7.5935 7.98328 8.94313 5.93242 6.70599 7.4655 5.47035 9.1987 3.62475 4.18924 2.29426 3.0732 0.999892 3.52771 8.65995 1.30529 1.91223 1.86814 1.417 0.943474 1.53401 3.76776 1.4025 3.43041 1.97275 1.69848 1.23296 1.42174 3.2119 1.25183 1.09155 0.886594 3.89385 0.653729 5.18392 3.75925 2.00904 3.00768 4.50103 8.03896 9.7569 1.13733 7.13432 2.41419 1.78426 2.23601 
3.86635 1.78115 4.21972 3.30512 1.79963 3.80984 3.52575 3.39147 1.58398 3.9133 1.44586 1.72959 1.74985 2.38141 3.86478 4.71479 3.03868 3.40645 0 2.92077 2.00861 3.11478 3.65228 4.66222 2.13678 3.15074 3.96461 3.71094 3.48162 4.63811 1.31661 3.07138 3.58252 3.56622 4.66029 3.05483 3.79774 2.51302 3.30939 1.66522 4.0369 3.56848 3.4394 3.12862 3.4337 3.59054 4.45835 4.13457 3.81755 4.43048 4.46857 4.69839 3.98581 4.58414 3.16409 3.30561 3.52674 3.57822 4.03267 3.0484 3.78754 3.94835 4.98255 4.03975 3.25656 4.43321 1.83613 5.05013 4.55592 2.19222 3.13506 2.94818 2.37959 1.90606 2.2357 4.08273 2.05877 4.98589 3.05551 2.76457 2.15301 2.35313 4.85616 2.18322 1.92524 1.56472 5.36185 1.55365 4.342 4.11792 3.24531 4.6483 4.50403 3.49666 4.10804 1.97103 3.21323 3.26759 2.38216 3.40771 
3.01845 1.08599 3.11163 8.58769 1.1889 5.9319 3.60816 6.70808 0.888825 3.10941 0.951464 0.948957 1.25493 1.56074 3.59685 3.01614 1.87832 6.68034 2.92077 0 1.31346 2.14925 5.78491 2.98109 1.38596 3.95749 7.75526 5.39477 2.51609 2.65983 0.842057 1.87555 2.18989 8.88412 2.54633 1.93356 3.04255 2.03604 7.6617 1.20865 5.26363 8.9286 4.24907 4.99978 3.38452 10.9701 4.62473 2.42082 2.90856 7.72425 5.23432 3.88437 8.80058 5.0136 12.2389 14.7405 10.2013 4.19604 5.47944 8.8831 4.21325 9.28677 3.0842 3.48427 2.44365 2.52926 1.15047 3.58993 6.55004 1.42355 2.27162 1.92953 1.52477 1.05124 1.38087 3.48681 1.49068 3.34293 1.99072 1.99008 1.30669 1.50764 3.33897 1.32374 1.17745 0.803121 3.48204 0.706364 4.67859 3.47609 2.1622 2.97397 3.94742 16.2456 9.25952 1.23446 15.0274 2.58257 1.69899 2.19795 
1.10249 0.998087 1.45194 1.50571 1.89004 1.64297 1.05281 1.37228 1.63048 1.58371 1.51731 1.77608 1.67511 2.15813 1.33821 1.77608 1.81309 1.44911 2.00861 1.31346 0 1.28637 1.45194 1.79977 1.74474 1.38697 1.05281 1.28637 1.60835 1.89565 1.58371 1.67029 1.40036 1.39342 1.5535 1.31346 1.53997 2.10913 0.998087 1.71378 1.39147 1.5729 1.13539 1.33821 1.37228 1.54025 1.31346 1.53174 1.484 1.36534 1.64238 1.76344 0.998087 1.28637 1.60254 1.37779 1.38697 1.56204 1.76355 1.44911 1.56886 1.57021 2.10463 1.78157 1.75541 1.65968 1.91572 1.60787 1.53857 2.17344 1.60044 1.57021 2.27898 2.00997 1.77444 1.13539 1.52492 2.12649 2.03515 1.54348 1.65968 2.27454 1.57795 2.10463 1.70196 1.56204 1.8945 1.67233 1.28637 1.37779 1.5944 1.35255 1.93827 1.13539 1.54348 1.85461 1.33821 2.03425 2.04781 1.92257 
2.04492 1.05891 2.43116 2.00202 1.74498 2.58411 2.26624 2.08534 1.6913 2.34968 1.43658 1.8369 1.54817 2.21895 2.2682 2.81963 2.95899 2.29816 3.11478 2.14925 1.28637 0 2.02054 2.54948 1.80556 2.08394 2.07303 2.01987 2.5775 3.04822 1.64453 2.69995 2.22582 1.73795 2.88689 2.56023 1.78445 3.6174 1.69951 1.54413 2.22218 2.34345 2.10002 2.36153 2.23904 2.36947 2.57074 2.24666 2.7273 2.38002 2.78358 2.84169 2.1569 2.13252 2.07041 2.32272 2.07225 2.74011 2.70629 2.38386 2.57434 2.66712 3.31995 2.79632 3.13211 2.27383 1.91372 2.83838 2.44503 2.18294 2.42252 2.9374 2.0855 1.93188 1.74945 2.28795 1.30879 3.39971 3.14866 2.58166 1.29109 2.26117 2.6204 2.09126 1.76278 1.62286 3.01756 1.67032 2.22811 2.54525 2.86541 2.52667 2.99907 2.03316 2.26298 1.91543 2.11853 3.19842 1.83167 3.43115 
3.89777 1.22448 3.57707 6.12675 1.14644 6.61446 4.93411 7.65589 1.09832 3.16894 0.826348 1.24393 0.709758 1.78087 3.6014 2.70433 2.01884 8.15907 3.65228 5.78491 1.45194 2.02054 0 2.85075 1.58547 4.99937 7.39643 7.19805 2.40853 2.89608 1.05155 2.12531 2.57021 7.03986 3.42697 1.89979 3.08625 2.7268 6.79802 1.03663 6.29462 8.79971 5.2414 6.23726 4.387 7.63742 5.77418 3.01865 3.99127 9.2544 6.70673 4.66376 8.56488 5.66927 6.76872 6.76442 7.93567 5.65397 6.50079 6.75517 5.42009 8.76699 3.75706 4.28321 2.56626 3.32802 1.39839 4.02791 8.31982 1.6409 2.53007 2.32176 1.81975 1.44527 1.70176 3.96282 1.57509 3.80314 2.48982 2.18491 1.64901 1.80182 3.81145 1.63191 1.37393 1.23401 4.11742 1.12828 5.33395 3.90937 2.2168 3.4123 4.62202 7.7567 9.67462 1.41972 6.45563 2.86766 2.05551 2.73874 
3.1537 1.57231 3.31504 2.86094 0.903808 2.49499 3.53272 2.62949 1.55854 3.01632 1.29793 1.57749 1.29266 1.9277 3.12766 4.11649 1.8504 2.98567 4.66222 2.98109 1.79977 2.54948 2.85075 0 1.90622 3.07658 3.2027 3.58629 2.73702 4.30153 1.51177 2.33844 3.38605 2.40949 4.24793 2.58351 2.94469 3.30314 2.58805 1.20674 3.3987 3.44025 2.80952 2.82728 3.17735 2.11792 3.77827 4.01411 3.58574 2.80408 3.5695 4.27563 3.45299 3.53832 2.89956 2.75555 3.20976 3.58494 3.76986 2.97352 3.62082 3.53081 4.3926 3.70969 2.92688 3.91099 1.27273 4.4678 3.8853 1.71279 2.73495 2.60842 2.07193 1.5984 2.06157 3.0929 1.43752 4.02467 2.77648 2.77517 1.74153 1.92456 4.36519 1.75465 1.57447 1.37982 4.53491 1.25103 3.45375 2.90796 2.50021 3.85504 4.12679 2.72137 3.64262 1.62026 2.60574 3.2366 2.29221 2.82152 
1.59599 1.51728 1.85416 1.70696 1.99648 1.81368 1.572 1.7143 1.95941 1.88574 1.58547 2.07426 2.11007 2.30905 1.63554 1.88322 1.91953 1.21015 2.13678 1.38596 1.74474 1.80556 1.58547 1.90622 0 1.44039 1.49417 1.80556 2.12754 2.14183 1.91264 1.77674 1.7143 1.49986 1.71012 1.38596 1.82899 2.18163 1.51728 2.03844 1.49267 1.58914 1.59599 1.37042 1.7143 1.6467 1.38596 1.86067 1.38596 1.6467 1.71227 1.98286 1.21015 1.49986 1.37896 1.21015 1.44039 1.79044 1.90378 1.21015 1.72725 1.54727 1.93699 1.55799 2.06558 1.63674 1.95355 1.96707 1.57005 1.94599 1.49267 1.54727 2.25426 1.78073 1.75149 1.59599 1.80628 1.94599 1.8897 1.9096 1.63674 2.1069 1.555 1.93699 1.67901 1.79044 1.87156 1.43336 1.37896 1.24798 1.71687 1.32961 1.91533 1.21015 1.37896 1.7248 1.21015 2.07921 2.18804 1.85193 
3.03055 1.1595 3.93966 4.00354 1.25557 5.57386 4.90789 4.79447 1.12629 3.61196 0.990939 1.27189 1.38441 1.62389 3.81431 3.21126 2.08465 5.15892 3.15074 3.95749 1.38697 2.08394 4.99937 3.07658 1.44039 0 5.63454 5.20572 2.56939 3.21606 1.07952 2.29336 2.08953 4.90359 3.13154 2.09404 3.17981 2.29821 4.04251 1.2791 6.07044 5.18329 4.78558 4.68381 3.88955 5.0519 5.35597 2.51823 3.44125 6.27369 6.67816 4.01857 5.50615 5.22456 4.55352 4.48247 4.98662 5.2744 6.27173 4.5279 5.04736 5.33475 3.35539 3.43685 2.4021 2.75363 1.29208 3.42092 6.30676 1.35852 2.16328 1.64526 1.417 0.943474 1.38087 3.70863 1.51471 3.37778 1.78179 1.69127 1.28324 1.42174 3.30695 1.25183 1.09155 0.659861 3.68227 0.748201 4.75609 3.64471 2.23262 3.03197 4.00389 5.1138 5.95118 1.13733 3.84877 2.40848 1.78087 2.24519 
3.35894 0.825344 3.22684 8.65169 1.31847 7.01533 5.30639 9.60806 0.888825 3.36831 0.951464 0.948957 0.947585 1.7968 4.1488 2.75119 2.22983 7.58035 3.96461 7.75526 1.05281 2.07303 7.39643 3.2027 1.49417 5.63454 0 7.48423 2.43987 2.93096 0.842057 1.7924 2.69567 8.13773 2.82273 1.73612 3.29595 2.74979 8.24291 1.20865 5.84471 11.9465 5.74589 7.48884 4.18422 9.01468 5.27141 2.9669 4.10051 9.66893 6.16869 4.8127 9.56693 5.68529 9.07107 9.22467 10.9315 6.39621 6.76326 8.96542 5.67892 11.1159 4.10308 4.66968 2.55712 3.17334 1.44752 3.68049 8.93884 1.6076 2.24871 2.42495 1.84566 1.44235 1.57944 4.09493 1.35218 4.12249 2.76841 2.18995 1.48694 1.76851 3.65006 1.5986 1.34063 1.12402 4.10198 1.09498 5.57855 4.32358 2.31412 3.24895 5.08221 9.59039 11.8233 1.38641 8.78179 2.91358 1.87506 2.82916 
2.96954 1.05891 4.20262 6.42852 1.53675 7.53566 4.77709 6.83536 1.10711 4.00623 1.12125 1.25271 1.16003 1.83008 4.16876 3.5394 2.52235 7.27938 3.71094 5.39477 1.28637 2.01987 7.19805 3.58629 1.80556 5.20572 7.48423 0 2.40497 3.40554 1.06034 2.26374 2.61388 6.26013 3.55453 2.18049 3.30189 2.84878 5.60399 1.37894 5.89819 7.0328 5.36764 6.83096 4.27199 6.92992 5.68353 2.59551 4.20461 7.74664 6.23225 3.99401 6.26707 5.29236 6.3686 6.13232 7.08125 6.00306 6.58214 6.08201 5.19063 7.62272 3.83219 4.56526 2.63897 2.7147 1.56396 3.75493 7.67708 1.82168 2.0538 2.34932 1.79706 1.52804 1.67906 4.228 1.30879 4.07658 2.62588 2.23487 1.29109 1.88495 3.24192 1.71504 1.3739 1.23399 3.9027 1.30906 4.94195 4.32826 2.53927 3.09622 4.78429 6.10268 7.79181 1.50285 5.48191 2.88911 1.83167 2.79663 
2.44538 1.38089 2.52515 2.68855 1.49617 2.48572 2.63308 2.35737 1.73816 2.70093 1.55999 1.75711 1.47228 2.26275 2.51397 2.91539 2.84298 2.58302 3.48162 2.51609 1.60835 2.5775 2.40853 2.73702 2.12754 2.56939 2.43987 2.40497 0 3.49635 1.69139 2.78018 2.60292 1.96956 3.21597 2.84026 2.48333 3.98118 2.06889 1.31992 2.67169 2.83456 2.47713 2.6073 2.61615 2.16797 2.64916 2.8314 2.95341 2.26401 2.76831 3.20594 2.37898 2.22116 2.58269 2.57223 2.76122 2.83013 3.30135 2.62962 3.10597 3.07265 3.56571 3.04209 3.01609 2.7375 1.6895 2.96719 2.72214 2.24052 2.88619 3.34293 2.38183 2.11281 2.15724 2.41981 1.56088 3.57794 3.54652 2.82743 1.76552 2.34133 2.96686 2.20926 1.80658 1.66666 3.41542 1.77695 2.40008 2.6419 3.0358 2.77244 3.24484 2.25903 2.68767 1.95923 2.36429 3.42428 2.15365 3.6607 
3.45421 1.66819 3.62682 3.16201 1.81019 3.47727 2.96185 3.39087 1.58965 3.556 1.29218 1.6086 1.57039 2.22504 3.44063 3.40338 2.89493 3.21644 4.63811 2.65983 1.89565 3.04822 2.89608 4.30153 2.14183 3.21606 2.93096 3.40554 3.49635 0 1.54288 2.97554 3.5765 3.29287 4.24161 2.73409 3.37921 3.34802 2.79631 1.78282 3.77658 3.73943 3.2056 3.14204 3.25936 3.3865 4.05916 3.8028 3.84077 3.96434 4.14735 4.24673 3.44515 4.3135 3.4448 3.07427 3.33277 3.63348 3.8079 2.86915 3.81469 4.20582 4.80374 4.18004 3.49425 4.25525 1.79333 5.00229 4.29222 2.13348 3.15926 3.17306 2.30162 1.89831 2.19968 3.80786 2.19503 4.92119 3.23424 2.90462 2.04395 2.19675 4.74507 1.94769 1.76887 1.57998 5.14406 1.44407 4.23091 3.86626 2.9885 4.26702 4.68571 3.26874 4.11213 1.81465 3.18137 3.62825 2.47584 3.3614 
0.995648 1.35625 1.25493 0.967337 1.39271 1.10936 0.842057 0.842057 1.15908 0.842057 1.22172 1.30468 1.25493 2.06705 1.13289 1.10936 1.51177 1.12994 1.31661 0.842057 1.58371 1.64453 1.05155 1.51177 1.91264 1.07952 0.842057 1.06034 1.69139 1.54288 0 1.54193 1.02373 1.15352 1.51959 1.35625 1.06365 1.68678 0.842057 1.25831 1.24709 1.23092 0.995648 1.13289 0.850993 1.10936 1.35625 1.06034 1.05267 1.49536 1.47997 1.74684 1.35625 1.64453 1.12994 1.14201 1.12382 1.14539 1.07925 1.05267 1.05267 1.52027 1.86885 1.39546 1.78901 1.48875 1.52177 1.70952 1.81927 1.87785 1.24709 1.52027 2.08605 1.61252 1.94216 1.14201 1.86198 1.87785 1.73535 1.45562 1.84341 2.03876 1.63508 1.86885 1.61088 1.25036 1.95675 1.36523 1.64453 1.17984 1.45562 1.53749 1.8472 1.14201 1.58713 1.65666 1.14201 1.82027 2.10791 1.78379 
2.16095 1.44282 2.15826 2.40378 1.25417 2.05622 1.98561 2.06584 1.5887 2.41771 1.31642 1.7343 1.57634 2.21162 2.11539 2.53436 2.4444 2.07637 3.07138 1.87555 1.67029 2.69995 2.12531 2.33844 1.77674 2.29336 1.7924 2.26374 2.78018 2.97554 1.54193 0 2.35092 1.57099 2.70421 2.67612 2.29594 3.4751 1.80195 1.42398 1.98887 2.5838 2.04478 2.18883 2.31572 1.76939 2.48503 2.66743 1.82304 2.37676 1.92279 3.02866 2.12273 2.34361 2.30665 2.17365 2.47186 2.55601 2.89486 1.96875 2.61259 2.796 3.4059 2.73118 2.56332 2.87842 1.55665 2.66264 2.92308 2.01002 2.86485 3.06628 2.34881 1.87528 2.02245 2.19516 1.73182 3.17936 3.23561 2.90265 1.9077 2.20848 3.02623 2.03857 1.79581 1.62717 3.48725 1.49126 2.57055 2.28964 2.74271 2.6725 3.17913 2.11133 2.66882 1.8416 2.08239 3.50036 2.42879 3.36762 
2.24965 1.2227 2.99534 2.14072 1.31642 2.74113 2.69049 2.18407 1.25297 2.75392 1.02337 1.39857 0.891435 1.87483 2.6021 3.68264 2.28059 2.16506 3.58252 2.18989 1.40036 2.22582 2.57021 3.38605 1.7143 2.08953 2.69567 2.61388 2.60292 3.5765 1.02373 2.35092 0 2.40298 3.74391 2.5185 2.66231 2.79074 2.06208 1.11558 2.61394 2.69212 1.89303 2.24298 2.17299 2.42122 3.50846 2.9228 2.64239 3.02874 3.60865 3.33569 2.84387 3.23725 2.15984 2.20568 2.30704 2.50076 3.06093 2.15017 2.83199 2.62826 3.82762 2.9595 2.48149 3.35931 1.41365 3.87601 3.46861 1.76711 2.40729 2.10503 1.89384 1.50441 1.84918 2.68099 1.63629 3.83261 2.4302 2.10487 1.69112 1.9093 3.66442 1.73939 1.41604 0.947173 4.18171 1.21834 3.15026 2.7394 2.312 3.45656 3.36894 2.23153 2.93221 1.54592 2.03309 2.40937 1.83292 2.76236 
3.24348 1.16595 3.66684 9.95225 0.903808 5.36516 4.82253 7.8142 1.20029 3.34365 0.826348 1.34589 1.08626 1.54004 3.4291 3.10783 1.41192 7.54402 3.56622 8.88412 1.39342 1.73795 7.03986 2.40949 1.49986 4.90359 8.13773 6.26013 1.96956 3.29287 1.15352 1.57099 2.40298 0 3.41686 2.24706 3.0544 2.67087 9.2761 0.933901 5.07408 10.013 4.53273 5.70951 4.03149 9.41655 5.46947 3.02681 3.69515 7.60782 5.29511 4.19258 8.97368 4.81513 10.1671 10.5626 12.3636 5.58812 6.26264 10.4658 5.30083 10.7933 3.56678 4.07596 2.28155 3.00683 0.999892 3.4539 7.3699 1.45327 1.86043 2.12082 1.76424 1.29071 1.74558 3.34134 1.17799 3.39375 2.34194 2.03282 1.35387 1.61688 3.26806 1.42175 1.28669 1.10699 3.74559 0.918128 4.55969 3.4653 1.93209 2.86891 4.28891 10.5584 9.83109 1.33247 9.65162 2.67479 1.90516 2.44025 
3.46361 1.32604 3.75196 3.50653 1.97884 3.67659 3.12925 3.60748 1.56636 3.89945 1.39547 1.62649 1.9127 2.33103 3.80181 4.37581 3.10045 3.14411 4.66029 2.54633 1.5535 2.88689 3.42697 4.24793 1.71012 3.13154 2.82273 3.55453 3.21597 4.24161 1.51959 2.70421 3.74391 3.41686 0 2.45961 3.66319 3.42688 3.07286 1.84844 3.61263 3.76989 3.44989 3.11494 3.50404 3.49792 3.27655 3.9354 3.69138 3.7335 3.84249 4.4019 3.28623 3.96308 3.34734 3.15452 3.61717 3.76806 3.99415 2.84639 3.71127 3.75544 4.87803 4.02778 3.27231 3.99625 1.98176 4.65915 4.02509 2.14183 2.91926 2.91166 2.37664 1.90311 1.86547 3.5721 1.85287 4.68543 3.26202 2.8605 1.84108 2.30274 4.30225 2.13283 1.87486 1.655 4.87693 1.51909 3.87356 3.84427 2.89431 4.06589 4.41424 3.07286 3.75477 1.92064 3.15079 3.53093 2.33413 3.37817 
2.09744 1.08599 2.03918 2.18778 1.52409 1.90072 1.92933 2.12528 1.40301 2.12785 1.44977 1.51787 1.44765 2.00998 2.38698 2.45033 2.74466 2.21813 3.05483 1.93356 1.31346 2.56023 1.89979 2.58351 1.38596 2.09404 1.73612 2.18049 2.84026 2.73409 1.35625 2.67612 2.5185 2.24706 2.45961 0 2.205 3.28049 1.78288 1.71133 2.3581 2.29806 2.10741 2.09103 2.25277 2.10143 2.13308 2.3673 2.33624 2.23854 2.23262 2.96135 2.01996 2.53489 2.30941 2.04566 2.13496 2.38005 2.59761 2.0042 2.51698 2.49849 3.28209 2.6367 3.16914 2.53308 1.65315 3.04074 2.67873 1.73594 2.73591 2.76876 1.974 1.57069 1.38087 2.24037 1.49068 3.05137 3.21172 2.67715 1.38415 1.89685 2.81908 1.72694 1.46897 1.25236 3.21213 1.22332 2.49114 2.16164 2.71096 2.37513 3.0663 1.95856 2.51469 1.51475 1.95439 3.40078 1.77644 3.16903 
3.69061 1.31251 3.89986 3.22677 1.29909 3.74223 4.09772 3.22102 1.20711 3.55948 0.952898 1.35271 0.933648 1.85277 4.14061 3.23856 2.16346 3.22223 3.79774 3.04255 1.53997 1.78445 3.08625 2.94469 1.82899 3.17981 3.29595 3.30189 2.48333 3.37921 1.06365 2.29594 2.66231 3.0544 3.66319 2.205 0 2.82755 2.53526 1.17502 3.76493 3.92642 3.48238 3.48741 3.6523 3.64466 4.59823 3.07647 4.52955 4.15325 4.43674 4.90835 3.76653 4.12555 3.34009 3.53374 3.60016 4.1871 4.32387 3.45853 4.35194 4.43181 4.00642 4.82332 2.7046 3.24025 1.44243 4.01202 4.48873 1.80936 2.47892 2.43109 1.81975 1.39431 1.70176 4.19478 1.63828 4.00262 2.55572 2.29424 1.57418 1.87257 3.7462 1.70266 1.3966 1.24343 4.15353 1.19904 4.31047 4.51331 2.42113 3.34705 4.9589 3.40757 4.13622 1.54925 3.33373 2.97699 1.958 2.84807 
2.60616 1.88167 3.12036 2.55547 1.81403 2.8228 2.68367 2.49414 1.73355 2.72011 1.75589 1.87916 2.09966 2.11463 2.72794 3.17426 3.20573 2.49794 2.51302 2.03604 2.10913 3.6174 2.7268 3.30314 2.18163 2.29821 2.74979 2.84878 3.98118 3.34802 1.68678 3.4751 2.79074 2.67087 3.42688 3.28049 2.82755 0 2.3749 2.00127 3.0199 2.58866 2.55515 2.26847 2.60062 2.67323 3.23471 2.80469 2.64266 3.26054 3.3649 3.49644 2.96892 3.50935 2.36122 2.39367 2.50265 2.62679 2.90386 2.18771 2.70855 2.83878 3.53391 2.73603 3.72358 3.03613 1.85726 3.68564 3.39673 2.00954 3.38967 3.10906 2.1499 1.74659 2.07622 2.82015 2.2833 3.64214 3.24046 3.252 1.93183 2.07275 3.35891 1.87763 1.74256 1.42826 3.84287 1.374 3.26953 2.88458 3.54146 3.18515 3.30853 2.53147 3.01202 1.78835 2.36545 3.73625 2.32412 3.52655 
2.26303 0.825344 2.79186 10.085 1.13474 5.97703 4.49603 7.91612 0.888825 2.94292 0.826348 1.13633 0.709758 1.54589 3.09784 2.74562 1.86475 6.57061 3.30939 7.6617 0.998087 1.69951 6.79802 2.58805 1.51728 4.04251 8.24291 5.60399 2.06889 2.79631 0.842057 1.80195 2.06208 9.2761 3.07286 1.78288 2.53526 2.3749 0 0.933901 4.83866 9.66394 4.31686 5.56543 3.20512 9.95989 5.04521 2.30105 3.62164 7.97628 5.29758 3.59481 8.3757 4.36258 10.1313 10.3533 11.7435 4.93514 5.76022 10.3779 4.57456 10.5681 3.60478 4.1404 2.50497 2.89431 1.30348 3.63737 7.30978 1.57271 2.15142 2.26575 1.77009 1.40746 1.54697 3.74442 1.29746 3.64021 2.43933 2.04832 1.43024 1.70438 3.26643 1.53447 1.19484 0.949796 3.91714 1.06009 4.61034 3.68525 2.10922 2.84936 4.41164 10.3107 9.85072 1.32228 9.27012 2.48747 1.75292 2.56137 
1.08749 1.48632 1.03663 1.17502 1.08768 1.03663 1.20865 0.737893 1.52567 0.949368 1.34751 1.54462 1.0392 2.05027 1.23035 1.20865 1.20674 1.25574 1.66522 1.20865 1.71378 1.54413 1.03663 1.20674 2.03844 1.2791 1.20865 1.37894 1.31992 1.78282 1.25831 1.42398 1.11558 0.933901 1.84844 1.71133 1.17502 2.00127 0.933901 0 1.22353 1.27172 1.08749 1.23035 1.08749 0.737893 1.48632 1.42693 1.37614 1.12389 1.45241 1.73006 1.48632 1.54413 1.24274 1.2404 1.17725 1.22837 1.44585 1.2404 1.2404 1.50349 1.96724 1.48554 1.57578 1.57996 1.47702 1.57578 1.80249 1.93869 1.33717 1.50349 2.06927 1.80025 2.05135 1.10533 1.6459 1.88504 1.81726 1.54571 1.86918 2.12885 1.6183 1.96724 1.5941 1.23358 2.04684 1.46362 1.6459 1.26993 1.54571 1.62758 1.83041 1.10533 1.6183 1.74675 1.12523 1.78359 2.09113 1.81471 
3.13312 1.164 4.02557 5.85128 1.35668 6.25637 5.78097 5.67609 1.44926 4.21378 1.16554 1.59487 1.31153 1.79197 4.1536 3.71438 2.19828 5.88692 4.0369 5.26363 1.39147 2.22218 6.29462 3.3987 1.49267 6.07044 5.84471 5.89819 2.67169 3.77658 1.24709 1.98887 2.61394 5.07408 3.61263 2.3581 3.76493 3.0199 4.83866 1.22353 0 6.838 5.78935 5.94915 5.00066 5.10863 5.80804 3.05159 4.07459 6.28861 6.25999 4.60653 5.28022 5.30725 5.27335 5.38623 6.17211 6.19245 7.18961 5.33401 5.77768 6.08503 3.98553 4.26809 2.59359 3.2935 1.25182 3.65385 7.05353 1.69209 1.96321 2.01996 1.9465 1.46266 1.55052 4.0203 1.5536 3.84863 2.60053 2.29533 1.43577 1.78882 3.56425 1.51204 1.45707 1.16174 4.18863 1.00842 5.33162 3.91156 2.35623 3.10929 4.63411 5.2009 6.54785 1.50285 4.88384 2.86355 1.99734 2.48647 
4.15335 1.34544 4.68818 9.76149 1.2778 7.6184 5.20445 10.7948 1.27768 4.26864 1.12125 1.42329 1.42408 1.12412 3.96654 3.84311 2.2732 9.57847 3.56848 8.9286 1.5729 2.34345 8.79971 3.44025 1.58914 5.18329 11.9465 7.0328 2.83456 3.73943 1.23092 2.5838 2.69212 10.013 3.76989 2.29806 3.92642 2.58866 9.66394 1.27172 6.838 0 5.33272 7.20989 4.87629 10.2758 5.95765 3.24417 4.11659 9.74034 7.2941 4.10791 10.9675 5.81236 8.14987 8.34404 9.23633 6.06697 6.71022 8.92945 5.45037 10.5465 2.93128 3.95604 2.50327 2.84057 1.34625 3.7047 8.12259 1.47331 2.45466 1.89715 1.41788 1.14886 1.53489 4.19214 1.45926 3.9278 2.0652 2.0569 1.22779 1.00362 2.93236 1.03181 0.566564 0.892025 3.43441 0.862986 5.43511 4.05888 2.48314 3.28801 3.88681 9.01239 11.2939 1.18808 7.79219 2.48033 1.78789 2.50085 
2.89893 0.90793 3.74301 4.63566 1.28158 5.5211 5.00079 5.08271 1.12629 3.53239 0.905064 1.27189 0.863349 1.54589 3.38582 3.32634 2.03824 5.09929 3.4394 4.24907 1.13539 2.10002 5.2414 2.80952 1.59599 4.78558 5.74589 5.36764 2.47713 3.2056 0.995648 2.04478 1.89303 4.53273 3.44989 2.10741 3.48238 2.55515 4.31686 1.08749 5.78935 5.33272 0 4.47898 4.01774 4.56129 5.55342 2.54457 3.85626 5.61669 6.40836 3.83305 5.31412 4.94017 4.14289 4.34077 5.12045 5.32014 6.30923 4.2546 4.99914 5.66436 3.45843 4.0428 2.36325 2.80509 1.30348 3.51684 6.40361 1.57271 2.18765 2.14291 1.56628 1.29726 1.54697 3.71619 1.29746 3.66871 2.31097 1.74317 1.41821 1.67788 3.38271 1.51089 1.14313 0.947173 3.77482 1.06009 4.73987 3.32233 1.85759 3.11697 4.1493 4.57637 5.45648 1.29578 3.98894 2.3628 1.75292 2.52089 
3.36602 1.11075 3.91275 5.77224 1.18474 6.33318 4.84587 6.13859 1.17966 3.61555 0.984973 1.32527 1.38271 1.12412 3.46108 3.04129 1.59193 6.90839 3.12862 4.99978 1.33821 2.36153 6.23726 2.82728 1.37042 4.68381 7.48884 6.83096 2.6073 3.14204 1.13289 2.18883 2.24298 5.70951 3.11494 2.09103 3.48741 2.26847 5.56543 1.23035 5.94915 7.20989 4.47898 0 3.90488 6.36819 5.35907 2.499 3.47783 7.17148 6.15248 3.99635 6.82329 5.17288 5.54521 5.57207 6.92002 5.40801 6.49919 5.21664 5.01845 7.37687 3.14645 3.72808 2.57275 2.7332 1.03423 3.37598 8.36595 1.19832 1.87938 1.74324 1.31126 0.935371 1.42827 3.47204 1.54499 3.31483 1.80443 1.85832 1.06552 1.16389 3.27998 0.993983 0.833706 0.874368 3.62417 0.588 4.71017 3.36968 2.05929 2.80026 3.98281 6.23256 7.54323 0.879489 5.28768 2.39786 1.71445 2.05776 
2.86022 1.18166 3.7613 3.70074 1.28834 4.59102 4.88125 3.96121 1.11836 3.73419 1.02337 1.26397 0.863349 1.81962 4.14227 3.38865 2.2632 4.12704 3.4337 3.38452 1.37228 2.23904 4.387 3.17735 1.7143 3.88955 4.18422 4.27199 2.61615 3.25936 0.850993 2.31572 2.17299 4.03149 3.50404 2.25277 3.6523 2.60062 3.20512 1.08749 5.00066 4.87629 4.01774 3.90488 0 4.23833 5.79688 2.53665 3.57894 5.35564 5.36526 4.42209 4.42352 5.77907 3.88304 3.99597 4.58587 4.39835 4.64612 3.47603 5.18543 5.18428 3.75903 4.28235 2.44886 3.32915 1.33638 3.89674 5.75625 1.69246 2.29739 2.24824 1.83862 1.42713 1.8207 3.93562 1.57119 3.72181 2.37146 2.06619 1.69055 1.85337 3.72578 1.68346 1.41547 0.949797 4.11312 1.17984 5.51222 3.96683 2.2021 3.40669 4.67027 4.02078 5.2332 1.47127 3.68911 2.37068 1.75292 2.72367 
3.40652 1.31279 3.58762 11.5653 0.349787 5.60644 5.15077 7.73686 1.35214 3.08677 1.09153 1.37109 0.890253 1.65487 3.61025 3.27386 1.45844 8.02154 3.59054 10.9701 1.54025 2.36947 7.63742 2.11792 1.6467 5.0519 9.01468 6.92992 2.16797 3.3865 1.10936 1.76939 2.42122 9.41655 3.49792 2.10143 3.64466 2.67323 9.95989 0.737893 5.10863 10.2758 4.56129 6.36819 4.23833 0 5.20176 2.8992 3.19773 7.53492 5.68312 4.25976 9.9178 4.80285 12.8768 13.1615 12.0207 4.97611 6.17813 9.48878 5.12723 10.0578 3.46606 3.91229 2.37509 3.03896 0.873962 3.39523 7.69158 1.42498 2.13116 2.12493 1.64409 1.32556 1.56925 3.12627 1.17799 3.07688 2.29299 2.2537 1.34392 1.60359 3.41248 1.47151 1.06884 0.874188 3.81702 0.978189 4.38014 2.84807 1.97997 2.98504 4.16158 12.9749 9.54604 1.22149 11.8463 2.65455 1.94218 2.19398 
4.40782 1.08599 4.51864 5.56586 1.44815 5.97131 6.39696 5.59904 1.40301 4.88001 1.46565 1.51787 1.44765 2.00998 5.25707 3.91647 2.61437 5.36589 4.45835 4.62473 1.31346 2.57074 5.77418 3.77827 1.38596 5.35597 5.27141 5.68353 2.64916 4.05916 1.35625 2.48503 3.50846 5.46947 3.27655 2.13308 4.59823 3.23471 5.04521 1.48632 5.80804 5.95765 5.55342 5.35907 5.79688 5.20176 0 3.79293 4.60228 5.48417 6.20794 5.38276 5.20984 6.76059 4.8987 5.00371 5.20266 5.45568 6.53885 5.00122 6.8439 5.52406 4.20252 4.62851 2.94094 3.31061 1.47006 3.83507 6.28339 1.65618 2.59542 2.16955 1.974 1.57069 1.16113 4.11482 0.889264 3.40482 2.87039 2.58719 1.3835 1.89685 4.06308 1.72694 1.42577 1.25236 4.23925 1.22332 5.85088 4.18254 2.42732 3.27326 4.96986 4.79677 5.97419 1.51475 4.30185 3.15848 1.77645 2.37078 
2.61342 1.30428 3.25866 2.73321 1.53564 3.23626 3.08945 2.62333 1.10711 3.12721 1.16974 1.25271 1.47321 1.90748 3.25765 3.93209 2.47826 3.03901 4.13457 2.42082 1.53174 2.24666 3.01865 4.01411 1.86067 2.51823 2.9669 2.59551 2.8314 3.8028 1.06034 2.66743 2.9228 3.02681 3.9354 2.3673 3.07647 2.80469 2.30105 1.42693 3.05159 3.24417 2.54457 2.499 2.53665 2.8992 3.79293 0 3.15361 3.61073 3.76151 3.66537 3.21916 3.59959 2.84199 2.53857 2.83164 2.98521 2.9785 2.35935 2.50568 3.48373 4.22425 3.5091 3.00513 3.16381 1.60408 4.16841 3.40955 1.73114 2.0914 2.5801 1.8715 1.46819 1.79782 3.26762 1.74754 4.2799 2.74815 2.44295 1.29109 1.79435 4.09136 1.62445 1.46417 1.14986 4.31017 1.12082 3.27163 3.32602 2.65349 3.61529 3.95911 2.57407 3.55524 1.50995 2.41909 2.90616 1.72313 2.84056 
4.20389 1.25654 4.65857 3.85336 1.1889 4.01944 4.34261 3.73006 1.18878 4.44795 0.951464 1.33439 1.44943 1.56074 4.85172 3.64361 2.24912 4.07965 3.81755 2.90856 1.484 2.7273 3.99127 3.58574 1.38596 3.44125 4.10051 4.20461 2.95341 3.84077 1.05267 1.82304 2.64239 3.69515 3.69138 2.33624 4.52955 2.64266 3.62164 1.37614 4.07459 4.11659 3.85626 3.47783 3.57894 3.19773 4.60228 3.15361 0 4.21817 3.98054 4.92071 3.81637 4.96971 3.48374 2.92912 4.05425 3.33536 4.41952 2.97493 4.27427 3.90213 3.53526 4.45839 2.39114 3.03092 1.15047 3.71541 4.33491 1.42355 2.44091 2.04501 1.52477 1.05124 1.45108 4.02509 1.64331 3.73024 2.315 2.25592 1.30669 1.50764 3.79012 1.32374 1.17745 0.784807 3.88935 0.706364 4.57422 4.09524 2.4803 3.42448 4.87509 2.99474 4.24628 1.23446 2.67831 2.70301 1.69899 2.38326 
3.90486 1.13788 4.44081 8.46201 1.15635 7.26259 5.87303 9.17384 1.54213 4.45316 1.36397 1.56108 1.27625 2.0271 4.60032 3.7544 1.90934 9.52414 4.43048 7.72425 1.36534 2.38002 9.2544 2.80408 1.6467 6.27369 9.66893 7.74664 2.26401 3.96434 1.49536 2.37676 3.02874 7.60782 3.7335 2.23854 4.15325 3.26054 7.97628 1.12389 6.28861 9.74034 5.61669 7.17148 5.35564 7.53492 5.48417 3.61073 4.21817 0 6.76532 4.83406 8.10207 5.57842 7.73654 7.64395 8.84344 6.43976 7.12858 7.17753 6.11881 8.44217 3.87065 4.47764 2.42561 3.32415 1.2471 3.49765 8.24516 1.42498 2.40541 2.52167 1.9471 1.67041 1.56925 3.71885 0.889264 3.32619 2.78669 2.22371 1.42748 1.89893 3.68238 1.72902 1.37185 1.25499 4.00234 1.32304 4.68305 3.16236 1.88705 3.02858 4.6727 6.02182 8.89161 1.5245 6.51339 2.98951 2.04912 2.26904 
