0 2211 1359 638 520 1404 800 1356 140 1344 1260 1149 615 1474 1014 1242 1518 60 2013 1362 984 1224 1554 246 978 1728 964 1728 1599 2016 1280 1378 1512 1426 808 1018 1294 758 1447 486 1956 1191 1719 1146 1083 681 1401 1557 615 1707 1512 1341 1377 1020 1347 1989 1284 567 1527 1530 1788 1362 1587 1032 466 1542 1476 1857 2148 1557 998 1904 1083 1980 840 1916 1130 1342 1467 1485 1233 1701 1794 882 1209 1254 468 1389 1046 2409 1466 1580 1450 1992 1052 1569 2661 2016 1371 2166 
2211 0 3094 836 1352 2848 706 1964 1534 1806 3344 2169 2760 2096 1578 3522 2364 2884 1974 2740 2280 2758 1986 2337 1550 3520 1796 2265 3177 3432 2006 2168 2967 1888 1270 1408 984 1220 2256 3024 4272 2732 3300 2792 2368 2572 2876 1388 2632 3460 2668 2796 2804 3300 3634 3904 3550 2696 1416 2964 3636 2817 3780 1950 1298 2328 1976 2775 3066 2283 1610 2698 2538 2898 2344 2420 1722 1032 2385 2940 2340 3856 2331 3116 2796 2896 1300 3036 1530 2524 2058 2038 2022 2036 1980 1472 3345 2742 2972 4072 
1359 3094 0 1464 1346 3032 590 1284 966 1852 3088 1112 2472 2142 1624 808 2433 1732 1698 2367 2796 1980 2424 1485 1710 2216 1790 1989 1233 2607 2106 954 2751 1934 1316 112 1870 1266 1860 2300 4056 3052 2484 2992 2460 2560 2732 3440 2472 1636 2028 2652 3320 2608 948 3104 864 2408 3280 1864 3632 2103 3172 2271 1292 2768 1656 2976 3387 2670 1744 2332 2019 2868 2772 1882 1474 1930 2241 2724 3180 3360 2661 2164 2300 3164 1294 2540 1788 4576 1810 1718 2178 3328 1878 3336 3000 3129 3284 3576 
638 836 1464 0 1078 1532 1358 1914 698 1902 1398 1324 968 2032 1572 1386 1570 598 1900 1466 1294 1374 1632 722 1536 1710 1522 1710 1624 1902 1838 1936 1566 1984 1366 1576 1820 1316 1484 882 1862 1352 1704 1322 1280 1012 1492 1530 968 1696 1566 1452 1556 1238 1456 1884 1414 936 1544 1578 1750 1466 1616 1246 1024 1586 2034 1796 1990 1676 1556 2462 1280 1878 1118 2474 1688 1868 1536 1548 1380 1692 1754 1146 1364 1394 1026 1484 1684 2098 2024 2138 2008 1854 1610 1572 2332 1982 1472 2002 
520 1352 1346 1078 0 586 1240 1114 580 956 452 1206 356 1246 626 1160 624 480 1316 520 1098 980 686 452 984 910 576 808 1002 1290 892 1602 1448 1038 420 1458 974 370 654 488 916 800 846 830 334 66 634 658 356 750 1024 594 990 626 1142 1272 1136 324 852 632 826 854 670 308 78 648 1096 858 1052 1110 618 1516 668 940 180 1582 742 1176 598 936 442 746 816 534 418 456 80 538 1118 1226 1078 1192 1332 1158 998 876 1720 1416 910 1056 
1404 2848 3032 1532 586 0 1694 780 1034 1378 2941 4980 2250 1668 502 4231 1043 4203 2724 1884 3444 3507 150 1359 398 2704 1030 1845 2184 2493 1346 1016 2853 1460 800 1628 992 792 1614 1740 2740 856 1105 732 3420 2340 300 3101 1476 2667 6048 1297 4985 3600 2815 5081 3364 3321 3468 4248 2464 1854 2012 1143 532 3260 1550 1869 2259 1902 912 1666 1575 1692 2853 1212 690 1040 1578 1977 1612 1792 1485 4266 2207 4173 534 972 1020 3455 1004 1140 870 2824 1380 1488 2199 2361 1765 3023 
800 706 590 1358 1240 1694 0 1748 860 1590 1532 34 1092 1880 1362 994 1360 760 610 1154 1456 468 1624 884 1698 1544 1684 804 1412 2026 2000 1544 1728 1672 1054 702 1608 1004 1288 960 2024 1514 1678 1484 968 1174 1586 1400 1130 1408 1604 1614 1718 1400 1064 1564 1022 1098 1414 1266 1912 1628 1778 1408 1186 1748 2196 1958 2152 1838 1718 2344 1442 2040 1280 2216 1850 1738 1698 1710 1542 1854 1916 1308 1526 1556 1188 1646 1846 1968 1828 2300 2170 1724 1772 1442 2012 2144 1634 1806 
1356 1964 1284 1914 1114 780 1748 0 1416 1402 1024 1714 1138 1692 850 880 852 1316 1762 966 1544 1590 880 1434 806 204 1462 1254 1242 1884 1874 1424 2158 1484 866 1396 1420 816 1100 1270 1124 622 338 592 780 1048 630 1270 1138 466 1434 590 1556 1362 894 914 852 1106 1280 1078 1112 1636 1414 1290 1060 1000 2014 1646 2034 1676 1320 1694 1404 1528 1162 1108 1090 1546 1516 1710 1206 1296 1390 1316 766 1374 1062 886 1428 1810 1178 1540 1278 1312 1780 1308 1362 1982 742 1156 
140 1534 966 698 580 1034 860 1416 0 1404 900 826 470 1534 1074 888 1072 100 1402 920 796 876 1134 224 1038 1212 1024 1212 1126 1404 1340 1438 1068 1486 868 1078 1354 818 786 384 1364 854 1206 824 782 514 994 1098 470 1198 1068 954 1058 740 958 1386 916 438 1078 1080 1252 968 1118 748 526 1088 1536 1298 1492 1178 1058 1964 782 1380 620 1976 1190 1402 1038 1050 882 1194 1256 648 866 896 528 986 1186 1666 1526 1640 1510 1388 1112 1106 1834 1484 974 1504 
1344 1806 1852 1902 956 1378 1590 1402 1404 0 1186 1556 1116 1534 1016 1448 1014 1304 1604 808 1386 1432 1278 1276 1488 1198 1400 1096 1826 1726 1716 1998 2000 1326 708 1802 1262 658 942 1248 1740 1304 1332 1274 622 890 1240 1112 1116 1488 1766 1280 1648 782 1518 1510 1476 1084 1140 920 1294 1614 1494 1132 902 1472 1856 1618 1876 1768 1378 2290 824 1764 1004 1870 1566 1464 1358 1552 1266 1570 1640 1294 1242 1216 904 1362 1776 1680 1774 2016 1800 1450 1758 1168 1958 2074 1424 1752 
1260 3344 3088 1398 452 2941 1532 1024 900 1186 0 4501 1362 1476 174 3990 258 2800 2583 1500 3234 2843 1279 1158 646 3195 438 1557 1983 2082 1212 1264 2652 1268 650 1656 1204 600 1326 1172 2472 3087 2406 2472 2064 1351 1512 3423 1036 3745 4704 2506 4585 2837 3025 5060 3504 1780 3831 2142 3894 1524 1980 942 398 3390 1416 1767 2058 2145 938 1836 1245 1890 1750 1562 1062 1406 1377 1647 1524 2132 1704 2515 2583 2716 400 1632 1268 3865 1252 1512 1118 3588 1160 2220 2823 2604 3507 4026 
1149 2169 1112 1324 1206 4980 34 1714 826 1556 4501 0 3212 1846 1328 3095 1989 2178 864 2240 4542 1085 2385 1275 1664 4530 1650 1155 2067 2988 1966 1510 2541 1638 1020 668 1574 970 1881 1852 3980 4440 4110 4350 2802 3420 3104 4272 2192 4309 4772 4740 5328 4098 2575 5072 3151 3192 4350 3696 5641 2391 3488 2061 1152 5142 2162 2886 3177 2706 1684 2310 2112 3009 3738 2182 1816 1772 2496 2514 3016 3640 2823 3822 4476 4566 1154 3224 1812 4980 1794 2266 2136 4628 1738 2954 2967 3165 4800 5674 
615 2760 2472 968 356 2250 1092 1138 470 1116 1362 3212 0 1470 628 2879 939 1110 2357 1460 3236 1932 1257 741 780 2802 800 1440 1839 1401 1116 1398 2007 1262 644 1348 948 594 1296 264 2280 1788 2000 1698 1674 870 1176 2076 128 2922 3174 1644 3642 1002 2125 2940 2823 96 2016 2568 2545 843 1492 513 302 2046 1130 1338 1629 2001 652 1740 564 1461 642 1570 966 996 948 966 952 1940 1275 726 1926 1470 304 1524 1342 3150 1244 1416 1252 2874 706 1400 2142 2178 2148 3666 
1474 2096 2142 2032 1246 1668 1880 1692 1534 1534 1476 1846 1470 0 1306 1738 1304 1434 1894 1098 1304 1722 1568 1558 1778 1488 1690 1386 2116 2016 2006 2288 466 1616 998 2092 1552 948 1232 1602 2030 1594 1622 1564 912 1180 1530 1402 1470 1778 2056 1570 1566 1494 1808 2198 1766 1438 1430 1210 1876 1968 1784 1422 1192 1762 2146 1908 2166 1686 1668 2630 1536 2054 1294 2160 1856 1754 1648 1842 1556 1860 1930 1648 1532 1506 1194 1652 1694 1970 2192 2306 2250 1740 2112 1458 2646 1992 1714 2170 
1014 1578 1624 1572 626 502 1362 850 1074 1016 174 1328 628 1306 0 1220 2 974 1376 580 1158 1204 602 946 472 646 612 868 1496 1498 1386 1090 1772 1098 480 1574 1034 430 714 760 1410 288 780 258 394 560 652 884 692 936 1518 692 1222 962 1290 1342 1248 660 912 692 778 1190 1080 802 572 954 1590 1352 1546 1342 986 1780 1004 1434 674 1550 1044 1236 1092 1272 936 1010 1310 870 720 950 574 600 1094 1452 1078 1494 944 1222 1334 940 1790 1648 408 1100 
1242 3522 808 1386 1160 4231 994 880 888 1448 3990 3095 2879 1738 1220 0 1827 2758 2304 2024 2982 2390 1818 1368 1306 2756 1578 1938 627 2001 1860 550 2634 1530 912 516 1466 862 1719 2104 3248 4042 2095 3276 2891 3829 1924 4606 1840 1741 2542 3363 4396 3150 175 4258 84 3346 4380 1848 5078 1497 2364 1797 1106 3566 1252 2370 2913 2064 1340 1928 1413 2262 3883 1478 1070 1526 1635 2250 2372 2552 2055 3031 2747 4150 1108 1732 1384 4710 1406 1314 1774 3150 1562 2528 2394 2523 4450 4152 
1518 2364 2433 1570 624 1043 1360 852 1072 1014 258 1989 939 1304 2 1827 0 1458 2325 867 1734 1803 1128 1416 474 1132 610 1299 2241 2244 1384 1092 2740 1096 478 1572 1032 428 1068 1137 2112 901 1333 856 588 837 1118 1323 1035 1559 2274 1138 1933 1440 1932 2147 1869 987 1365 1035 1439 1782 1663 1200 570 1526 1588 2025 2316 2113 988 1782 1503 2148 1008 1552 1046 1234 1635 1905 1401 1631 1962 1302 1177 1422 572 1117 1096 2175 1080 1496 946 1830 1332 1407 2819 2572 1081 1876 
60 2884 1732 598 480 4203 760 1316 100 1304 2800 2178 1110 1434 974 2758 1458 0 1953 1736 2802 2132 1551 186 938 5132 924 1668 1539 1956 1240 1338 1452 1386 768 978 1254 718 1387 568 2528 3213 2765 2172 5115 3105 1788 3493 740 3843 4840 2989 4592 2240 2145 7114 2448 2366 5679 4900 4046 1302 2036 972 426 4464 1436 1797 2088 1617 958 1864 1023 1920 2860 1876 1090 1302 1407 1425 1564 2188 1734 2466 5745 7147 428 1772 1086 3915 1426 1540 1410 3548 1012 2012 2601 2076 4317 4212 
2013 1974 1698 1900 1316 2724 610 1762 1402 1604 2583 864 2357 1894 1376 2304 2325 1953 0 2016 2745 1515 2674 2139 1848 2390 1760 2019 2931 3370 2076 2086 3405 1686 1068 1244 1622 946 2217 2253 2316 2668 2295 2647 1737 2108 2511 2472 2376 2532 3060 2531 3047 2405 2409 1431 2346 2328 2512 2184 2969 3018 2952 2467 1262 2866 2216 3228 3114 2937 1738 1734 2468 3415 2275 2230 1926 1824 2838 3038 2668 3112 3229 2538 2519 2625 1264 2699 2136 2775 1218 2376 2320 2754 2182 2554 2103 3686 2728 1794 
1362 2740 2367 1466 520 1884 1154 966 920 808 1500 2240 1460 1098 580 2024 867 1736 2016 0 1900 1992 1263 1260 1052 1524 964 990 2085 1935 1280 1562 2458 890 272 994 826 222 201 1724 2608 2024 1792 1988 372 908 1608 1352 1460 2104 2660 1688 2424 792 2164 2248 2080 1396 1408 968 1816 1842 2116 1044 466 2072 1420 1773 2160 1998 942 1904 657 1992 1136 1434 1130 1028 1383 1674 1660 2268 1806 1816 1612 1560 468 1852 1340 2488 1388 1580 1414 2028 1372 1464 2358 2457 2264 2732 
984 2280 2796 1294 1098 3444 1456 1544 796 1386 3234 4542 3236 1304 1158 2982 1734 2802 2745 1900 0 3731 1572 1230 1380 4020 1516 1857 2118 1908 866 1544 1257 1468 850 1510 708 800 1626 1960 3764 3671 3435 3761 2292 3096 2324 3762 2080 3864 2856 3366 786 4018 2660 4448 3066 3140 1296 1398 4385 2346 3272 1911 1044 3390 1594 2358 2979 573 1332 2166 2067 1893 3438 1416 1280 756 1542 1839 1788 2972 2235 3770 2868 3510 1046 2152 390 3071 1166 1656 1612 2215 1708 920 2751 1032 3414 3882 
1224 2758 1980 1374 980 3507 468 1590 876 1432 2843 1085 1932 1722 1204 2390 1803 2132 1515 1992 3731 0 2193 1350 1404 3506 1424 504 1977 2337 1740 1506 2616 1514 896 1102 1450 846 1695 984 3528 3186 3608 3111 2066 2367 2424 3258 1376 3285 3775 3078 4386 2612 2215 4190 2320 1980 3256 2811 3827 1779 2740 1449 926 3442 1754 2274 2565 2781 1276 2364 1500 2397 2272 2058 1590 1620 1884 1902 2200 3188 2211 2479 3247 2930 928 2772 1862 4678 1868 2040 1876 4264 1330 2648 3078 3114 3486 4726 
1554 1986 2424 1632 686 150 1624 880 1134 1278 1279 2385 1257 1568 602 1818 1128 1551 2674 1263 1572 2193 0 1509 498 1014 1130 1695 2334 2640 1446 1116 2829 1360 742 1728 892 692 1464 1455 2205 471 813 516 984 930 375 1479 1257 1197 1863 435 1872 1662 1839 1677 1776 1209 924 1431 1206 2004 1659 1293 632 1050 1650 2019 2409 2052 1012 1766 1725 1842 1101 1312 790 940 1728 2127 1359 1494 1635 1524 699 1515 634 879 1120 1896 1104 1240 970 1389 1480 966 2349 2511 651 1656 
246 2337 1485 722 452 1359 884 1434 224 1276 1158 1275 741 1558 946 1368 1416 186 2139 1260 1230 1350 1509 0 1062 1845 896 1692 1353 2142 1212 1462 1638 1358 740 1102 1294 690 1461 612 1854 1317 1749 1272 981 579 1431 1467 741 1605 1638 1371 1623 1146 1473 2115 1410 693 1653 1428 1719 1488 1485 942 398 1452 1416 1767 2058 1803 938 1836 1209 1890 750 1902 1062 1426 1377 1611 1143 1599 1704 1008 1107 1164 400 1287 1210 2319 1398 1512 1534 2118 1136 1695 2787 2262 1497 2064 
978 1550 1710 1536 984 398 1698 806 1038 1488 646 1664 780 1778 472 1306 474 938 1848 1052 1380 1404 498 1062 0 602 1084 1340 1668 1714 1744 986 1906 1570 952 1822 1390 902 1186 912 1418 184 736 214 866 918 548 856 780 892 1566 588 1118 1050 1320 1238 1278 748 1114 1106 674 1278 976 1058 930 850 1638 1400 1802 1238 882 1676 1092 1378 930 1506 940 1396 1140 1360 1056 906 1240 958 616 998 932 496 990 1424 974 1390 840 1424 1422 1142 1686 1544 304 996 
1728 3520 2216 1710 910 2704 1544 204 1212 1198 3195 4530 2802 1488 646 2756 1132 5132 2390 1524 4020 3506 1014 1845 602 0 1258 1575 1599 2520 1670 1220 2994 1280 662 1220 1216 612 1344 2132 1840 1858 335 1164 2592 3798 852 3731 1868 1015 6090 1557 5783 4099 1795 3509 2028 4089 4869 3933 3178 2148 2420 1629 856 3672 1810 2163 2745 2208 1116 1490 1800 1986 4311 904 886 1342 1968 2259 2004 2184 1779 5034 2619 5265 858 1364 1224 4015 974 1336 1074 2840 1576 2208 1737 2667 2865 2856 
964 1796 1790 1522 576 1030 1684 1462 1024 1400 438 1650 800 1690 612 1578 610 924 1760 964 1516 1424 1130 896 1084 1258 0 1252 1446 1734 1336 1702 1892 1482 864 1902 1418 814 1098 932 1360 900 1290 870 778 510 1078 1102 800 1194 1468 1038 1434 1070 1586 1716 1580 768 1296 1050 1270 1298 1114 752 522 1092 1540 1302 1496 1554 1062 1960 1112 1384 624 2000 1186 1620 1042 1380 886 1190 1260 978 862 900 524 982 1562 1670 1522 1636 1556 1602 1442 1320 2164 1860 1020 1500 
1728 2265 1989 1710 808 1845 804 1254 1212 1096 1557 1155 1440 1386 868 1938 1299 1668 2019 990 1857 504 1695 1692 1340 1575 1252 0 2481 2367 1568 1842 2890 1178 560 1438 1114 510 1191 1242 2388 1878 1776 1845 711 1113 1638 1446 1536 2010 2427 1698 2250 1584 1833 2640 1896 1488 1488 1158 2157 2283 2019 1476 754 1986 1708 2205 2592 2430 1230 2192 1647 2424 1284 1722 1418 1316 1815 2106 1677 2133 2238 1803 1641 1602 756 1821 1628 2298 1754 1868 1812 1953 1666 1530 3312 2889 2058 2598 
1599 3177 1233 1624 1002 2184 1412 1242 1126 1826 1983 2067 1839 2116 1496 627 2241 1539 2931 2085 2118 1977 2334 1353 1668 1599 1446 2481 0 2628 1762 968 2991 1908 1290 934 1844 1240 2286 1965 2679 2226 1800 2181 1806 1404 1986 2292 1839 1164 1458 1926 2493 1977 648 2265 585 1791 2397 1419 2544 2040 2310 1767 948 2013 1614 2592 2883 2673 1488 2290 2040 2715 1575 1896 1432 1888 2202 2709 1968 2424 2529 1560 1662 1989 950 1842 1790 3144 1768 1676 2136 2433 1868 2439 2937 3132 2400 2619 
2016 3432 2607 1902 1290 2493 2026 1884 1404 1726 2082 2988 1401 2016 1498 2001 2244 1956 3370 1935 1908 2337 2640 2142 1714 2520 1734 2367 2628 0 2050 1884 3165 970 1190 1850 1744 1140 2136 1599 3111 2295 2586 2250 1656 1836 2268 2391 1497 2442 2553 2208 2301 1902 2106 2871 2043 1449 2409 1209 2670 2244 2520 1914 1236 2295 2064 2739 3030 2481 1586 2596 1965 2862 1722 1756 1620 1930 2052 2367 2115 2739 2676 1764 1944 2136 1238 2124 1662 3243 1956 2070 2186 2703 1640 2451 3543 2940 2475 2901 
1280 2006 2106 1838 892 1346 2000 1874 1340 1716 1212 1966 1116 2006 1386 1860 1384 1240 2076 1280 866 1740 1446 1212 1744 1670 1336 1568 1762 2050 0 2362 1704 1798 1180 2218 1574 1130 1414 1248 1676 1560 1606 1590 1094 826 1394 1418 1116 1510 1784 1354 1128 1386 1902 2032 1888 1084 1298 1332 1586 1614 1430 1068 838 1408 1856 1618 1812 1248 1378 2276 1428 1700 940 2282 1502 1622 1358 1696 1202 1506 1576 1294 1178 1216 840 1298 1256 1946 1838 1952 2092 1608 1758 1326 2480 1554 1670 1816 
1378 2168 954 1936 1602 1016 1544 1424 1438 1998 1264 1510 1398 2288 1090 550 1092 1338 2086 1562 1544 1506 1116 1462 986 1220 1702 1842 968 1884 2362 0 2306 2080 1462 1066 2008 1412 1696 1530 2036 802 1354 832 1376 1536 1166 1474 1398 964 1160 1206 1736 1450 620 1698 578 1366 1732 1078 1292 1548 1594 1676 1548 1468 1802 2018 2420 1856 1500 2294 1492 1996 1548 2028 1558 2014 1640 1978 1674 1524 1858 1228 1234 1616 1550 1114 1608 2042 1592 1864 1458 1810 2040 1760 2146 2162 922 1614 
1512 2967 2751 1566 1448 2853 1728 2158 1068 2000 2652 2541 2007 466 1772 2634 2740 1452 3405 2458 1257 2616 2829 1638 1906 2994 1892 2890 2991 3165 1704 2306 0 2082 1464 1946 1546 1414 2625 1878 3348 2583 3111 2538 2179 2073 2793 2851 2007 3099 2685 2733 1650 2412 2739 3336 2676 1959 1905 1956 3180 2754 2979 2424 1394 2907 2404 3249 3540 1830 1926 2832 2475 3150 2232 2254 2058 1594 2799 2877 2598 3093 3186 2274 2601 2646 1396 2781 1228 2877 2004 2494 2378 2370 1980 1947 4008 2289 2763 2973 
1426 1888 1934 1984 1038 1460 1672 1484 1486 1326 1268 1638 1262 1616 1098 1530 1096 1386 1686 890 1468 1514 1360 1358 1570 1280 1482 1178 1908 970 1798 2080 2082 0 790 1884 1344 740 1024 1394 1822 1386 1414 1356 704 972 1322 1194 1262 1570 1848 1362 1730 1286 1600 1990 1558 1230 1222 1002 1668 1760 1576 1214 984 1554 1938 1700 1958 1850 1460 2422 1328 1846 1086 1952 1648 1546 1440 1634 1348 1652 1722 1440 1324 1298 986 1444 1858 1762 1984 2098 2042 1532 1904 1250 2438 2156 1506 1962 
808 1270 1316 1366 420 800 1054 866 868 708 650 1020 644 998 480 912 478 768 1068 272 850 896 742 740 952 662 864 560 1290 1190 1180 1462 1464 790 0 1266 726 122 406 776 1204 768 796 738 86 354 704 576 644 952 1230 744 1112 668 982 1372 940 612 604 384 1050 1142 958 596 366 936 1320 1082 1340 1232 842 1804 710 1228 468 1334 1030 928 822 1016 730 1034 1104 822 706 680 368 826 1240 1144 1366 1480 1424 914 1286 632 1820 1538 888 1344 
1018 1408 112 1576 1458 1628 702 1396 1078 1802 1656 668 1348 2092 1574 516 1572 978 1244 994 1510 1102 1728 1102 1822 1220 1902 1438 934 1850 2218 1066 1946 1884 1266 0 1820 1216 1128 1262 2140 1638 1354 1608 1180 1392 1478 1670 1348 930 1126 1438 1772 1390 586 1664 544 1316 1698 1044 1902 1514 1698 1626 1404 1496 1768 2096 2370 1892 1856 2444 1432 2024 1498 1994 1586 2022 1606 1928 1702 1792 1886 1194 1262 1694 1406 1382 1900 2238 1922 1830 2290 1776 1990 1726 2112 2198 1754 1900 
1294 984 1870 1820 974 992 1608 1420 1354 1262 1204 1574 948 1552 1034 1466 1032 1254 1622 826 708 1450 892 1294 1390 1216 1418 1114 1844 1744 1574 2008 1546 1344 726 1820 0 676 960 1080 1758 1206 1218 1236 640 908 1006 1130 884 1432 902 966 970 1218 1526 1520 1484 916 276 938 1604 1446 1512 1128 920 944 1544 1636 1872 1090 1396 2300 1260 1760 1000 1888 1466 600 1376 1528 738 1588 1334 1126 1142 1234 922 1262 1098 924 1768 1606 1862 586 1590 304 1892 1396 1326 1746 
758 1220 1266 1316 370 792 1004 816 818 658 600 970 594 948 430 862 428 718 946 222 800 846 692 690 902 612 814 510 1240 1140 1130 1412 1414 740 122 1216 676 0 356 726 1154 718 746 688 36 304 654 526 594 902 1180 694 1062 618 932 1322 890 562 554 334 1000 1092 908 546 316 886 1270 1032 1290 1182 792 1754 660 1178 418 1284 980 878 772 966 680 984 1054 772 656 630 318 776 1190 1094 1316 1430 1374 864 1236 582 1770 1488 838 1294 
1447 2256 1860 1484 654 1614 1288 1100 786 942 1326 1881 1296 1232 714 1719 1068 1387 2217 201 1626 1695 1464 1461 1186 1344 1098 1191 2286 2136 1414 1696 2625 1024 406 1128 960 356 0 1494 2157 1647 1545 1614 480 882 1407 1215 1296 1779 2196 1467 2019 795 1824 1887 1761 1248 1257 927 1563 2043 1788 1245 600 1755 1554 1974 2361 2199 1076 2038 858 2193 1053 1568 1264 1162 1584 1875 1446 1902 2007 1563 1410 1371 602 1590 1474 2067 1522 1714 1548 1722 1506 1299 2559 2658 1827 2250 
486 3024 2300 882 488 1740 960 1270 384 1248 1172 1852 264 1602 760 2104 1137 568 2253 1724 1960 984 1455 612 912 2132 932 1242 1965 1599 1248 1530 1878 1394 776 1262 1080 726 1494 0 2544 1456 1864 1396 1380 844 1440 1648 392 2212 2380 1360 2484 932 1964 2224 2048 328 1608 1976 1956 1041 1756 711 434 1628 1262 1536 1827 2043 784 1872 762 1659 692 1702 1098 1128 1146 1164 1216 2204 1473 748 1548 1244 436 1788 1370 2784 1376 1548 1384 2228 838 1664 2340 2376 1696 2708 
1956 4272 4056 1862 916 2740 2024 1124 1364 1740 2472 3980 2280 2030 1410 3248 2112 2528 2316 2608 3764 3528 2205 1854 1418 1840 1360 2388 2679 3111 1676 2036 3348 1822 1204 2140 1758 1154 2157 2544 0 2468 2108 2528 2236 1700 2692 2884 2280 2420 3352 2612 3428 2512 3276 1180 3192 2216 3272 2832 1488 2457 2908 1638 862 2864 1754 2274 2568 2391 952 1370 1821 2586 1928 1824 1526 1960 1884 2580 2452 3060 2400 2636 2404 2228 864 2644 1800 2972 854 1976 1250 3048 1782 3320 1557 3114 2228 1664 
1191 2732 3052 1352 800 856 1514 622 854 1304 3087 4440 1788 1594 288 4042 901 3213 2668 2024 3671 3186 471 1317 184 1858 900 1878 2226 2295 1560 802 2583 1386 768 1638 1206 718 1647 1456 2468 0 1380 90 3592 2936 728 2352 1192 2478 5574 1618 4771 3031 2840 4364 3282 2434 3884 3746 1715 1641 1584 1311 746 2812 1454 1824 2427 1581 698 1492 1362 1791 3035 1322 756 1212 1434 1764 1744 1444 1584 3274 1876 3302 748 624 806 3100 790 1206 656 3257 1238 1916 2253 2040 480 2694 
1719 3300 2484 1704 846 1105 1678 338 1206 1332 2406 4110 2000 1622 780 2095 1333 2765 2295 1792 3435 3608 813 1749 736 335 1290 1776 1800 2586 1606 1354 3111 1414 796 1354 1218 746 1545 1864 2108 1380 0 1305 1775 1950 584 2830 1600 1060 3480 630 3715 2675 2130 1440 2025 1920 2355 2295 2605 1947 2688 1533 792 1655 1690 1962 2547 2370 1212 1356 1668 1785 2235 770 752 1208 1788 2070 1736 1916 1578 2445 1070 2625 794 1096 1358 3680 840 1202 1208 3139 1442 1940 1536 2868 1680 2045 
1146 2792 2992 1322 830 732 1484 592 824 1274 2472 4350 1698 1564 258 3276 856 2172 2647 1988 3761 3111 516 1272 214 1164 870 1845 2181 2250 1590 832 2538 1356 738 1608 1236 688 1614 1396 2528 90 1305 0 2580 2292 788 2106 1132 2034 4236 1404 3237 2508 2765 3266 3192 1602 2880 2854 1560 1596 1644 1266 776 2088 1484 1869 2382 1626 728 1522 1317 1836 2148 1292 786 1242 1479 1719 1804 1504 1629 2232 1386 2532 778 684 836 3175 820 1236 686 3302 1208 1976 2298 2085 450 2784 
1083 2368 2460 1280 334 3420 968 780 782 622 2064 2802 1674 912 394 2891 588 5115 1737 372 2292 2066 984 981 866 2592 778 711 1806 1656 1094 1376 2179 704 86 1180 640 36 480 1380 2236 3592 1775 2580 0 3082 1236 1715 1116 3031 5720 2441 4187 2283 2240 7121 2562 3682 2849 1490 3569 1584 1744 765 280 3831 1234 1494 1881 1719 756 1718 936 1713 2101 1248 944 842 1104 1395 1288 1896 1527 3312 6820 4158 282 1480 1154 2645 1280 1394 1338 2303 1200 1092 2601 2178 4628 3774 
681 2572 2560 1012 66 2340 1174 1048 514 890 1351 3420 870 1180 560 3829 837 3105 2108 908 3096 2367 930 579 918 3798 510 1113 1404 1836 826 1536 2073 972 354 1392 908 304 882 844 1700 2936 1950 2292 3082 0 1136 2072 580 2394 5348 1848 3696 1960 2690 6646 3210 1806 4323 2830 3128 1182 1208 363 12 2625 1030 1188 1479 1566 552 1450 903 1311 627 1516 676 1110 798 1305 752 1360 1125 2106 3872 4277 14 944 1052 2900 1012 1126 1266 2949 932 1620 2481 2025 3798 2970 
1401 2876 2732 1492 634 300 1586 630 994 1240 1512 3104 1176 1530 652 1924 1118 1788 2511 1608 2324 2424 375 1431 548 852 1078 1638 1986 2268 1394 1166 2793 1322 704 1478 1006 654 1407 1440 2692 728 584 788 1236 1136 0 1840 1176 1096 2396 80 2596 1716 1952 1736 1868 1112 1460 1412 1708 1629 2312 1215 580 900 1478 1644 2331 2127 1000 1516 1350 1467 1364 1062 540 996 1470 1752 1312 1492 1260 1532 432 1676 582 672 1170 2756 876 990 1020 2080 1230 1516 1974 2586 968 1708 
1557 1388 3440 1530 658 3101 1400 1270 1098 1112 3423 4272 2076 1402 884 4606 1323 3493 2472 1352 3762 3258 1479 1467 856 3731 1102 1446 2292 2391 1418 1474 2851 1194 576 1670 1130 526 1215 1648 2884 2352 2830 2106 1715 2072 1840 0 1384 3626 4263 3080 5306 3367 3465 5184 4032 2310 3528 2758 3991 1785 2392 909 604 1645 1394 1734 2025 2454 916 2004 1506 1857 1673 1738 1028 1332 1344 1908 1352 2468 1290 3045 2464 2639 606 1648 1478 1420 1364 1478 1328 3528 1286 2072 2304 2574 2772 4026 
615 2632 2472 968 356 1476 1130 1138 470 1116 1036 2192 128 1470 692 1840 1035 740 2376 1460 2080 1376 1257 741 780 1868 800 1536 1839 1497 1116 1398 2007 1262 644 1348 884 594 1296 392 2280 1192 1600 1132 1116 580 1176 1384 0 1948 2116 1096 2428 668 1700 1960 1784 64 1216 1712 1692 843 1492 513 302 1364 1130 1338 1629 2001 652 1740 564 1461 428 1570 966 932 948 966 952 1940 1275 484 1284 980 304 1524 1342 2512 1244 1416 1252 1836 706 1272 2142 2178 1432 2444 
1707 3460 1636 1696 750 2667 1408 466 1198 1488 3745 4309 2922 1778 936 1741 1559 3843 2532 2104 3864 3285 1197 1605 892 1015 1194 2010 1164 2442 1510 964 3099 1570 952 930 1432 902 1779 2212 2420 2478 1060 2034 3031 2394 1096 3626 1948 0 3561 1778 5425 3843 1070 2569 1158 3297 4109 2877 4179 1950 2576 1389 696 1981 1594 1818 2505 2505 1116 1514 1710 1641 2793 1194 656 1112 1644 2331 1544 1724 1434 3742 1162 3339 698 904 1510 3850 992 1106 1360 2115 1382 2256 1773 2589 2884 2910 
1512 2668 2028 1566 1024 6048 1604 1434 1068 1766 4704 4772 3174 2056 1518 2542 2274 4840 3060 2660 2856 3775 1863 1638 1566 6090 1468 2427 1458 2553 1784 1160 2685 1848 1230 1126 902 1180 2196 2380 3352 5574 3480 4236 5720 5348 2396 4263 2116 3561 0 4053 2760 4648 1560 6046 1746 5490 3130 4480 4417 2328 3124 1074 970 3366 642 1455 2076 1215 730 1866 2055 2406 4778 1846 1306 950 1065 2457 1908 2960 1707 5552 5014 2840 972 2140 818 3409 866 704 1444 2779 1564 1308 2301 1674 6301 2532 
1341 2796 2652 1452 594 1297 1614 590 954 1280 2506 4740 1644 1570 692 3363 1138 2989 2531 1688 3366 3078 435 1371 588 1557 1038 1698 1926 2208 1354 1206 2733 1362 744 1438 966 694 1467 1360 2612 1618 630 1404 2441 1848 80 3080 1096 1778 4053 0 4729 2863 2340 3012 2682 1806 2415 2331 3273 1569 2264 1155 540 1435 1438 1584 2271 2187 960 1476 1290 1407 2247 1022 500 956 1410 1692 1232 1412 1200 2541 616 2793 542 592 1210 3368 836 950 1060 2677 1190 1436 1914 2640 1978 2442 
1377 2804 3320 1556 990 4985 1718 1556 1058 1648 4585 5328 3642 1566 1222 4396 1933 4592 3047 2424 786 4386 1872 1623 1118 5783 1434 2250 2493 2301 1128 1736 1650 1730 1112 1772 970 1062 2019 2484 3428 4771 3715 3237 4187 3696 2596 5306 2428 5425 2760 4729 0 5194 3285 5744 3816 4728 2914 3293 4588 2568 2972 1749 936 5600 1332 2490 2865 180 1392 1904 2289 1500 4152 1678 1526 1018 1935 1446 2312 3208 2511 5568 4901 5032 938 2492 128 3694 904 1394 1350 2661 1856 1444 2358 639 4396 3270 
1020 3300 2608 1238 626 3600 1400 1362 740 782 2837 4098 1002 1494 962 3150 1440 2240 2405 792 4018 2612 1662 1146 1050 4099 1070 1584 1977 1902 1386 1450 2412 1286 668 1390 1218 618 795 932 2512 3031 2675 2508 2283 1960 1716 3367 668 3843 4648 2863 5194 0 2425 2548 2784 1057 3297 3326 2410 1248 2032 918 572 3356 1400 1743 2034 2406 720 1508 63 1866 1694 1830 1090 1266 1353 1371 1492 2480 1680 1792 2681 2660 574 1772 1568 3825 992 1540 1018 3335 976 1940 1764 2583 3191 2910 
1347 3634 948 1456 1142 2815 1064 894 958 1518 3025 2575 2125 1808 1290 175 1932 2145 2409 2164 2660 2215 1839 1473 1320 1795 1586 1833 648 2106 1902 620 2739 1600 982 586 1526 932 1824 1964 3276 2840 2130 2765 2240 2690 1952 3465 1700 1070 1560 2340 3285 2425 0 2905 105 2045 3125 1495 3705 1392 2224 1692 1088 2485 1266 2391 2808 2151 1354 1942 1518 2283 2500 1548 1084 1540 1740 2145 2400 2580 2076 1520 1900 2980 1090 1760 1442 4773 1420 1328 1788 3185 1492 2556 2415 2610 3130 3495 
1989 3904 3104 1884 1272 5081 1564 914 1386 1510 5060 5072 2940 2198 1342 4258 2147 7114 1431 2248 4448 4190 1677 2115 1238 3509 1716 2640 2265 2871 2032 1698 3336 1990 1372 1664 1520 1322 1887 2224 1180 4364 1440 3266 7121 6646 1736 5184 1960 2569 6046 3012 5744 2548 2905 0 3360 5255 7814 6974 3896 1587 2484 1887 1218 5075 1728 2640 1683 1506 1300 780 1155 2463 6256 1346 1204 1568 2322 2340 2640 2820 2256 3321 5026 7845 1220 2000 1252 2240 264 1654 1470 2335 1622 2432 672 2325 4988 726 
1284 3550 864 1414 1136 3364 1022 852 916 1476 3504 3151 2823 1766 1248 84 1869 2448 2346 2080 3066 2320 1776 1410 1278 2028 1580 1896 585 2043 1888 578 2676 1558 940 544 1484 890 1761 2048 3192 3282 2025 3192 2562 3210 1868 4032 1784 1158 1746 2682 3816 2784 105 3360 0 2727 3624 1668 4360 1455 2308 1755 1082 2856 1224 2328 2871 2088 1312 1900 1455 2220 3197 1506 1042 1498 1677 2208 2316 2496 2013 2307 2154 3450 1084 1676 1400 4668 1378 1286 1746 3080 1534 2472 2352 2547 3630 4068 
567 2696 2408 936 324 3321 1098 1106 438 1084 1780 3192 96 1438 660 3346 987 2366 2328 1396 3140 1980 1209 693 748 4089 768 1488 1791 1449 1084 1366 1959 1230 612 1316 916 562 1248 328 2216 2434 1920 1602 3682 1806 1112 2310 64 3297 5490 1806 4728 1057 2045 5255 2727 0 4052 4120 2863 795 1428 465 270 3180 1098 1290 1581 1953 620 1708 516 1413 1001 1538 934 964 900 918 888 1876 1227 945 4270 4830 272 1460 1310 3070 1212 1384 1220 2794 674 1336 2094 2130 3465 3570 
1527 1416 3280 1544 852 3468 1414 1280 1078 1140 3831 4350 2016 1430 912 4380 1365 5679 2512 1408 1296 3256 924 1653 1114 4869 1296 1488 2397 2409 1298 1732 1905 1222 604 1698 276 554 1257 1608 3272 3884 2355 2880 2849 4323 1460 3528 1216 4109 3130 2415 2914 3297 3125 7814 3624 4052 0 4080 4870 1755 2708 1278 798 4086 1268 2103 2394 1221 1162 2024 1476 2226 4325 1712 1190 324 1713 1878 924 2792 1587 4091 4799 5871 800 1972 822 2084 1492 1330 1586 1526 1314 56 2424 1680 5043 4410 
1530 2964 1864 1578 632 4248 1266 1078 1080 920 2142 3696 2568 1210 692 1848 1035 4900 2184 968 1398 2811 1431 1428 1106 3933 1050 1158 1419 1209 1332 1078 1956 1002 384 1044 938 334 927 1976 2832 3746 2295 2854 1490 2830 1412 2758 1712 2877 4480 2331 3293 3326 1495 6974 1668 4120 4080 0 4176 2031 2340 1212 578 3258 1344 1659 2280 1272 866 1790 1383 1878 3400 950 814 1140 843 1842 1860 2040 1671 4653 2450 3896 580 1220 856 3390 1150 1264 1518 2490 1498 1688 2727 1731 4419 3384 
1788 3636 3632 1750 826 2464 1912 1112 1252 1294 3894 5641 2545 1876 778 5078 1439 4046 2969 1816 4385 3827 1206 1719 674 3178 1270 2157 2544 2670 1586 1292 3180 1668 1050 1902 1604 1000 1563 1956 1488 1715 2605 1560 3569 3128 1708 3991 1692 4179 4417 3273 4588 2410 3705 3896 4360 2863 4870 4176 0 2016 2084 777 772 3836 1010 1158 1779 1956 208 1872 705 2109 2753 1812 1082 1642 768 2139 1816 2424 1923 3598 3017 2615 774 1604 1056 4249 872 1636 506 4261 1488 2684 2310 1998 1295 2550 
1362 2817 2103 1466 854 1854 1628 1636 968 1614 1524 2391 843 1968 1190 1497 1782 1302 3018 1842 2346 1779 2004 1488 1278 2148 1298 2283 2040 2244 1614 1548 2754 1760 1142 1514 1446 1092 2043 1041 2457 1641 1947 1596 1584 1182 1629 1785 843 1950 2328 1569 2568 1248 1392 1587 1455 795 1755 2031 2016 0 1236 1260 800 1395 1628 1092 2376 2748 1150 1838 1311 2208 1068 2068 1292 1494 1695 1713 1461 2202 1980 480 1452 1482 802 1632 1840 2637 1322 1742 1750 2220 1204 1797 2259 2925 1821 1950 
1587 3780 3172 1616 670 2012 1778 1414 1118 1494 1980 3488 1492 1784 1080 2364 1663 2036 2952 2116 3272 2740 1659 1485 976 2420 1114 2019 2310 2520 1430 1594 2979 1576 958 1698 1512 908 1788 1756 2908 1584 2688 1644 1744 1208 2312 2392 1492 2576 3124 2264 2972 2032 2224 2484 2308 1428 2708 2340 2084 1236 0 1269 616 2228 1634 2094 2385 2409 1156 2022 1587 2217 1436 2114 1280 1678 1704 1989 1960 2568 2031 1008 1912 1988 618 2152 1358 3528 1342 1730 1208 3328 1388 2764 2535 2868 1344 2728 
1032 1950 2271 1246 308 1143 1408 1290 748 1132 942 2061 513 1422 802 1797 1200 972 2467 1044 1911 1449 1293 942 1058 1629 752 1476 1767 1914 1068 1676 2424 1214 596 1626 1128 546 1245 711 1638 1311 1533 1266 765 363 1215 909 513 1389 1074 1155 1749 918 1692 1887 1755 465 1278 1212 777 1260 1269 0 254 894 788 825 1116 1929 310 1692 981 1332 192 1758 918 1176 435 1383 585 1383 1146 780 891 222 256 975 1294 1761 1254 1368 1024 1659 984 1236 2127 1665 1332 1848 
466 1298 1292 1024 78 532 1186 1060 526 902 398 1152 302 1192 572 1106 570 426 1262 466 1044 926 632 398 930 856 522 754 948 1236 838 1548 1394 984 366 1404 920 316 600 434 862 746 792 776 280 12 580 604 302 696 970 540 936 572 1088 1218 1082 270 798 578 772 800 616 254 0 594 1042 804 998 1056 564 1462 614 886 126 1528 688 1122 544 882 388 692 762 480 364 402 26 484 1064 1172 1024 1138 1278 1104 944 822 1666 1362 856 1002 
1542 2328 2768 1586 648 3260 1748 1000 1088 1472 3390 5142 2046 1762 954 3566 1526 4464 2866 2072 3390 3442 1050 1452 850 3672 1092 1986 2013 2295 1408 1468 2907 1554 936 1496 944 886 1755 1628 2864 2812 1655 2088 3831 2625 900 1645 1364 1981 3366 1435 5600 3356 2485 5075 2856 3180 4086 3258 3836 1395 2228 894 594 0 1384 1671 2010 2223 906 1534 1491 1494 2454 1432 558 992 1329 1893 412 1528 585 2745 1053 3516 596 708 1412 2435 894 1008 1262 2550 816 1280 2343 2559 3267 2616 
1476 1976 1656 2034 1096 1550 2196 2014 1536 1856 1416 2162 1130 2146 1590 1252 1588 1436 2216 1420 1594 1754 1650 1416 1638 1810 1540 1708 1614 2064 1856 1802 2404 1938 1320 1768 1544 1270 1554 1262 1754 1454 1690 1484 1234 1030 1478 1394 1130 1594 642 1438 1332 1400 1266 1728 1224 1098 1268 1344 1010 1628 1634 788 1042 1384 0 1042 1456 1452 802 2322 1442 1676 916 2294 1586 1592 782 1710 1178 1552 1552 1308 1262 640 1044 1142 1460 1916 1508 1346 1516 1578 1772 1296 2130 1602 1380 1486 
1857 2775 2976 1796 858 1869 1958 1646 1298 1618 1767 2886 1338 1908 1352 2370 2025 1797 3228 1773 2358 2274 2019 1767 1400 2163 1302 2205 2592 2739 1618 2018 3249 1700 1082 2096 1636 1032 1974 1536 2274 1824 1962 1869 1494 1188 1644 1734 1338 1818 1455 1584 2490 1743 2391 2640 2328 1290 2103 1659 1158 1092 2094 825 804 1671 1042 0 1827 2670 564 2084 1806 2157 1017 2056 1204 1660 816 2208 1410 1971 1971 1572 1320 603 806 1356 1788 2586 1540 1654 1278 2484 1534 2061 2838 2046 1713 2277 
2148 3066 3387 1990 1052 2259 2152 2034 1492 1876 2058 3177 1629 2166 1546 2913 2316 2088 3114 2160 2979 2565 2409 2058 1802 2745 1496 2592 2883 3030 1812 2420 3540 1958 1340 2370 1872 1290 2361 1827 2568 2427 2547 2382 1881 1479 2331 2025 1629 2505 2076 2271 2865 2034 2808 1683 2871 1581 2394 2280 1779 2376 2385 1116 998 2010 1456 1827 0 3045 978 1902 2097 2448 1308 2468 1662 1920 1437 2499 1701 2499 2262 1896 2007 1224 1000 1977 2038 2463 1386 2088 1692 2775 1728 2352 1011 2667 2334 2046 
1557 2283 2670 1676 1110 1902 1838 1676 1178 1768 2145 2706 2001 1686 1342 2064 2113 1617 2937 1998 573 2781 2052 1803 1238 2208 1554 2430 2673 2481 1248 1856 1830 1850 1232 1892 1090 1182 2199 2043 2391 1581 2370 1626 1719 1566 2127 2454 2001 2505 1215 2187 180 2406 2151 1506 2088 1953 1221 1272 1956 2748 2409 1929 1056 2223 1452 2670 3045 0 1512 1784 2469 1320 1737 1798 1646 1138 2115 1626 1914 2586 2691 2268 2007 2067 1058 2049 248 2193 784 1514 1470 1686 1976 1263 2178 819 1401 1143 
998 1610 1744 1556 618 912 1718 1320 1058 1378 938 1684 652 1668 986 1340 988 958 1738 942 1332 1276 1012 938 882 1116 1062 1230 1488 1586 1378 1500 1926 1460 842 1856 1396 792 1076 784 952 698 1212 728 756 552 1000 916 652 1116 730 960 1392 720 1354 1300 1312 620 1162 866 208 1150 1156 310 564 906 802 564 978 1512 0 1844 678 1198 438 1816 1108 1486 304 1232 700 1074 1074 830 784 162 566 664 1264 1484 1080 1434 714 1416 1294 1134 1652 1124 578 1058 
1904 2698 2332 2462 1516 1666 2344 1694 1964 2290 1836 2310 1740 2630 1780 1928 1782 1864 1734 1904 2166 2364 1766 1836 1676 1490 1960 2192 2290 2596 2276 2294 2832 2422 1804 2444 2300 1754 2038 1872 1370 1492 1356 1522 1718 1450 1516 2004 1740 1514 1866 1476 1904 1508 1942 780 1900 1708 2024 1790 1872 1838 2022 1692 1462 1534 2322 2084 1902 1784 1844 0 1550 2062 1564 2126 1624 2080 1824 2320 1740 770 1924 1518 1300 1682 1464 1180 2032 1676 1044 2074 2148 1714 2350 1996 1228 2330 1612 1022 
1083 2538 2019 1280 668 1575 1442 1404 782 824 1245 2112 564 1536 1004 1413 1503 1023 2468 657 2067 1500 1725 1209 1092 1800 1112 1647 2040 1965 1428 1492 2475 1328 710 1432 1260 660 858 762 1821 1362 1668 1317 936 903 1350 1506 564 1710 2055 1290 2289 63 1518 1155 1455 516 1476 1383 705 1311 1587 981 614 1491 1442 1806 2097 2469 678 1550 0 1929 789 1872 1132 1308 1416 1434 1182 1923 1743 831 1212 1203 616 1392 1526 2358 1034 1582 976 1941 1018 1518 1827 2646 1260 1518 
1980 2898 2868 1878 940 1692 2040 1528 1380 1764 1890 3009 1461 2054 1434 2262 2148 1920 3415 1992 1893 2397 1842 1890 1378 1986 1384 2424 2715 2862 1700 1996 3150 1846 1228 2024 1760 1178 2193 1659 2586 1791 1785 1836 1713 1311 1467 1857 1461 1641 2406 1407 1500 1866 2283 2463 2220 1413 2226 1878 2109 2208 2217 1332 886 1494 1676 2157 2448 1320 1198 2062 1929 0 1140 1960 1086 1542 1767 2331 1533 1938 2079 1728 1143 1554 888 1323 1128 2709 1422 1536 1790 2607 1616 2184 3135 2139 1881 2100 
840 2344 2772 1118 180 2853 1280 1162 620 1004 1750 3738 642 1294 674 3883 1008 2860 2275 1136 3438 2272 1101 750 930 4311 624 1284 1575 1722 940 1548 2232 1086 468 1498 1000 418 1053 692 1928 3035 2235 2148 2101 627 1364 1673 428 2793 4778 2247 4152 1694 2500 6256 3197 1001 4325 3400 2753 1068 1436 192 126 2454 916 1017 1308 1737 438 1564 789 1140 0 1630 790 1048 627 1191 524 1588 954 1764 2563 2858 128 1172 1166 2615 1126 1240 1152 2778 856 1392 2319 1857 3989 3312 
1916 2420 1882 2474 1582 1212 2216 1108 1976 1870 1562 2182 1570 2160 1550 1478 1552 1876 2230 1434 1416 2058 1312 1902 1506 904 2000 1722 1896 1756 2282 2028 2254 1952 1334 1994 1888 1284 1568 1702 1824 1322 770 1292 1248 1516 1062 1738 1570 1194 1846 1022 1678 1830 1548 1346 1506 1538 1712 950 1812 2068 2114 1758 1528 1432 2294 2056 2468 1798 1816 2126 1872 1960 1630 0 1522 1978 1512 2150 1638 1728 1822 1748 1198 1654 1530 1318 1806 2242 1610 1972 1978 1946 2212 1740 1794 2104 1442 1588 
1130 1722 1474 1688 742 690 1850 1090 1190 1566 1062 1816 966 1856 1044 1070 1046 1090 1926 1130 1280 1590 790 1062 940 886 1186 1418 1432 1620 1502 1558 2058 1648 1030 1586 1466 980 1264 1098 1526 756 752 786 944 676 540 1028 966 656 1306 500 1526 1090 1084 1204 1042 934 1190 814 1082 1292 1280 918 688 558 1586 1204 1662 1646 1108 1624 1132 1086 790 1522 0 1104 1088 1546 764 854 948 1144 324 946 690 444 1398 1532 984 1098 1248 1480 1374 1198 1652 1908 712 962 
1342 1032 1930 1868 1176 1040 1738 1546 1402 1464 1406 1772 996 1754 1236 1526 1234 1302 1824 1028 756 1620 940 1426 1396 1342 1620 1316 1888 1930 1622 2014 1594 1546 928 2022 600 878 1162 1128 1960 1212 1208 1242 842 1110 996 1332 932 1112 950 956 1018 1266 1540 1568 1498 964 324 1140 1642 1494 1678 1176 1122 992 1592 1660 1920 1138 1486 2080 1308 1542 1048 1978 1104 0 1466 1576 786 1310 1382 1174 780 1324 1124 900 1146 972 1440 1554 1808 634 1638 352 1940 1444 1272 1418 
1467 2385 2241 1536 598 1578 1698 1516 1038 1358 1377 2496 948 1648 1092 1635 1635 1407 2838 1383 1542 1884 1728 1377 1140 1968 1042 1815 2202 2052 1358 1640 2799 1440 822 1606 1376 772 1584 1146 1884 1434 1788 1479 1104 798 1470 1344 948 1644 1065 1410 1935 1353 1740 2322 1677 900 1713 843 768 1695 1704 435 544 1329 782 816 1437 2115 304 1824 1416 1767 627 1512 1088 1466 0 1818 1020 1581 1581 1215 1146 213 546 966 1418 2196 1384 1414 1018 2094 1274 1671 2448 1656 1323 2043 
1485 2940 2724 1548 936 1977 1710 1710 1050 1552 1647 2514 966 1842 1272 2250 1905 1425 3038 1674 1839 1902 2127 1611 1360 2259 1380 2106 2709 2367 1696 1978 2877 1634 1016 1928 1528 966 1875 1164 2580 1764 2070 1719 1395 1305 1752 1908 966 2331 2457 1692 1446 1371 2145 2340 2208 918 1878 1842 2139 1713 1989 1383 882 1893 1710 2208 2499 1626 1232 2320 1434 2331 1191 2150 1546 1576 1818 0 1584 2325 2145 1233 1833 1605 884 2013 1092 2760 1824 1996 1832 2343 1286 1920 3012 2085 1944 2703 
1233 2340 3180 1380 442 1612 1542 1206 882 1266 1524 3016 952 1556 936 2372 1401 1564 2668 1660 1788 2200 1359 1143 1056 2004 886 1677 1968 2115 1202 1674 2598 1348 730 1702 738 680 1446 1216 2452 1744 1736 1804 1288 752 1312 1352 952 1544 1908 1232 2312 1492 2400 2640 2316 888 924 1860 1816 1461 1960 585 388 412 1178 1410 1701 1914 700 1740 1182 1533 524 1638 764 786 1020 1584 0 1940 894 1308 880 1076 390 1120 1284 2108 1100 1214 1414 1432 1022 868 2652 2250 1864 2156 
1701 3856 3360 1692 746 1792 1854 1296 1194 1570 2132 3640 1940 1860 1010 2552 1631 2188 3112 2268 2972 3188 1494 1599 906 2184 1190 2133 2424 2739 1506 1524 3093 1652 1034 1792 1588 984 1902 2204 3060 1444 1916 1504 1896 1360 1492 2468 1940 1724 2960 1412 3208 2480 2580 2820 2496 1876 2792 2040 2424 2202 2568 1383 692 1528 1552 1971 2499 2586 1074 770 1923 1938 1588 1728 854 1310 1581 2325 1940 0 1731 2296 1060 1824 694 820 1528 3476 1190 1304 1378 3372 1580 2808 2787 2811 1684 2336 
1794 2331 2661 1754 816 1485 1916 1390 1256 1640 1704 2823 1275 1930 1310 2055 1962 1734 3229 1806 2235 2211 1635 1704 1240 1779 1260 2238 2529 2676 1576 1858 3186 1722 1104 1886 1334 1054 2007 1473 2400 1584 1578 1629 1527 1125 1260 1290 1275 1434 1707 1200 2511 1680 2076 2256 2013 1227 1587 1671 1923 1980 2031 1146 762 585 1552 1971 2262 2691 1074 1924 1743 2079 954 1822 948 1382 1581 2145 894 1731 0 1500 936 1368 764 1116 1802 2046 1284 1398 1652 1968 1206 1545 2928 2811 1674 1893 
