0 2.08042 1.78717 2.08042 2.1216 1.37256 2.30744 1.87448 2.13841 2.32106 1.65941 2.21576 1.75474 1.85183 1.6314 1.78717 1.6314 2.10984 2.49894 1.51359 1.37256 2.35925 1.37256 2.41167 1.86025 1.74779 1.65941 2.08762 2.23473 1.8473 1.9045 2.08006 1.85183 2.43115 1.62499 1.78717 1.80586 2.49894 1.51359 2.1216 2.35917 1.50467 1.74779 1.6314 1.51359 1.57569 1.47291 1.82809 1.67678 1.84278 1.93833 1.44945 1.50467 1.92387 2.08445 1.84236 1.84278 1.67678 1.37256 1.44945 1.92219 2.60673 2.12207 1.72366 1.57632 1.6391 2.3499 2.19835 2.52406 1.84236 1.91789 2.49906 2.08257 1.90097 1.68467 2.10291 1.94526 1.7394 1.81831 2.05992 1.6391 2.09408 2.07617 2.08445 1.44945 1.81831 1.96491 1.60164 1.50467 2.0259 1.88665 2.1872 2.21171 1.93183 2.37079 1.6391 2.22628 2.05821 1.50467 1.84236 
2.08042 0 2.78587 2.31249 1.69227 3.116 1.43192 2.76315 1.68209 2.0877 3.53297 3.77186 3.6609 4.405 1.52155 4.091 3.7014 3.22557 3.16625 3.4896 4.21231 2.05246 2.34735 2.19784 1.78163 3.64 2.59862 3.06092 3.41499 3.39602 1.90808 2.13372 3.17674 2.14124 2.83279 2.7147 1.4067 1.745 3.24288 2.83128 4.70845 3.27035 4.05476 3.6551 2.74781 3.06069 3.50141 3.232 3.94296 3.75226 4.00062 3.18302 4.04481 3.86907 4.42723 4.10015 3.99654 3.29509 3.4429 3.68544 4.33333 2.60862 3.08594 4.36397 3.39753 3.70994 2.06027 3.87121 3.88285 3.28555 2.61665 3.65371 2.97906 4.0753 2.62207 2.46544 4.10441 2.70899 4.40306 3.27774 1.27347 4.8218 1.91075 3.01507 3.23871 3.77198 1.77459 3.93955 2.97129 4.30781 3.24483 2.0752 1.96076 4.68742 2.00516 4.18312 4.727 3.44118 3.92346 4.14661 
1.78717 2.78587 0 2.65095 1.64445 2.14169 1.60927 2.20471 1.54737 1.90219 2.2456 2.35635 2.35141 3.0389 1.35672 2.02993 2.34682 2.01887 2.62254 2.22009 2.90993 2.00845 2.54486 1.52684 1.51796 1.98969 2.32112 3.0866 2.84499 2.98773 2.01697 1.27591 3.17182 1.98749 2.5714 2.20703 1.7024 1.60583 2.16408 2.70787 3.05656 2.13429 2.08599 2.2364 1.90901 2.07 2.11737 2.4707 2.53067 2.04998 2.61145 1.9576 2.93457 2.30613 2.21506 2.29212 1.99522 2.09014 2.45378 1.90133 2.6983 2.13613 3.00693 2.85274 2.43739 2.51961 1.75421 3.40491 3.6584 3.36725 2.66284 3.39398 2.98566 2.69536 2.4686 1.65925 2.57488 3.0204 2.80164 3.29535 1.56795 3.00458 1.5411 2.4956 1.89542 2.44148 1.52125 2.48641 3.18685 3.32094 3.26336 1.54183 1.88891 2.93129 1.80533 2.72535 3.00121 3.73295 2.61173 2.66208 
2.08042 2.31249 2.65095 0 1.50235 2.19311 1.4527 2.75898 0.865057 1.73242 2.40084 2.20367 2.40376 2.83738 1.11934 2.76549 2.32787 1.98122 3.28448 2.28123 2.68178 1.77061 2.39576 2.03886 1.41631 2.61867 2.48005 3.05675 3.41905 3.39186 2.0202 1.65973 2.7784 1.82746 2.82862 2.73119 1.51579 1.7267 2.03183 2.62486 3.05117 2.0754 2.73785 2.27783 1.93672 1.8337 2.49329 1.93736 2.29254 2.70833 2.91376 2.3314 2.66938 2.56209 2.93048 2.99294 2.7683 2.19856 2.27228 2.5849 2.66792 2.23413 2.96108 2.84973 1.9487 2.51339 2.18346 3.74636 3.75166 3.31534 2.62578 3.61775 2.93949 2.76023 2.37995 2.09516 2.70301 2.73878 3.06545 3.29423 1.62944 2.79539 1.75733 3.09932 2.20491 2.60315 1.3868 2.50669 3.00108 3.03974 3.11364 2.17295 1.57185 3.13303 1.90286 2.87294 3.36541 3.47097 2.55259 2.81621 
2.1216 1.69227 1.64445 1.50235 0 1.13008 2.08843 1.52977 1.52538 1.51663 0.931477 1.82947 0.656091 1.51838 1.20522 1.52209 1.15683 1.07274 2.14255 1.1061 1.58224 1.80846 1.3834 1.77 1.53357 1.40307 1.05869 1.4379 1.62257 1.25269 1.91105 2.01047 1.91593 1.53792 1.11625 1.64445 1.4416 2.14255 1.17044 0.656091 1.51579 1.17044 1.40307 1.17044 1.1061 0.656091 1.15354 1.17837 0.733851 1.46692 1.44636 1.0494 1.50613 1.1061 1.49454 1.48975 1.49454 0.656091 1.24169 1.25269 1.23202 2.15655 1.50904 1.3794 0.777739 1.32679 1.80318 1.74818 2.08516 1.83077 1.23202 1.83855 1.23202 1.3663 0.777739 2.05682 1.35434 1.51276 1.347 1.4333 1.47664 1.4384 1.72084 1.38399 1.0494 1.26216 1.30922 1.20316 1.66519 1.59954 1.54273 1.80481 1.68912 1.76938 1.56696 1.47664 1.72988 2.04422 1.29268 1.47668 
1.37256 3.116 2.14169 2.19311 1.13008 0 1.65173 1.30049 1.08375 1.51973 5.30062 4.42405 8.35505 3.26206 0.663421 4.87054 2.07413 8.44365 2.53209 2.15822 5.08768 1.55792 1.52747 1.60752 0.570914 7.40249 1.17965 2.22775 2.4483 2.42959 1.68304 1.27591 2.5829 1.58428 1.56347 1.79873 1.15149 1.65206 8.80699 2.13095 4.83397 6.10003 3.42769 3.83114 5.98288 6.88361 2.2775 5.28311 2.47105 5.71448 9.92183 7.20795 8.76132 9.16521 3.05066 10.3577 4.58002 8.14874 8.36961 9.38622 6.27438 1.658 1.72458 7.91455 8.69851 8.86066 1.74049 2.52315 2.49493 2.40118 1.47626 2.30407 1.96111 5.65392 1.38952 1.51398 2.00942 1.84804 2.84302 2.55109 0.984724 3.07258 1.16906 2.09891 7.62647 8.57399 0.910253 3.14857 2.15297 4.11732 2.01309 1.58625 1.24749 4.39031 1.40273 2.9634 4.12548 2.71044 7.13534 5.87603 
2.30744 1.43192 1.60927 1.4527 2.08843 1.65173 0 1.84364 1.71949 2.31283 1.77582 1.43192 1.82468 2.06642 1.78705 1.82668 1.78705 1.43234 1.745 1.54101 1.79313 2.27759 1.65307 2.19784 2.00732 1.84364 1.61856 1.97578 2.0209 2.08113 2.36031 2.13372 2.20958 2.36636 1.9447 1.60927 1.65249 1.745 1.54101 1.85804 2.27874 1.65173 1.84364 1.78705 1.43192 1.43234 1.6752 1.43192 1.74672 1.89287 1.82668 1.60927 2.03213 1.9023 1.91768 2.04344 1.82668 1.73224 1.45258 1.79313 2.06615 2.74422 2.22011 2.06853 1.43234 1.64343 2.44637 2.33584 2.74227 2.35678 1.88733 2.4437 2.1613 1.89088 1.54069 2.58476 1.942 1.85092 2.09137 2.2295 1.75062 2.03936 2.0805 1.91768 1.60927 1.88733 1.91018 1.76503 2.21809 2.04838 2.2537 2.35214 2.40311 1.99438 2.40132 1.75062 2.27645 2.49348 1.85455 2.04344 
1.87448 2.76315 2.20471 2.75898 1.52977 1.30049 1.84364 0 1.32921 1.51187 1.75274 2.7077 2.04662 2.43116 0.937472 1.87253 1.75009 2.1244 2.95209 1.68599 2.5621 1.55006 2.19452 1.71591 1.06003 0.906722 1.81524 2.53535 2.74563 2.82518 2.06954 1.33382 3.07706 1.77619 2.28687 1.86175 1.42257 1.74106 1.35715 2.65141 2.27866 1.145 1.483 1.47155 1.41531 1.59284 1.5109 1.90631 2.24683 1.08043 2.4224 1.19253 2.55321 1.90736 1.95973 1.73278 1.79311 1.75844 2.10413 1.79954 2.10482 1.97813 2.32542 2.16855 1.91107 2.24313 1.90234 2.81866 2.98006 2.92785 2.02321 2.80454 2.40435 2.19556 1.98361 1.49338 1.91296 2.55405 2.39619 3.03396 1.41003 2.51959 1.45643 2.31755 1.21761 1.93058 1.30994 1.69222 2.55074 2.74862 2.31999 1.84434 1.56912 2.31103 1.74731 2.208 2.51469 3.08356 1.82566 1.92256 
2.13841 1.68209 1.54737 0.865057 1.52538 1.08375 1.71949 1.32921 0 1.75545 1.14237 1.43665 1.23761 1.39261 1.14237 1.51753 1.14237 0.865057 1.74972 0.947978 1.71506 1.79364 1.33708 2.06188 1.43933 1.32921 1.18134 1.4599 1.8879 1.56526 2.04323 1.68275 1.39261 1.85049 1.40293 1.54737 1.66615 1.74972 0.865057 1.29499 1.74449 0.995765 1.36396 0.995765 0.947978 0.947978 1.19552 1.1938 1.23761 1.3787 1.84967 1.17206 1.57095 1.19855 1.5058 1.61952 1.5058 1.1276 1.52201 1.38427 1.25792 2.25716 1.4148 1.31655 1.06963 1.42739 2.20649 1.84878 2.02231 1.89559 1.25792 1.92001 1.47084 1.3883 1.06963 2.11819 1.45494 1.73731 1.5888 1.71362 1.70119 1.41846 1.78036 1.66232 1.10891 1.31655 1.40983 1.10891 1.57095 1.82409 1.44849 2.19598 1.59488 1.99393 1.92588 1.70119 1.85253 2.12449 1.19844 1.44849 
2.32106 2.0877 1.90219 1.73242 1.51663 1.51973 2.31283 1.51187 1.75545 0 1.38197 2.02235 1.22887 1.65604 1.37666 1.56749 1.37666 1.653 2.03635 0.995348 1.77512 1.84101 1.51973 2.14389 1.87531 1.51187 1.52145 1.63078 1.96695 1.47782 2.21411 2.05588 2.23532 1.76305 1.34139 1.85192 1.63448 2.03635 1.21302 1.51663 1.89205 1.36333 1.59595 1.36333 0.995348 1.11886 1.45461 1.37125 1.22887 1.68657 1.82111 1.45461 1.88594 0.995348 1.71497 1.64888 1.71497 1.11886 1.43457 1.47782 1.39115 2.43455 1.86734 1.56995 1.24051 1.68379 2.18726 2.02617 2.27571 2.14621 1.39115 2.04914 1.39115 1.55918 1.24051 2.2497 1.74327 1.89854 1.64677 1.62618 1.79823 1.82732 2.06868 1.71497 1.39724 1.44272 1.69815 1.52912 2.01638 1.99497 1.82195 2.29982 1.76785 1.94948 2.02973 1.79823 1.9461 2.3545 1.43089 1.64888 
1.65941 3.53297 2.2456 2.40084 0.931477 5.30062 1.77582 1.75274 1.14237 1.38197 0 4.70684 5.79573 3.21272 0.663421 4.8358 1.86862 7.04705 2.80819 2.26407 5.65819 1.45744 1.85739 1.61976 1.01901 5.37198 1.04551 2.18744 2.46099 2.11289 1.58042 1.48138 2.6062 1.40325 1.70461 2.0783 1.30693 1.75551 5.32152 1.97863 5.09588 5.50062 3.63717 3.68684 4.55096 4.62053 2.88315 5.81946 2.53794 5.89283 7.36997 4.35139 7.88343 6.25694 3.03492 7.26449 4.76268 5.46503 6.46667 6.58188 6.42554 1.84346 1.93637 7.97008 6.70392 7.87085 1.71304 2.71569 2.70177 2.58304 1.68806 2.52406 1.92069 6.15508 1.46656 1.53149 2.47217 2.11757 2.63553 2.36112 1.32156 3.28483 1.36666 2.16208 4.99322 6.14405 0.996123 3.33369 2.28583 4.78525 2.25133 1.67125 1.30611 4.70936 1.4334 3.19785 4.76203 2.96482 7.5362 6.10119 
2.21576 3.77186 2.35635 2.20367 1.82947 4.42405 1.43192 2.7077 1.43665 2.02235 4.70684 0 4.9073 4.38545 1.4867 5.40016 3.76415 4.48362 2.47379 3.42426 5.85967 2.01904 2.4488 1.90737 1.72447 4.87452 2.29898 3.07399 2.9783 3.22488 2.26863 1.85087 3.30264 2.07589 2.62311 2.37744 1.65249 1.24809 4.34301 2.65574 5.66903 4.51256 5.46678 4.78232 3.74363 4.04006 4.87977 4.41154 3.87793 4.93395 5.27947 4.29376 5.55932 4.93363 3.99902 4.99373 5.17794 4.61219 4.61881 4.90219 5.64948 2.38762 3.01956 5.87173 4.44276 5.52499 2.19352 3.57532 3.71058 3.51712 2.6356 3.40615 3.09285 5.27334 2.31985 2.08785 4.13244 2.92434 4.4874 3.42081 1.75062 4.39663 1.99024 2.98113 4.45936 5.04114 1.61971 5.31177 3.31231 6.00797 3.25463 2.27457 2.12593 5.95396 2.13576 4.31512 5.98803 3.74026 5.34021 5.23728 
1.75474 3.6609 2.35141 2.40376 0.656091 8.35505 1.82468 2.04662 1.23761 1.22887 5.79573 4.9073 0 3.09363 0.728661 5.20372 1.73623 8.51207 2.99923 2.52077 5.55185 1.59639 1.83581 1.51175 1.19876 7.93348 1.21815 2.38185 2.4009 2.1095 1.59124 1.51579 2.56845 1.17239 1.5881 2.27583 1.12179 1.85934 8.32844 1.70535 5.70822 7.50266 4.18086 4.01098 6.99412 7.06464 3.38245 6.16317 2.30388 6.53788 10.6431 7.66149 8.92978 9.50723 3.11198 11.165 4.73966 8.13447 9.10862 9.30583 6.91826 1.90988 2.23026 8.36362 9.95397 9.01385 1.43766 2.91449 2.99566 2.69283 1.68721 2.74846 1.6922 6.69846 1.58091 1.71939 2.97737 2.13687 2.78462 2.35015 1.15683 3.57805 1.43308 2.09098 7.91942 8.55496 1.06255 3.76842 2.42997 5.17817 2.38144 1.43929 1.38392 4.97892 1.2792 3.36845 5.2139 2.81502 7.8584 6.29525 
1.85183 4.405 3.0389 2.83738 1.51838 3.26206 2.06642 2.43116 1.39261 1.65604 3.21272 4.38545 3.09363 0 1.0946 4.07836 3.23261 3.12009 3.54714 3.52953 3.41977 1.69423 2.363 2.24132 1.59325 3.56202 2.27914 2.72893 3.33518 2.77346 2.02654 1.84188 2.6279 1.7648 2.21022 2.82726 1.56674 2.09665 2.83041 2.65502 4.5024 3.26884 3.9113 3.04753 2.6442 2.71144 3.42607 3.48028 3.60922 3.83257 3.92192 3.22869 3.61354 3.45425 3.97647 4.21372 4.04223 2.98353 3.16244 3.18718 3.95995 2.3167 2.87121 3.73723 3.26888 3.8302 2.1208 3.55885 3.56416 3.17117 2.29795 3.49287 2.50905 3.71694 2.30338 2.01878 4.1021 2.90856 3.84754 2.92616 1.68038 4.5942 1.95083 2.90014 3.25378 3.51392 1.5803 3.77889 2.74598 4.7578 2.92613 2.1103 1.76535 4.55327 1.87245 4.44124 4.9379 3.41207 3.65004 3.96608 
1.6314 1.52155 1.35672 1.11934 1.20522 0.663421 1.78705 0.937472 1.14237 1.37666 0.663421 1.4867 0.728661 1.0946 0 1.28934 0.569193 1.09043 1.76987 0.569193 1.32672 1.41485 0.830065 1.78501 1.01901 0.810775 0.663421 1.29936 1.60807 1.21805 1.87377 1.43428 1.6469 1.50328 0.895918 1.2481 1.2693 1.76987 0.569193 1.20522 1.42433 0.569193 0.843898 0.569193 0.569193 0.787436 0.686885 0.90503 0.806421 1.04944 1.41848 0.663421 1.28218 0.959224 1.42606 1.26539 1.28934 0.728661 1.06939 0.914918 0.969152 1.90571 1.12603 0.937093 0.90503 1.13863 1.7753 1.49733 1.64285 1.60682 0.969152 1.63124 1.13126 1.11845 0.909084 1.59975 1.13864 1.37309 1.14114 1.36641 1.27278 1.1297 1.44817 1.37537 0.776722 0.937093 1.12106 0.776722 1.28218 1.54846 1.15972 1.79618 1.30611 1.50567 1.55833 1.27278 1.56377 1.80433 0.866243 1.15972 
1.78717 4.091 2.02993 2.76549 1.52209 4.87054 1.82668 1.87253 1.51753 1.56749 4.8358 5.40016 5.20372 4.07836 1.28934 0 3.08094 5.53518 2.72833 2.57393 7.02191 1.90193 2.21267 1.40448 1.51796 4.34205 2.02199 2.96247 2.54431 2.76544 1.89614 1.23993 3.02744 1.7685 2.23921 1.87484 1.49287 1.67557 4.77286 2.59729 6.39116 4.31432 4.36378 5.16161 4.54468 4.52616 3.94063 5.80887 3.29771 4.43862 5.60364 4.19341 6.08578 4.75561 3.3676 5.49955 5.34172 4.38249 5.26734 5.00939 6.27084 2.04224 2.70626 6.12685 5.65305 5.93574 1.56454 2.97814 3.23163 3.0621 2.22442 3.09331 2.423 6.0891 2.16947 1.54663 3.36772 2.71973 3.473 2.92111 1.5005 4.21283 1.5411 2.11912 3.81263 5.05359 1.40042 4.59218 2.73315 5.7394 2.8366 1.54183 1.84965 5.20861 1.80533 3.8623 5.93814 3.20354 5.63698 5.59759 
1.6314 3.7014 2.34682 2.32787 1.15683 2.07413 1.78705 1.75009 1.14237 1.37666 1.86862 3.76415 1.73623 3.23261 0.569193 3.08094 0 2.68952 2.86647 2.35805 3.43635 1.41485 1.78962 1.72568 1.01901 2.29457 1.25084 2.10424 2.5852 2.29978 1.70703 1.43428 2.64595 1.40325 1.63685 2.11805 1.2693 1.75551 2.0545 2.16551 3.39313 2.07733 2.6996 2.01818 1.84473 1.7248 2.21467 2.40044 2.61036 2.8868 3.16845 1.92899 3.05492 2.44939 3.30003 3.03459 3.00177 1.73623 2.60585 2.25949 2.88011 1.90571 2.07487 3.01366 2.25971 2.96297 1.7753 2.76251 2.72933 2.63984 1.54504 2.66256 1.93568 2.79138 1.55046 1.59975 2.93775 2.15565 2.88845 2.39584 1.27278 3.51436 1.44817 2.32677 2.14283 2.42134 1.12106 2.65563 2.22175 3.81318 2.17322 1.79618 1.30611 3.74077 1.55833 3.60941 3.88733 2.85645 2.89895 3.01579 
2.10984 3.22557 2.01887 1.98122 1.07274 8.44365 1.43234 2.1244 0.865057 1.653 7.04705 4.48362 8.51207 3.12009 1.09043 5.53518 2.68952 0 2.73703 2.92751 6.32144 1.64969 2.34328 1.53169 1.41631 9.14839 2.06789 2.50666 2.59679 2.73665 1.89928 1.65973 2.51423 1.70654 2.27852 2.30466 1.5222 1.48646 6.9249 1.88129 6.30039 8.8733 4.94309 4.21818 7.04811 7.51905 3.63694 6.58065 3.25728 6.82058 10.1514 7.89351 10.5594 9.03609 3.2547 10.219 5.47368 8.12216 8.89046 9.32423 7.96472 2.19356 2.58107 9.59485 9.67419 10.9192 1.89726 3.33658 3.31298 3.17048 2.07568 3.23189 2.41883 7.67228 2.08111 2.07023 3.5056 2.68629 3.46878 2.81374 1.55724 4.08001 1.75733 2.33413 8.11613 9.00223 1.3868 4.40251 2.62702 6.04567 2.57849 1.89889 1.57185 5.84785 1.75139 4.06175 5.96783 3.38958 9.07157 7.57937 
2.49894 3.16625 2.62254 3.28448 2.14255 2.53209 1.745 2.95209 1.74972 2.03635 2.80819 2.47379 2.99923 3.54714 1.76987 2.72833 2.86647 2.73703 0 2.72181 3.2791 2.09375 3.02052 2.25196 2.00765 2.73706 2.87069 3.4269 3.64428 3.7022 2.58171 2.16395 3.84621 2.38897 3.19482 2.59743 1.96556 1.24809 2.72514 3.22034 3.11847 2.68813 2.51303 2.82737 2.30687 2.41029 2.50777 2.7977 3.14767 2.74838 3.16142 2.348 3.29472 2.76627 3.30524 2.58796 3.01002 2.77954 2.86592 2.75177 3.14336 2.67079 3.55587 3.1353 2.52529 3.27025 2.45212 4.05908 3.81638 3.5587 3.05111 3.4622 3.47732 2.93685 2.89156 2.26811 3.17324 3.49675 3.43806 3.77547 2.03448 3.34574 2.30493 3.37756 2.58111 3.05187 1.9344 3.05325 3.70855 3.2875 3.27917 2.56469 2.32416 3.25229 2.45045 3.14967 3.04504 4.11543 2.83032 2.7303 
1.51359 3.4896 2.22009 2.28123 1.1061 2.15822 1.54101 1.68599 0.947978 0.995348 2.26407 3.42426 2.52077 3.52953 0.569193 2.57393 2.35805 2.92751 2.72181 0 3.62294 1.41485 1.69166 1.71591 1.06784 2.35529 1.64006 2.30362 2.60859 2.35065 1.73088 1.31647 2.5993 1.35252 1.57114 1.73612 1.15149 1.62582 2.08396 2.01594 3.42211 2.10717 2.49149 2.22008 2.17039 2.0245 2.29877 2.51428 3.01032 2.69301 3.2162 2.01308 3.44782 2.22513 3.27218 2.82648 3.00297 2.02619 2.68995 2.68318 2.8149 1.79129 2.12604 2.99609 2.60838 3.15642 1.76701 2.81368 2.68028 2.60681 1.52076 2.51789 1.65759 2.87547 1.63204 1.49338 2.94801 2.23723 3.18672 2.29788 1.15498 3.73279 1.42543 2.22881 2.06901 2.53614 1.05489 2.73775 2.2723 3.78038 2.13422 1.7565 1.16945 3.82193 1.5632 3.77258 3.69918 2.88444 2.67941 2.83022 
1.37256 4.21231 2.90993 2.68178 1.58224 5.08768 1.79313 2.5621 1.71506 1.77512 5.65819 5.85967 5.55185 3.41977 1.32672 7.02191 3.43635 6.32144 3.2791 3.62294 0 1.70447 1.99466 1.87294 1.6388 5.91271 2.19118 2.63259 2.95195 2.66907 1.36514 1.77538 2.63865 1.82866 2.49422 2.75553 1.05872 2.04816 5.61272 2.72962 7.37419 5.29308 5.15282 6.01214 4.95044 4.71884 4.4811 6.00998 3.36954 6.24414 6.0658 5.27767 6.03085 6.30855 4.1569 6.68111 6.53768 5.51089 5.43217 5.78655 7.17822 2.17127 2.75268 6.69031 5.66001 6.46096 1.70461 3.2813 3.29678 2.63486 2.29939 3.28387 2.66084 6.41017 2.17047 1.86017 3.80476 2.25739 3.59012 2.30568 1.1491 4.39542 1.58617 2.60315 5.09179 5.78705 1.47554 4.97561 2.31466 5.83573 2.77057 1.69721 1.83321 5.11648 1.88079 3.65927 5.95119 2.2256 6.33908 6.12103 
2.35925 2.05246 2.00845 1.77061 1.80846 1.55792 2.27759 1.55006 1.79364 1.84101 1.45744 2.01904 1.59639 1.69423 1.41485 1.90193 1.41485 1.64969 2.09375 1.41485 1.70447 0 1.55792 2.25014 1.9135 1.55006 1.59594 0.845661 2.0732 1.73282 2.2108 2.16213 2.27351 2.01806 1.59639 1.9264 1.56383 2.09375 1.41485 1.80846 2.01207 1.41485 1.58728 1.41485 0.845661 1.15237 1.56332 1.36794 1.664 1.7571 2.0009 1.58665 1.88262 1.55399 1.96998 2.03412 1.90193 1.55399 1.56383 1.55184 1.74865 2.50507 1.90553 1.69634 1.27402 1.75431 2.35772 2.09669 2.4021 2.20727 1.55232 2.33483 1.82629 1.55587 1.27402 2.21234 1.85062 1.90487 1.64543 1.88119 1.86876 1.90919 2.19139 1.96998 1.55184 1.55232 1.8055 1.59964 2.05457 1.95973 1.93922 2.47028 2.0856 1.90887 2.32155 1.86876 2.26713 2.35316 1.68916 1.93922 
1.37256 2.34735 2.54486 2.39576 1.3834 1.52747 1.65307 2.19452 1.33708 1.51973 1.85739 2.4488 1.83581 2.363 0.830065 2.21267 1.78962 2.34328 3.02052 1.69166 1.99466 1.55792 0 1.86085 1.06784 1.91017 1.9429 2.46195 2.99747 2.73815 1.68304 1.57734 2.78555 1.62982 1.8955 2.38977 1.09569 1.69761 1.75386 2.55899 2.77658 1.62331 1.89916 1.72636 1.27981 1.53263 1.52661 1.90615 1.70873 2.03979 2.24789 1.53584 2.13348 1.97253 2.64691 2.24171 2.25375 1.61474 1.45325 1.70553 2.20138 1.89997 2.56653 2.20289 1.84425 1.79337 1.74894 3.10198 3.27274 2.73514 2.11053 3.11595 2.37741 2.21047 2.01954 1.6002 2.30347 2.05069 2.38772 2.63173 0.984724 2.55552 1.4218 2.61631 1.62401 2.01822 1.16358 2.01449 2.35424 2.31972 2.73872 1.58625 1.50082 2.25366 1.67964 2.10207 2.66154 2.85207 2.14831 2.35482 
2.41167 2.19784 1.52684 2.03886 1.77 1.60752 2.19784 1.71591 2.06188 2.14389 1.61976 1.90737 1.51175 2.24132 1.78501 1.40448 1.72568 1.53169 2.25196 1.71591 1.87294 2.25014 1.86085 0 2.11337 1.60358 1.53613 1.89571 1.11391 1.72314 2.20111 1.89286 2.46521 2.2863 1.86464 1.52684 2.04018 2.25196 1.71591 1.77 1.97361 1.75024 1.63833 1.75024 1.40448 1.11391 1.63099 1.63618 1.51175 1.37693 1.65494 1.52684 1.86463 1.58699 1.40174 1.8488 1.37693 1.40174 1.84028 1.40448 1.85928 2.52518 1.98777 1.95919 1.23555 1.69541 2.04748 2.1168 2.5456 2.18927 1.69066 2.24907 1.85928 1.79291 1.23555 2.37206 1.72296 2.09389 1.74668 2.14944 2.04781 1.80702 2.04838 1.40174 1.37693 1.69066 1.67785 1.7787 2.24171 2.19812 2.11925 2.04911 2.26564 2.00798 2.1939 2.00798 2.14603 2.4461 1.86822 1.84531 
1.86025 1.78163 1.51796 1.41631 1.53357 0.570914 2.00732 1.06003 1.43933 1.87531 1.01901 1.72447 1.19876 1.59325 1.01901 1.51796 1.01901 1.41631 2.00765 1.06784 1.6388 1.9135 1.06784 2.11337 0 0.95177 1.01901 1.59633 1.93643 1.6384 2.17073 1.6315 1.94386 1.93986 1.1337 1.32458 1.50707 2.00765 1.04664 1.53357 1.71149 0.570914 0.95177 0.95177 1.06784 1.0844 0.763364 1.202 1.19876 1.15732 1.73926 0.763364 1.57915 1.28793 1.68381 1.34187 1.51796 1.08876 1.30717 1.25678 1.26612 2.01358 1.423 1.27484 1.202 1.32446 2.09607 1.60521 1.9345 1.84518 1.26612 1.92821 1.40341 1.41542 1.20605 1.91024 1.21512 1.5928 1.56149 1.803 1.4925 1.42666 1.52465 1.59979 0.853201 1.27484 1.41803 0.853201 1.57915 1.76817 1.34187 1.98813 1.60307 1.75677 1.78276 1.4925 1.67742 2.06103 0.942722 1.34187 
1.74779 3.64 1.98969 2.61867 1.40307 7.40249 1.84364 0.906722 1.32921 1.51187 5.37198 4.87452 7.93348 3.56202 0.810775 4.34205 2.29457 9.14839 2.73706 2.35529 5.91271 1.55006 1.91017 1.60358 0.95177 0 1.5234 2.41791 2.5306 2.59 1.97759 1.23993 2.95963 1.64949 1.91634 1.77342 1.3644 1.61437 7.37232 2.49028 4.60114 6.88016 3.49748 3.96562 6.11132 5.63187 2.61017 5.73006 3.02978 5.14154 8.90477 5.96614 9.58933 7.47277 2.81548 8.3219 4.49252 6.8329 8.2563 8.13832 5.95768 1.83848 2.09972 7.86754 7.72136 9.4896 1.77705 2.59067 2.71549 2.67342 1.8514 2.5845 2.15157 6.21665 1.76844 1.36668 2.49992 2.37362 3.10858 2.67291 1.28333 3.46003 1.26541 2.08957 6.25685 7.59345 1.18325 3.56082 2.39145 4.82065 2.07874 1.65331 1.50605 4.49102 1.60765 3.13365 4.80697 2.96813 7.5498 6.2228 
1.65941 2.59862 2.32112 2.48005 1.05869 1.17965 1.61856 1.81524 1.18134 1.52145 1.04551 2.29898 1.21815 2.27914 0.663421 2.02199 1.25084 2.06789 2.87069 1.64006 2.19118 1.59594 1.9429 1.53613 1.01901 1.5234 0 2.3737 2.41759 2.48531 1.68854 1.55502 2.86494 1.57499 1.81164 2.19755 1.2899 1.64277 1.50742 2.10025 2.10657 1.27977 1.61971 1.31547 1.25367 0.950924 1.38657 1.60499 1.67085 1.85779 2.23637 1.11663 2.19708 1.77171 2.25906 1.96485 2.08786 1.12427 1.87403 1.41799 1.87989 1.68619 1.99888 2.10386 1.3844 1.88355 1.76868 2.71594 2.76428 2.62975 1.75056 2.52419 2.16726 1.82159 1.34953 1.53149 1.75411 2.18007 2.1565 2.67585 1.20883 1.88551 1.20939 2.30336 1.20854 1.69654 0.838861 1.55778 2.366 2.48103 2.31383 1.62502 1.34509 2.52631 1.35492 2.31423 2.28625 3.11413 1.60368 1.8464 
2.08762 3.06092 3.0866 3.05675 1.4379 2.22775 1.97578 2.53535 1.4599 1.63078 2.18744 3.07399 2.38185 2.72893 1.29936 2.96247 2.10424 2.50666 3.4269 2.30362 2.63259 0.845661 2.46195 1.89571 1.59633 2.41791 2.3737 0 3.12794 2.84506 1.87706 2.09828 3.37483 1.68432 2.60498 2.93151 1.49998 1.99838 2.16327 2.92886 2.97301 2.19235 2.38752 2.22051 1.38992 1.77725 2.26965 2.20407 2.50217 2.5779 2.93277 2.26959 2.75488 2.51658 3.03318 2.95371 2.87203 2.315 2.42299 2.41616 2.68983 2.17133 2.9754 2.78683 1.89225 2.62355 2.10853 3.61523 3.66834 3.3422 2.40214 3.56924 2.83182 2.52239 2.35976 2.04801 2.73063 2.88087 2.65897 3.15267 1.53502 2.823 1.85765 3.13077 2.25615 2.3286 1.43494 2.42337 3.07885 3.1499 3.03032 2.13655 1.75187 3.08384 1.951 2.93224 3.36558 3.48999 2.5802 2.84383 
2.23473 3.41499 2.84499 3.41905 1.62257 2.4483 2.0209 2.74563 1.8879 1.96695 2.46099 2.9783 2.4009 3.33518 1.60807 2.54431 2.5852 2.59679 3.64428 2.60859 2.95195 2.0732 2.99747 1.11391 1.93643 2.5306 2.41759 3.12794 0 3.16442 2.02417 1.71592 3.69419 2.13005 2.96708 2.72141 1.86324 2.07502 2.5235 2.87002 2.96876 2.58691 2.62691 2.61506 2.2603 1.84542 2.54345 2.54401 2.67897 2.41446 2.6817 2.26895 2.79606 2.48282 2.53913 2.84668 2.40621 2.30702 2.75861 2.29488 2.93407 2.34824 3.21362 3.16794 2.24035 2.64613 1.87054 3.61044 3.97734 3.47338 2.80079 3.44309 2.92398 2.76061 2.24402 2.19512 2.8509 3.11909 2.81939 3.46373 1.87087 2.78 1.87144 2.62171 2.20726 2.57603 1.50091 2.77253 3.49374 3.42005 3.48881 1.87217 2.0887 3.31514 2.01696 3.09052 3.30376 3.79789 2.81843 2.81258 
1.8473 3.39602 2.98773 3.39186 1.25269 2.42959 2.08113 2.82518 1.56526 1.47782 2.11289 3.22488 2.1095 2.77346 1.21805 2.76544 2.29978 2.73665 3.7022 2.35065 2.66907 1.73282 2.73815 1.72314 1.6384 2.59 2.48531 2.84506 3.16442 0 1.6838 1.6981 3.41131 1.17239 2.58537 2.83264 1.40278 2.10373 2.44354 2.97339 3.21354 2.28323 2.58727 2.29729 1.72502 1.99763 2.40526 2.42634 2.36658 2.69012 2.69428 2.2455 2.79137 2.3849 2.81134 3.00847 2.6502 2.16788 2.3418 1.97858 2.72931 2.17308 3.09595 2.80569 2.22736 2.71879 1.82873 3.65171 3.8031 3.37868 2.58549 3.70627 2.8656 2.64294 2.39624 1.71939 2.85119 3.00142 2.43713 2.93084 1.49316 2.93222 1.69628 2.90894 2.21483 2.36508 1.32574 2.60689 3.1712 3.30238 3.27085 1.82133 1.83979 3.12032 1.58348 2.96873 3.46555 3.5867 2.68333 2.96438 
1.9045 1.90808 2.01697 2.0202 1.91105 1.68304 2.36031 2.06954 2.04323 2.21411 1.58042 2.26863 1.59124 2.02654 1.87377 1.89614 1.70703 1.89928 2.58171 1.73088 1.36514 2.2108 1.68304 2.20111 2.17073 1.97759 1.68854 1.87706 2.02417 1.6838 0 2.38299 1.95804 2.26765 1.84599 2.01697 1.65741 2.58171 1.73088 1.91105 2.18982 1.8076 1.97759 1.859 1.36514 1.36514 1.78339 1.61753 1.51328 1.89614 1.84639 1.68854 1.36577 1.80359 1.92095 2.07216 1.89614 1.51328 1.45751 1.36514 1.86806 2.65105 2.02494 1.76188 1.36577 1.69245 2.23893 2.24267 2.46763 1.69041 1.70734 2.38976 2.07588 1.69041 1.47412 2.33272 1.84884 1.72857 1.70734 1.89642 1.69245 1.93289 2.12953 1.92095 1.50281 1.70734 1.80372 1.84031 1.76188 1.81535 2.05863 2.24056 2.20502 1.98519 2.27505 1.69245 2.28672 1.94724 1.8076 1.74663 
2.08006 2.13372 1.27591 1.65973 2.01047 1.27591 2.13372 1.33382 1.68275 2.05588 1.48138 1.85087 1.51579 1.84188 1.43428 1.23993 1.43428 1.65973 2.16395 1.31647 1.77538 2.16213 1.57734 1.89286 1.6315 1.23993 1.55502 2.09828 1.71592 1.6981 2.38299 0 2.12254 2.25689 1.6432 1.27591 1.98125 2.16395 1.31647 1.96143 2.09437 1.23993 1.41648 1.23993 1.31647 1.58789 1.29938 1.67202 1.51579 1.23993 1.59425 1.27591 1.77538 1.45748 1.40578 1.70962 1.23993 1.40578 1.76329 1.31647 1.62951 2.42877 1.92495 1.59425 1.70395 1.69169 1.95107 2.02039 2.30001 2.15736 1.69813 2.38999 1.62951 1.9129 1.70954 2.0798 1.6303 2.06698 1.62119 2.12002 1.96668 1.92862 1.93983 1.40578 1.26839 1.59425 1.8888 1.26839 1.77538 2.24235 1.77796 1.94056 1.96647 1.93098 2.19794 1.93098 2.09354 2.32892 1.35791 1.77796 
1.85183 3.17674 3.17182 2.7784 1.91593 2.5829 2.20958 3.07706 1.39261 2.23532 2.6062 3.30264 2.56845 2.6279 1.6469 3.02744 2.64595 2.51423 3.84621 2.5993 2.63865 2.27351 2.78555 2.46521 1.94386 2.95963 2.86494 3.37483 3.69419 3.41131 1.95804 2.12254 0 2.35502 3.14669 3.30989 1.72012 2.25425 2.33345 3.06693 3.5998 2.51935 3.05593 2.63038 2.25479 2.39037 2.81137 2.74579 2.56835 3.00907 3.23661 2.67288 2.62625 2.88017 3.03921 3.38273 2.94258 2.50662 2.66206 2.54177 3.11374 2.76169 3.30257 2.8066 2.50537 2.90317 2.39238 4.10114 4.11548 3.27221 2.84927 3.92947 3.39864 2.94434 2.92601 2.29944 3.0578 3.12857 3.08822 3.2511 1.83376 3.35205 2.27084 3.50575 2.51223 2.82665 1.91435 2.86147 2.95795 3.42952 3.38282 2.38187 2.0994 3.52281 2.43041 3.26272 3.69598 3.69225 2.66139 2.94644 
2.43115 2.14124 1.98749 1.82746 1.53792 1.58428 2.36636 1.77619 1.85049 1.76305 1.40325 2.07589 1.17239 1.7648 1.50328 1.7685 1.40325 1.70654 2.38897 1.35252 1.82866 2.01806 1.62982 2.2863 1.93986 1.64949 1.57499 1.68432 2.13005 1.17239 2.26765 2.25689 2.35502 0 1.36267 1.90545 1.68801 2.38897 1.41686 1.53792 2.0321 1.41686 1.64949 1.41686 1.17239 1.17239 1.50815 1.42479 1.25015 1.81395 1.84239 1.50815 1.93947 1.35252 1.7685 2.00605 1.7685 1.17239 1.48811 1.39049 1.74833 2.56192 1.96237 1.78476 1.29404 1.81116 2.20854 2.15354 2.46411 2.26411 1.60917 2.35485 1.68917 1.61272 1.29404 2.30324 1.87064 1.96172 1.75237 1.67972 1.92561 1.9547 2.23715 1.7685 1.5657 1.60917 1.82552 1.65649 2.11853 2.0485 1.99607 2.32111 2.12502 2.03306 2.08326 1.92561 2.24618 2.41711 1.74601 1.99299 
1.62499 2.83279 2.5714 2.82862 1.11625 1.56347 1.9447 2.28687 1.40293 1.34139 1.70461 2.62311 1.5881 2.21022 0.895918 2.23921 1.63685 2.27852 3.19482 1.57114 2.49422 1.59639 1.8955 1.86464 1.1337 1.91634 1.81164 2.60498 2.96708 2.58537 1.84599 1.6432 3.14669 1.36267 0 2.41631 1.26288 1.76346 1.68911 2.40621 2.65605 1.50372 2.01264 1.60583 1.48495 1.41211 1.56261 1.84771 1.87167 2.2858 2.48605 1.57183 2.49462 1.852 2.52638 2.3348 2.28029 1.49422 1.8264 1.89682 2.08086 1.96583 2.59873 2.26652 1.7795 2.22157 1.78688 3.15449 3.28975 3.09628 2.04578 3.07368 2.25688 2.14572 1.89902 1.66606 2.35396 2.5042 2.29924 2.71705 1.32951 2.43499 1.59996 2.49579 1.76059 2.02315 1.22943 2.06701 2.72249 2.80516 2.67396 1.89945 1.56667 2.77451 1.6616 2.62291 2.79188 3.35162 2.18611 2.44317 
1.78717 2.7147 2.20703 2.73119 1.64445 1.79873 1.60927 1.86175 1.54737 1.85192 2.0783 2.37744 2.27583 2.82726 1.2481 1.87484 2.11805 2.30466 2.59743 1.73612 2.75553 1.9264 2.38977 1.52684 1.32458 1.77342 2.19755 2.93151 2.72141 2.83264 2.01697 1.27591 3.30989 1.90545 2.41631 0 1.62036 1.60583 1.82111 2.77938 2.93299 1.79133 1.9309 2.05474 1.75393 1.95725 1.96228 2.37513 2.37627 1.81935 2.45705 1.69077 2.78604 1.96317 2.39488 2.30769 2.05217 1.95882 2.29939 1.74624 2.54977 2.13613 2.85687 2.64543 2.31381 2.36452 1.75421 3.24982 3.42121 3.24368 2.51431 3.2704 2.71035 2.57179 2.34657 1.65925 2.4112 2.89683 2.64198 3.14026 1.53929 2.88254 1.5411 2.36428 1.71585 2.28639 1.43921 2.18332 2.94966 3.16585 2.93937 1.54183 1.87494 2.77689 1.80533 2.57095 2.87764 3.57855 2.32311 2.5237 
1.80586 1.4067 1.7024 1.51579 1.4416 1.15149 1.65249 1.42257 1.66615 1.63448 1.30693 1.65249 1.12179 1.56674 1.2693 1.49287 1.2693 1.5222 1.96556 1.15149 1.05872 1.56383 1.09569 2.04018 1.50707 1.3644 1.2899 1.49998 1.86324 1.40278 1.65741 1.98125 1.72012 1.68801 1.26288 1.62036 0 1.96556 1.15149 1.4416 1.90353 1.15149 1.3644 1.2693 0.718169 1.04383 1.20244 1.24045 1.04383 1.4725 1.35514 1.22305 1.32923 1.22395 1.63994 1.66386 1.49287 1.04383 0.718169 1.05872 1.60309 2.26031 1.75997 1.55078 1.16547 1.223 1.71196 1.85193 2.21008 1.65388 1.42483 2.06413 1.5606 1.42838 1.16547 2.01815 1.56903 1.25912 1.51794 1.55115 1.223 1.65309 1.66008 1.62264 1.223 1.35514 1.52391 1.35488 1.50118 1.31397 1.79366 1.82453 1.94005 1.26312 1.8056 1.223 1.92384 1.78348 1.4444 1.65554 
2.49894 1.745 1.60583 1.7267 2.14255 1.65206 1.745 1.74106 1.74972 2.03635 1.75551 1.24809 1.85934 2.09665 1.76987 1.67557 1.75551 1.48646 1.24809 1.62582 2.04816 2.09375 1.69761 2.25196 2.00765 1.61437 1.64277 1.99838 2.07502 2.10373 2.58171 2.16395 2.25425 2.38897 1.76346 1.60583 1.96556 0 1.65206 1.91216 1.82474 1.65206 1.61437 1.76103 1.24809 1.48646 1.57593 1.73885 1.85934 1.77078 2.08597 1.57593 2.04816 1.62582 1.97179 1.55082 1.90375 1.74933 1.76566 1.67557 1.94746 2.67079 2.21112 1.91854 1.55082 1.92004 2.45212 2.26242 2.23619 2.04816 1.92323 1.95108 2.02163 1.84805 1.6081 2.26811 1.97951 2.13478 2.04785 2.2521 2.03448 2.06357 2.30493 1.97179 1.63349 1.91854 1.9344 1.76536 2.22721 1.94781 1.7239 2.56469 2.32416 1.85143 2.45045 1.85143 1.84805 2.5258 1.7239 1.55082 
1.51359 3.24288 2.16408 2.03183 1.17044 8.80699 1.54101 1.35715 0.865057 1.21302 5.32152 4.34301 8.32844 2.83041 0.569193 4.77286 2.0545 6.9249 2.72514 2.08396 5.61272 1.41485 1.75386 1.71591 1.04664 7.37232 1.50742 2.16327 2.5235 2.44354 1.73088 1.31647 2.33345 1.41686 1.68911 1.82111 1.15149 1.65206 0 2.01263 4.89186 7.45825 3.73697 3.6021 6.82245 6.66045 2.45257 5.52269 2.7254 5.99101 11.0366 7.2088 9.71632 9.05184 3.00523 10.6027 4.94166 8.01935 9.25995 10.0091 6.45634 1.79129 2.05953 8.30613 9.66261 9.7677 1.76701 2.74717 2.72788 2.58107 1.48627 2.56549 1.76781 6.30318 1.49169 1.49338 2.68459 2.09688 2.90465 2.41585 1.15498 3.29262 1.42543 2.28472 7.78844 9.42915 1.05489 3.5735 2.16298 4.84348 2.11445 1.7565 1.16945 4.86404 1.5632 3.18028 4.79703 2.82907 7.64307 6.38994 
2.1216 2.83128 2.70787 2.62486 0.656091 2.13095 1.85804 2.65141 1.29499 1.51663 1.97863 2.65574 1.70535 2.65502 1.20522 2.59729 2.16551 1.88129 3.22034 2.01594 2.72962 1.80846 2.55899 1.77 1.53357 2.49028 2.10025 2.92886 2.87002 2.97339 1.91105 1.96143 3.06693 1.53792 2.40621 2.77938 1.4416 1.91216 2.01263 0 2.79576 2.08429 2.58658 2.06353 1.98895 1.28468 2.2261 2.26232 2.06117 2.56501 2.64229 1.9516 2.6744 2.28796 2.37721 2.64773 2.58428 1.79923 2.48989 2.30319 2.38399 2.15655 2.79818 2.65168 1.92195 2.38999 1.80318 3.443 3.67902 3.27498 2.35875 3.24413 2.45683 2.55209 2.0355 2.05682 2.53355 2.70802 2.54129 2.93116 1.47664 2.57148 1.72084 2.57087 2.15501 2.30763 1.30922 2.35709 3.08842 3.00898 3.07239 1.80481 1.68912 3.18088 1.56696 2.84218 3.10481 3.50393 2.40299 2.61363 
2.35917 4.70845 3.05656 3.05117 1.51579 4.83397 2.27874 2.27866 1.74449 1.89205 5.09588 5.66903 5.70822 4.5024 1.42433 6.39116 3.39313 6.30039 3.11847 3.42211 7.37419 2.01207 2.77658 1.97361 1.71149 4.60114 2.10657 2.97301 2.96876 3.21354 2.18982 2.09437 3.5998 2.0321 2.65605 2.93299 1.90353 1.82474 4.89186 2.79576 0 4.47055 4.52212 4.82739 4.5872 4.18846 4.27989 5.49071 3.53387 5.70604 5.8889 4.35253 5.79303 4.76499 3.90649 5.14154 6.02688 4.8336 5.80761 5.64911 4.8087 2.07759 2.71604 5.19067 4.33178 6.12742 1.90585 3.16674 2.54506 2.717 1.59655 2.71414 2.30986 5.3545 2.06961 2.09901 3.43989 2.94468 3.34534 3.1631 1.8828 3.64421 1.92149 2.9716 4.44639 4.85787 1.51283 4.08756 2.49417 5.60457 2.11603 2.05213 1.55823 5.38716 2.02889 4.07102 4.93721 3.13064 5.03714 5.08432 
1.50467 3.27035 2.13429 2.0754 1.17044 6.10003 1.65173 1.145 0.995765 1.36333 5.50062 4.51256 7.50266 3.26884 0.569193 4.31432 2.07733 8.8733 2.68813 2.10717 5.29308 1.41485 1.62331 1.75024 0.570914 6.88016 1.27977 2.19235 2.58691 2.28323 1.8076 1.23993 2.51935 1.41686 1.50372 1.79133 1.15149 1.65206 7.45825 2.08429 4.47055 0 3.3488 3.83936 5.52005 5.50562 1.99981 5.22829 2.57131 5.27209 8.25161 5.67885 8.88186 6.89593 3.11545 8.05596 4.69388 6.41924 7.33908 7.87405 5.73396 1.59486 1.76155 7.50002 7.39997 8.61613 1.66124 2.3159 2.39545 2.41033 1.31137 2.41238 1.58243 5.39886 1.52077 1.51334 2.13059 2.10034 2.65011 2.23047 1.13691 3.21245 1.16906 2.12084 5.56009 6.98114 1.05489 2.91204 1.83179 4.33247 1.64086 1.5694 1.09509 4.42692 1.36403 2.98723 4.22699 2.5531 6.79115 5.71553 
1.74779 4.05476 2.08599 2.73785 1.40307 3.42769 1.84364 1.483 1.36396 1.59595 3.63717 5.46678 4.18086 3.9113 0.843898 4.36378 2.6996 4.94309 2.51303 2.49149 5.15282 1.58728 1.89916 1.63833 0.95177 3.49748 1.61971 2.38752 2.62691 2.58727 1.97759 1.41648 3.05593 1.64949 2.01264 1.9309 1.3644 1.61437 3.73697 2.58658 4.52212 3.3488 0 3.90609 3.09057 3.49374 3.77836 4.12063 3.35188 3.5156 4.50465 3.07181 4.58614 4.00897 3.42282 3.84998 4.36548 3.70239 4.16055 3.63953 4.63339 1.83848 2.19602 4.55244 3.96554 4.94325 1.86569 2.76814 2.65535 2.63454 1.94771 2.4928 2.2845 4.2813 1.86474 1.32153 2.92673 2.40622 3.52187 2.76921 1.28333 3.45976 1.26541 2.27752 3.12626 3.99229 1.18324 4.38591 2.5088 5.2673 2.07942 1.65331 1.50605 4.98328 1.60765 3.1372 5.3369 3.15034 4.18325 4.14381 
1.6314 3.6551 2.2364 2.27783 1.17044 3.83114 1.78705 1.47155 0.995765 1.36333 3.68684 4.78232 4.01098 3.04753 0.569193 5.16161 2.01818 4.21818 2.82737 2.22008 6.01214 1.41485 1.72636 1.75024 0.95177 3.96562 1.31547 2.22051 2.61506 2.29729 1.859 1.23993 2.63038 1.41686 1.60583 2.05474 1.2693 1.76103 3.6021 2.06353 4.82739 3.83936 3.90609 0 3.12632 3.07385 3.29159 4.80019 2.43516 4.99771 5.11782 3.33627 5.308 4.27542 2.91912 4.83018 4.82425 3.45416 4.65087 4.18372 5.05528 1.59486 2.07227 5.00694 4.15022 4.98685 1.61325 2.51207 2.55293 2.58496 1.34707 2.55705 1.83352 5.08508 1.61509 1.51334 2.70472 2.27192 2.56911 2.33258 1.27278 3.35618 1.38093 2.04007 3.60691 3.99665 1.1063 3.16046 1.8746 5.00321 1.77636 1.5694 1.09509 4.65528 1.36403 3.30984 4.612 2.67327 4.95879 4.96788 
1.51359 2.74781 1.90901 1.93672 1.1061 5.98288 1.43192 1.41531 0.947978 0.995348 4.55096 3.74363 6.99412 2.6442 0.569193 4.54468 1.84473 7.04811 2.30687 2.17039 4.95044 0.845661 1.27981 1.40448 1.06784 6.11132 1.25367 1.38992 2.2603 1.72502 1.36514 1.31647 2.25479 1.17239 1.48495 1.75393 0.718169 1.24809 6.82245 1.98895 4.5872 5.52005 3.09057 3.12632 0 21.0105 2.46233 4.79421 2.21019 5.20789 8.74783 10.4736 7.23493 7.5479 2.83631 9.30261 4.4245 8.81644 8.34983 8.06545 5.62873 1.65941 1.93944 6.93184 9.9488 7.78243 1.51206 2.4952 2.54831 2.22217 1.2821 2.56194 1.76336 5.33211 1.47882 1.36668 2.45804 1.84491 2.35333 2.03264 1.0231 3.2609 1.34573 2.06292 19.8363 13.0894 1.00709 2.75624 1.95171 4.24352 1.91029 1.62462 1.23994 4.16982 1.49125 2.65218 4.30302 2.36285 6.56792 5.47076 
1.57569 3.06069 2.07 1.8337 0.656091 6.88361 1.43234 1.59284 0.947978 1.11886 4.62053 4.04006 7.06464 2.71144 0.787436 4.52616 1.7248 7.51905 2.41029 2.0245 4.71884 1.15237 1.53263 1.11391 1.0844 5.63187 0.950924 1.77725 1.84542 1.99763 1.36514 1.58789 2.39037 1.17239 1.41211 1.95725 1.04383 1.48646 6.66045 1.28468 4.18846 5.50562 3.49374 3.07385 21.0105 0 2.58061 4.49762 2.1465 5.39923 8.1849 10.4081 7.29322 7.38115 2.68944 9.33218 3.93496 8.87056 8.27938 7.89229 5.0206 1.50046 1.72042 6.34529 8.88495 7.36276 1.43766 2.30297 2.51096 1.99031 1.33239 2.10193 1.57684 4.93332 0.750825 1.53608 2.17093 1.6259 2.34257 1.9048 1.0231 2.23715 1.10777 1.8758 17.9957 12.0946 0.65313 2.46829 2.01066 4.02748 1.99463 1.43929 1.23994 4.18463 1.16919 2.73988 4.15372 2.4218 5.55502 4.92985 
1.47291 3.50141 2.11737 2.49329 1.15354 2.2775 1.6752 1.5109 1.19552 1.45461 2.88315 4.87977 3.38245 3.42607 0.686885 3.94063 2.21467 3.63694 2.50777 2.29877 4.4811 1.56332 1.52661 1.63099 0.763364 2.61017 1.38657 2.26965 2.54345 2.40526 1.78339 1.29938 2.81137 1.50815 1.56261 1.96228 1.20244 1.57593 2.45257 2.2261 4.27989 1.99981 3.77836 3.29159 2.46233 2.58061 0 3.35554 2.8779 3.51276 4.43903 2.42577 4.39852 3.26622 3.44453 3.87864 4.26435 2.90399 3.44378 3.77062 4.13168 1.68146 1.9315 4.25393 3.37129 4.20661 1.76395 2.61914 2.61735 2.6081 1.68318 2.48753 2.04452 3.74718 1.47539 1.47853 2.40329 2.05496 3.04334 2.50469 1.00819 3.37815 1.19253 2.28237 2.68716 3.37634 0.933717 3.60333 2.27629 4.97831 2.02464 1.60971 1.31764 5.00415 1.40273 3.35527 4.96379 2.94298 3.80859 3.87331 
1.82809 3.232 2.4707 1.93736 1.17837 5.28311 1.43192 1.90631 1.1938 1.37125 5.81946 4.41154 6.16317 3.48028 0.90503 5.80887 2.40044 6.58065 2.7977 2.51428 6.00998 1.36794 1.90615 1.63618 1.202 5.73006 1.60499 2.20407 2.54401 2.42634 1.61753 1.67202 2.74579 1.42479 1.84771 2.37513 1.24045 1.73885 5.52269 2.26232 5.49071 5.22829 4.12063 4.80019 4.79421 4.49762 3.35554 0 2.94914 6.76596 6.53318 4.93756 6.43091 6.01027 3.51013 6.30527 5.34734 5.52968 5.12369 6.06975 7.13582 1.80564 2.01434 7.19714 5.36688 5.76408 1.65376 2.70489 2.87802 2.65429 1.63157 2.7126 2.1143 6.35377 1.43612 1.78847 2.76481 2.04131 3.08242 2.57446 1.07528 3.26947 1.10777 2.07014 5.10383 5.70237 0.97161 3.3651 2.30829 4.21262 2.25976 1.66869 1.34424 5.00073 1.2533 2.71902 4.58915 2.89095 6.4348 6.5432 
1.67678 3.94296 2.53067 2.29254 0.733851 2.47105 1.74672 2.24683 1.23761 1.22887 2.53794 3.87793 2.30388 3.60922 0.806421 3.29771 2.61036 3.25728 3.14767 3.01032 3.36954 1.664 1.70873 1.51175 1.19876 3.02978 1.67085 2.50217 2.67897 2.36658 1.51328 1.51579 2.56835 1.25015 1.87167 2.37627 1.04383 1.85934 2.7254 2.06117 3.53387 2.57131 3.35188 2.43516 2.21019 2.1465 2.8779 2.94914 0 3.22507 2.62731 2.42805 3.02492 2.70584 3.71208 3.25883 3.13645 1.92947 2.74677 2.46044 3.06375 1.90198 2.4633 2.95276 2.50724 2.73484 1.51542 2.78299 2.91065 2.62323 1.55571 2.97448 1.701 3.21105 1.85898 1.76906 3.45152 1.9459 2.87795 2.28054 1.07887 4.0277 1.43308 2.25709 2.36116 2.36625 1.06255 2.81322 2.35256 3.70746 2.30403 1.51705 1.38392 3.68786 1.2792 3.46034 3.83205 2.65805 2.96597 3.30319 
1.84278 3.75226 2.04998 2.70833 1.46692 5.71448 1.89287 1.08043 1.3787 1.68657 5.89283 4.93395 6.53788 3.83257 1.04944 4.43862 2.8868 6.82058 2.74838 2.69301 6.24414 1.7571 2.03979 1.37693 1.15732 5.14154 1.85779 2.5779 2.41446 2.69012 1.89614 1.23993 3.00907 1.81395 2.2858 1.81935 1.4725 1.77078 5.99101 2.56501 5.70604 5.27209 3.5156 4.99771 5.20789 5.39923 3.51276 6.76596 3.22507 0 6.21162 4.6589 6.63447 5.66735 3.00935 5.65278 4.46975 5.40841 5.95549 5.88807 7.33949 1.86758 2.36797 7.05258 6.44962 6.6324 1.6043 2.85456 2.76323 2.74242 2.06576 2.60068 2.44691 7.07752 2.02616 1.48587 3.06964 2.3704 3.41382 2.98943 1.16863 3.70483 1.26541 1.96447 4.67307 6.22904 1.21235 4.19257 2.57651 4.74217 2.24857 1.39192 1.53515 4.45147 1.6278 3.00354 4.98246 2.85946 6.80334 6.63453 
