0 2.89792 2.9791 1.63804 1.33603 1.86089 1.65508 1.6648 1.338 1.75665 2.09952 2.93291 1.99587 1.79962 1.23053 2.26899 2.13927 1.99199 3.33304 2.48164 2.11854 2.82076 2.06354 2.49415 1.33029 2.33636 1.5128 2.66528 2.76868 3.3241 1.40354 1.66749 2.78902 2.1666 1.27576 1.81431 1.367 1.87648 2.40587 2.28471 3.16673 1.90345 2.43266 2.01449 1.92189 1.8035 2.03317 2.38988 1.97204 2.5013 2.45187 1.90276 2.19542 2.3817 2.5777 2.66939 2.35786 1.87806 1.88316 1.97287 2.52051 3.07365 2.67021 3.08009 1.65037 2.25122 1.86725 3.02935 3.58198 2.97629 1.42732 2.32288 2.73954 2.65622 1.97557 1.99822 1.55899 1.50235 2.50574 2.75113 2.06249 2.83775 2.68667 2.46393 1.86473 2.29974 1.35716 2.27352 1.32753 2.93279 1.70665 1.89803 1.75687 2.95391 1.70616 2.57254 3.61382 2.99913 2.15472 2.60976 
2.89792 0 4.21951 1.4527 1.84719 3.91424 1.43192 2.09708 1.91653 2.12311 4.15049 3.73583 3.60872 2.27224 1.64119 3.94607 2.8465 3.14988 3.19985 4.14631 4.09974 3.75514 2.6724 3.13268 1.8609 4.25642 2.0178 2.66286 3.40721 3.96684 2.063 2.21299 3.47467 2.5894 1.75151 1.89121 1.4067 1.745 2.92126 3.54357 5.4225 3.93717 4.57281 3.8893 3.10584 3.3098 4.10496 3.57567 3.80033 4.28088 3.9869 3.80248 4.59583 4.33169 4.28198 4.55895 4.08803 3.15997 3.57949 4.01154 4.75299 3.71885 4.84371 3.59707 2.20341 3.80724 2.03682 3.67456 4.04261 3.81228 1.97241 2.71897 3.35059 3.64395 3.28361 2.42986 2.05132 1.60814 3.18622 3.43678 3.82309 5.38127 3.22217 4.08715 3.81659 4.15884 1.9102 4.54693 1.85501 4.59865 2.18244 2.10936 2.30937 5.04667 2.00516 4.26385 3.88751 3.57137 4.69414 4.86141 
2.9791 4.21951 0 1.80177 1.77193 3.81776 1.80177 1.68353 1.49968 2.00373 3.57678 3.09137 3.33079 2.22377 1.72558 3.06884 2.63255 2.66319 2.96235 3.19105 4.02048 3.05517 3.02016 2.33667 2.0362 3.68218 1.89002 2.56906 2.6112 3.44276 2.18911 1.6912 3.3755 2.35619 1.85352 1.26433 1.92911 1.67557 2.58998 3.27811 4.804 4.05326 3.97766 3.60107 2.78677 3.07531 3.95831 3.75447 3.92643 3.88808 3.97442 3.70298 4.47293 3.47499 3.38799 4.01797 3.59713 2.98217 3.65794 3.55283 4.42839 3.44208 4.52556 3.35274 1.98814 3.97799 1.98328 3.39778 3.82452 3.9142 1.92851 2.53476 3.05757 3.59413 3.61506 2.28149 1.96803 2.03705 2.84391 3.33762 4.10977 4.93113 3.2183 3.99488 3.59532 3.82053 1.69492 4.19912 2.1131 5.10175 2.11568 2.06619 2.3042 4.72121 2.04392 4.52522 4.13307 3.82906 4.2889 4.59461 
1.63804 1.4527 1.80177 0 1.94967 1.89945 1.4527 2.47753 1.91653 2.33517 1.96911 1.4527 1.6186 2.48455 2.0014 1.96457 1.99515 1.4527 2.21212 1.91653 1.63804 1.69638 1.89945 1.61884 2.27316 2.15656 2.2389 2.05503 2.29375 2.51623 2.34327 2.47298 2.19254 2.80146 2.21863 2.35833 1.87382 2.21212 1.91653 1.6186 2.62364 1.78018 2.16884 1.78018 1.65326 1.57022 1.95503 1.56607 1.56263 2.18701 1.87093 1.84547 2.03835 1.92465 2.06799 2.34057 2.06799 1.56263 1.56263 2.01446 2.20825 2.33827 2.19305 2.00876 2.3958 1.79604 2.42748 2.44569 2.71452 2.56253 2.20825 3.0186 2.20291 2.44045 1.56607 2.87536 2.36447 2.00917 2.16072 2.25184 1.69635 2.23176 2.07555 1.88134 1.80168 2.00876 2.10259 2.00256 2.26727 2.16569 2.51213 2.51039 2.56235 2.2016 2.21722 1.69635 2.7041 2.3628 2.09208 2.50377 
1.33603 1.84719 1.77193 1.94967 0 1.14144 1.92496 1.65795 1.32743 1.51663 0.931477 1.47957 0.656091 1.89545 1.20522 1.52209 1.15683 0.794275 1.82416 1.1061 1.45418 1.2312 1.39476 0.842902 1.53357 1.40307 1.21375 1.2312 1.56891 1.66544 1.78299 2.01802 1.89545 1.95067 1.46062 1.80373 1.4416 1.82416 1.28397 0.656091 1.72306 1.17799 1.40307 1.17799 1.1061 0.656091 1.14144 1.23788 0.733851 1.46692 1.5527 1.0494 1.53067 1.1061 1.49454 1.61914 1.49454 0.656091 1.24169 1.32884 1.31741 1.45365 1.18766 1.1743 1.50104 1.14578 1.90952 1.55484 1.88006 1.9623 1.31741 2.11802 1.29637 1.55582 0.675225 2.05682 1.56507 1.57694 1.26988 1.4333 1.14578 1.4384 1.42381 1.18766 1.0494 1.1743 1.30922 1.20316 1.74104 1.75445 1.71273 1.95856 1.7745 1.76938 1.56547 1.26827 2.05792 1.91506 1.29268 1.61914 
1.86089 3.91424 3.81776 1.89945 1.14144 0 1.91649 1.00412 1.45245 1.58765 5.08448 6.00275 4.00474 2.02048 0.794983 6.54462 1.37065 6.88883 2.97924 3.19577 5.40438 4.42526 1.52403 2.19356 0.570914 8.48171 1.07725 2.13761 2.46809 2.92283 1.68304 1.34289 3.0205 2.04997 0.823654 1.78767 1.20244 1.85925 2.0702 2.80121 3.34638 6.06948 3.98048 3.83873 5.49181 5.99621 1.73438 5.64553 2.50574 6.42451 9.09568 4.55809 8.14698 6.11157 4.36048 9.33766 4.9352 5.81226 7.27149 8.71976 6.68547 2.34801 2.59603 2.2721 1.21483 8.86158 1.7714 2.30371 2.75144 2.66039 0.995918 1.75647 1.97247 2.34031 7.3717 1.61156 0.870894 1.09639 2.10534 2.56245 2.36714 3.37578 1.81641 8.7749 6.62836 7.29902 0.921614 2.24367 1.28321 5.00437 1.01855 1.59761 1.30554 4.84169 1.43767 2.99355 2.9963 2.68322 9.0758 5.65189 
1.65508 1.43192 1.80177 1.4527 1.92496 1.91649 0 2.27861 1.93356 2.35221 1.96066 1.43192 1.5939 2.50159 1.86632 1.82668 1.86632 1.4527 1.745 1.89121 1.65508 1.58791 1.8301 1.63588 2.2902 2.02149 2.24293 1.58791 2.17582 2.51526 2.36031 2.21299 2.20958 2.80049 1.9973 1.89121 1.65249 1.745 1.93356 1.5939 2.50262 1.79722 2.0219 1.79722 1.43192 1.58726 1.86845 1.43192 1.57967 1.92703 1.82668 1.8625 2.05539 1.94169 1.97374 2.11474 1.82668 1.57967 1.45258 1.79313 2.22529 2.35531 2.21008 1.86388 2.41284 1.81308 2.44452 2.46273 2.56964 2.40384 2.22529 2.87822 2.21995 2.45749 1.58311 2.67565 2.38151 2.02621 2.06792 2.26888 1.71339 2.2488 2.09259 1.89838 1.81872 1.86388 2.11963 2.01959 2.28431 2.04838 2.35002 2.52743 2.57939 1.99438 2.23426 1.71339 2.47828 2.37984 2.10911 2.27794 
1.6648 2.09708 1.68353 2.47753 1.65795 1.00412 2.27861 0 1.78055 1.8776 1.28389 1.78169 1.37018 2.34858 1.28389 1.18882 1.28389 1.44289 1.9618 1.46707 1.73834 1.68927 1.35438 1.49152 1.3597 0.48152 1.56616 1.61438 1.61766 2.08722 2.19772 1.43095 2.34858 2.2784 1.42024 1.68353 1.66352 1.9618 1.4682 1.56392 1.4598 0.929614 0.78499 0.929614 1.10246 1.10246 1.00412 1.38901 1.37018 0.48152 1.59547 0.78499 1.7921 1.46707 1.05167 1.06017 1.05167 1.26017 1.45523 1.18653 1.45514 1.70551 1.58771 1.43484 1.69659 1.33534 2.04924 1.73139 2.09055 1.9425 1.45514 1.89983 1.59789 1.74538 1.27931 1.67689 1.29153 1.59537 1.60507 1.8681 1.33534 1.53255 1.45643 1.41383 0.78499 1.40103 1.40337 0.929614 1.7921 1.91261 1.43919 1.84434 1.72618 1.45523 1.81882 1.45523 2.09055 2.09103 1.01913 1.29955 
1.338 1.91653 1.49968 1.91653 1.32743 1.45245 1.93356 1.78055 0 1.62989 1.28987 1.43665 1.08747 1.77927 1.29612 1.41411 1.28987 0.947978 1.74972 0.947978 1.338 1.40044 1.45245 0.996605 1.82616 1.45128 1.57214 1.40044 1.72261 1.81095 1.93669 2.0203 1.77927 2.09619 1.51831 1.49968 1.55486 1.74972 0.947978 1.08747 1.97174 1.47058 1.51633 1.29612 0.947978 0.947978 1.36289 1.35114 1.1415 1.58953 1.66326 1.36289 1.68437 1.03149 1.51753 1.71941 1.51753 1.03149 1.35496 1.338 1.55208 1.83679 1.57081 1.30348 1.79293 1.52893 2.02941 1.90418 2.00924 2.11937 1.55208 2.39745 1.36814 1.93897 1.05837 2.17008 1.87422 1.8015 1.50752 1.54656 1.48868 1.73028 1.80696 1.57081 1.38427 1.30348 1.60111 1.5123 1.89827 1.95076 1.98187 2.14198 1.92776 1.89991 1.94862 1.48868 2.33321 2.07905 1.59081 1.89857 
1.75665 2.12311 2.00373 2.33517 1.51663 1.58765 2.35221 1.8776 1.62989 0 1.38197 1.85529 1.22887 2.19792 1.44974 1.56749 1.38197 1.36662 2.03635 0.995348 1.75665 1.58964 1.58765 1.41525 1.97978 1.59595 1.70876 1.58964 1.96695 1.89057 2.21411 2.17369 2.19792 2.1758 1.6535 2.00373 1.63448 2.03635 1.4431 1.4226 1.89205 1.5487 1.59595 1.44974 0.995348 1.11886 1.44251 1.43076 1.22887 1.68657 1.94261 1.44251 1.96179 0.995348 1.71497 1.71242 1.71497 1.11886 1.43457 1.48131 1.44272 1.91641 1.65042 1.3831 1.96381 1.60855 2.29943 1.9838 2.08886 2.14621 1.44272 2.31776 1.44272 2.01859 1.13799 2.2497 1.97415 1.89854 1.58714 1.62618 1.5683 1.82732 1.88657 1.65042 1.39724 1.3831 1.69815 1.64693 2.06716 2.03037 1.93976 2.39976 1.88566 1.94948 2.02824 1.5683 2.25766 2.29487 1.5487 1.81887 
2.09952 4.15049 3.57678 1.96911 0.931477 5.08448 1.96066 1.28389 1.28987 1.38197 0 6.14713 4.15439 1.85789 0.728661 6.43159 1.25358 5.02268 3.02451 2.8988 5.68357 4.31936 1.921 2.09495 1.15057 4.98247 0.668687 1.83237 2.36948 2.52565 1.58042 1.48138 2.81719 1.81601 1.11416 1.70496 1.30693 1.82281 1.83466 2.69281 3.42075 5.5845 3.85349 3.85893 4.17833 3.82018 2.22484 6.32344 2.53794 6.43118 6.51199 4.55568 6.9494 6.14388 4.2309 6.55102 4.92676 4.3759 5.37616 5.6323 6.5806 2.39681 2.65944 2.41069 1.29374 6.25799 1.78607 2.35251 2.95735 2.82702 1.05454 2.02788 1.92069 2.63206 5.29792 1.64686 1.18206 1.46529 1.76751 2.43697 2.5996 3.55636 2.1381 5.73819 4.22387 5.10303 1.11737 2.36266 1.35803 5.40354 1.32972 1.86212 1.39149 5.03618 1.47533 3.24785 3.2659 2.89556 6.05644 5.64964 
2.93291 3.73583 3.09137 1.4527 1.47957 6.00275 1.43192 1.78169 1.43665 1.85529 6.14713 0 6.3843 2.00467 1.52152 6.07349 2.36698 4.8246 2.7337 3.16706 7.04293 4.03125 2.71222 2.36449 2.05156 6.19733 1.79754 2.07124 2.63902 3.45256 2.16209 1.89958 3.36614 2.30357 1.74371 1.3943 1.65249 1.24809 2.45218 2.9822 4.60218 6.25432 5.36045 5.90089 4.43685 5.09217 3.79564 5.96667 3.48423 6.11006 6.11196 5.77818 6.88101 5.99679 4.69952 6.35593 6.08665 5.01046 5.59002 6.02763 7.24644 3.37582 4.28889 3.2279 2.01833 6.39101 2.19167 3.33152 3.56139 3.63313 1.89215 2.45219 2.90647 3.52372 5.81869 2.37965 2.09962 2.02621 2.75526 3.11276 3.79147 4.67741 3.15205 6.14937 5.63659 6.21416 1.82651 3.99211 2.12367 6.3407 2.03661 2.27457 2.27524 5.84031 2.15259 4.27432 3.86994 3.62662 6.89014 7.2414 
1.99587 3.60872 3.33079 1.6186 0.656091 4.00474 1.5939 1.37018 1.08747 1.22887 4.15439 6.3843 0 1.66324 0.728661 5.3705 1.28341 3.92741 2.63842 2.79859 5.81213 4.25484 1.83581 1.77282 1.21013 4.87985 0.848224 1.65048 2.05774 2.52225 1.55078 1.51579 2.68128 1.58515 1.17285 1.56377 1.12179 1.59195 1.64962 2.22539 3.60372 4.66124 4.44291 4.02078 3.8848 3.1258 2.30201 5.29561 2.32444 5.76761 5.50642 4.3309 5.8928 5.38381 4.01786 5.87607 5.44165 3.18138 4.68346 4.21872 5.81381 2.24952 2.83502 2.39116 1.23241 5.19413 1.5819 2.20522 2.89178 2.75155 0.934236 1.83026 1.6922 2.45902 4.65874 1.76906 1.27731 1.25713 1.66989 2.31794 2.58097 3.57502 2.07724 5.19874 4.09915 4.64902 1.04059 2.53824 1.45328 5.52892 1.39742 1.6708 1.38392 5.13269 1.1823 3.33528 3.15224 2.61028 5.41845 6.19341 
1.79962 2.27224 2.22377 2.48455 1.89545 2.02048 2.50159 2.34858 1.77927 2.19792 1.85789 2.00467 1.66324 0 1.86414 1.98214 1.85789 1.516 2.31775 1.77927 1.49134 1.96846 1.96123 1.56463 2.39418 2.01931 2.14016 1.96846 2.29063 2.37898 2.09003 2.58833 1.49134 2.58321 2.08633 2.25558 1.78361 2.31775 1.77927 1.66324 2.55615 2.0386 2.08436 1.86414 1.49134 1.516 1.93091 1.91916 1.71727 2.15755 2.15793 1.93091 1.83771 1.78739 2.08555 2.44913 2.08555 1.60726 1.58371 1.49134 2.23477 2.40482 2.13883 1.8715 2.36095 2.08854 2.52408 2.4722 2.57726 2.31271 2.23477 3.05446 2.12404 2.31344 1.6264 2.5594 2.44224 2.18884 1.99249 2.11459 1.88017 2.29831 2.36656 2.13883 1.89889 1.8715 2.16913 2.08032 2.05161 2.17951 2.4336 2.63665 2.61786 2.12866 2.51664 1.88017 2.99437 2.23239 2.05161 2.31271 
1.23053 1.64119 1.72558 2.0014 1.20522 0.794983 1.86632 1.28389 1.29612 1.44974 0.728661 1.52152 0.728661 1.86414 0 1.28934 0.728661 0.981207 1.8346 1.03921 1.32672 1.32987 0.830065 1.02983 1.15057 0.810775 1.07725 1.32987 1.60807 1.6308 1.87377 1.43428 1.86414 1.91603 0.895918 1.72558 1.2693 1.8346 1.21237 1.01741 1.47005 0.794983 0.965145 0.728661 0.810774 0.794983 0.796029 0.924742 0.806421 1.09287 1.60933 0.796029 1.32672 1.03921 1.42606 1.48171 1.28934 0.728661 1.06939 0.955861 1.05454 1.44502 1.12603 1.03199 1.29374 1.05303 1.95765 1.48289 1.73775 1.7087 1.05454 2.07147 1.13126 1.46307 0.826578 1.59975 1.18206 1.37309 1.25386 1.36641 1.05303 1.1297 1.33254 0.975892 0.820148 1.03199 1.12106 0.820148 1.32672 1.54846 1.32972 1.86581 1.39149 1.50567 1.55833 1.27278 2.01138 1.78652 0.909668 1.32972 
2.26899 3.94607 3.06884 1.96457 1.52209 6.54462 1.82668 1.18882 1.41411 1.56749 6.43159 6.07349 5.3705 1.98214 1.28934 0 2.17127 5.20936 2.72833 2.81945 6.39284 3.97106 2.50556 1.86101 1.69847 6.3636 1.59706 2.31031 2.13555 3.17207 1.89614 1.23993 3.12803 2.14814 1.41729 1.26433 1.49287 1.67557 2.30374 2.9415 4.02975 6.33252 4.65239 4.64889 5.58797 5.2554 3.13875 7.11003 3.20597 6.52772 7.08627 6.51224 7.90399 6.40573 4.19089 7.11348 5.14261 5.10165 6.60496 6.30971 7.77174 2.83394 3.56606 2.78251 1.69364 7.13021 1.56454 2.78964 3.25429 3.2048 1.48283 2.1271 2.423 2.92224 6.53395 1.54663 1.6303 1.60081 2.24674 2.88274 3.34427 4.22589 2.52959 6.87103 5.2473 6.27051 1.40042 3.28498 1.65856 5.97204 1.77796 1.55713 1.84965 5.27225 1.80229 3.95574 3.65742 3.19098 7.1446 6.08096 
2.13927 2.8465 2.63255 1.99515 1.15683 1.37065 1.86632 1.28389 1.28987 1.38197 1.25358 2.36698 1.28341 1.85789 0.728661 2.17127 0 1.53281 2.97571 1.72603 2.04618 2.19129 1.78962 2.2815 1.15057 1.37328 0.894046 2.01925 2.57672 2.71253 1.70703 1.43428 2.9103 1.81601 0.895918 1.70496 1.2693 1.82281 1.91529 1.79327 2.41646 1.50348 1.54706 1.4084 1.22578 1.12669 1.30183 1.50189 1.56698 1.91181 2.38666 1.39207 2.06973 1.62044 2.21256 2.3237 2.05141 1.18953 1.72052 1.34904 1.80031 2.50519 1.86635 2.30697 1.29374 1.73021 1.88776 2.46089 2.91408 2.86678 1.05454 2.07147 1.93568 2.6755 1.46067 1.59975 1.18206 1.37309 2.04875 2.39584 1.74122 1.9659 2.19877 1.86275 1.40579 1.52662 1.12106 1.56626 1.32672 2.60789 1.32972 1.86581 1.39149 2.39751 1.55833 2.19142 3.22263 2.83864 1.77468 2.29314 
1.99199 3.14988 2.66319 1.4527 0.794275 6.88883 1.4527 1.44289 0.947978 1.36662 5.02268 4.8246 3.92741 1.516 0.981207 5.20936 1.53281 0 2.60855 2.45578 4.70944 3.46683 2.00593 1.51944 1.30957 7.52235 1.09599 1.80252 1.79397 2.8193 1.40354 1.44957 2.28422 1.83292 1.27316 1.42428 1.29159 1.48646 1.54312 1.87458 3.59669 6.30906 4.33987 3.64377 12.9401 13.0312 2.36001 5.58918 2.27737 5.97656 9.39339 4.85628 7.33636 5.68302 3.36084 12.004 4.03588 12.9973 9.50967 9.00858 6.39206 2.32195 2.72937 2.48831 1.3084 8.26667 1.52592 2.27765 2.98892 2.70749 1.1674 1.96802 1.85995 2.38741 10.4576 1.90681 1.34106 1.42694 1.94161 2.24634 2.52816 3.46938 2.06437 8.08215 14.701 15.2066 1.11658 2.43259 1.32753 5.26109 1.48872 1.60882 1.53894 4.96059 1.41547 3.43221 3.23355 2.66613 8.43593 5.14493 
3.33304 3.19985 2.96235 2.21212 1.82416 2.97924 1.745 1.9618 1.74972 2.03635 3.02451 2.7337 2.63842 2.31775 1.8346 2.72833 2.97571 2.60855 0 2.74722 3.04937 2.68598 3.18216 3.22031 2.2871 2.73722 2.11062 2.89513 3.49484 4.07434 2.47517 2.28176 3.90971 2.61665 1.9251 1.70738 1.96556 1.24809 3.16968 2.7655 3.29891 3.01522 2.75556 2.85646 2.37041 2.5682 2.90937 2.9556 2.92198 2.74838 3.16142 2.79382 3.26404 2.59922 3.04332 2.91142 2.93033 2.5303 2.86592 2.8391 3.22902 3.84534 3.39093 3.25244 2.31495 3.1545 2.45212 3.80105 3.58593 3.6791 1.99904 2.2197 3.35348 3.89804 2.8663 2.26811 2.26716 2.22212 3.47365 3.60841 3.1655 3.51487 3.62157 2.81879 2.84047 3.05109 2.02173 3.2068 2.34502 3.2875 1.84171 2.56469 2.44197 3.25229 2.4871 3.11244 3.89448 4.00178 3.08584 3.15889 
2.48164 4.14631 3.19105 1.91653 1.1061 3.19577 1.89121 1.46707 0.947978 0.995348 2.8988 3.16706 2.79859 1.77927 1.03921 2.81945 1.72603 2.45578 2.74722 0 3.69488 3.21801 2.11951 2.30714 1.56795 3.16939 1.25979 1.99518 2.58167 2.8596 1.73088 1.76316 3.06729 1.76528 1.20596 1.26433 1.22395 1.62582 1.59948 3.05784 4.13018 3.2611 3.30559 3.13368 2.68352 2.31048 3.33632 3.36553 3.40921 3.17192 3.59077 3.00699 3.9338 2.8813 3.40875 3.64528 3.25638 2.42088 3.22759 2.9932 3.54572 2.64109 3.86715 2.41603 1.48058 3.282 1.88891 2.59679 2.82488 3.02044 1.0322 1.90723 2.03516 2.89553 2.91907 1.83918 1.56362 1.48801 2.02468 2.56753 3.41378 4.21497 2.41732 3.29889 2.7844 2.98241 1.28763 3.57037 1.65664 4.41383 1.52924 1.98923 1.47513 4.11299 1.61771 3.96115 3.13343 3.09446 3.47532 3.91603 
2.11854 4.09974 4.02048 1.63804 1.45418 5.40438 1.65508 1.73834 1.338 1.75665 5.68357 7.04293 5.81213 1.49134 1.32672 6.39284 2.04618 4.70944 3.04937 3.69488 0 5.16761 1.99466 2.36003 1.6388 6.31399 1.57228 2.53116 2.63456 2.95254 1.36514 1.77538 2.32509 1.95068 1.40353 1.81431 1.05872 1.87648 2.27175 3.18592 4.33383 5.82952 5.10845 5.81964 4.70317 4.31317 3.05854 6.09956 2.848 6.53974 5.45566 5.67728 6.22837 6.47165 5.33849 6.71497 6.1383 4.71042 5.14972 5.56523 6.92788 3.03384 3.59409 2.84744 1.80653 5.93687 1.70461 2.98954 3.26846 2.77384 1.49625 2.21641 2.64236 2.45377 5.42595 1.78326 1.53762 1.2494 2.29954 2.28721 2.98241 4.22846 2.51407 6.41397 5.32199 5.6466 1.51331 3.37024 1.26522 5.90244 1.64721 1.69721 1.83321 4.96405 1.81759 3.33897 3.27791 2.2256 6.27135 6.78553 
2.82076 3.75514 3.05517 1.69638 1.2312 4.42526 1.58791 1.68927 1.40044 1.58964 4.31936 4.03125 4.25484 1.96846 1.32987 3.97106 2.19129 3.46683 2.68598 3.21801 5.16761 0 2.48174 2.2978 1.85991 4.37962 1.55664 1.71977 2.57234 3.02272 2.09424 1.76849 3.21716 2.02368 1.53363 1.55028 1.51461 1.40407 2.3209 2.78548 4.55065 4.84396 5.10518 4.22065 3.02443 3.40702 3.47914 4.4621 3.40187 4.73263 4.68961 4.28025 5.43845 4.48932 4.31646 4.96837 4.46658 3.36939 4.23429 4.31393 5.52752 3.10635 4.02653 2.99189 1.84394 4.70833 1.95749 3.06206 3.51367 3.68087 1.62649 2.46092 2.68055 3.3608 4.21736 2.12983 1.90797 1.8525 2.45613 2.94983 3.57316 4.6627 2.9194 4.80102 4.17122 4.45815 1.65212 3.72975 2.00098 6.27596 2.05562 2.13165 2.06942 5.92898 1.90837 3.95779 3.82222 3.47676 5.30182 5.68022 
2.06354 2.6724 3.02016 1.89945 1.39476 1.52403 1.8301 1.35438 1.45245 1.58765 1.921 2.71222 1.83581 1.96123 0.830065 2.50556 1.78962 2.00593 3.18216 2.11951 1.99466 2.48174 0 2.74898 1.18565 1.83325 1.33058 2.41273 2.99747 3.16226 1.68304 1.57734 2.96442 2.04997 0.823654 1.78767 1.09569 1.85925 2.38277 2.28052 2.89154 1.78934 1.91052 1.72636 1.33076 1.50344 1.4376 1.9472 1.72009 2.05115 2.25925 1.52784 2.20933 2.01957 2.65827 2.47836 2.26511 1.6261 1.3877 1.71689 2.25295 2.80609 2.30808 2.76421 1.46815 1.80473 1.7714 2.76179 3.2661 2.99435 1.21543 2.14066 2.37741 2.67427 1.68794 1.61156 1.37677 1.09639 2.41018 2.64309 1.64762 2.53769 2.27181 2.23021 1.63537 1.98386 1.17494 1.99518 1.28321 2.33108 1.52443 1.59761 1.55239 2.26502 1.691 2.11343 3.19896 2.85207 2.16862 2.56911 
2.49415 3.13268 2.33667 1.61884 0.842902 2.19356 1.63588 1.49152 0.996605 1.41525 2.09495 2.36449 1.77282 1.56463 1.02983 1.86101 2.2815 1.51944 3.22031 2.30714 2.36003 2.2978 2.74898 0 1.35819 2.22248 1.13214 2.51507 1.78051 3.21114 1.45217 1.6954 3.14388 1.88154 1.30366 1.47291 1.34022 1.53508 2.25566 1.96925 3.06831 2.22672 2.38383 2.18257 1.92824 1.38341 2.35889 2.4958 2.22164 2.14108 2.16031 2.12807 2.48343 2.11678 1.92532 2.72588 1.84801 1.62296 2.39257 2.04964 2.63081 2.9453 2.55935 3.07612 1.3084 2.25228 1.57869 2.901 3.5479 3.38361 1.21603 2.01664 2.64333 3.06354 1.93244 1.95544 1.38969 1.47557 2.37622 3.09769 2.37305 2.58102 2.68772 2.05933 1.95489 2.29577 1.11658 2.30676 1.56566 3.2647 1.53734 1.65745 1.59912 2.9491 1.46409 2.57188 3.78933 3.33228 2.50157 2.8669 
1.33029 1.8609 2.0362 2.27316 1.53357 0.570914 2.2902 1.3597 1.82616 1.97978 1.15057 2.05156 1.21013 2.39418 1.15057 1.69847 1.15057 1.30957 2.2871 1.56795 1.6388 1.85991 1.18565 1.35819 0 0.963132 1.43284 1.71413 1.93643 2.06252 2.17073 1.69847 2.32085 2.44607 1.2515 2.21552 1.62488 2.2871 1.56795 1.42112 1.76701 0.570914 0.963132 0.963132 1.18565 1.11711 0.856601 1.33582 1.21013 1.16868 1.82904 0.864563 1.6388 1.46527 1.7217 1.50351 1.59508 1.10012 1.37125 1.38595 1.3515 1.68081 1.423 1.32895 1.5907 1.33582 2.18586 1.6979 2.03471 1.87745 1.3515 2.11205 1.47132 1.76003 1.15494 2.00965 1.22648 1.5928 1.65419 1.89645 1.35 1.42666 1.53601 1.34735 0.864563 1.32895 1.41803 0.864563 1.6388 1.76817 1.37413 2.08082 1.66113 1.75677 1.79412 1.4925 2.3039 2.08349 0.954083 1.37413 
2.33636 4.25642 3.68218 2.15656 1.40307 8.48171 2.02149 0.48152 1.45128 1.59595 4.98247 6.19733 4.87985 2.01931 0.810775 6.3636 1.37328 7.52235 2.73722 3.16939 6.31399 4.37962 1.83325 2.22248 0.963132 0 1.31129 2.35289 2.49701 3.00276 1.97759 1.23993 3.19443 2.05827 1.02367 1.49251 1.28748 1.61437 2.24893 3.10725 2.78922 6.85182 3.69236 4.25254 6.99037 6.2994 2.05228 6.33206 3.02978 5.17381 9.40849 4.72649 8.58415 5.89206 3.87866 8.77606 4.60525 6.83604 8.32152 8.57918 6.20317 2.61062 2.9394 2.52854 1.47646 9.36049 1.85822 2.60229 2.86203 2.73126 1.22754 1.70378 2.21275 2.7041 8.16218 1.36668 1.0714 1.38363 2.32131 2.67291 2.90914 3.46003 2.06468 8.58508 6.77588 7.92501 1.18325 2.58111 1.48189 4.83785 1.09525 1.65331 1.50605 4.67454 1.60765 3.13365 3.15088 2.96813 9.02784 5.46625 
1.5128 2.0178 1.89002 2.2389 1.21375 1.07725 2.24293 1.56616 1.57214 1.70876 0.668687 1.79754 0.848224 2.14016 1.07725 1.59706 0.894046 1.09599 2.11062 1.25979 1.57228 1.55664 1.33058 1.13214 1.43284 1.31129 0 1.40597 1.72509 1.79747 1.86269 1.93479 2.12679 2.14281 1.39643 2.03176 1.61221 2.11062 1.25979 1.11972 1.75232 1.07725 1.34604 1.07725 0.894046 0.668687 1.17692 1.30135 0.925984 1.37514 1.71152 1.09873 1.61036 1.29824 1.62186 1.81127 1.59706 0.848224 1.43383 1.06605 1.33681 1.64578 1.37979 1.2537 1.51364 1.25379 2.06834 1.68365 1.95945 2.02229 1.33681 2.31015 1.48851 1.66382 0.867358 2.03363 1.46433 1.74756 1.33113 1.62543 1.25379 1.41197 1.5333 1.33695 1.09873 1.2537 1.32182 1.10242 1.6403 1.92507 1.61199 2.06657 1.67376 1.82729 1.7576 1.43889 2.25006 2.02307 1.19194 1.61199 
2.66528 2.66286 2.56906 2.05503 1.2312 2.13761 1.58791 1.61438 1.40044 1.58964 1.83237 2.07124 1.65048 1.96846 1.32987 2.31031 2.01925 1.80252 2.89513 1.99518 2.53116 1.71977 2.41273 2.51507 1.71413 2.35289 1.40597 0 2.72425 3.12057 1.87706 1.90533 3.31501 2.02368 1.35214 1.55028 1.49998 1.40407 2.14886 1.75842 3.08997 2.30699 2.39382 2.12306 1.39622 1.4083 2.06774 2.17557 1.91491 2.24995 2.62541 1.99628 2.87324 2.14779 2.24741 2.88162 2.24444 1.55659 2.14467 2.13038 2.52385 2.93431 2.54516 2.86978 1.62676 2.24347 2.05779 2.89002 3.38113 3.50883 1.57793 2.4077 2.54233 3.18876 1.72981 2.04801 1.74563 1.63533 2.3179 2.86075 2.25447 2.6951 2.71054 2.48708 2.06179 2.08943 1.43494 2.36301 1.9216 3.09919 1.89328 2.13655 1.95506 3.03461 1.90837 2.67465 3.68968 3.38768 2.55783 2.98753 
2.76868 3.40721 2.6112 2.29375 1.56891 2.46809 2.17582 1.61766 1.72261 1.96695 2.36948 2.63902 2.05774 2.29063 1.60807 2.13555 2.57672 1.79397 3.49484 2.58167 2.63456 2.57234 2.99747 1.78051 1.93643 2.49701 1.72509 2.72425 0 3.48567 2.02417 1.72347 3.41841 2.31941 1.78766 1.66378 1.86324 2.07502 2.55089 2.24378 3.2887 2.50125 2.62691 2.4571 2.20278 1.84542 2.55788 2.69893 2.49617 2.41446 2.43484 2.4026 2.75796 2.39132 2.19985 3.00041 2.12254 1.90788 2.6671 2.29488 2.90534 3.21888 2.83389 3.27925 1.79412 2.52586 1.79341 3.17459 3.75103 3.65815 1.76772 2.34074 2.91786 3.33807 2.20697 2.19512 1.96465 1.97118 2.65075 3.37223 2.64663 2.78 2.89234 2.33386 2.22943 2.4989 1.50091 2.58129 2.1305 3.53923 2.11231 1.87217 2.17408 3.22364 2.01696 2.84641 4.06387 3.60681 2.7761 3.14143 
3.3241 3.96684 3.44276 2.51623 1.66544 2.92283 2.51526 2.08722 1.81095 1.89057 2.52565 3.45256 2.52225 2.37898 1.6308 3.17207 2.71253 2.8193 4.07434 2.8596 2.95254 3.02272 3.16226 3.21114 2.06252 3.00276 1.79747 3.12057 3.48567 0 2.09655 2.11085 3.7205 1.39049 1.83456 2.25788 1.81554 2.33142 3.12286 3.06138 3.93867 2.95686 3.00003 2.7981 2.13778 2.41039 2.85296 2.89861 2.77933 3.10288 3.26079 2.64615 3.42629 2.79766 3.2241 3.53149 3.06295 2.55868 2.75456 2.39134 3.25988 3.58418 3.2503 3.38565 2.03172 2.89334 2.2068 3.53989 4.15097 4.07463 1.83285 2.64869 3.27836 3.75456 2.49966 2.13214 1.99435 2.00622 2.84989 3.34359 2.90434 3.34497 3.36041 3.12536 2.62759 2.6053 1.7385 3.01288 2.00329 3.75054 2.142 2.38096 2.28994 3.53308 1.99624 3.07771 4.51455 3.87052 3.2077 3.6374 
1.40354 2.063 2.18911 2.34327 1.78299 1.68304 2.36031 2.19772 1.93669 2.21411 1.58042 2.16209 1.55078 2.09003 1.87377 1.89614 1.70703 1.40354 2.47517 1.73088 1.36514 2.09424 1.68304 1.45217 2.17073 1.97759 1.86269 1.87706 2.02417 2.09655 0 2.39054 1.95804 2.45701 1.93547 2.33085 1.65741 2.47517 1.73088 1.55078 2.26342 1.81515 1.97759 1.859 1.36514 1.36514 1.76519 1.77245 1.51328 1.89614 1.80499 1.67315 1.44162 1.80359 1.92095 2.1474 1.89614 1.4948 1.45751 1.36514 1.95345 2.20646 2.02494 1.63021 2.09693 1.69245 2.16181 2.16555 2.33597 1.91662 1.95345 2.65838 2.10895 1.91735 1.48409 2.33272 2.08098 1.79276 1.63021 1.89642 1.48409 1.93289 1.97048 1.92095 1.50281 1.63021 1.80372 1.83518 1.80858 1.97027 2.19057 2.24056 2.2904 1.98519 2.27505 1.48409 2.59828 1.87011 1.80858 1.91662 
1.66749 2.21299 1.6912 2.47298 2.01802 1.34289 2.21299 1.43095 2.0203 2.17369 1.48138 1.89958 1.51579 2.58833 1.43428 1.23993 1.43428 1.44957 2.28176 1.76316 1.77538 1.76849 1.57734 1.6954 1.69847 1.23993 1.93479 1.90533 1.72347 2.11085 2.39054 0 2.45743 2.52615 1.6432 1.87052 2.01658 2.28176 1.95965 1.57955 2.1087 1.23993 1.42784 1.23993 1.43428 1.5939 1.34289 1.67202 1.51579 1.23993 1.67558 1.34289 1.77538 1.56195 1.40578 1.78145 1.23993 1.40578 1.76329 1.40452 1.62951 1.87958 1.66671 1.76184 2.09266 1.65702 2.0324 2.10172 2.4676 2.15736 1.69813 2.38999 1.62951 2.1868 1.63938 2.0798 1.6303 2.06698 1.70252 2.14508 1.77677 1.92862 1.93983 1.40578 1.26839 1.67558 1.89635 1.26839 1.77538 2.24235 1.77796 1.94056 1.96647 1.93098 2.19794 1.93098 2.58185 2.41025 1.35791 1.77796 
2.78902 3.47467 3.3755 2.19254 1.89545 3.0205 2.20958 2.34858 1.77927 2.19792 2.81719 3.36614 2.68128 1.49134 1.86414 3.12803 2.9103 2.28422 3.90971 3.06729 2.32509 3.21716 2.96442 3.14388 2.32085 3.19443 2.12679 3.31501 3.41841 3.7205 1.95804 2.45743 0 2.58321 2.08633 2.25558 1.78361 2.31775 3.0556 2.91596 3.96621 3.05766 3.2718 2.8989 2.31829 2.52971 3.0008 3.12566 2.65746 3.27539 3.12721 2.91182 3.13897 3.06943 3.26312 3.57871 3.21691 2.56347 2.5585 2.60527 3.37824 3.85595 3.43337 3.65743 2.36095 3.12602 2.42176 3.81166 4.25322 3.87857 2.2134 2.92247 3.5027 3.5585 2.6253 2.55272 2.34092 2.05686 3.12166 3.14754 2.96477 3.52548 3.58895 3.39713 2.87379 2.87708 2.06782 3.21741 1.88204 3.64674 2.26403 2.50466 2.54295 3.58631 2.37209 3.2222 4.45459 3.67447 3.12827 3.56373 
2.1666 2.5894 2.35619 2.80146 1.95067 2.04997 2.80049 2.2784 2.09619 2.1758 1.81601 2.30357 1.58515 2.58321 1.91603 2.14814 1.81601 1.83292 2.61665 1.76528 1.95068 2.02368 2.04997 1.88154 2.44607 2.05827 2.14281 2.02368 2.31941 1.39049 2.45701 2.52615 2.58321 0 2.11582 2.35619 2.10077 2.61665 1.95089 1.85664 2.6253 2.04773 2.05827 1.91603 1.39049 1.58515 1.90483 1.89705 1.66291 2.08737 2.2627 1.90483 2.20468 1.76528 2.18126 2.44174 2.14814 1.58515 1.90087 1.39049 2.21266 2.38271 2.11672 1.84939 2.39217 2.03092 2.62885 2.42697 2.55515 2.67968 2.21266 3.04708 2.10192 2.44096 1.60428 2.45855 2.40964 2.29934 1.89163 2.09247 2.03092 2.22813 2.31043 2.11672 1.79804 1.84939 2.09895 2.04773 2.41858 2.49667 2.5573 2.74142 2.65559 2.15508 2.49453 2.03459 2.98698 2.59936 2.13725 2.5482 
1.27576 1.75151 1.85352 2.21863 1.46062 0.823654 1.9973 1.42024 1.51831 1.6535 1.11416 1.74371 1.17285 2.08633 0.895918 1.41729 0.895918 1.27316 1.9251 1.20596 1.40353 1.53363 0.823654 1.30366 1.2515 1.02367 1.39643 1.35214 1.78766 1.83456 1.93547 1.6432 2.08633 2.11582 0 1.85352 1.26288 1.9251 1.20596 1.36659 1.73061 0.895918 1.02367 0.895918 0.823654 0.840213 0.829059 1.13366 1.17285 1.22921 1.69353 0.93988 1.53564 1.24297 1.65896 1.61263 1.41729 1.06285 1.06298 1.02395 1.28129 1.64354 1.38659 1.19986 1.53401 1.17276 2.05677 1.56881 1.90562 1.90559 1.28129 2.20651 1.34709 1.5828 1.08198 1.67742 1.44262 1.44118 1.40391 1.57017 1.17276 1.36997 1.45227 1.34663 0.93988 1.19986 1.24079 1.08071 1.53564 1.65878 1.59028 1.9424 1.61824 1.60793 1.75685 1.34088 2.14642 2.01327 1.17023 1.59028 
1.81431 1.89121 1.26433 2.35833 1.80373 1.78767 1.89121 1.68353 1.49968 2.00373 1.70496 1.3943 1.56377 2.25558 1.72558 1.26433 1.70496 1.42428 1.70738 1.26433 1.81431 1.55028 1.78767 1.47291 2.21552 1.49251 2.03176 1.55028 1.66378 2.25788 2.33085 1.87052 2.25558 2.35619 1.85352 0 1.92911 1.70738 1.49968 1.56377 2.22484 1.78543 1.65642 1.72558 1.26433 1.42428 1.64253 1.8223 1.61781 1.49251 1.72921 1.64253 2.01634 1.40533 1.55281 1.89474 1.49251 1.5078 1.72921 1.26433 1.98714 2.14695 1.88096 1.77235 2.12987 1.76863 2.09535 2.16468 2.47811 2.50146 1.98714 2.6765 1.84444 2.17866 1.53468 2.28149 2.14735 2.03705 1.76547 2.02287 1.76863 1.96583 2.04814 1.55281 1.53575 1.73854 1.83666 1.78543 2.29242 2.32501 2.295 2.20792 2.35395 1.8969 2.34497 1.8969 2.6164 2.4732 1.87495 2.13412 
1.367 1.4067 1.92911 1.87382 1.4416 1.20244 1.65249 1.66352 1.55486 1.63448 1.30693 1.65249 1.12179 1.78361 1.2693 1.49287 1.2693 1.29159 1.96556 1.22395 1.05872 1.51461 1.09569 1.34022 1.62488 1.28748 1.61221 1.49998 1.86324 1.81554 1.65741 2.01658 1.78361 2.10077 1.26288 1.92911 0 1.96556 1.3538 1.34757 1.93778 1.2693 1.28748 1.2693 0.718169 1.01464 1.13404 1.27518 1.04383 1.4725 1.35514 1.13404 1.40509 1.22395 1.63994 1.72741 1.49287 1.04383 0.718169 1.05872 1.65466 1.84138 1.57539 1.25974 1.79782 1.223 1.71196 1.83263 1.9655 1.88009 1.65466 2.33274 1.5606 1.84661 1.01464 1.94123 1.8153 1.32331 1.46379 1.55115 1.01464 1.63378 1.50103 1.46973 1.2037 1.25974 1.50461 1.45338 1.61899 1.31397 1.94642 1.82453 1.99162 1.26312 1.8056 1.01464 2.1383 1.78348 1.5429 1.82553 
1.87648 1.745 1.67557 2.21212 1.82416 1.85925 1.745 1.9618 1.74972 2.03635 1.82281 1.24809 1.59195 2.31775 1.8346 1.67557 1.82281 1.48646 1.24809 1.62582 1.87648 1.40407 1.85925 1.53508 2.2871 1.61437 2.11062 1.40407 2.07502 2.33142 2.47517 2.28176 2.31775 2.61665 1.9251 1.70738 1.96556 0 1.74972 1.59195 1.82474 1.84171 1.61437 1.8346 1.24809 1.48646 1.71411 1.745 1.66971 1.77078 2.08597 1.71411 2.04816 1.62582 1.89211 1.61437 1.89211 1.57772 1.76566 1.67557 1.99904 2.29512 2.02913 1.84196 2.31495 1.9537 2.45212 2.34975 2.15961 2.04816 1.99904 2.2197 2.06484 2.36374 1.59685 2.26811 2.26716 2.22212 2.046 2.08504 1.9537 2.1509 2.23321 1.70873 1.72082 1.84196 2.02173 1.9705 2.34502 1.94781 1.84171 2.56469 2.44197 1.85143 2.4871 1.85143 2.15961 2.5258 1.84171 1.72082 
2.40587 2.92126 2.58998 1.91653 1.28397 2.0702 1.93356 1.4682 0.947978 1.4431 1.83466 2.45218 1.64962 1.77927 1.21237 2.30374 1.91529 1.54312 3.16968 1.59948 2.27175 2.3209 2.38277 2.25566 1.56795 2.24893 1.25979 2.14886 2.55089 3.12286 1.73088 1.95965 3.0556 1.95089 1.20596 1.49968 1.3538 1.74972 0 1.87072 3.04363 2.20303 2.34523 2.0191 1.54134 1.28708 2.03778 2.14561 1.9172 2.32379 2.48352 1.96632 2.63273 1.92996 2.39559 2.67525 2.39262 1.49976 2.11472 2.09903 2.31198 2.90436 2.5152 2.83982 1.48058 2.21351 1.91161 2.86006 3.35118 3.33648 1.24388 2.0851 2.32449 3.05641 1.69986 1.90182 1.59945 1.48914 2.28794 2.80835 2.22452 2.57388 2.68058 2.46522 2.03183 2.05947 1.28876 2.26581 1.77542 3.06923 1.7471 1.99037 1.80605 3.00466 1.79558 2.6447 3.65972 3.17237 2.35215 2.81627 
2.28471 3.54357 3.27811 1.6186 0.656091 2.80121 1.5939 1.56392 1.08747 1.4226 2.69281 2.9822 2.22539 1.66324 1.01741 2.9415 1.79327 1.87458 2.7655 3.05784 3.18592 2.78548 2.28052 1.96925 1.42112 3.10725 1.11972 1.75842 2.24378 3.06138 1.55078 1.57955 2.91596 1.85664 1.36659 1.56377 1.34757 1.59195 1.87072 0 4.21757 3.13638 3.48648 2.6633 2.3626 1.79326 2.94175 3.06757 2.85974 3.40786 3.27297 2.86795 3.71275 2.98332 2.78847 3.67758 3.07162 1.90366 2.88783 2.99371 3.38225 2.56189 3.5531 2.72825 1.40701 3.00139 1.5819 2.51759 3.22886 3.0002 1.21923 2.02399 2.09669 2.68013 2.6426 1.96279 1.47104 1.48291 2.18155 2.53905 3.13316 4.20154 2.30845 3.08288 2.83496 2.89786 1.21519 3.25632 1.45751 4.37066 1.60841 1.75606 1.59491 4.32419 1.4673 3.94734 3.47029 2.95884 3.43851 3.97328 
3.16673 5.4225 4.804 2.62364 1.72306 3.34638 2.50262 1.4598 1.97174 1.89205 3.42075 4.60218 3.60372 2.55615 1.47005 4.02975 2.41646 3.59669 3.29891 4.13018 4.33383 4.55065 2.89154 3.06831 1.76701 2.78922 1.75232 3.08997 3.2887 3.93867 2.26342 2.1087 3.96621 2.6253 1.73061 2.22484 1.93778 1.82474 3.04363 4.21757 0 3.02128 3.00582 3.16282 3.11724 2.96407 3.38998 3.6999 3.828 3.20051 3.86383 3.11311 3.97708 3.03667 4.12361 3.06127 3.8852 3.01897 3.82283 3.68029 2.93782 3.03468 3.76665 2.40822 1.91018 3.58965 2.03778 2.99038 2.74171 3.12758 1.17964 1.83627 2.30986 3.22639 3.13629 2.09901 1.67726 2.07313 2.83868 3.41715 3.93483 4.10392 2.95141 3.49329 2.88391 3.27472 1.63829 3.40399 1.82412 4.45477 1.32081 2.18125 1.62536 4.17253 2.15435 4.10465 3.31369 3.34291 2.89973 3.213 
1.90345 3.93717 4.05326 1.78018 1.17799 6.06948 1.79722 0.929614 1.47058 1.5487 5.5845 6.25432 4.66124 2.0386 0.794983 6.33252 1.50348 6.30906 3.01522 3.2611 5.82952 4.84396 1.78934 2.22672 0.570914 6.85182 1.07725 2.30699 2.50125 2.95686 1.81515 1.23993 3.05766 2.04773 0.895918 1.78543 1.2693 1.84171 2.20303 3.13638 3.02128 0 3.71571 4.43792 5.29436 5.50235 1.47959 5.91654 2.64801 5.92977 7.66971 5.01354 8.39419 5.84613 4.66872 7.8242 4.84793 5.49246 6.6226 7.22968 6.63232 2.24726 2.41021 2.13317 1.23512 7.14813 1.76512 2.20297 2.71774 2.56027 0.839462 1.66666 1.85269 2.32192 6.06105 1.60139 0.796391 1.23722 2.00459 2.49134 2.62265 3.29183 1.87252 6.89782 5.03267 6.39525 1.06244 2.14943 1.28321 4.48759 0.944047 1.67328 1.17642 4.70564 1.36403 2.98723 3.00659 2.63443 7.69568 5.48625 
2.43266 4.57281 3.97766 2.16884 1.40307 3.98048 2.0219 0.78499 1.51633 1.59595 3.85349 5.36045 4.44291 2.08436 0.965145 4.65239 1.54706 4.33987 2.75556 3.30559 5.10845 5.10518 1.91052 2.38383 0.963132 3.69236 1.34604 2.39382 2.62691 3.00003 1.97759 1.42784 3.2718 2.05827 1.02367 1.65642 1.28748 1.61437 2.34523 3.48648 3.00582 3.71571 0 3.92948 3.15347 3.71996 2.43763 4.27555 3.39243 3.59429 4.50465 3.66996 4.76517 4.13448 4.94208 4.31621 4.32935 3.73795 4.08364 3.76017 4.61546 2.70238 3.10732 2.43684 1.47646 4.53187 1.86569 2.69406 2.77033 2.63454 1.23501 1.54447 2.2845 2.75749 4.18433 1.32153 1.0714 1.38363 2.40118 2.76921 3.07649 3.45976 2.16098 4.18755 3.12626 4.12624 1.18324 2.91337 1.56587 5.35591 1.09525 1.65331 1.50605 4.93305 1.60765 3.1372 3.10615 3.15034 4.21368 4.59203 
2.01449 3.8893 3.60107 1.78018 1.17799 3.83873 1.79722 0.929614 1.29612 1.44974 3.85893 5.90089 4.02078 1.86414 0.728661 4.64889 1.4084 3.64377 2.85646 3.13368 5.81964 4.22065 1.72636 2.18257 0.963132 4.25254 1.07725 2.12306 2.4571 2.7981 1.859 1.23993 2.8989 1.91603 0.895918 1.72558 1.2693 1.8346 2.0191 2.6633 3.16282 4.43792 3.92948 0 3.62733 3.04204 2.11166 4.78155 2.73754 4.97027 5.25313 3.7246 5.67639 4.76762 3.88565 5.06903 4.80155 2.93478 4.2881 4.44541 5.19338 2.34999 2.71244 2.32783 1.27897 4.69195 1.84748 2.30569 2.73917 2.7775 0.944365 1.70378 1.8655 2.58124 4.05841 1.59975 1.0714 1.37309 1.99611 2.33258 2.59696 3.35618 2.05734 4.3835 3.65256 4.32111 1.1063 2.41567 1.32672 5.09527 1.09525 1.75564 1.27392 4.86552 1.36403 3.15884 3.02802 2.85951 4.87306 5.77526 
1.92189 3.10584 2.78677 1.65326 1.1061 5.49181 1.43192 1.10246 0.947978 0.995348 4.17833 4.43685 3.8848 1.49134 0.810774 5.58797 1.22578 12.9401 2.37041 2.68352 4.70317 3.02443 1.33076 1.92824 1.18565 6.99037 0.894046 1.39622 2.20278 2.13778 1.36514 1.43428 2.31829 1.39049 0.823654 1.26433 0.718169 1.24809 1.54134 2.3626 3.11724 5.29436 3.15347 3.62733 0 23.1892 1.84464 4.97015 2.21019 5.4725 8.93086 3.52527 6.90627 4.82619 3.68503 10.3821 4.4071 10.3956 8.19204 8.33553 5.74845 2.27323 2.85971 1.91179 1.3003 7.52193 1.51206 2.22893 2.54162 2.70755 1.0322 1.89577 1.76336 2.38748 8.92947 1.36668 1.23371 1.1234 1.53894 2.03264 2.37445 3.53797 1.94022 7.44766 23.5204 13.4623 1.00709 2.18608 1.32672 4.48804 1.38136 1.62462 1.40932 4.26366 1.49125 2.44381 2.85017 2.36285 7.60436 5.00944 
1.8035 3.3098 3.07531 1.57022 0.656091 5.99621 1.58726 1.10246 0.947978 1.11886 3.82018 5.09217 3.1258 1.516 0.794983 5.2554 1.12669 13.0312 2.5682 2.31048 4.31317 3.40702 1.50344 1.38341 1.11711 6.2994 0.668687 1.4083 1.84542 2.41039 1.36514 1.5939 2.52971 1.58515 0.840213 1.42428 1.01464 1.48646 1.28708 1.79326 2.96407 5.50235 3.71996 3.04204 23.1892 0 1.79479 4.69809 2.03327 5.63609 8.56312 3.60278 6.66041 5.05749 3.61024 10.3694 3.94059 9.85008 8.35403 8.26466 5.17721 1.81814 2.21536 1.82677 0.844951 7.10679 1.50583 1.77384 2.48511 2.27889 0.919636 1.72025 1.66223 1.95882 8.47956 1.53608 1.12345 1.1234 1.4378 1.98066 1.87225 2.6666 1.56056 6.85853 20.7817 12.4535 0.65313 1.75567 1.29285 4.56483 1.2711 1.39788 1.32631 4.28341 1.1677 2.7522 2.80958 2.34467 6.92554 4.82463 
2.03317 4.10496 3.95831 1.95503 1.14144 1.73438 1.86845 1.00412 1.36289 1.44251 2.22484 3.79564 2.30201 1.93091 0.796029 3.13875 1.30183 2.36001 2.90937 3.33632 3.05854 3.47914 1.4376 2.35889 0.856601 2.05228 1.17692 2.06774 2.55788 2.85296 1.76519 1.34289 3.0008 1.90483 0.829059 1.64253 1.13404 1.71411 2.03778 2.94175 3.38998 1.47959 2.43763 2.11166 1.84464 1.79479 0 2.30245 2.8658 2.72188 3.26661 2.00007 3.2601 2.53061 3.48053 3.15432 3.00883 1.93689 2.29014 2.55569 2.90831 2.49679 2.87772 2.34032 1.21483 2.65485 1.77431 2.45249 2.84221 2.78714 1.0345 1.75647 2.03242 2.52377 2.29192 1.46642 0.870894 1.09639 2.09724 2.49259 2.76101 3.51633 1.99987 2.78491 1.7539 2.30906 0.921614 2.38422 1.36536 3.60796 1.01855 1.59761 1.30554 3.54685 1.43767 3.34317 3.15076 2.91502 2.60022 3.21992 
2.38988 3.57567 3.75447 1.56607 1.23788 5.64553 1.43192 1.38901 1.35114 1.43076 6.32344 5.96667 5.29561 1.91916 0.924742 7.11003 1.50189 5.58918 2.9556 3.36553 6.09956 4.4621 1.9472 2.4958 1.33582 6.33206 1.30135 2.17557 2.69893 2.89861 1.77245 1.67202 3.12566 1.89705 1.13366 1.8223 1.27518 1.745 2.14561 3.06757 3.6999 5.91654 4.27555 4.78155 4.97015 4.69809 2.30245 0 2.97376 6.92259 6.7072 5.47854 6.99683 6.63594 4.73879 6.60782 5.40685 5.03549 5.10628 6.23093 7.12276 2.54243 2.94135 2.36683 1.41974 5.48988 1.63031 2.49814 2.73441 2.93491 1.14634 2.12682 2.1738 2.61483 5.13457 1.82263 1.26765 1.40995 2.16221 2.63397 2.56234 3.64896 1.90082 6.12854 5.16946 5.7828 1.12653 2.46253 1.56438 4.64968 1.4153 1.75673 1.4833 5.19503 1.31281 2.7854 2.80041 2.97133 6.39892 5.77413 
1.97204 3.80033 3.92643 1.56263 0.733851 2.50574 1.57967 1.37018 1.1415 1.22887 2.53794 3.48423 2.32444 1.71727 0.806421 3.20597 1.56698 2.27737 2.92198 3.40921 2.848 3.40187 1.72009 2.22164 1.21013 3.02978 0.925984 1.91491 2.49617 2.77933 1.51328 1.51579 2.65746 1.66291 1.17285 1.61781 1.04383 1.66971 1.9172 2.85974 3.828 2.64801 3.39243 2.73754 2.21019 2.03327 2.8658 2.97376 0 3.22507 2.89742 2.43389 3.26587 2.77867 3.53664 3.2916 3.13645 1.69858 2.52075 2.5366 2.82963 2.26161 3.35929 2.11241 1.23241 2.59805 1.50623 2.21731 2.61302 2.71415 0.934236 1.83026 1.701 2.42162 1.72516 1.76906 1.27731 1.17917 1.56554 2.28054 2.46328 3.92253 2.01915 2.97711 2.36116 2.19371 1.04059 2.80516 1.42002 3.67142 1.39742 1.6708 1.38392 3.64725 1.1823 3.27039 2.78939 2.52818 2.92575 3.51308 
2.5013 4.28088 3.88808 2.18701 1.46692 6.42451 1.92703 0.48152 1.58953 1.68657 6.43118 6.11006 5.76761 2.15755 1.09287 6.52772 1.91181 5.97656 2.74838 3.17192 6.53974 4.73263 2.05115 2.14108 1.16868 5.17381 1.37514 2.24995 2.41446 3.10288 1.89614 1.23993 3.27539 2.08737 1.22921 1.49251 1.4725 1.77078 2.32379 3.40786 3.20051 5.92977 3.59429 4.97027 5.4725 5.63609 2.72188 6.92259 3.22507 0 6.53582 5.9183 6.9576 6.32435 4.38743 5.6621 4.54844 5.33874 6.03473 5.96676 7.18001 2.56337 3.23738 2.54472 1.50556 6.56476 1.6043 2.58414 2.87821 2.74242 1.26411 1.57472 2.45458 2.86538 6.44216 1.48587 1.10051 1.29887 2.37616 2.98943 2.87172 3.74308 2.29985 6.23422 4.7702 6.34359 1.21235 3.06551 1.60107 4.82448 1.24816 1.39192 1.53515 4.45147 1.6278 2.99515 3.12484 2.85946 6.63621 5.4899 
