0 1796 1510 1520 1522 936 2100 1580 1970 2042 1576 2066 1652 1738 1438 1650 1440 1870 2402 1412 656 2230 1036 1842 1334 1490 1138 1894 2068 1760 1522 1952 1494 2124 1506 1398 1364 1456 1278 1784 2224 1150 1356 1180 1420 1456 1086 1738 1652 1612 1608 1104 918 1808 1720 1634 1678 1620 1088 1122 1640 2248 1942 1652 1468 1514 2250 2160 2396 1038 1838 2368 1850 1876 1570 2072 1604 1412 1684 1882 1550 1810 1904 1830 1280 1800 1470 1400 1046 1736 1822 2054 1806 1398 2294 1116 1952 1344 1270 1800 
1796 0 1944 1254 1042 2842 706 2070 1490 1806 2724 2168 2532 3284 1494 3522 3011 2780 1974 2503 2280 1994 1986 1362 1390 3256 2229 2487 2868 2061 1802 2008 2967 1888 1905 2112 984 1220 2364 2097 3636 2492 3455 2552 2368 1952 3136 1388 2532 3320 2668 3008 2804 3072 3634 3684 3550 2468 1416 2964 3084 2296 2370 3288 1928 2328 1976 2847 3468 2283 2001 2796 2367 2744 1617 2432 3304 1548 3276 2769 1170 3312 1554 2166 2656 2992 990 2896 2295 2524 2433 2038 1862 2036 1908 1472 3976 2742 2732 3200 
1510 1944 0 1737 1000 861 590 1494 1382 1710 1317 834 1431 2064 1052 606 1575 1923 1698 1575 2097 1898 1011 1320 972 1188 660 2343 1233 1593 1760 954 2763 1792 1761 168 1526 1124 1374 1629 2289 1182 987 1227 1632 1401 705 1824 1431 1227 1521 609 2490 1836 711 1404 648 1383 1875 1398 1917 1550 2307 1935 1419 1224 1656 2193 2892 2670 1974 2574 1899 2016 1572 1428 1359 2043 2019 2301 1022 1668 1206 1623 873 1806 948 1053 2391 2676 1800 1356 1444 2340 1596 1917 1881 3129 1362 1767 
1520 1254 1737 0 896 876 1358 816 698 1184 1248 1986 1449 1053 658 2082 990 897 2494 564 1989 1372 1026 1216 554 1122 1179 1554 2649 1611 1656 1172 1752 1266 972 1569 1202 598 363 1647 2358 555 1323 600 843 1245 1101 1563 1449 1515 2382 1128 1956 1158 2157 1923 2094 1401 1620 1290 1290 1770 1743 1308 1263 1554 1660 2133 2424 2136 1602 2613 1221 1875 1416 1652 1689 2106 1743 2238 1242 1638 1426 1716 1203 1530 844 1023 1764 2415 1740 1576 1026 2085 1608 1662 2400 2595 735 1773 
1522 1042 1000 896 0 586 1240 956 580 956 452 1206 356 1114 626 1160 624 480 1316 520 1098 1144 686 452 966 910 576 808 1002 464 892 1584 1448 1038 420 888 974 370 654 488 916 782 846 812 334 66 658 348 356 750 1110 594 838 626 1142 956 1136 324 852 632 656 1386 670 758 78 652 1250 1012 1426 958 448 978 668 486 180 1582 742 1068 752 936 858 746 1042 534 418 610 80 538 966 916 736 1192 1162 1162 998 880 1102 1264 902 714 
936 2842 861 876 586 0 1164 966 1034 1284 2614 3291 3580 1604 502 3102 1162 4203 2470 952 3444 1472 150 906 398 2571 303 1704 2094 1236 1346 1016 1902 1366 1122 693 992 698 2058 1272 3864 963 1050 732 3451 2600 375 2807 1432 2366 6638 840 5454 4531 2124 3490 3102 3420 4172 4170 2464 1312 1509 3063 2660 2601 1504 1836 2190 1902 1353 2148 1371 3290 951 1190 1336 1560 2012 1944 784 1748 968 1341 1720 4473 534 1160 1530 3413 1443 1118 870 2813 1358 1488 2540 2361 1336 3290 
2100 706 590 1358 1240 1164 0 1586 860 1590 1468 34 1464 1748 1362 994 1360 760 610 1154 1732 1778 1264 1560 1562 1382 1030 1442 1412 1572 2000 1544 1728 1672 1054 702 1608 1004 1288 1596 2024 1378 1248 1408 968 1174 1060 1400 1464 1408 1604 996 1946 1550 1064 1526 1022 1432 1414 1266 1764 2140 1778 1710 1186 1406 2202 1964 2378 2066 1556 2086 1592 1594 1288 2018 1496 1738 1704 1898 1612 1702 1796 1642 1172 1562 1188 1292 2074 1968 1790 1946 2034 1724 2106 1442 1844 2372 1498 1768 
1580 2070 1494 816 956 966 1586 0 1088 1244 1338 2328 1539 1143 718 1320 1080 1713 2538 654 2079 1432 1116 1276 614 306 936 1644 1863 1701 1716 1232 1842 1326 1062 1326 1262 658 453 1737 1686 645 507 690 933 1335 981 1653 1539 699 2151 885 2046 1248 1341 1371 1278 1491 1710 1380 1380 1734 1833 1398 1353 1500 1720 2223 2514 2226 1692 2541 1311 1965 1506 1108 1635 2196 1833 2328 1206 1728 1390 1806 1149 1620 904 1113 1854 2505 1767 1540 1086 1968 1668 1752 2043 2685 825 1734 
1970 1490 1382 698 580 1034 860 1088 0 1404 900 826 804 1246 1074 1092 1072 100 1402 920 1546 1592 1134 900 1098 1292 1024 1256 1450 912 1340 1642 1068 1486 868 1336 1422 818 786 936 1364 914 1294 944 782 514 1106 796 804 1198 1558 1042 1286 1074 1022 1404 1064 772 1300 1080 1104 1834 1118 1206 526 1100 1698 1460 1874 1406 896 1426 1116 934 628 2030 1190 1516 1200 1384 1306 1194 1490 982 866 1058 528 986 1414 1364 1184 1640 1570 1610 1446 1328 1550 1712 1034 1162 
2042 1806 1710 1184 956 1284 1590 1244 1404 0 1186 1556 1116 1402 1016 1448 1014 1304 1604 808 1386 1432 1278 1276 1254 1198 1338 1096 1826 1224 1716 1872 1868 1326 708 1598 1262 658 942 1248 1740 1070 1332 1100 622 890 1240 1112 1116 1488 1766 1304 1648 782 1518 1510 1476 1084 1140 920 1294 2210 1494 1364 902 1476 1856 1618 2032 1768 1272 1802 824 1310 1004 1870 1566 1464 1358 1552 1602 1570 1866 1294 1242 1216 904 1362 1776 1680 1560 2016 1726 1450 1758 1168 1926 2074 1190 1538 
1576 2724 1317 1248 452 2614 1468 1338 900 1186 0 3649 1816 2247 174 3420 344 3200 2524 1461 3234 1374 1110 772 646 3375 657 1557 1983 843 1212 1264 2274 1268 975 1149 1204 600 3133 879 3708 2828 1810 1974 2346 1544 1340 2338 1036 3520 4832 2254 4632 3152 2420 4374 3504 1944 4372 2448 3380 1616 1485 4051 1592 3663 1570 1998 2472 1917 1152 1947 1245 2821 750 1494 1944 2082 2144 1647 1088 2132 1272 1044 2727 3781 400 1920 1902 3090 1584 1422 1118 3588 1160 2220 3300 2376 3308 3619 
2066 2168 834 1986 1206 3291 34 2328 826 1556 3649 0 3575 3428 1328 2779 2652 1815 864 2240 4245 1744 1845 1526 1528 3532 1494 2112 2067 2307 1966 1510 2541 1638 1530 1002 1574 970 3135 2343 4975 3398 3465 3473 2335 2850 3091 3555 2860 3648 4177 3059 4780 3790 2060 3768 2821 3495 3624 3080 4325 2106 2616 4190 2880 3784 2168 2895 3516 3048 2283 3078 2337 3900 1881 1984 3101 2658 3340 2796 1578 3412 1762 2412 3199 3820 1154 3499 3060 4975 2634 1912 2000 4628 2072 2954 4693 3507 3698 4373 
1652 2532 1431 1449 356 3580 1464 1539 804 1116 1816 3575 0 1920 628 3231 1252 3168 2543 1460 3312 1368 1224 676 780 4223 873 1548 1839 162 1116 1398 2139 1078 966 1263 948 594 3830 198 3420 3016 2000 1698 2790 1450 1530 2002 128 3409 3770 2740 4779 1670 1927 5310 3231 160 3966 4280 2995 1610 1341 3956 1510 3942 1396 1854 2475 1773 1008 1803 564 2485 606 1570 1932 1494 1952 966 1082 1940 1266 363 3210 4350 304 1905 1785 2850 1440 1416 1252 2874 706 1400 3315 2232 3031 3283 
1738 3284 2064 1053 1114 1604 1748 1143 1246 1402 2247 3428 1920 0 876 3212 1903 2600 2907 1188 2728 1590 1353 1434 772 1932 1506 1881 2976 1602 1874 1390 699 1484 1299 1896 1420 816 920 1638 3580 1176 2200 1236 1560 2096 1904 2520 2048 2456 3428 1940 3044 1980 3312 3000 3228 1984 2596 2156 2156 1988 2070 2180 2120 2508 1878 2460 2751 2463 1929 2940 1548 2936 1743 1870 2688 2433 2760 2406 1460 2620 1644 1803 2040 2476 1062 1800 2091 3656 2067 1794 1244 3216 1666 2652 3636 2922 1416 2800 
1438 1494 1052 658 626 502 1362 718 1074 1016 174 1328 628 876 0 1220 2 974 1376 550 1158 1204 602 946 472 646 612 868 1496 736 1386 1090 1342 1098 480 940 1034 430 416 760 1410 288 780 258 394 560 652 842 692 936 1382 646 1222 946 1290 1176 1248 660 912 692 778 1688 1080 730 572 954 1518 1280 1474 1342 942 1472 988 980 674 1550 1044 1236 1020 1272 1160 1010 1344 870 720 878 574 600 1094 1410 1078 1494 944 1222 1334 940 1494 1648 408 1100 
1650 3522 606 2082 1160 3102 994 1320 1092 1448 3420 2779 3231 3212 1220 0 2436 3234 2304 2024 2982 1636 1617 1320 1306 2112 1266 1950 627 1542 1860 550 2748 1530 1368 774 1466 862 3438 1578 4872 3366 2095 3276 2478 3282 2297 3948 1997 1242 1830 2598 3768 2700 140 3444 84 3135 3708 1584 4304 1714 2547 3978 3318 2940 1252 2370 2991 2064 2010 2892 1413 4524 1812 1478 2140 2289 2180 2250 1186 2552 1370 1017 2238 3534 1108 2165 2076 4710 2109 1314 1774 3150 1562 2528 3990 2523 3714 4152 
1440 3011 1575 990 624 1162 1360 1080 1072 1014 344 2652 1252 1903 2 2436 0 1944 2325 1117 2312 1202 906 944 474 1456 915 1299 2241 1101 1384 1092 2016 1096 717 1407 1032 428 983 1137 2816 855 1621 825 784 1116 1335 1680 1380 1983 2760 1288 2501 1902 2576 2348 2492 1316 1820 1380 1744 1690 1623 1665 1140 1961 1520 1923 2214 2016 1410 2205 1485 1956 1008 1552 2141 1851 2097 1905 1162 2137 1346 1302 1493 1813 572 1373 1644 2816 1620 1496 946 2440 1332 1876 2984 2475 1095 2256 
1870 2780 1923 897 480 4203 760 1713 100 1304 3200 1815 3168 2600 974 3234 1944 0 1953 1736 4338 1492 1551 800 1152 5661 1386 1734 2025 1218 1240 1542 1452 1386 1152 1854 1322 718 3849 1254 3792 4362 2985 2826 3069 1863 2515 2436 1408 3843 6561 4239 5337 4383 1844 5868 3152 3024 5400 4410 3968 1734 1527 4568 1917 4500 1598 2040 2661 1959 1194 1989 1524 2919 792 1930 2180 2124 2200 1926 1206 2188 1390 1323 3447 4599 428 2215 1971 3160 1626 1540 1510 3992 1346 2456 3625 2418 4356 3717 
2402 1974 1698 2494 1316 2470 610 2538 1402 1604 2524 864 2543 2907 1376 2304 2325 1953 0 2016 2883 1792 2514 1636 1614 2390 2277 2448 2931 2705 2076 2086 3363 1686 1866 1866 1622 946 2217 2741 2316 2363 2295 2408 1737 2108 2322 2471 2543 2532 3060 2226 3047 2405 2409 1431 2346 2495 2512 2184 2863 2570 3014 2777 2126 2783 2216 3231 3114 2937 2681 2601 2468 2679 2279 2230 2918 2998 2841 3132 1962 3025 2226 2810 2432 2628 1264 2612 3239 2775 1827 2376 2086 2754 2182 2554 2103 3686 2494 1794 
1412 2503 1575 564 520 952 1154 654 920 808 1461 2240 1460 1188 550 2024 1117 1736 2016 0 1900 996 864 840 446 1280 1017 990 2085 1257 1280 1064 1590 890 408 1407 826 222 268 1293 2608 524 1548 584 372 908 1252 1352 1460 1804 2660 1288 2392 792 2164 2248 2080 1396 1408 968 1504 1662 1581 1528 932 1856 1420 1773 2262 1974 1254 2049 657 1748 852 1434 2036 1542 1844 1674 1134 1968 1318 1362 1388 1560 468 1148 1602 2488 1578 1468 918 2028 1372 1464 2980 2433 764 2148 
656 2280 2097 1989 1098 3444 1732 2079 1546 1386 3234 4245 3312 2728 1158 2982 2312 4338 2883 1900 0 1574 1572 1418 1380 4020 1749 1857 2118 1818 866 1544 1257 1468 1275 2139 708 800 3252 1854 5513 3596 3460 3686 2292 3096 2990 3762 2080 3864 2856 3396 786 4038 2128 4296 3066 3216 1296 1398 4385 1924 2454 3484 3066 3435 1594 2358 2811 573 1998 2883 2082 3870 1704 1416 2560 1134 2056 1839 894 2972 1490 1923 2868 3510 1046 2690 585 3071 1749 1656 1612 2215 1746 920 4585 1032 3356 3657 
2230 1994 1898 1372 1144 1472 1778 1432 1592 1432 1374 1744 1368 1590 1204 1636 1202 1492 1792 996 1574 0 1466 1464 1442 1386 1526 336 2014 1476 1904 2060 2056 1514 896 1786 1450 846 1130 1500 1928 1258 1520 1288 810 1078 1428 1300 1368 1676 1954 1492 1836 1392 1706 1968 1664 1336 1328 1108 1668 2398 1682 1552 1090 1664 2044 1806 2220 1956 1460 1990 1434 1498 1192 2058 1754 1652 1546 1740 1790 1758 2054 1546 1430 1404 1092 1550 1964 1868 1748 2204 1914 1638 2010 1356 2114 2262 1378 1726 
1036 1986 1011 1026 686 150 1264 1116 1134 1278 1110 1845 1224 1353 602 1617 906 1551 2514 864 1572 1466 0 1006 498 981 453 1695 2244 1386 1446 1116 2052 1360 1113 843 892 692 663 1422 2082 471 780 516 984 930 375 1353 1224 1164 1863 402 1872 1458 1722 1197 1659 1176 924 1401 1206 1412 1659 1224 948 1017 1604 1986 2340 2052 1503 2298 1521 1560 1101 1290 1152 1410 1659 2094 884 1461 1068 1491 666 1446 634 846 1680 1896 1593 1218 970 1389 1458 966 1674 2511 651 1560 
1842 1362 1320 1216 452 906 1560 1276 900 1276 772 1526 676 1434 946 1320 944 800 1636 840 1418 1464 1006 0 1286 1230 896 1128 902 784 1212 1870 1768 1358 740 1208 1294 690 974 808 1236 1102 1166 1132 654 386 978 668 676 1070 1430 914 1158 946 1334 1276 1292 644 1172 952 976 1706 990 1078 398 972 1570 1332 1746 1278 768 1298 988 806 500 1902 1062 1388 1072 1256 1178 1066 1362 854 738 930 400 858 1286 1236 1056 1512 1482 1482 1318 1200 1422 1584 1222 1034 
1334 1390 972 554 966 398 1562 614 1098 1254 646 1528 780 772 472 1306 474 1152 1614 446 1380 1442 498 1286 0 602 600 1106 1668 888 1726 986 1238 1336 718 860 1272 668 312 912 1386 184 736 214 632 900 548 856 780 892 1402 566 1118 842 1320 1096 1278 748 1114 930 674 1584 976 686 912 850 1474 1236 1430 1238 882 1676 884 1142 1014 1506 940 1396 976 1360 1056 906 1240 958 616 834 914 496 990 1424 974 1390 840 1424 1422 1142 1414 1544 304 996 
1490 3256 1188 1122 910 2571 1382 306 1292 1198 3375 3532 4223 1932 646 2112 1456 5661 2390 1280 4020 1386 981 1230 602 0 630 1575 1599 1563 1670 1220 2148 1280 993 1020 1216 612 2337 1599 2760 2097 335 1164 2592 3798 1125 3731 1868 1015 6090 2149 6584 4850 1436 3509 2028 4079 4923 3933 3178 1530 1815 3669 3852 3642 1648 2115 2406 2208 1674 2235 1617 4424 1437 904 1772 2013 2300 2259 1002 2184 1186 1668 2589 4698 858 1705 1836 4015 1461 1336 1074 2840 1576 2244 2895 2667 2260 3332 
1138 2229 660 1179 576 303 1030 936 1024 1338 657 1494 873 1506 612 1266 915 1386 2277 1017 1749 1526 453 896 600 630 0 1785 1893 1035 1336 1218 2205 1420 1203 492 1154 752 816 1071 1731 624 429 669 1074 765 147 1188 873 813 1788 51 1923 1278 1371 846 1308 825 1317 1050 1359 1178 1671 1377 783 666 1472 1635 2334 2103 1338 2016 1341 1395 936 1056 801 1485 1461 1743 650 1110 834 1140 315 1248 524 495 1833 2040 1242 984 1072 1782 1224 1359 1323 2562 804 1209 
1894 2487 2343 1554 808 1704 1442 1644 1256 1096 1557 2112 1548 1881 868 1950 1299 1734 2448 990 1857 336 1695 1128 1106 1575 1785 0 2517 1710 1568 1724 2580 1178 840 2175 1114 510 1191 1746 2388 1383 1776 1428 711 1113 1638 1446 1548 2010 2427 1734 2250 1584 2055 2448 1992 1500 1488 1158 1998 2062 2019 1824 1131 1992 1708 2205 2826 2430 1686 2481 1647 1743 1284 1722 2127 1974 1815 2106 1454 2133 1718 1815 1641 1602 756 1821 2442 2298 2118 1868 1578 1953 1674 1530 2667 2889 1563 2085 
2068 2868 1233 2649 1002 2094 1412 1863 1450 1826 1983 2067 1839 2976 1496 627 2241 2025 2931 2085 2118 2014 2244 902 1668 1599 1893 2517 0 2001 1762 968 3375 1908 1935 1401 1844 1240 2286 2037 2679 2226 1800 2181 1806 1404 1938 1827 1839 1164 1458 1842 2493 1977 648 2265 585 1791 2397 1419 2289 2076 2310 2442 1422 2013 1614 2823 3444 2673 1977 2772 2040 2034 1575 1896 2148 2832 2262 2709 1548 2424 1732 1560 1662 2220 950 1842 2685 2679 2409 1676 2032 2433 1868 2439 2937 3132 2400 2376 
1760 2061 1593 1611 464 1236 1572 1701 912 1224 843 2307 162 1602 736 1542 1101 1218 2705 1257 1818 1476 1386 784 888 1563 1035 1710 2001 0 1224 1506 2301 970 1128 1425 1056 702 1248 360 1872 1056 1362 1011 999 597 1080 1020 258 1623 1293 984 1755 663 1437 1755 1500 210 1170 1209 1431 1718 1503 1635 615 1476 1504 2016 2637 1935 1170 1965 726 1227 768 1678 1611 1656 1626 1128 1190 1617 1374 525 1125 1413 412 1305 1947 1872 1602 1524 1360 1635 814 1212 2151 2394 1236 1569 
1522 1802 1760 1656 892 1346 2000 1716 1340 1716 1212 1966 1116 1874 1386 1860 1384 1240 2076 1280 866 1904 1446 1212 1726 1670 1336 1568 1762 1224 0 2344 1704 1798 1180 1648 1574 1130 1414 1248 1676 1542 1606 1572 1094 826 1418 1108 1116 1510 1818 1354 1128 1386 1902 1716 1888 1084 1298 1332 1416 2146 1430 1518 838 1412 2010 1772 2186 1248 1208 1738 1428 1246 940 2282 1502 1622 1512 1696 1618 1506 1802 1294 1178 1370 840 1298 1256 1676 1496 1952 1922 1608 1758 1326 1862 1554 1662 1474 
1952 2008 954 1172 1584 1016 1544 1232 1642 1872 1264 1510 1398 1390 1090 550 1092 1542 2086 1064 1544 2060 1116 1870 986 1220 1218 1724 968 1506 2344 0 1856 1954 1336 1066 1890 1286 930 1530 2004 802 1354 832 1250 1518 1166 1474 1398 964 1160 1184 1736 1450 620 1698 578 1366 1732 1078 1292 2202 1594 1304 1530 1468 1802 1854 2048 1856 1500 2294 1492 1760 1632 2028 1558 2014 1594 1978 1674 1524 1858 1228 1234 1452 1532 1114 1608 2042 1592 1864 1458 1810 2040 1760 2032 2162 922 1614 
1494 2967 2763 1752 1448 1902 1728 1842 1068 1868 2274 2541 2139 699 1342 2748 2016 1452 3363 1590 1257 2056 2052 1768 1238 2148 2205 2580 3375 2301 1704 1856 0 1950 1998 2595 1546 1282 1389 2337 3348 1581 2349 1626 1869 2073 2127 2496 2235 2541 2685 2154 1650 2184 2835 2949 2790 2187 1905 1956 2316 2454 2769 2334 2091 2580 2344 3159 3450 1830 2628 3441 2247 2703 2244 2254 2715 2391 2769 3096 1732 2664 2110 2502 2229 2556 1396 2049 1842 2877 2766 2260 1710 2370 2132 1947 3426 2289 1761 2799 
2124 1888 1792 1266 1038 1366 1672 1326 1486 1326 1268 1638 1078 1484 1098 1530 1096 1386 1686 890 1468 1514 1360 1358 1336 1280 1420 1178 1908 970 1798 1954 1950 0 790 1680 1344 740 1024 1210 1822 1152 1414 1182 704 972 1322 1194 1142 1570 1832 1386 1730 1286 1600 1862 1558 1110 1222 1002 1562 2292 1576 1446 984 1558 1938 1700 2114 1850 1354 1884 1328 1392 1086 1952 1648 1546 1440 1634 1684 1652 1948 1320 1324 1298 986 1444 1858 1762 1642 2098 1808 1532 1784 1250 2008 2156 1272 1620 
1506 1905 1761 972 420 1122 1054 1062 868 708 975 1530 966 1299 480 1368 717 1152 1866 408 1275 896 1113 740 718 993 1203 840 1935 1128 1180 1336 1998 790 0 1593 726 122 609 1164 1806 801 1194 846 129 531 1056 864 966 1428 1845 1152 1668 1002 1473 1866 1410 918 906 576 1416 1674 1437 1242 549 1410 1320 1623 2244 1848 1104 1899 1065 1161 702 1334 1545 1392 1233 1524 1066 1551 1330 1233 1059 1020 368 1239 1860 1716 1536 1480 1190 1371 1286 948 2085 2307 981 1503 
1398 2112 168 1569 888 693 702 1326 1336 1598 1149 1002 1263 1896 940 774 1407 1854 1866 1407 2139 1786 843 1208 860 1020 492 2175 1401 1425 1648 1066 2595 1680 1593 0 1414 1012 1206 1461 2121 1014 819 1059 1464 1233 537 1656 1263 1203 1689 441 2391 1668 879 1236 816 1215 1707 1440 1749 1438 2139 1767 1251 1056 1732 2025 2724 2571 1806 2406 1731 1848 1404 1316 1191 1875 1851 2133 910 1500 1094 1530 705 1638 836 885 2223 2508 1632 1244 1332 2172 1484 1749 1713 3030 1194 1599 
1364 984 1526 1202 974 992 1608 1262 1422 1262 1204 1574 948 1420 1034 1466 1032 1322 1622 826 708 1450 892 1294 1272 1216 1154 1114 1844 1056 1574 1890 1546 1344 726 1414 0 676 960 1080 1758 1088 1350 1118 640 908 1142 1130 884 1432 902 1120 970 1218 1526 1520 1484 916 276 938 1498 2146 1512 1382 920 944 1544 1636 2050 1090 1290 1820 1260 1328 1022 1888 1502 600 1376 1528 738 1588 1334 1126 1178 1234 922 1298 1098 924 1578 1606 1744 586 1590 304 1892 1396 1208 1556 
1456 1220 1124 598 370 698 1004 658 818 658 600 970 594 816 430 862 428 718 946 222 800 846 692 690 668 612 752 510 1240 702 1130 1286 1282 740 122 1012 676 0 356 726 1154 484 746 514 36 304 654 526 594 902 1180 718 1062 618 932 1194 890 562 554 334 894 1624 908 778 316 890 1270 1032 1446 1182 686 1216 660 724 418 1284 980 878 772 966 1016 984 1280 772 656 630 318 776 1190 1094 974 1430 1140 864 1236 582 1340 1488 604 952 
1278 2364 1374 363 654 2058 1288 453 786 942 3133 3135 3830 920 416 3438 983 3849 2217 268 3252 1130 663 974 312 2337 816 1191 2286 1248 1414 930 1389 1024 609 1206 960 356 0 1284 3990 576 1600 474 2335 3075 1230 2800 1448 2736 6907 2741 5347 2899 2392 5288 3472 3670 4520 3738 2163 1528 1380 2736 3135 3699 1418 1770 2061 1773 1239 2250 858 3528 1053 1410 1768 1743 1840 1875 1000 1700 1184 1353 3116 4094 602 1100 1401 3420 1377 1334 784 3103 1366 1732 3395 2232 992 3548 
1784 2097 1629 1647 488 1272 1596 1737 936 1248 879 2343 198 1638 760 1578 1137 1254 2741 1293 1854 1500 1422 808 912 1599 1071 1746 2037 360 1248 1530 2337 1210 1164 1461 1080 726 1284 0 1908 1092 1398 1047 1035 633 1116 1056 294 1659 1329 1020 1791 699 1473 1791 1536 246 1206 1482 1467 1742 1539 1671 651 1512 1528 2052 2673 1971 1206 2001 762 1263 804 1702 1647 1692 1662 1164 1214 1653 1398 561 1161 1449 436 1341 1983 1908 1638 1548 1384 1671 838 1248 2187 2430 1272 1605 
2224 3636 2289 2358 916 3864 2024 1686 1364 1740 3708 4975 3420 3580 1410 4872 2816 3792 2316 2608 5513 1928 2082 1236 1386 2760 1731 2388 2679 1872 1676 2004 3348 1822 1806 2121 1758 1154 3990 1908 0 3606 2635 3516 3354 2550 2960 3372 2280 3630 4248 3360 4727 3799 3276 1770 4788 3324 4908 4248 2232 1978 2181 2100 2562 4308 1488 1875 2166 2391 1428 2055 1821 3786 1446 1824 3052 2766 1980 2580 1642 3060 1826 1977 3606 2544 864 3305 2160 3715 1281 1976 1250 3810 1782 3328 2595 2715 3342 2496 
1150 2492 1182 555 782 963 1378 645 914 1070 2828 3398 3016 1176 288 3366 855 4362 2363 524 3596 1258 471 1102 184 2097 624 1383 2226 1056 1542 802 1581 1152 801 1014 1088 484 576 1092 3606 0 1380 90 2250 3240 910 2352 1192 2478 5645 1719 5231 3127 2272 4104 3282 2872 4239 3533 1715 1400 1188 2238 3294 3123 1290 1578 1869 1581 1047 2238 1050 3442 1245 1322 1512 1818 1584 1764 872 1444 1056 1161 2070 3089 730 780 1209 3100 1185 1206 656 3257 1238 1916 3075 2040 480 3100 
1356 3455 987 1323 846 1050 1248 507 1294 1332 1810 3465 2000 2200 780 2095 1621 2985 2295 1548 3460 1520 780 1166 736 335 429 1776 1800 1362 1606 1354 2349 1414 1194 819 1350 746 1600 1398 2635 1380 0 1305 1775 1950 790 2655 1600 1060 3480 630 3715 2675 1704 1440 2025 1920 2740 2295 2605 1396 2016 2485 1980 1655 1690 1962 2547 2370 1743 2034 1668 2975 1341 770 1504 1812 2384 2070 868 1916 1052 1467 1070 2625 794 1370 2037 3680 1260 1202 1208 3175 1442 2248 2560 2868 1680 2045 
1180 2552 1227 600 812 732 1408 690 944 1100 1974 3473 1698 1236 258 3276 825 2826 2408 584 3686 1288 516 1132 214 1164 669 1428 2181 1011 1572 832 1626 1182 846 1059 1118 514 474 1047 3516 90 1305 0 1434 2238 985 2106 1132 2034 3564 1236 3080 2064 2212 2826 3192 1602 2880 2328 1560 1430 1233 1416 2274 2088 1260 1533 1824 1626 1092 2283 1095 2964 1290 1292 1572 1863 1524 1719 902 1504 1086 1116 1386 1860 760 855 1254 3175 1230 1236 686 3302 1208 1976 3150 2085 450 2655 
1420 2368 1632 843 334 3451 968 933 782 622 2346 2335 2790 1560 394 2478 784 3069 1737 372 2292 810 984 654 632 2592 1074 711 1806 999 1094 1250 1869 704 129 1464 640 36 2335 1035 3354 2250 1775 1434 0 3216 1545 1715 1116 3031 5720 5400 4631 3279 1792 6423 2562 3156 2849 1490 3083 1588 1308 2968 1680 3843 1234 1494 2115 1719 975 1770 936 2408 573 1248 1888 1263 1472 1395 980 1896 1244 1104 6820 4158 282 1850 1731 2645 1407 1394 1104 2303 1200 1092 3260 2178 2389 3206 
1456 1952 1401 1245 66 2600 1174 1335 514 890 1544 2850 1450 2096 560 3282 1116 1863 2108 908 3096 1078 930 386 900 3798 765 1113 1404 597 826 1518 2073 972 531 1233 908 304 3075 633 2550 3240 1950 2238 3216 0 1480 987 580 2394 5220 3960 3474 2800 2170 5063 3210 1548 4323 2830 2547 1320 906 2912 72 2637 1184 1419 2040 1338 573 1368 903 1470 171 1516 1352 1503 1372 1305 792 1360 976 702 3872 4816 14 1180 1350 2125 1005 1126 1096 2957 932 1628 2590 1797 3348 2268 
1086 3136 705 1101 658 375 1060 981 1106 1240 1340 3091 1530 1904 652 2297 1335 2515 2322 1252 2990 1428 375 978 548 1125 147 1638 1938 1080 1418 1166 2127 1322 1056 537 1142 654 1230 1116 2960 910 790 985 1545 1480 0 2185 1224 1430 3055 160 3245 2205 1916 1485 2311 1450 2165 1825 2135 1208 1734 2165 1510 1185 1502 1680 2379 2127 1461 2061 1386 2505 1059 1086 1128 1530 2008 1788 680 1540 864 1185 600 2155 606 900 1755 3605 1287 1014 1020 3061 1254 1788 2280 2586 1210 2090 
1738 1388 1824 1563 348 2807 1400 1653 796 1112 2338 3555 2002 2520 842 3948 1680 2436 2471 1352 3762 1300 1353 668 856 3731 1188 1446 1827 1020 1108 1474 2496 1194 864 1656 1130 526 2800 1056 3372 2352 2655 2106 1715 987 2185 0 1144 3381 4263 2835 3605 2947 2730 4018 4032 1890 3528 2758 3282 1602 1329 3325 945 1645 1442 1806 2427 1725 960 1755 1326 2373 576 1738 1916 1890 1888 1728 676 1924 860 1125 2219 2807 296 1885 1737 1420 1392 1408 1328 3528 1214 2072 3235 2184 2772 3171 
1652 2532 1431 1449 356 1432 1464 1539 804 1116 1036 2860 128 2048 692 1997 1380 1408 2543 1460 2080 1368 1224 676 780 1868 873 1548 1839 258 1116 1398 2235 1142 966 1263 884 594 1448 294 2280 1192 1600 1132 1116 580 1224 1144 0 1948 1636 1096 2124 668 1927 2124 1969 64 1216 1712 1692 1610 1341 1964 604 1752 1460 1854 2475 1773 1008 1803 564 1420 606 1570 1932 1398 1836 966 1070 1940 1266 363 1284 1668 304 1524 1785 2280 1440 1416 1252 1836 706 1272 2652 2232 1432 1876 
1612 3320 1227 1515 750 2366 1408 699 1198 1488 3520 3648 3409 2456 936 1242 1983 3843 2532 1804 3864 1676 1164 1070 892 1015 813 2010 1164 1623 1510 964 2541 1570 1428 1203 1432 902 2736 1659 3630 2478 1060 2034 3031 2394 1430 3381 1948 0 3561 1778 5096 3843 856 2569 1158 3297 4163 2877 4179 1300 1932 3857 2436 1981 1594 1818 2655 2364 1599 2271 1710 3829 1197 1194 1312 1668 2192 2331 772 1724 956 1554 1162 3339 698 1130 2265 3835 1488 1106 1360 2115 1382 2256 2955 2589 2884 3395 
1608 2668 1521 2382 1110 6638 1604 2151 1558 1766 4832 4177 3770 3428 1382 1830 2760 6561 3060 2660 2856 1954 1863 1430 1402 6090 1788 2427 1458 1293 1818 1160 2685 1832 1845 1689 902 1180 6907 1329 4248 5645 3480 3564 5720 5220 3055 4263 1636 3561 0 5862 3105 5440 1248 6032 1746 3930 3130 4480 3945 1698 2472 2864 5280 3366 642 1455 2076 1215 1095 2799 1695 5124 1737 1846 2612 1425 1420 2097 954 2960 1138 1494 5014 2840 1058 2675 1227 3409 1299 704 1444 2779 1460 1308 3835 1674 5277 2954 
1104 3008 609 1128 594 840 996 885 1042 1304 2254 3059 2740 1940 646 2598 1288 4239 2226 1288 3396 1492 402 914 566 2149 51 1734 1842 984 1354 1184 2154 1386 1152 441 1120 718 2741 1020 3360 1719 630 1236 5400 3960 160 2835 1096 1778 5862 0 5850 4090 1788 2915 2598 3096 4642 3330 3052 1144 1698 3567 3240 1845 1438 1584 2283 2130 1365 1965 1290 3283 963 1022 1000 1434 1880 1692 616 1412 800 1089 1320 6171 542 740 1782 3445 1191 950 1038 2985 1190 1744 2120 2589 2008 2702 
918 2804 2490 1956 838 5454 1946 2046 1286 1648 4632 4780 4779 3044 1222 3768 2501 5337 3047 2392 786 1836 1872 1158 1118 6584 1923 2250 2493 1755 1128 1736 1650 1730 1668 2391 970 1062 5347 1791 4727 5231 3715 3080 4631 3474 3245 3605 2124 5096 3105 5850 0 5994 2628 6086 3816 4635 3399 3886 4298 2092 2064 4279 3420 6111 1332 2127 2418 180 1695 2490 2061 3668 1311 1678 2896 1527 2316 1446 1156 2904 1748 1860 5058 5056 786 3110 192 3483 1356 1394 1350 2661 1704 1444 3930 639 4354 3601 
1808 3072 1836 1158 626 4531 1550 1248 1074 782 3152 3790 1670 1980 946 2700 1902 4383 2405 792 4038 1392 1458 946 842 4850 1278 1584 1977 663 1386 1450 2184 1286 1002 1668 1218 618 2899 699 3799 3127 2675 2064 3279 2800 2205 2947 668 3843 5440 4090 5994 0 1940 3640 2784 1510 4947 4769 2428 1734 1746 3952 2860 4500 1522 1926 2547 2178 1080 2208 63 3430 1011 1830 2180 1899 2048 1371 1206 2480 1390 768 3830 4997 574 2215 2190 3525 1488 1540 1018 3335 976 1940 2940 2637 3164 3395 
1720 3634 711 2157 1142 2124 1064 1341 1022 1518 2420 2060 1927 3312 1290 140 2576 1844 2409 2164 2128 1706 1722 1334 1320 1436 1371 2055 648 1437 1902 620 2835 1600 1473 879 1526 932 2392 1473 3276 2272 1704 2212 1792 2170 1916 2730 1927 856 1248 1788 2628 1940 0 2324 84 1863 2500 1196 2964 1728 2520 2680 2194 1988 1266 2391 3012 2151 2031 2913 1518 3005 1785 1548 2168 2310 2320 2145 1200 2580 1384 912 1520 2384 1090 1760 2163 3796 2130 1328 1788 2548 1492 2556 3220 2610 2504 2796 
1634 3684 1404 1923 956 3490 1526 1371 1404 1510 4374 3768 5310 3000 1176 3444 2348 5868 1431 2248 4296 1968 1197 1276 1096 3509 846 2448 2265 1755 1716 1698 2949 1862 1866 1236 1520 1194 5288 1791 1770 4104 1440 2826 6423 5063 1485 4018 2124 2569 6032 2915 6086 3640 2324 0 3360 5673 7297 5980 3822 1674 2241 4815 5021 4230 1728 2379 1683 1506 1872 1170 1155 3835 1488 1346 2060 2229 2884 2463 1146 2472 1330 1860 3883 7234 904 2065 1878 2240 396 1480 1470 2335 1704 2432 1120 2325 3883 847 
1678 3550 648 2094 1136 3102 1022 1278 1064 1476 3504 2821 3231 3228 1248 84 2492 3152 2346 2080 3066 1664 1659 1292 1278 2028 1308 1992 585 1500 1888 578 2790 1558 1410 816 1484 890 3472 1536 4788 3282 2025 3192 2562 3210 2311 4032 1969 1158 1746 2598 3816 2784 84 3360 0 3135 3624 1668 4360 1686 2511 3894 3246 2856 1224 2328 2949 2088 1968 2850 1455 4440 1776 1506 2084 2247 2236 2208 1158 2496 1342 975 2154 3450 1084 2095 2100 4668 2067 1286 1746 3080 1534 2472 3920 2547 3630 4068 
1620 2468 1383 1401 324 3420 1432 1491 772 1084 1944 3495 160 1984 660 3135 1316 3024 2495 1396 3216 1336 1176 644 748 4079 825 1500 1791 210 1084 1366 2187 1110 918 1215 916 562 3670 246 3324 2872 1920 1602 3156 1548 1450 1890 64 3297 3930 3096 4635 1510 1863 5673 3135 0 4328 4120 2883 1578 1293 3828 1620 3798 1428 1806 2427 1725 960 1755 516 2373 558 1538 1868 1446 1888 918 1050 1876 1234 315 3660 5112 272 1825 1737 2770 1392 1384 1220 2794 674 1336 3235 2184 2903 3171 
1088 1416 1875 1620 852 4172 1414 1710 1300 1140 4372 3624 3966 2596 912 3708 1820 5400 2512 1408 1296 1328 924 1172 1114 4923 1317 1488 2397 1170 1298 1732 1905 1222 906 1707 276 554 4520 1206 4908 4239 2740 2880 2849 4323 2165 3528 1216 4163 3130 4642 3399 4947 2500 7297 3624 4328 0 4080 4860 1870 2085 5040 4389 4764 1268 2271 2892 1221 1752 2547 1476 4221 1350 1766 2511 486 2508 1878 462 2881 1058 1275 5433 6116 800 2673 1233 2084 2184 1330 1586 1526 1314 56 4078 1680 4236 5019 
1122 2964 1398 1290 632 4170 1266 1380 1080 920 2448 3080 4280 2156 692 1584 1380 4410 2184 968 1398 1108 1401 952 930 3933 1050 1158 1419 1209 1332 1078 1956 1002 576 1440 938 334 3738 1482 4248 3533 2295 2328 1490 2830 1825 2758 1712 2877 4480 3330 3886 4769 1196 5980 1668 4120 4080 0 3921 1458 1755 3502 2890 3258 1344 1659 2280 1272 1299 2217 1383 3451 1020 950 1628 1710 1124 1842 930 2040 1114 1551 2450 3802 580 1525 1284 3390 1725 1264 1402 2490 1498 1688 3785 1731 3522 3948 
1640 3084 1917 1290 656 2464 1764 1380 1104 1294 3380 4325 2995 2156 778 4304 1744 3968 2863 1504 4385 1668 1206 976 674 3178 1359 1998 2289 1431 1416 1292 2316 1562 1416 1749 1498 894 2163 1467 2232 1715 2605 1560 3083 2547 2135 3282 1692 4179 3945 3052 4298 2428 2964 3822 4360 2883 4860 3921 0 1500 1563 2287 2529 3836 1010 1158 1779 1956 312 2217 705 3304 1038 1812 2164 2352 1024 2139 1302 2424 1486 1536 3017 2065 604 2005 1584 3540 1308 1636 506 4385 1488 2808 3850 1998 1295 2975 
2248 2296 1550 1770 1386 1312 2140 1734 1834 2210 1616 2106 1610 1988 1688 1714 1690 1734 2570 1662 1924 2398 1412 1706 1584 1530 1178 2062 2076 1718 2146 2202 2454 2292 1674 1438 2146 1624 1528 1742 1978 1400 1396 1430 1588 1320 1208 1602 1610 1300 1698 1144 2092 1734 1728 1674 1686 1578 1870 1458 1500 0 1924 1278 1332 1202 1770 728 1946 2212 1292 2232 1776 1730 1434 2166 1292 1748 1272 2190 1408 1498 1592 1788 968 1130 1334 1088 2018 2170 1628 1742 1996 2124 2018 1842 1992 2092 1460 1606 
1942 2370 2307 1743 670 1509 1778 1833 1118 1494 1485 2616 1341 2070 1080 2547 1623 1527 3014 1581 2454 1682 1659 990 976 1815 1671 2019 2310 1503 1430 1594 2769 1576 1437 2139 1512 908 1380 1539 2181 1188 2016 1233 1308 906 1734 1329 1341 1932 2472 1698 2064 1746 2520 2241 2511 1293 2085 1755 1563 1924 0 1941 924 1785 1788 2325 2946 2244 1479 2274 1809 1536 1077 2114 1920 2409 1935 2211 1396 1926 1580 1608 1434 1722 618 1614 2037 2181 1911 1730 1208 2550 1536 2127 2460 2703 1008 1878 
1652 3288 1935 1308 758 3063 1710 1398 1206 1364 4051 4190 3956 2180 730 3978 1665 4568 2777 1528 3484 1552 1224 1078 686 3669 1377 1824 2442 1635 1518 1304 2334 1446 1242 1767 1382 778 2736 1671 2100 2238 2485 1416 2968 2912 2165 3325 1964 3857 2864 3567 4279 3952 2680 4815 3894 3828 5040 3502 2287 1278 1941 0 2876 4016 788 825 1116 1482 465 2370 1482 3808 1191 1764 2188 2325 580 2343 1210 2120 1394 1740 3080 592 706 1625 1110 3795 1332 1420 1024 4064 1624 2576 3636 1665 2621 3591 
1468 1928 1419 1263 78 2660 1186 1353 526 902 1592 2880 1510 2120 572 3318 1140 1917 2126 932 3066 1090 948 398 912 3852 783 1131 1422 615 838 1530 2091 984 549 1251 920 316 3135 651 2562 3294 1980 2274 1680 72 1510 945 604 2436 5280 3240 3420 2860 2194 5021 3246 1620 4389 2890 2529 1332 924 2876 0 2691 1172 1401 2022 1320 555 1350 921 1428 171 1528 1376 1485 1348 1323 804 1384 988 720 2184 3972 26 1210 1332 2095 987 1138 1084 2987 944 1652 2560 1779 3396 2226 
1514 2328 1224 1554 652 2601 1406 1500 1100 1476 3663 3784 3942 2508 954 2940 1961 4500 2783 1856 3435 1664 1017 972 850 3642 666 1992 2013 1476 1412 1468 2580 1558 1410 1056 944 890 3699 1512 4308 3123 1655 2088 3843 2637 1185 1645 1752 1981 3366 1845 6111 4500 1988 4230 2856 3798 4764 3258 3836 1202 1785 4016 2691 0 1390 1671 2508 2217 1452 2247 1563 3486 1050 1432 1116 1488 1996 2184 206 1528 390 1374 1053 3852 600 885 2118 2435 1341 1008 1262 2795 816 1601 3145 2676 2904 3052 
2250 1976 1656 1660 1250 1504 2202 1720 1698 1856 1570 2168 1396 1878 1518 1252 1520 1598 2216 1420 1594 2044 1604 1570 1474 1648 1472 1708 1614 1504 2010 1802 2344 1938 1320 1732 1544 1270 1418 1528 1488 1290 1690 1260 1234 1184 1502 1442 1460 1594 642 1438 1332 1522 1266 1728 1224 1428 1268 1344 1010 1770 1788 788 1172 1390 0 1042 1456 1452 802 2072 1480 1580 1286 2294 1586 1592 782 2040 1596 1552 1780 1638 1262 640 1198 1142 1460 1916 1508 1346 1516 1578 2102 1296 2130 1602 1380 1486 
2160 2847 2193 2133 1012 1836 1964 2223 1460 1618 1998 2895 1854 2460 1280 2370 1923 2040 3231 1773 2358 1806 1986 1332 1236 2115 1635 2205 2823 2016 1772 1854 3159 1700 1623 2025 1636 1032 1770 2052 1875 1578 1962 1533 1494 1419 1680 1806 1854 1818 1455 1584 2127 1926 2391 2379 2328 1806 2271 1659 1158 728 2325 825 1401 1671 1042 0 1827 2307 846 2751 1863 2013 1572 2056 1806 2490 816 2724 1320 1971 1504 2121 1320 603 960 1356 1935 2658 2157 1654 1278 2736 1878 2313 2838 2046 1713 2190 
2396 3468 2892 2424 1426 2190 2378 2514 1874 2032 2472 3516 2475 2751 1474 2991 2214 2661 3114 2262 2811 2220 2340 1746 1430 2406 2334 2826 3444 2637 2186 2048 3450 2114 2244 2724 2050 1446 2061 2673 2166 1869 2547 1824 2115 2040 2379 2427 2475 2655 2076 2283 2418 2547 3012 1683 2949 2427 2892 2280 1779 1946 2946 1116 2022 2508 1456 1827 0 2598 1467 2853 2484 1935 2193 2468 2643 3327 1437 3345 1878 2592 2062 2742 2157 1224 1374 1977 2226 2463 2079 2088 1692 3084 2292 2934 1011 2667 2049 2046 
1038 2283 2670 2136 958 1902 2066 2226 1406 1768 1917 3048 1773 2463 1342 2064 2016 1959 2937 1974 573 1956 2052 1278 1238 2208 2103 2430 2673 1935 1248 1856 1830 1850 1848 2571 1090 1182 1773 1971 2391 1581 2370 1626 1719 1338 2127 1725 1773 2364 1215 2130 180 2178 2151 1506 2088 1725 1221 1272 1956 2212 2244 1482 1320 2217 1452 2307 2598 0 1875 2670 2241 1320 1491 1798 2352 1707 1917 1626 1276 2358 1868 2040 1866 1704 906 2046 372 2193 1176 1514 1470 1686 1824 1263 2178 819 1401 1143 
1838 2001 1974 1602 448 1353 1556 1692 896 1272 1152 2283 1008 1929 942 2010 1410 1194 2681 1254 1998 1460 1503 768 882 1674 1338 1686 1977 1170 1208 1500 2628 1354 1104 1806 1290 686 1239 1206 1428 1047 1743 1092 975 573 1461 960 1008 1599 1095 1365 1695 1080 2031 1872 1968 960 1752 1299 312 1292 1479 465 555 1452 802 846 1467 1875 0 1905 1017 1167 726 1816 1587 2040 456 1878 1174 1593 1358 1275 1101 243 396 996 1575 1812 1542 1434 714 2217 1314 1794 2091 1686 867 1509 
2368 2796 2574 2613 978 2148 2086 2541 1426 1802 1947 3078 1803 2940 1472 2892 2205 1989 2601 2049 2883 1990 2298 1298 1676 2235 2016 2481 2772 1965 1738 2294 3441 1884 1899 2406 1820 1216 2250 2001 2055 2238 2034 2283 1770 1368 2061 1755 1803 2271 2799 1965 2490 2208 2913 1170 2850 1755 2547 2217 2217 2232 2274 2370 1350 2247 2072 2751 2853 2670 1905 0 2271 1962 1521 2126 2382 2835 2361 2673 1704 1155 1888 2070 1896 2148 926 1770 2682 2514 1566 2038 1984 2571 1844 2589 1842 3129 2418 1533 
1850 2367 1899 1221 668 1371 1592 1311 1116 824 1245 2337 564 1548 988 1413 1485 1524 2468 657 2082 1434 1521 988 884 1617 1341 1647 2040 726 1428 1492 2247 1328 1065 1731 1260 660 858 762 1821 1050 1668 1095 936 903 1386 1326 564 1710 1695 1290 2061 63 1518 1155 1455 516 1476 1383 705 1776 1809 1482 921 1563 1480 1863 2484 2241 1017 2271 0 1533 1074 1872 1698 1962 1473 1434 1248 1923 1432 831 1212 1260 616 1392 2253 2178 1551 1582 976 1941 1018 1518 1827 2700 1230 1518 
1876 2744 2016 1875 486 3290 1594 1965 934 1310 2821 3900 2485 2936 980 4524 1956 2919 2679 1748 3870 1498 1560 806 1142 4424 1395 1743 2034 1227 1246 1760 2703 1392 1161 1848 1328 724 3528 1263 3786 3442 2975 2964 2408 1470 2505 2373 1420 3829 5124 3283 3668 3430 3005 3835 4440 2373 4221 3451 3304 1730 1536 3808 1428 3486 1580 2013 1935 1320 1167 1962 1533 0 783 1936 2172 2097 2164 1935 1202 2112 1386 1332 2667 3290 434 1615 1692 3115 1599 1536 1450 4002 1352 2468 1540 2139 3861 3654 
1570 1617 1572 1416 180 951 1288 1506 628 1004 750 1881 606 1743 674 1812 1008 792 2279 852 1704 1192 1101 500 1014 1437 936 1284 1575 768 940 1632 2244 1086 702 1404 1022 418 1053 804 1446 1245 1341 1290 573 171 1059 576 606 1197 1737 963 1311 1011 1785 1488 1776 558 1350 1020 1038 1434 1077 1191 171 1050 1286 1572 2193 1491 726 1521 1074 783 0 1630 1185 1656 1182 1476 906 1191 1090 873 699 969 128 879 1503 1428 1158 1240 1198 1815 1046 1392 1707 1950 1425 1125 
2072 2432 1428 1652 1582 1190 2018 1108 2030 1870 1494 1984 1570 1870 1550 1478 1552 1930 2230 1434 1416 2058 1290 1902 1506 904 1056 1722 1896 1678 2282 2028 2254 1952 1334 1316 1888 1284 1410 1702 1824 1322 770 1292 1248 1516 1086 1738 1570 1194 1846 1022 1678 1830 1548 1346 1506 1538 1766 950 1812 2166 2114 1764 1528 1432 2294 2056 2468 1798 1816 2126 1872 1936 1630 0 1522 1978 1512 2150 1638 1728 1822 1748 1198 1654 1530 1318 1806 2242 1610 1972 1978 1946 2212 1794 1794 2104 1442 1588 
1604 3304 1359 1689 742 1336 1496 1635 1190 1566 1944 3101 1932 2688 1044 2140 2141 2180 2918 2036 2560 1754 1152 1062 940 1772 801 2127 2148 1611 1502 1558 2715 1648 1545 1191 1502 980 1768 1647 3052 1512 1504 1572 1888 1352 1128 1916 1932 1312 2612 1000 2896 2180 2168 2060 2084 1868 2511 1628 2164 1292 1920 2188 1376 1116 1586 1806 2643 2352 1587 2382 1698 2172 1185 1522 0 1656 2176 2319 764 1708 948 1716 648 1892 690 888 2097 3052 1476 1098 1248 2971 1374 2483 2696 2811 1424 1924 
1412 1548 2043 2106 1068 1560 1738 2196 1516 1464 2082 2658 1494 2433 1236 2289 1851 2124 2998 1542 1134 1652 1410 1388 1396 2013 1485 1974 2832 1656 1622 2014 2391 1546 1392 1875 600 878 1743 1692 2766 1818 1812 1863 1263 1503 1530 1890 1398 1668 1425 1434 1527 1899 2310 2229 2247 1446 486 1710 2352 1748 2409 2325 1485 1488 1592 2490 3327 1707 2040 2835 1962 2097 1656 1978 1656 0 2316 2364 786 1965 1382 1761 1170 2103 1016 1350 1719 1458 2160 1554 1808 951 1638 528 2706 2166 1908 2127 
1684 3276 2019 1743 752 2012 1704 1833 1200 1358 2144 3340 1952 2760 1020 2180 2097 2200 2841 1844 2056 1546 1659 1072 976 2300 1461 1815 2262 1626 1512 1594 2769 1440 1233 1851 1376 772 1840 1662 1980 1584 2384 1524 1472 1372 2008 1888 1836 2192 1420 1880 2316 2048 2320 2884 2236 1888 2508 1124 1024 1272 1935 580 1348 1996 782 816 1437 1917 456 2361 1473 2164 1182 1512 2176 2316 0 2334 1204 2108 1388 1731 1528 284 700 1288 1545 3024 1767 1414 1018 3116 1618 2564 3264 1656 1764 2400 
1882 2769 2301 2238 936 1944 1898 2328 1384 1552 1647 2796 966 2406 1272 2250 1905 1926 3132 1674 1839 1740 2094 1256 1360 2259 1743 2106 2709 1128 1696 1978 3096 1634 1524 2133 1528 966 1875 1164 2580 1764 2070 1719 1395 1305 1788 1728 966 2331 2097 1692 1446 1371 2145 2463 2208 918 1878 1842 2139 2190 2211 2343 1323 2184 2040 2724 3345 1626 1878 2673 1434 1935 1476 2150 2319 2364 2334 0 1662 2325 1846 1233 1833 2121 884 2013 1638 2580 2310 1996 1832 2343 1286 1920 2859 2085 1944 2277 
1550 1170 1022 1242 858 784 1612 1206 1306 1602 1088 1578 1082 1460 1160 1186 1162 1206 1962 1134 894 1790 884 1178 1056 1002 650 1454 1548 1190 1618 1674 1732 1684 1066 910 738 1016 1000 1214 1642 872 868 902 980 792 680 676 1070 772 954 616 1156 1206 1200 1146 1158 1050 462 930 1302 1408 1396 1210 804 206 1596 1320 1878 1276 1174 1704 1248 1202 906 1638 764 786 1204 1662 0 970 596 1122 440 1062 806 560 1284 1054 1100 1214 1468 716 1022 434 1464 1582 932 1078 
1810 3312 1668 1638 746 1748 1702 1728 1194 1570 2132 3412 1940 2620 1010 2552 2137 2188 3025 1968 2972 1758 1461 1066 906 2184 1110 2133 2424 1617 1506 1524 2664 1652 1551 1500 1588 984 1700 1653 3060 1444 1916 1504 1896 1360 1540 1924 1940 1724 2960 1412 2904 2480 2580 2472 2496 1876 2881 2040 2424 1498 1926 2120 1384 1528 1552 1971 2592 2358 1593 1155 1923 2112 1191 1728 1708 1965 2108 2325 970 0 1154 1722 1060 1824 694 820 2292 3060 1785 1304 1378 3383 1580 2853 3108 2811 1684 2336 
1904 1554 1206 1426 1042 968 1796 1390 1490 1866 1272 1762 1266 1644 1344 1370 1346 1390 2226 1318 1490 2054 1068 1362 1240 1186 834 1718 1732 1374 1802 1858 2110 1948 1330 1094 1334 1280 1184 1398 1826 1056 1052 1086 1244 976 864 860 1266 956 1138 800 1748 1390 1384 1330 1342 1234 1058 1114 1486 1592 1580 1394 988 390 1780 1504 2062 1868 1358 1888 1432 1386 1090 1822 948 1382 1388 1846 596 1154 0 1306 624 1246 990 744 1802 1364 1284 1398 1652 1312 1206 1030 1648 2174 1116 1262 
