0 813 1416 1020 967 750 888 690 1340 402 138 960 2103 2115 231 1256 1062 690 1395 774 642 1236 1947 753 1036 724 572 960 844 1474 1383 2007 1533 1292 2166 344 1142 1881 684 466 1539 1959 1572 975 1990 1824 489 1485 498 768 1404 1005 1650 1395 1065 1689 2035 1629 1287 906 1810 1269 1242 1378 1572 2157 1948 1416 854 1404 1298 2298 1377 1596 916 1449 2358 1119 1950 1575 1497 1866 1833 2454 716 1368 1420 1364 1143 1148 1304 819 1428 1095 1683 2058 2439 1016 1050 1095 
813 0 603 552 852 868 398 2016 1234 1215 3468 1318 1290 1302 1024 714 522 2131 5478 117 594 696 1516 1135 496 182 930 2646 960 962 570 3420 4959 870 1808 662 1680 1068 3046 824 7230 2406 1518 7361 4656 2387 1251 3020 1725 3915 1500 4789 1720 3649 3327 1172 2260 3033 3160 5250 1720 3054 5483 1438 1662 2247 4887 2108 970 5777 1118 1782 3168 1508 976 3542 2220 7833 1528 1644 5838 3321 1670 3407 762 3291 1638 1346 1793 1400 1350 3846 1488 1632 3055 2564 4704 1268 960 1023 
1416 603 0 396 1455 1270 800 1467 1340 1818 1278 1720 1893 1791 1371 840 628 2106 1350 642 996 802 1257 1284 602 584 1332 1737 1362 1068 759 1113 882 1272 1515 1064 2082 465 1824 1226 2007 1806 948 1956 1959 1626 1020 2028 1638 1908 1353 1536 1635 1266 1794 1038 1959 1998 1788 1509 2122 2409 1935 1840 2265 2850 2154 2109 1372 1977 1520 2385 2070 1910 1378 2052 2823 1812 1930 2178 2190 1953 2273 3030 1118 1992 1782 1748 1836 1802 1706 1959 1844 2235 2160 2526 3264 1522 1362 1626 
1020 552 396 0 1059 1006 536 2499 1372 1422 2352 1456 1497 1395 1300 576 660 2407 2985 656 732 834 1648 1480 634 320 1068 3129 1098 1100 363 3308 2480 1008 2084 800 1818 861 3529 962 4359 2820 1104 4400 4609 2870 1664 3365 2070 4032 1914 3895 2065 2929 3690 1448 2605 3447 3712 3152 1858 3399 4519 1576 1869 2454 4805 2367 1108 4831 1256 1989 3582 1646 1114 4025 2427 4191 1666 1851 5099 3804 1877 3634 900 3579 1776 1484 2003 1538 1488 4398 1626 1839 2940 2840 5049 1406 1098 1230 
967 852 1455 1059 0 1004 582 1260 1778 1369 829 1214 2142 2154 922 1282 1090 1657 723 813 896 1264 1488 1267 1064 750 826 1388 1098 1500 1422 1344 1575 854 2208 94 1576 1920 1340 720 1380 1773 1611 1522 1332 1161 1003 1917 1154 1453 1161 1402 1884 807 1528 1731 2130 1428 1677 1467 1704 1925 1693 1548 2023 2457 2231 1867 1108 1815 1552 2184 1677 1492 1170 1967 2755 1570 1512 2093 1752 1761 2116 2866 970 1819 1674 1442 1594 1402 1558 1475 1682 1751 2124 1899 2947 1270 944 1492 
750 868 1270 1006 1004 0 1266 1026 2090 1018 658 1526 1728 1736 720 1582 1390 1210 1366 894 1208 1564 1626 1068 1364 1050 1138 1206 1410 1830 1248 1722 1350 1738 1772 910 1888 1580 1022 1032 1592 1670 1374 1216 1772 1550 892 1556 898 1078 1368 1236 1556 1310 1276 1454 1772 1652 1424 1170 2376 1412 1394 1944 1614 2004 1774 1510 1420 1502 1864 2056 1484 2162 1482 1532 2138 1312 2396 1616 1564 1768 1544 2202 1282 1478 1986 1930 1328 1714 1870 1112 1994 1296 1688 1938 2192 1582 1616 1296 
888 398 800 536 582 1266 0 786 1430 1156 796 960 1258 1266 858 1082 718 1348 100 372 602 892 556 742 692 580 1276 606 810 1158 778 460 678 472 1098 676 1802 892 766 584 538 800 904 854 506 392 676 964 642 992 392 574 1004 44 746 782 1250 570 748 888 1322 1156 840 1166 1060 1256 1156 956 922 868 1434 962 736 1110 928 1112 1476 758 1130 1196 786 792 990 1570 1000 924 1394 948 774 1352 1588 856 1440 1040 1114 884 1752 1220 562 634 
690 2016 1467 2499 1260 1026 786 0 1706 1092 1894 1236 2154 2166 612 1290 994 2170 2401 1925 918 1168 1852 1945 968 758 848 630 384 1434 1434 3655 3339 1058 2752 620 1598 1848 2910 742 3227 4134 3246 3655 3822 3423 2301 3165 1520 3364 1428 3737 3160 2597 3777 2116 2440 3468 3962 3368 1706 2966 4134 1550 1986 2460 4060 2440 1130 4464 1574 1746 3360 1494 1192 4635 2328 3847 1716 1989 4147 3388 1922 3824 992 3699 1696 1640 2076 1424 1580 3590 1704 1509 2995 2536 4755 1292 946 1509 
1340 1234 1340 1372 1778 2090 1430 1706 0 1072 1432 2190 1942 2102 1494 1948 792 880 1330 1260 1512 966 1028 1652 766 1052 1912 1526 1730 1232 1610 1124 752 1532 1174 1684 1946 1030 1796 1806 1768 1872 1740 1564 1528 1622 1512 1516 1672 1702 1622 1484 1656 1386 1464 856 2092 1496 1772 1170 2552 1812 1582 2132 1802 2192 1962 1698 1664 1690 2086 2286 1672 2340 1670 1532 2386 1500 2152 1616 1752 1998 1732 2326 1282 1492 1946 1930 1516 2062 1870 1886 2008 1928 2036 2114 2340 1686 1792 1544 
402 1215 1818 1422 1369 1018 1156 1092 1072 0 540 1228 2505 2517 633 1524 1330 288 1797 1176 910 1504 2349 1155 1304 992 840 1362 1112 1742 1785 2409 1935 1560 2568 612 874 2283 1086 734 1941 2361 1974 1377 1590 2226 891 1887 900 1170 1806 1407 2052 1797 1467 2091 2437 2031 1689 1308 2078 1671 1644 1646 1974 2559 2350 1818 1122 1806 1566 2700 1779 1864 1184 1851 2760 1521 1684 1977 1899 2268 2235 2856 984 1770 1688 1632 1545 1416 1572 1221 1696 1497 2085 2460 2841 1284 1318 1497 
138 3468 1278 2352 829 658 796 1894 1432 540 0 868 1965 1977 124 1164 970 1434 7800 1908 550 1144 2412 1025 944 632 480 2352 752 1382 1245 5004 8371 1200 2704 252 1230 1743 1503 374 7995 3642 2868 4800 5658 3950 1053 2245 600 1890 2559 4081 2650 4612 2163 2068 3199 2982 3064 4096 1718 2046 3680 1286 1434 2019 5974 1704 762 4220 1206 2160 2478 1504 824 3059 2220 6405 1858 1437 4530 4124 1695 3088 624 2460 1328 1272 1340 1056 1212 2452 1336 957 2575 2560 3835 924 958 957 
960 1318 1720 1456 1214 1526 960 1236 2190 1228 868 0 2178 2186 930 1842 1478 1420 860 1292 1362 1652 1370 1278 1452 1500 1348 1366 1570 1918 1698 1274 1438 1232 1858 1120 2098 1706 1232 1242 1298 1560 1824 1426 1266 1152 1102 1724 1108 1288 1152 1334 1764 916 1486 1542 2046 1330 1508 1380 2082 1622 1600 1926 1820 2016 1916 1716 1630 1628 2074 1834 1496 1870 1688 1742 2236 1518 1890 1826 1546 1552 1750 2330 1492 1684 2154 1820 1534 1924 2080 1322 2200 1506 1874 1644 2402 1792 1322 1394 
2103 1290 1893 1497 2142 1728 1258 2154 1942 2505 1965 2178 0 2592 2058 1574 1230 2793 2037 1329 1454 1404 2199 1971 1204 1042 894 2424 1820 1670 1860 2343 1785 1730 1152 1522 2540 2202 2511 1684 2694 2493 2049 2643 2646 2313 1707 2931 2325 2595 2040 2223 2322 1953 2481 1941 2646 2742 2475 2265 2580 3096 2622 2298 2952 3537 2841 2796 1830 2664 1978 3072 2757 2368 1836 2808 3510 2499 2388 2934 2877 2640 2960 3717 1622 2748 2384 2206 2523 2260 2210 2646 2348 2922 3123 3213 4020 2124 1820 2313 
2115 1302 1791 1395 2154 1736 1266 2166 2102 2517 1977 2186 2592 0 2070 1506 1390 2805 2049 1341 1140 1564 2439 1920 1364 1050 1798 2436 1828 1830 1758 2487 2025 1738 2658 1530 1780 2256 2058 1692 1875 2319 1947 1248 2658 2325 1719 1758 2244 1455 2052 1668 2313 1965 1410 2181 2454 2169 1560 2139 2034 2646 1587 1608 1917 2502 2318 1761 1036 1749 1480 2643 1722 1822 1146 1995 2831 1464 2396 2121 1842 2211 2203 2799 1538 1713 1602 2186 1488 1330 2126 2565 1658 2472 1956 2394 2712 1198 1274 1578 
231 1024 1371 1300 922 720 858 612 1494 633 124 930 2058 2070 0 1226 1032 1558 1810 972 612 1206 2464 944 1006 694 542 972 690 1444 1338 2620 1984 1262 2828 314 1292 1836 852 436 1992 2552 2036 1240 2622 2376 592 1920 604 964 1564 1386 2205 1800 1360 2192 2564 2112 1656 1148 1780 1632 1596 1348 1527 2112 2590 1828 824 1812 1268 2205 1776 1566 886 1872 2313 1432 1920 1530 1936 2364 1769 3212 686 1764 1390 1334 1464 1118 1274 1032 1398 1050 2184 2684 3192 986 1020 1050 
1256 714 840 576 1282 1582 1082 1290 1948 1524 1164 1842 1574 1506 1226 0 1236 1716 982 740 1308 1410 1400 1168 1210 896 1644 1470 1674 1676 818 1304 1196 1354 1618 1376 2394 1150 1528 1466 1420 1516 944 1616 1388 1274 992 1846 1404 1584 1214 1336 1402 1038 1508 1300 1618 1452 1504 1364 2204 1918 1602 2048 1822 2138 1748 1718 1684 1630 1832 1902 1618 1992 1690 1726 2194 1520 2012 1810 1668 1614 1752 2332 1476 1686 2276 1942 1536 2114 2064 1618 2202 1802 1752 1766 2534 1982 1444 1396 
1062 522 628 660 1090 1390 718 994 792 1330 970 1478 1230 1390 1032 1236 0 1522 618 548 800 254 316 940 54 340 1450 814 1018 520 898 412 40 820 462 1184 1800 318 1334 1102 1056 1160 1028 852 816 910 800 804 1210 990 910 772 944 674 752 144 1380 784 1060 458 1840 1100 870 1420 1090 1480 1250 986 952 978 1374 1574 960 1628 958 820 1674 788 1440 904 1040 1286 1020 1614 570 780 1234 1218 804 1350 1158 1400 1296 1216 1324 1402 1628 974 1080 832 
690 2131 2106 2407 1657 1210 1348 2170 880 288 1434 1420 2793 2805 1558 1716 1522 0 2548 2105 942 1696 3529 1604 1496 1184 1032 2530 1304 1934 2073 3376 3039 1646 3883 804 1066 2571 2162 926 2991 3469 3143 2290 1736 3132 1668 2970 1914 2152 2877 2126 2945 2660 2298 3247 3449 3131 2706 2238 2270 2890 2498 1786 2184 2769 3472 2730 1314 2594 1758 2910 2678 2004 1324 2893 2808 2334 1492 2265 2838 3330 2416 3997 1176 2666 1880 1824 2366 1608 1764 2342 1836 1785 3234 3508 4213 1476 1510 1545 
1395 5478 1350 2985 723 1366 100 2401 1330 1797 7800 860 2037 2049 1810 982 618 2548 0 2712 502 792 1020 1915 592 680 1308 1771 710 1058 1317 1656 6069 372 1996 576 1702 1269 2745 484 3723 2100 3159 6431 1827 1022 3698 2160 1635 4110 876 2607 2260 308 2309 1364 2965 1410 2592 6616 1222 3051 3700 1066 1440 1734 4955 1712 822 3840 1334 1461 1908 1010 828 3542 2064 6096 1030 1644 3878 2502 1533 2940 900 2472 1294 960 1348 1252 1488 3812 1340 1578 2535 1568 4140 1120 462 801 
774 117 642 656 813 894 372 1925 1260 1176 1908 1292 1329 1341 972 740 548 2105 2712 0 620 722 1568 1200 522 208 904 2555 934 958 609 3400 2478 844 1860 636 1654 1107 2955 798 4223 2484 1596 4308 4539 2478 1368 3085 1660 3798 1422 3832 1785 2684 3314 1224 2195 2973 3056 3042 1694 3015 4851 1464 1701 2286 4822 2134 996 5147 1144 1743 3168 1482 1002 3633 2181 4482 1502 1683 5132 3256 1683 3437 788 3363 1664 1320 1819 1426 1376 3794 1514 1593 2990 2512 4717 1294 934 1062 
642 594 996 732 896 1208 602 918 1512 910 550 1362 1454 1140 612 1308 800 942 502 620 0 974 1012 140 774 776 1030 1008 1212 1240 974 916 760 874 1182 802 1256 1038 650 924 582 782 954 308 908 794 316 648 774 446 794 28 458 558 200 864 758 682 516 342 1366 920 294 844 514 904 674 410 376 322 888 998 384 1062 382 566 930 212 1532 650 464 710 444 1024 454 378 1078 1102 228 806 1042 970 894 804 780 786 1226 674 606 88 
1236 696 802 834 1264 1564 892 1168 966 1504 1144 1652 1404 1564 1206 1410 254 1696 792 722 974 0 490 1114 228 514 1624 988 1192 694 1072 586 214 994 636 1358 1974 492 1508 1276 1230 1334 1202 1026 990 1084 974 978 1384 1164 1084 946 1118 848 926 318 1554 958 1234 632 2014 1274 1044 1594 1264 1654 1424 1160 1126 1152 1548 1748 1134 1802 1132 994 1848 962 1614 1078 1214 1460 1194 1788 744 954 1408 1392 978 1524 1332 1574 1470 1390 1498 1576 1802 1148 1254 1006 
1947 1516 1257 1648 1488 1626 556 1852 1028 2349 2412 1370 2199 2439 2464 1400 316 3529 1020 1568 1012 490 0 2334 290 576 1686 2032 1220 756 873 192 552 882 1396 1086 2036 792 2468 994 1896 2028 2384 2176 1832 1604 2072 2080 2220 2452 1604 1968 2360 1024 1976 760 3278 1960 2316 1388 1732 2672 2212 1576 1989 2499 3052 2444 1188 2428 1610 2145 2292 1520 1194 2112 2829 2048 1540 1710 2392 2404 2154 3700 806 2032 1470 1416 2080 1586 1394 2648 1532 2178 3048 2588 3728 1210 972 1566 
753 1135 1284 1480 1267 1068 742 1945 1652 1155 1025 1278 1971 1920 944 1168 940 1604 1915 1200 140 1114 2334 0 914 636 890 2395 1162 1380 1251 2892 2286 1014 2662 662 1396 1749 1935 784 1959 2633 2400 1628 2930 2537 440 2288 1625 1709 2355 1114 2039 1943 1538 2026 2705 2637 1732 1271 1506 2767 1779 984 981 1566 2752 1406 516 1849 1028 1707 1860 1202 522 1969 1605 1574 1672 1185 2030 2629 1213 2675 594 1989 1218 1242 1083 946 1182 2160 1034 1416 2808 2000 3981 814 746 342 
1036 496 602 634 1064 1364 692 968 766 1304 944 1452 1204 1364 1006 1210 54 1496 592 522 774 228 290 914 0 314 1424 788 992 494 872 386 14 794 436 1158 1774 292 1308 1076 1030 1134 1002 826 790 884 774 778 1184 964 884 746 918 648 726 118 1354 758 1034 432 1814 1074 844 1394 1064 1454 1224 960 926 952 1348 1548 934 1602 932 794 1648 762 1414 878 1014 1260 994 1588 544 754 1208 1192 778 1324 1132 1374 1270 1190 1298 1376 1602 948 1054 806 
724 182 584 320 750 1050 580 758 1052 992 632 1500 1042 1050 694 896 340 1184 680 208 776 514 576 636 314 0 1112 938 1142 780 562 672 300 1052 722 844 1862 578 996 1006 1118 984 688 1084 1076 864 460 1064 872 1052 682 804 870 624 976 404 1086 1044 972 718 1902 1360 1070 1620 1290 1680 1216 1186 1152 1098 1300 1370 1160 1690 1158 1080 1662 988 1700 1164 1240 1082 1220 1800 830 1040 1494 1478 1004 1582 1418 1086 1556 1270 1404 1464 1888 1234 1142 864 
572 930 1332 1068 826 1138 1276 848 1912 840 480 1348 894 1798 542 1644 1450 1032 1308 904 1030 1624 1686 890 1424 1112 0 1028 1232 1862 1310 1722 1410 1680 1662 732 1710 1642 844 854 1414 1694 1436 1038 1714 1600 714 1378 720 900 1324 1058 1488 1318 1098 1514 1726 1474 1246 992 2198 1234 1216 1766 1436 1826 1596 1332 1242 1324 1686 1920 1306 1984 1304 1354 1960 1134 2338 1438 1386 1632 1366 2024 1104 1300 1808 1752 1150 1536 1692 934 1816 1118 1510 1760 2014 1404 1438 1118 
960 2646 1737 3129 1388 1206 606 630 1526 1362 2352 1366 2424 2436 972 1470 814 2530 1771 2555 1008 988 2032 2395 788 938 1028 0 204 1254 1704 3220 2709 878 2392 800 1778 1578 3150 922 2597 3618 3786 3925 3192 2793 2931 3425 1970 3718 1968 3430 3525 1967 4018 1756 2890 2928 3332 3842 1526 3416 4179 1370 1926 2190 4538 2620 1276 4459 1754 2016 2820 1314 1282 5021 2598 3892 1536 2259 3652 3847 2102 3952 1172 3834 1800 1466 2256 1604 1760 3981 1794 1779 3445 2176 4953 1472 766 1560 
844 960 1362 1098 1098 1410 810 384 1730 1112 752 1570 1820 1828 690 1674 1018 1304 710 934 1212 1192 1220 1162 992 1142 1232 204 0 1458 1340 1124 978 1082 1400 1004 1982 1256 1104 1126 946 1410 1466 1310 1116 1002 986 1574 992 1172 860 1184 1614 766 1352 1082 1360 1180 1156 1264 1730 1506 1398 1574 1488 1664 1490 1514 1480 1478 1958 1548 1144 1518 1486 1626 1936 1316 1740 1710 1194 1260 1548 2180 1376 1482 2004 1670 1332 1808 1964 1206 1998 1390 1582 1292 2160 1676 970 1244 
1474 962 1068 1100 1500 1830 1158 1434 1232 1742 1382 1918 1670 1830 1444 1676 520 1934 1058 958 1240 694 756 1380 494 780 1862 1254 1458 0 1338 852 480 1260 902 1594 2240 758 1746 1542 1496 1600 1468 1292 1256 1350 1240 1244 1622 1430 1350 1212 1384 1114 1192 584 1820 1224 1500 898 2280 1540 1310 1860 1530 1920 1690 1426 1392 1418 1814 2014 1400 2068 1398 1260 2114 1228 1880 1344 1480 1726 1460 2054 1010 1220 1674 1658 1244 1790 1598 1836 1736 1656 1764 1842 2068 1414 1520 1272 
1383 570 759 363 1422 1248 778 1434 1610 1785 1245 1698 1860 1758 1338 818 898 2073 1317 609 974 1072 873 1251 872 562 1310 1704 1340 1338 0 729 1287 1250 1920 1042 2060 1224 1791 1204 1974 1773 915 1923 1926 1593 987 2382 1605 1875 1320 1503 1602 1233 1761 1443 1926 2022 1755 1545 2100 2376 1902 1818 2232 2817 2121 2076 1350 1944 1498 2352 2037 1888 1356 2088 2790 1779 1908 2214 2157 1920 2240 2997 1142 2028 2018 1726 1803 1780 1730 1926 1868 2202 2127 2493 3300 1648 1340 1593 
2007 3420 1113 3308 1344 1722 460 3655 1124 2409 5004 1274 2343 2487 2620 1304 412 3376 1656 3400 916 586 192 2892 386 672 1722 3220 1124 852 729 0 1826 786 1588 990 2116 648 4005 898 3408 2754 3420 4696 3280 2471 4532 2840 2535 5248 2118 3552 3190 1664 3734 952 4000 2652 4248 3498 1636 3580 4616 1480 2061 2355 5944 2540 1236 4728 1706 2001 3150 1424 1242 4085 2685 4288 1444 1854 4624 3951 2154 3768 902 3399 1566 1320 2176 1666 1490 5306 1628 2118 3570 2396 4900 1306 876 1422 
1533 4959 882 2480 1575 1350 678 3339 752 1935 8371 1438 1785 2025 1984 1196 40 3039 6069 2478 760 214 552 2286 14 300 1410 2709 978 480 1287 1826 0 780 844 1144 1760 417 4558 1062 8636 3360 2964 6496 3492 3045 3435 1910 2925 4275 2610 4026 2260 3487 2492 208 3419 2384 4080 3344 1800 2650 4150 1380 1575 2160 5739 1892 912 4690 1334 2301 2760 1588 918 2730 2451 7211 1400 1296 5000 4385 1742 3148 530 2307 1194 1178 1528 1310 1118 5488 1256 1764 3210 2724 3970 934 1040 1188 
1292 870 1272 1008 854 1738 472 1058 1532 1560 1200 1232 1730 1738 1262 1354 820 1646 372 844 874 994 882 1014 794 1052 1680 878 1082 1260 1250 786 780 0 1202 948 2074 1058 1150 856 810 1072 1376 1126 778 664 1148 1236 1026 1264 664 846 1276 428 1018 884 1558 842 1020 1160 1594 1540 1112 1438 1332 1528 1428 1228 1194 1140 1706 1346 1008 1382 1200 1384 1748 1030 1402 1468 1058 1064 1262 1842 1272 1196 1666 1332 1046 1624 1860 1240 1712 1424 1386 1156 2024 1492 834 906 
2166 1808 1515 2084 2208 1772 1098 2752 1174 2568 2704 1858 1152 2658 2828 1618 462 3883 1996 1860 1182 636 1396 2662 436 722 1662 2392 1400 902 1920 1588 844 1202 0 1566 2182 1050 3432 1482 2872 3084 2820 2468 2396 2580 2364 2372 3184 2744 2580 2308 2652 2108 2268 1052 3570 2332 2884 1680 2220 2964 2504 1802 2208 2793 3348 2736 1334 2720 1756 2934 2684 2008 1340 2404 3084 2340 1822 1929 2844 3336 2375 3992 952 2324 1616 1600 2372 1732 1540 3564 1678 2397 3412 3564 4020 1356 1460 1821 
344 662 1064 800 94 910 676 620 1684 612 252 1120 1522 1530 314 1376 1184 804 576 636 802 1358 1086 662 1158 844 732 800 1004 1594 1042 990 1144 948 1566 0 1482 1374 616 626 1014 1276 1168 810 982 868 486 1150 492 672 868 830 1260 632 870 1248 1498 1046 1018 764 1798 1006 988 1538 1208 1598 1368 1104 1014 1096 1458 1550 1078 1586 1076 1126 1732 906 1606 1210 1158 1268 1138 1796 876 1072 1580 1524 922 1308 1464 706 1588 890 1282 1360 1786 1176 1038 890 
1142 1680 2082 1818 1576 1888 1802 1598 1946 874 1230 2098 2540 1780 1292 2394 1800 1066 1702 1654 1256 1974 2036 1396 1774 1862 1710 1778 1982 2240 2060 2116 1760 2074 2182 1482 0 2038 1212 1604 1366 1662 1650 948 1660 1994 1464 1288 1336 810 1990 1228 1658 1758 1056 1864 1684 1562 1156 1542 2150 1850 1174 1724 1394 1784 1554 1290 1152 1282 1596 1878 1264 1938 1262 1446 2000 1092 2284 1530 1344 1590 1324 1982 1654 1258 1718 2302 1108 1446 2242 1550 1774 1734 1420 1712 1924 1314 1390 1168 
1881 1068 465 861 1920 1580 892 1848 1030 2283 1743 1706 2202 2256 1836 1150 318 2571 1269 1107 1038 492 792 1749 292 578 1642 1578 1256 758 1224 648 417 1058 1050 1374 2038 0 2289 1330 1926 2025 1413 1635 1581 1707 1485 1563 2103 1842 1707 1515 1773 1272 1485 573 2424 1533 1947 1044 2068 2007 1662 1658 1992 2577 2274 1836 1190 1824 1612 2649 1797 1856 1196 1587 2868 1539 1678 1713 1917 2286 2159 2778 808 1527 1472 1456 1563 1588 1396 2424 1534 2181 2343 2445 2799 1212 1308 1605 
684 3046 1824 3529 1340 1022 766 2910 1796 1086 1503 1232 2511 2058 852 1528 1334 2162 2745 2955 650 1508 2468 1935 1308 996 844 3150 1104 1746 1791 4005 4558 1150 3432 616 1212 2289 0 738 3353 3756 3726 1890 4166 3465 2277 2200 310 1407 3210 2177 2630 2549 2261 2796 3302 3504 2618 3096 1742 1756 2674 1314 1476 2061 4809 1760 744 3052 1188 2202 2562 1530 852 3626 2286 2387 1808 1680 3269 4226 1762 3144 988 2544 1310 1626 1396 1038 1576 1734 1364 783 2530 2608 3790 906 982 1023 
466 824 1226 962 720 1032 584 742 1806 734 374 1242 1684 1692 436 1466 1102 926 484 798 924 1276 994 784 1076 1006 854 922 1126 1542 1204 898 1062 856 1482 626 1604 1330 738 0 922 1184 1330 932 890 776 608 1272 614 794 776 952 1382 540 992 1166 1620 954 1132 886 1706 1128 1110 1550 1330 1640 1490 1226 1136 1218 1580 1458 1120 1494 1198 1248 1854 1028 1514 1332 1170 1176 1260 1918 998 1194 1702 1444 1044 1430 1586 828 1710 1012 1404 1268 1908 1298 946 1012 
1539 7230 2007 4359 1380 1592 538 3227 1768 1941 7995 1298 2694 1875 1992 1420 1056 2991 3723 4223 582 1230 1896 1959 1030 1118 1414 2597 946 1496 1974 3408 8636 810 2872 1014 1366 1926 3353 922 0 2820 3336 3536 3798 2555 3150 1895 2705 2502 2190 3047 2460 2717 1421 2240 1870 2554 840 7380 784 2908 2260 628 813 1077 3186 1136 534 2800 1066 1734 594 572 540 2534 1596 3535 1468 1212 1988 3300 1026 2520 980 1608 1188 1398 772 916 1568 4554 1052 1563 2225 692 3120 784 24 777 
1959 2406 1806 2820 1773 1670 800 4134 1872 2361 3642 1560 2493 2319 2552 1516 1160 3469 2100 2484 782 1334 2028 2633 1134 984 1694 3618 1410 1600 1773 2754 3360 1072 3084 1276 1662 2025 3756 1184 2820 0 3924 2142 3318 2976 3222 2635 3385 2556 2976 2262 2310 2268 1818 2448 3142 3185 2766 2106 1724 3360 1464 1202 1308 1893 3412 1208 734 2280 1354 2034 2226 1420 740 1020 2258 1710 1730 636 2466 3366 1512 2920 814 2208 1278 1462 1172 1212 1402 3492 1252 1863 2965 2448 3960 1080 964 1077 
1572 1518 948 1104 1611 1374 904 3246 1740 1974 2868 1824 2049 1947 2036 944 1028 3143 3159 1596 954 1202 2384 2400 1002 688 1436 3786 1466 1468 915 3420 2964 1376 2820 1168 1650 1413 3726 1330 3336 3924 0 2658 4370 3564 2352 3065 2990 2520 3018 2778 2985 3047 2334 2184 3449 3767 3282 2436 1896 3635 2472 1374 1566 2151 4256 1880 906 2796 1534 2292 2742 1592 912 3288 2516 2226 2034 1770 2982 3803 1852 3264 924 2724 1614 1572 1516 1384 1512 4230 1424 2121 2020 2792 4390 1252 1136 1335 
975 7361 1956 4400 1522 1216 854 3655 1564 1377 4800 1426 2643 1248 1240 1616 852 2290 6431 4308 308 1026 2176 1628 826 1084 1038 3925 1310 1292 1923 4696 6496 1126 2468 810 948 1635 1890 932 3536 2142 2658 0 4446 3709 3276 850 1660 621 3128 1684 1775 4599 378 1832 2251 1902 832 5206 1202 2343 1130 776 669 1254 3854 684 204 1670 648 1395 948 990 314 1743 1583 1627 1612 873 1980 2675 955 2068 706 930 770 1354 320 498 1294 3536 826 1224 1180 1528 2440 366 442 330 
1990 4656 1959 4609 1332 1772 506 3822 1528 1590 5658 1266 2646 2658 2622 1388 816 1736 1827 4539 908 990 1832 2930 790 1076 1714 3192 1116 1256 1926 3280 3492 778 2396 982 1660 1581 4166 890 3798 3318 4370 4446 0 2443 5454 3175 2650 3825 2094 3960 3275 2079 3726 1760 3980 2628 4216 4293 1628 3946 5157 1472 2049 2343 6782 2524 1192 5283 1636 2070 3126 1416 1234 3806 2673 4788 624 1368 5250 3923 2142 3143 1066 3690 1700 1366 2160 1486 1654 5436 1746 2187 3550 2380 4910 1354 868 1410 
1824 2387 1626 2870 1161 1550 392 3423 1622 2226 3950 1152 2313 2325 2376 1274 910 3132 1022 2478 794 1084 1604 2537 884 864 1600 2793 1002 1350 1593 2471 3045 664 2580 868 1994 1707 3465 776 2555 2976 3564 3709 2443 0 3360 2890 2365 4192 1752 2681 2990 1218 3331 1948 3695 2286 3290 3780 1514 3201 3612 1358 1878 2172 4750 2296 1114 3220 1626 1272 2784 1302 1120 4564 2502 3325 1322 2082 3535 1960 1809 3244 1192 3348 1586 1252 1932 1544 1780 3206 1632 1650 3265 2152 4870 1412 754 1239 
489 1251 1020 1664 1003 892 676 2301 1512 891 1053 1102 1707 1719 592 992 800 1668 3698 1368 316 974 2072 440 774 460 714 2931 986 1240 987 4532 3435 1148 2364 486 1464 1485 2277 608 3150 3222 2352 3276 5454 3360 0 2325 1185 2943 2334 2574 2127 3647 2478 1728 2793 3339 2288 1674 1484 2483 3771 1160 1245 1830 5336 1582 692 3897 1204 1971 2397 1272 698 2569 1869 3402 1806 1227 4014 3895 1477 2851 484 2595 1360 1132 1259 1122 1072 2920 1210 1308 2896 2092 4069 990 724 606 
1485 3020 2028 3365 1917 1556 964 3165 1516 1887 2245 1724 2931 1758 1920 1846 804 2970 2160 3085 648 978 2080 2288 778 1064 1378 3425 1574 1244 2382 2840 1910 1236 2372 1150 1288 1563 2200 1272 1895 2635 3065 850 3175 2890 2325 0 2510 1195 2890 1550 2625 2300 1120 1736 3101 985 1370 2335 1542 3193 1415 1116 1179 1764 2848 1364 544 1685 988 1905 1640 1330 654 2095 2093 1210 1894 1383 1840 2455 1465 2748 1046 1625 430 1694 1000 838 1634 3045 1166 1734 2030 2208 3290 706 782 840 
498 1725 1638 2070 1154 898 642 1520 1672 900 600 1108 2325 2244 604 1404 1210 1914 1635 1660 774 1384 2220 1625 1184 872 720 1970 992 1622 1605 2535 2925 1026 3184 492 1336 2103 310 614 2705 3385 2990 1660 2650 2365 1185 2510 0 1315 2365 1865 2940 1495 1925 2548 3612 2810 2180 1880 1866 1446 2220 1438 1662 2247 3653 1548 868 2200 1312 2160 2445 1654 976 2785 2472 2015 1684 1797 2645 2880 1948 3164 864 2430 1434 1502 1644 1162 1452 535 1488 597 2840 2688 4100 1030 1106 1209 
768 3915 1908 4032 1453 1078 992 3364 1702 1170 1890 1288 2595 1455 964 1584 990 2152 4110 3798 446 1164 2452 1709 964 1052 900 3718 1172 1430 1875 5248 4275 1264 2744 672 810 1842 1407 794 2502 2556 2520 621 3825 4192 2943 1195 1315 0 3542 1977 2120 4362 861 2108 2596 2316 1384 3390 1340 2628 1638 914 876 1461 4475 960 342 2124 786 1602 1362 1128 452 2226 1790 1269 1474 1080 2403 3158 1162 2344 844 1344 908 1492 596 636 1432 3260 964 1386 1525 1804 2785 504 580 537 
1404 1500 1353 1914 1161 1368 392 1428 1622 1806 2559 1152 2040 2052 1564 1214 910 2877 876 1422 794 1084 1604 2355 884 682 1324 1968 860 1350 1320 2118 2610 664 2580 868 1990 1707 3210 776 2190 2976 3018 3128 2094 1752 2334 2890 2365 3542 0 2298 2970 1044 2804 1948 3380 2286 2820 3240 1514 3776 2966 1358 1800 2172 3984 2192 1062 3180 1618 1032 2784 1302 1068 3782 2355 2720 1322 2004 2934 1200 1641 3524 1192 3218 1586 1252 1764 1540 1780 3480 1580 2016 1805 2152 4780 1408 754 1239 
1005 4789 1536 3895 1402 1236 574 3737 1484 1407 4081 1334 2223 1668 1386 1336 772 2126 2607 3832 28 946 1968 1114 746 804 1058 3430 1184 1212 1503 3552 4026 846 2308 830 1228 1515 2177 952 3047 2262 2778 1684 3960 2681 2574 1550 1865 1977 2298 0 1075 2915 650 1672 1825 2107 2024 1727 1338 2262 1330 816 729 1314 3656 764 348 1470 860 1455 1068 1034 354 1883 1353 1012 1504 933 2180 2815 961 1992 426 1050 1050 1074 400 778 1014 3786 866 1164 1880 1516 2995 646 578 90 
1650 1720 1635 2065 1884 1556 1004 3160 1656 2052 2650 1764 2322 2313 2205 1402 944 2945 2260 1785 458 1118 2360 2039 918 870 1488 3525 1614 1384 1602 3190 2260 1276 2652 1260 1658 1773 2630 1382 2460 2310 2985 1775 3275 2990 2127 2625 2940 2120 2970 1075 0 2400 1505 2016 2900 2710 2295 1860 1768 3337 1740 1246 1374 1959 3011 1624 778 1810 430 2100 1965 1464 784 1460 1998 1535 1934 1002 2165 2780 1606 2852 856 1950 1480 1504 1260 1208 1444 3430 1296 1809 2955 2376 4070 1076 1008 735 
1395 3649 1266 2929 807 1310 44 2597 1386 1797 4612 916 1953 1965 1800 1038 674 2660 308 2684 558 848 1024 1943 648 624 1318 1967 766 1114 1233 1664 3487 428 2108 632 1758 1272 2549 540 2717 2268 3047 4599 2079 1218 3647 2300 1495 4362 1044 2915 2400 0 2505 1476 3105 1578 2816 4642 1278 2941 3980 1122 1524 1818 5207 1824 878 4120 1390 1377 2076 1066 884 3738 2148 3927 1086 1728 4158 2698 1617 3052 956 2640 1350 904 1460 1308 1544 3700 1396 1494 2675 1680 4280 1176 518 885 
1065 3327 1794 3690 1528 1276 746 3777 1464 1467 2163 1486 2481 1410 1360 1508 752 2298 2309 3314 200 926 1976 1538 726 976 1098 4018 1352 1192 1761 3734 2492 1018 2268 870 1056 1485 2261 992 1421 1818 2334 378 3726 3331 2478 1120 1925 861 2804 650 1505 2505 0 1632 1981 1686 1106 1749 1190 2073 413 668 507 1092 2548 468 200 791 756 1233 624 886 206 1365 1421 126 1676 711 1008 2297 793 1852 598 606 878 1246 104 606 1186 2828 718 1062 1450 1380 2625 474 430 168 
1689 1172 1038 1448 1731 1454 782 2116 856 2091 2068 1542 1941 2181 2192 1300 144 3247 1364 1224 864 318 760 2026 118 404 1514 1756 1082 584 1443 952 208 884 1052 1248 1864 573 2796 1166 2240 2448 2184 1832 1760 1948 1728 1736 2548 2108 1948 1672 2016 1476 1632 0 2884 1280 2248 1044 1904 2328 1768 1434 1656 2241 2662 2000 966 1984 1438 2382 1948 1652 972 1768 2579 1604 1504 1452 2108 2600 1848 2940 634 1272 1298 1282 1636 1414 1222 2928 1152 1920 2776 2912 2968 830 1144 1344 
2035 2260 1959 2605 2130 1772 1250 2440 2092 2437 3199 2046 2646 2454 2564 1618 1380 3449 2965 2195 758 1554 3278 2705 1354 1086 1726 2890 1360 1820 1926 4000 3419 1558 3570 1498 1684 2424 3302 1620 1870 3142 3449 2251 3980 3695 2793 3101 3612 2596 3380 1825 2900 3105 1981 2884 0 3138 2381 2515 1532 3589 1922 644 1502 2017 325 1738 756 2081 1384 2013 2183 1320 422 2848 864 1963 2216 1706 2338 2635 540 3050 1118 2378 1464 1766 1538 1234 1088 3612 1274 1938 3431 804 3343 1102 772 1135 
1629 3033 1998 3447 1428 1652 570 3468 1496 2031 2982 1330 2742 2169 2112 1452 784 3131 1410 2973 682 958 1960 2637 758 1044 1474 2928 1180 1224 2022 2652 2384 842 2332 1046 1562 1533 3504 954 2554 3185 3767 1902 2628 2286 3339 985 2810 2316 2286 2107 2710 1578 1686 1280 3138 0 2526 3001 1624 3158 1860 1102 1158 1743 3576 1336 634 2184 1262 1836 2130 1320 640 2676 2108 1614 1500 1362 2370 2921 1444 2720 1080 2112 824 1430 908 1112 1668 3739 1152 1713 2715 2248 3710 980 864 927 
1287 3160 1788 3712 1677 1424 748 3962 1772 1689 3064 1508 2475 1560 1656 1504 1060 2706 2592 3056 516 1234 2316 1732 1034 972 1246 3332 1156 1500 1755 4248 4080 1020 2884 1018 1156 1947 2618 1132 840 2766 3282 832 4216 3290 2288 1370 2180 1384 2820 2024 2295 2816 1106 2248 2381 2526 0 3280 994 2863 1736 838 981 1392 3298 828 412 2168 856 1707 1224 782 522 2471 1895 1408 1678 1185 1978 3403 1113 2484 914 1554 978 1562 736 706 1502 4008 1034 1536 1700 1112 2960 574 234 642 
906 5250 1509 3152 1467 1170 888 3368 1170 1308 4096 1380 2265 2139 1148 1364 458 2238 6616 3042 342 632 1388 1271 432 718 992 3842 1264 898 1545 3498 3344 1160 1680 764 1542 1044 3096 886 7380 2106 2436 5206 4293 3780 1674 2335 1880 3390 3240 1727 1860 4642 1749 1044 2515 3001 3280 0 1652 1605 2900 1130 1200 1785 3942 1392 662 3040 1174 1926 2010 1348 668 1267 1824 4311 1578 669 3750 3914 1283 2620 112 1992 1364 760 1028 1092 700 3816 1180 1137 2665 2144 3780 960 892 561 
1810 1720 2122 1858 1704 2376 1322 1706 2552 2078 1718 2082 2580 2034 1780 2204 1840 2270 1222 1694 1366 2014 1732 1506 1814 1902 2198 1526 1730 2280 2100 1636 1800 1594 2220 1798 2150 2068 1742 1706 784 1724 1896 1202 1628 1514 1484 1542 1866 1340 1514 1338 1768 1278 1190 1904 1532 1624 994 1652 0 1942 1236 1366 1326 1502 1402 1352 1318 1344 1850 1940 982 1356 1324 1508 1848 1154 2252 1592 986 1652 1386 2044 1764 1320 1972 2182 1170 1700 2352 1908 1836 1826 1674 1130 1998 1568 808 1302 
1269 3054 2409 3399 1925 1412 1156 2966 1812 1671 2046 1622 3096 2646 1632 1918 1100 2890 3051 3015 920 1274 2672 2767 1074 1360 1234 3416 1506 1540 2376 3580 2650 1540 2964 1006 1850 2007 1756 1128 2908 3360 3635 2343 3946 3201 2483 3193 1446 2628 3776 2262 3337 2941 2073 2328 3589 3158 2863 1605 1942 0 2188 1420 1635 2220 3264 1720 952 1698 1580 2289 2413 1638 958 2510 2585 1983 2146 1632 2613 3132 1802 2600 754 2398 1660 1402 1608 1430 1342 911 1470 174 3523 2124 4518 1298 1182 1404 
1242 5483 1935 4519 1693 1394 840 4134 1582 1644 3680 1600 2622 1587 1596 1602 870 2498 3700 4851 294 1044 2212 1779 844 1070 1216 4179 1398 1310 1902 4616 4150 1112 2504 988 1174 1662 2674 1110 2260 1464 2472 1130 5157 3612 3771 1415 2220 1638 2966 1330 1740 3980 413 1768 1922 1860 1736 2900 1236 2188 0 714 576 1161 3001 232 246 1360 874 1302 762 932 252 1526 1526 410 1770 780 1670 2458 780 1944 692 744 790 1340 196 724 1280 2966 764 1131 1745 1472 2740 592 476 345 
1378 1438 1840 1576 1548 1944 1166 1550 2132 1646 1286 1926 2298 1608 1348 2048 1420 1786 1066 1464 844 1594 1576 984 1394 1620 1766 1370 1574 1860 1818 1480 1380 1438 1802 1538 1724 1658 1314 1550 628 1202 1374 776 1472 1358 1160 1116 1438 914 1358 816 1246 1122 668 1434 644 1102 838 1130 1366 1420 714 0 934 1324 514 830 796 822 1424 1418 804 978 802 986 960 632 2096 1070 380 1130 744 1522 1242 798 1504 1890 648 1274 1472 1302 1314 1304 1248 786 1646 1142 604 780 
1572 1662 2265 1869 2023 1614 1060 1986 1802 1974 1434 1820 2952 1917 1527 1822 1090 2184 1440 1701 514 1264 1989 981 1064 1290 1436 1926 1488 1530 2232 2061 1575 1332 2208 1208 1394 1992 1476 1330 813 1308 1566 669 2049 1878 1245 1179 1662 876 1800 729 1374 1524 507 1656 1502 1158 981 1200 1326 1635 576 934 0 1296 1307 750 466 738 1094 1632 516 1114 472 984 1856 453 1990 1110 831 1200 1192 1788 912 702 1174 1560 477 944 1500 1590 984 1461 1377 1332 1974 812 566 675 
2157 2247 2850 2454 2457 2004 1256 2460 2192 2559 2019 2016 3537 2502 2112 2138 1480 2769 1734 2286 904 1654 2499 1566 1454 1680 1826 2190 1664 1920 2817 2355 2160 1528 2793 1598 1784 2577 2061 1640 1077 1893 2151 1254 2343 2172 1830 1764 2247 1461 2172 1314 1959 1818 1092 2241 2017 1743 1392 1785 1502 2220 1161 1324 1296 0 1822 1335 856 1323 1484 2217 780 1290 862 1569 2441 1038 2186 1695 1416 1785 1707 2373 1302 1287 1564 1950 1062 964 1890 2175 1272 2046 1962 1596 1086 1202 742 1260 
1948 4887 2154 4805 2231 1774 1156 4060 1962 2350 5974 1916 2841 2318 2590 1748 1250 3472 4955 4822 674 1424 3052 2752 1224 1216 1596 4538 1490 1690 2121 5944 5739 1428 3348 1368 1554 2274 4809 1490 3186 3412 4256 3854 6782 4750 5336 2848 3653 4475 3984 3656 3011 5207 2548 2662 325 3576 3298 3942 1402 3264 3001 514 1307 1822 0 1478 626 3347 1254 1818 2266 1190 292 3661 669 3206 2086 1511 3759 3281 345 2790 988 2528 1334 1636 1278 1104 958 5378 1144 1743 3178 544 3018 972 642 1070 
1416 2108 2109 2367 1867 1510 956 2440 1698 1818 1704 1716 2796 1761 1828 1718 986 2730 1712 2134 410 1160 2444 1406 960 1186 1332 2620 1514 1426 2076 2540 1892 1228 2736 1104 1290 1836 1760 1226 1136 1208 1880 684 2524 2296 1582 1364 1548 960 2192 764 1624 1824 468 2000 1738 1336 828 1392 1352 1720 232 830 750 1335 1478 0 362 776 990 1476 740 1048 368 1104 1700 396 1886 954 900 1392 954 2176 808 728 906 1456 428 840 1396 1120 880 1116 1628 1704 2424 708 592 519 
854 970 1372 1108 1108 1420 922 1130 1664 1122 762 1630 1830 1036 824 1684 952 1314 822 996 376 1126 1188 516 926 1152 1242 1276 1480 1392 1350 1236 912 1194 1334 1014 1152 1190 744 1136 534 734 906 204 1192 1114 692 544 868 342 1062 348 778 878 200 966 756 634 412 662 1318 952 246 796 466 856 626 362 0 354 852 950 336 1014 334 518 1072 164 1816 602 416 662 396 1054 774 330 974 1422 180 702 1362 922 846 836 676 818 1178 570 558 312 
1404 5777 1977 4831 1815 1502 868 4464 1690 1806 4220 1628 2664 1749 1812 1630 978 2594 3840 5147 322 1152 2428 1849 952 1098 1324 4459 1478 1418 1944 4728 4690 1140 2720 1096 1282 1824 3052 1218 2800 2280 2796 1670 5283 3220 3897 1685 2200 2124 3180 1470 1810 4120 791 1984 2081 2184 2168 3040 1344 1698 1360 822 738 1323 3347 776 354 0 982 1464 1086 1040 360 1904 1688 950 1548 942 2210 2836 905 1404 720 1068 1062 1368 412 832 1308 3087 872 723 2015 928 3010 700 584 507 
1298 1118 1520 1256 1552 1864 1434 1574 2086 1566 1206 2074 1978 1480 1268 1832 1374 1758 1334 1144 888 1548 1610 1028 1348 1300 1686 1754 1958 1814 1498 1706 1334 1706 1756 1458 1596 1612 1188 1580 1066 1354 1534 648 1636 1626 1204 988 1312 786 1618 860 430 1390 756 1438 1384 1262 856 1174 1850 1580 874 1424 1094 1484 1254 990 852 982 0 1578 964 1638 962 1014 1700 792 2260 1098 1044 1290 1024 1682 1286 958 1418 1934 808 1146 1874 1526 1474 1464 1120 1412 1624 1014 1090 868 
2298 1782 2385 1989 2184 2056 962 1746 2286 2700 2160 1834 3072 2643 2205 1902 1574 2910 1461 1743 998 1748 2145 1707 1548 1370 1920 2016 1548 2014 2352 2001 2301 1346 2934 1550 1878 2649 2202 1458 1734 2034 2292 1395 2070 1272 1971 1905 2160 1602 1032 1455 2100 1377 1233 2382 2013 1836 1707 1926 1940 2289 1302 1418 1632 2217 1818 1476 950 1464 1578 0 1437 1636 956 1710 1323 1179 2004 1836 1557 432 1473 2514 1396 1428 1658 1822 1155 1428 1984 1839 1468 2115 2103 2160 2700 1296 1180 1401 
1377 3168 2070 3582 1677 1484 736 3360 1672 1779 2478 1496 2757 1722 1776 1618 960 2678 1908 3168 384 1134 2292 1860 934 1160 1306 2820 1144 1400 2037 3150 2760 1008 2684 1078 1264 1797 2562 1120 594 2226 2742 948 3126 2784 2397 1640 2445 1362 2784 1068 1965 2076 624 1948 2183 2130 1224 2010 982 2413 762 804 516 780 2266 740 336 1086 964 1437 0 770 342 1578 1661 516 1666 915 1272 2224 927 2124 782 1014 1044 1430 376 814 1370 2790 854 1266 1970 1088 2965 682 222 480 
1596 1508 1910 1646 1492 2162 1110 1494 2340 1864 1504 1870 2368 1822 1566 1992 1628 2004 1010 1482 1062 1802 1520 1202 1602 1690 1984 1314 1518 2068 1888 1424 1588 1382 2008 1586 1938 1856 1530 1494 572 1420 1592 990 1416 1302 1272 1330 1654 1128 1302 1034 1464 1066 886 1652 1320 1320 782 1348 1356 1638 932 978 1114 1290 1190 1048 1014 1040 1638 1636 770 0 1020 1204 1636 850 2040 1288 598 1348 1082 1740 1460 1016 1722 1970 866 1488 2048 1520 1532 1522 1462 918 1786 1356 596 998 
916 976 1378 1114 1170 1482 928 1192 1670 1184 824 1688 1836 1146 886 1690 958 1324 828 1002 382 1132 1194 522 932 1158 1304 1282 1486 1398 1356 1242 918 1200 1340 1076 1262 1196 852 1198 540 740 912 314 1234 1120 698 654 976 452 1068 354 784 884 206 972 422 640 522 668 1324 958 252 802 472 862 292 368 334 360 962 956 342 1020 0 524 738 170 1858 608 422 668 62 1060 780 336 1042 1428 186 812 1250 928 852 842 786 564 1184 680 564 318 
1449 3542 2052 4025 1967 1532 1112 4635 1532 1851 3059 1742 2808 1995 1872 1726 820 2893 3542 3633 566 994 2112 1969 794 1080 1354 5021 1626 1260 2088 4085 2730 1384 2404 1126 1446 1587 3626 1248 2534 1020 3288 1743 3806 4564 2569 2095 2785 2226 3782 1883 1460 3738 1365 1768 2848 2676 2471 1267 1508 2510 1526 986 984 1569 3661 1104 518 1904 1014 1710 1578 1204 524 0 1934 1239 1620 126 2121 3410 1270 2488 474 1560 1226 1122 740 996 1062 3941 1036 1539 2425 2016 3420 864 748 753 
2358 2220 2823 2427 2755 2138 1476 2328 2386 2760 2220 2236 3510 2831 2313 2194 1674 2808 2064 2181 930 1848 2829 1605 1648 1662 1960 2598 1936 2114 2790 2685 2451 1748 3084 1732 2000 2868 2286 1854 1596 2258 2516 1583 2673 2502 1869 2093 2472 1790 2355 1353 1998 2148 1421 2579 864 2108 1895 1824 1848 2585 1526 960 1856 2441 669 1700 1072 1688 1700 1323 1661 1636 738 1934 0 1403 2406 2060 1781 1755 1014 2738 1328 1652 1780 1976 1427 1550 1404 2540 1590 2411 2291 1077 2379 1418 1088 1263 
1119 7833 1812 4191 1570 1312 758 3847 1500 1521 6405 1518 2499 1464 1432 1520 788 2334 6096 4482 212 962 2048 1574 762 988 1134 3892 1316 1228 1779 4288 7211 1030 2340 906 1092 1539 2387 1028 3535 1710 2226 1627 4788 3325 3402 1210 2015 1269 2720 1012 1535 3927 126 1604 1963 1614 1408 4311 1154 1983 410 632 453 1038 3206 396 164 950 792 1179 516 850 170 1239 1403 0 1688 657 1260 2171 739 1780 610 498 872 1258 32 642 1198 3130 682 1008 1540 1308 2535 510 394 222 
1950 1528 1930 1666 1512 2396 1130 1716 2152 1684 1858 1890 2388 2396 1920 2012 1440 1492 1030 1502 1532 1614 1540 1672 1414 1700 2338 1536 1740 1880 1908 1444 1400 1402 1822 1606 2284 1678 1808 1514 1468 1730 2034 1612 624 1322 1806 1894 1684 1474 1322 1504 1934 1086 1676 1504 2216 1500 1678 1578 2252 2146 1770 2096 1990 2186 2086 1886 1816 1548 2260 2004 1666 2040 1858 1620 2406 1688 0 1536 1716 1722 1920 846 1690 1680 2324 1990 1704 2110 2278 1898 2196 2030 2044 1814 2528 1978 1492 1564 
1575 1644 2178 1851 2093 1616 1196 1989 1616 1977 1437 1826 2934 2121 1530 1810 904 2265 1644 1683 650 1078 1710 1185 878 1164 1438 2259 1710 1344 2214 1854 1296 1468 1929 1210 1530 1713 1680 1332 1212 636 1770 873 1368 2082 1227 1383 1797 1080 2004 933 1002 1728 711 1452 1706 1362 1185 669 1592 1632 780 1070 1110 1695 1511 954 602 942 1098 1836 915 1288 608 126 2060 657 1536 0 1035 1404 1396 1992 558 906 1310 1206 681 1080 1146 1794 1120 1665 1581 1638 2178 948 832 879 
1497 5838 2190 5099 1752 1564 786 4147 1752 1899 4530 1546 2877 1842 1936 1668 1040 2838 3878 5132 464 1214 2392 2030 1014 1240 1386 3652 1194 1480 2157 4624 5000 1058 2844 1158 1344 1917 3269 1170 1988 2466 2982 1980 5250 3535 4014 1840 2645 2403 2934 2180 2165 4158 1008 2108 2338 2370 1978 3750 986 2613 1670 380 831 1416 3759 900 416 2210 1044 1557 1272 598 422 2121 1781 1260 1716 1035 0 3053 1032 2284 862 1254 1124 1510 536 894 1450 3688 934 1386 2170 1188 3165 762 224 600 
1866 3321 1953 3804 1761 1768 792 3388 1998 2268 4124 1552 2640 2211 2364 1614 1286 3330 2502 3256 710 1460 2404 2629 1260 1082 1632 3847 1260 1726 1920 3951 4385 1064 3336 1268 1590 2286 4226 1176 3300 3366 3803 2675 3923 1960 3895 2455 2880 3158 1200 2815 2780 2698 2297 2600 2635 2921 3403 3914 1652 3132 2458 1130 1200 1785 3281 1392 662 2836 1290 432 2224 1348 668 3410 1755 2171 1722 1404 3053 0 1041 2776 1108 2206 1370 1652 964 1140 1696 3283 1180 1683 2785 2304 3780 1008 892 969 
1833 1670 2273 1877 2116 1544 990 1922 1732 2235 1695 1750 2960 2203 1769 1752 1020 2416 1533 1683 444 1194 2154 1213 994 1220 1366 2102 1548 1460 2240 2154 1742 1262 2375 1138 1324 2159 1762 1260 1026 1512 1852 955 2142 1809 1477 1465 1948 1162 1641 961 1606 1617 793 1848 540 1444 1113 1283 1386 1802 780 744 1192 1707 345 954 396 905 1024 1473 927 1082 62 1270 1014 739 1920 1396 1032 1041 0 1956 842 988 1104 1490 763 874 1188 1794 914 1628 1663 753 1931 742 626 955 
