0 1.4511 2.429 2.15435 1.93451 1.12848 1.00695 1.95905 1.56093 2.27902 1.42894 1.48036 3.12573 2.8349 1.97403 1.62848 1.5408 2.0918 1.89953 1.6967 1.07297 1.58731 2.51966 1.52871 1.53005 1.07227 1.48169 2.35994 1.43846 1.53918 2.77815 2.50027 2.12065 1.59855 2.89962 0.823112 1.23551 2.62118 2.18182 1.04472 2.29768 2.47026 2.3931 2.00481 2.12088 2.40109 1.34219 2.60105 2.00988 2.07644 2.05626 1.96174 2.37295 1.90474 2.03361 2.6896 2.52654 2.39329 2.12786 1.82155 2.17512 2.60815 2.28586 1.78663 2.70111 3.88441 2.61989 2.38585 1.23413 2.35288 1.52918 3.3797 2.48214 1.87464 1.44366 2.3615 3.35446 2.1267 2.22137 2.78126 2.56182 2.57316 2.85114 3.35012 1.60825 2.57949 1.87224 1.67579 2.6007 2.1276 1.97001 2.3497 2.15317 2.49716 2.75205 2.75783 3.52894 1.53887 1.41525 2.64172 
1.4511 0 1.43513 5.83661 1.4454 0.989961 0.739284 5.10308 1.56304 2.45822 11.7615 1.37212 2.18083 1.83892 1.83658 1.09958 1.01191 3.12624 12.8714 7.09194 0.800259 1.05842 2.35989 2.74705 1.13378 0.675995 1.34317 5.53721 1.33023 0.976487 1.60093 5.8862 12.874 1.06966 2.69848 0.714881 1.71766 1.38676 5.31441 0.936488 15.3723 4.39772 4.16143 14.3428 8.50207 5.86013 6.7133 3.8044 2.95937 7.6017 4.43142 8.11153 3.47193 9.8044 4.60784 3.07322 4.02803 4.33401 6.22486 15.3914 1.88668 4.24893 8.79617 1.4982 2.20341 3.38376 8.8615 2.90793 1.08988 9.28923 1.33782 2.65347 5.79216 1.5862 1.15522 5.53758 2.71394 13.64 2.00114 2.34726 10.2588 6.31631 2.12491 4.09072 1.46974 6.60569 1.68179 1.38026 3.07143 1.98335 1.67448 6.97777 2.00892 2.05118 3.99677 3.58061 5.50047 1.34752 1.12681 2.15735 
2.429 1.43513 0 1.6354 2.15606 1.63963 1.00538 2.12359 1.81815 3.19078 1.86271 1.87321 2.88387 2.6809 2.22003 1.49293 1.26701 2.6884 1.823 1.89133 1.17631 1.31352 2.16866 1.64478 1.19689 0.739107 1.99285 2.3091 1.68268 1.23159 2.14796 1.86888 1.65922 1.32476 2.48746 1.33427 2.21644 1.92986 2.43922 1.43757 2.32207 2.36666 2.2391 2.09904 2.52807 2.43113 1.58867 2.34917 2.31106 2.32746 2.27521 1.90555 2.0627 1.82416 1.99875 2.40404 2.54137 2.2376 2.2479 1.74253 2.32933 2.68615 2.38009 1.94085 2.71593 3.87978 2.54087 2.62227 1.49306 2.3677 1.78047 3.28426 2.49696 2.02885 1.59787 2.28248 3.36929 2.00349 2.43201 2.90346 2.48952 2.55528 2.82083 3.26965 1.85095 2.44668 1.93689 1.76148 2.44501 2.38653 2.0557 2.61852 2.31324 2.57516 2.74115 2.76301 3.54298 1.60262 1.56946 2.65654 
2.15435 5.83661 1.6354 0 1.82909 1.31957 0.865735 6.37319 1.81815 2.91056 6.69918 1.67145 2.69654 2.01405 2.84941 1.09958 1.26701 3.9196 6.2652 7.70562 1.02868 1.31352 2.71253 3.81936 1.19689 0.739107 1.67278 6.97781 1.56579 1.23159 1.67674 7.40674 5.98834 1.32476 3.29765 1.01421 1.92416 1.32076 6.87506 1.23582 7.74296 5.57301 5.44634 7.03144 8.50597 7.75851 7.48163 4.63661 4.00693 8.03157 5.49118 6.9133 4.55554 7.11892 5.84396 3.68088 4.75197 5.16127 8.21145 7.11584 2.10741 5.04269 8.23946 1.71892 2.55051 3.74348 9.32725 3.50227 1.2635 8.4784 1.58197 3.15103 6.80455 1.80693 1.37594 7.3161 3.25478 6.97448 2.25988 2.81426 9.09262 7.73199 2.64403 4.61057 1.79935 7.55896 1.88247 1.71499 3.67606 2.15697 2.00921 9.07199 2.18254 2.47403 4.80481 4.23246 6.2345 1.59166 1.34754 2.57938 
1.93451 1.4454 2.15606 1.82909 0 1.2227 0.749932 1.49179 1.79578 2.8689 1.32842 1.28036 2.70169 2.72143 1.65142 1.37627 1.28859 2.24615 1.35296 1.13524 0.94255 1.3351 1.98588 1.5537 1.51535 1.05862 1.57591 1.79848 1.23847 1.52342 2.25073 1.96488 1.69766 1.34634 2.36584 0.656917 1.88871 2.0874 1.90525 0.844727 1.86185 2.06083 2.27962 1.83338 2.17061 1.86731 1.36719 2.18867 1.55497 1.94268 1.4948 1.64675 2.22919 1.34327 1.75747 2.28192 2.35511 2.04846 1.77967 1.67779 1.97512 2.46439 2.10995 1.76908 2.38096 3.56673 2.28151 2.21441 1.21053 2.08889 1.6234 2.93897 2.16199 1.67465 1.50473 2.21774 3.08514 1.83812 2.1276 2.65523 2.24167 2.12921 2.4468 3.1155 1.70247 2.32456 1.82893 1.53197 2.16533 2.0066 2.03109 2.1008 2.12958 2.3534 2.38371 2.37662 3.20879 1.63309 1.21526 2.47028 
1.12848 0.989961 1.63963 1.31957 1.2227 0 1.40654 1.23853 2.10114 1.67148 0.989961 1.87994 1.88127 1.89571 1.23853 2.02807 1.94039 1.67148 1.42941 0.989961 1.47255 1.9869 1.79287 1.29513 1.92963 1.47185 1.88127 1.5444 1.83804 1.93877 1.82114 1.81597 1.47185 1.99814 1.92963 1.2227 2.22547 1.72695 1.5523 1.4443 1.70175 1.77368 1.61179 1.49811 1.85464 1.66777 1.02024 1.8194 1.31836 1.49811 1.43918 1.47255 1.61437 1.40654 1.47255 1.78966 1.84324 1.74699 1.54521 1.34574 2.5747 1.79029 1.63323 2.18622 1.9065 2.52719 1.84324 1.77621 1.63372 1.64635 1.92876 2.16838 1.74827 2.27422 1.84324 1.77368 2.24755 1.49597 2.72718 2.05887 1.81483 1.79353 1.84324 2.34811 2.00784 1.78966 2.27182 2.07538 1.79353 2.52719 2.3696 1.55919 2.55276 1.78557 1.89336 2.06015 2.44501 1.93846 1.81483 1.47255 
1.00695 0.739284 1.00538 0.865735 0.749932 1.40654 0 0.856589 1.8333 1.36515 0.840755 1.31416 1.5647 1.48116 0.928664 1.09958 1.01191 1.36515 0.62077 0.620769 0.800259 1.05842 0.860562 0.800259 1.23867 0.781936 1.75975 0.856589 1.15023 1.24674 0.865735 0.860562 0.781936 1.06966 1.20379 0.863633 1.92251 1.00538 0.986518 0.878524 0.944575 1.0031 1.20507 1.10298 1.08445 0.739284 0.800259 1.28807 0.840755 1.10872 0.62077 0.800259 1.0489 0.62077 0.998281 1.10131 1.2714 1.10131 0.944575 0.971493 1.88668 1.42828 1.21868 1.53575 1.29746 2.01523 1.2714 1.25653 1.21917 1.13472 1.51422 1.24976 1.06025 1.5862 1.30394 1.26451 1.6544 0.998281 2.00114 1.4596 1.12681 1.10111 1.30394 1.83649 1.64583 1.27803 1.74049 1.38026 1.12599 2.01523 1.93555 1.19718 2.09798 1.39618 1.41727 1.2714 1.99023 1.52391 1.12681 0.998281 
1.95905 5.10308 2.12359 6.37319 1.49179 1.23853 0.856589 0 1.75854 2.89344 4.72815 1.39535 2.66553 2.67808 2.29298 1.48292 1.38336 3.67139 4.45532 4.41602 1.05754 1.42986 2.51711 3.91702 1.46711 1.00933 1.59175 5.84024 1.02404 1.47413 2.06711 6.16501 5.07014 1.44111 3.52667 0.905491 1.90827 1.99276 5.95301 0.959712 5.14498 5.18714 5.50785 5.57283 6.64814 6.60942 4.96406 4.52589 3.1884 6.19312 4.71871 5.18954 4.46755 5.5621 5.56174 3.60366 3.84926 5.09087 6.07921 5.56738 1.98822 4.96344 6.11422 1.59074 2.32291 3.50722 6.61436 3.32397 1.29953 6.46775 1.63924 2.63433 6.31583 1.68774 1.29959 6.8218 2.72923 5.2719 2.24259 2.74414 6.75223 6.58113 2.08636 4.50348 1.68849 7.04068 1.93763 1.64695 3.17507 2.01969 1.82594 6.73927 2.19951 2.44232 4.47744 3.66585 5.87082 1.59585 1.22835 2.35142 
1.56093 1.56304 1.81815 1.81815 1.79578 2.10114 1.8333 1.75854 0 1.56093 1.56093 2.25003 2.34685 2.46879 1.75854 2.45963 1.97478 1.56093 1.7448 1.56304 1.67045 2.02128 1.85035 1.67045 2.01871 1.56304 2.37786 1.75854 2.20813 2.02785 1.94262 1.85035 1.56093 2.03253 2.01871 1.79578 2.23283 1.81815 1.95556 1.81439 2.07183 2.24265 2.18487 1.78237 1.63957 2.09933 1.59333 1.92852 1.83279 1.78237 1.95567 1.67045 1.97102 1.83279 1.74663 1.85088 2.34112 1.96595 2.01012 1.56093 2.91693 2.00548 1.93516 2.5775 2.18057 2.82912 2.27509 2.07814 1.93565 1.92042 2.36712 2.56676 2.09049 2.61645 2.27509 1.96346 2.58498 1.77005 2.77607 2.14083 2.14673 2.28216 2.27509 2.59112 2.22303 1.85088 2.43102 2.50163 2.0051 2.82912 2.66704 2.00548 2.76756 2.00548 2.40985 2.36534 2.65982 2.02754 2.15706 1.74663 
2.27902 2.45822 3.19078 2.91056 2.8689 1.67148 1.36515 2.89344 1.56093 0 1.93914 1.78188 3.93974 3.43134 2.6352 1.99148 1.90169 2.58814 2.62348 2.53285 1.16086 1.9482 3.27933 2.02394 2.01871 1.56304 2.0247 2.94145 1.73998 2.02785 3.56358 3.25993 2.88031 1.95944 3.65929 1.33135 1.23551 3.38296 2.30288 1.34624 2.63289 3.10453 2.97013 2.29994 2.59974 3.14718 2.18913 2.95562 2.32049 2.0294 2.92368 2.23279 3.00271 2.77183 2.12783 3.28942 3.06476 2.87037 2.56906 2.42291 2.33606 3.01658 2.39503 1.99174 3.03632 4.0463 3.10765 2.68948 1.32203 2.55455 1.79974 3.9174 2.81735 2.03559 1.75535 2.81237 3.86753 2.26426 2.22137 3.05231 2.89704 3.18103 3.36672 3.61755 1.84062 3.14327 1.96013 2.03348 3.11138 2.2155 2.17512 2.79039 2.24107 2.92594 3.17662 3.1372 3.80319 2.02367 1.5762 3.02288 
1.42894 11.7615 1.86271 6.69918 1.32842 0.989961 0.840755 4.72815 1.56093 1.93914 0 1.28036 2.40465 2.14797 1.747 1.48997 1.40018 3.22136 14.795 5.84942 0.686363 1.44669 2.71359 2.87379 1.39153 0.933751 1.34317 4.73944 1.23847 1.39855 2.19122 6.49402 16.4715 1.45793 3.3769 0.656917 1.23551 2.02788 4.41706 0.844727 16.8156 4.57314 4.18505 15.7231 8.01058 5.31832 5.27025 3.55772 2.17634 6.58583 4.01991 6.85061 3.60637 9.06332 3.71709 2.94686 3.52377 4.06787 5.44053 15.7662 1.80771 3.53881 7.90127 1.51724 1.92045 2.93968 8.03015 2.31243 0.793676 8.57629 1.32524 2.78523 5.06456 1.50724 1.25482 5.35298 2.73536 17.4069 2.1276 2.30086 9.21104 5.79877 2.22689 3.86548 1.17489 6.15678 1.43178 1.50909 2.84544 1.68715 1.64677 6.36632 1.71272 1.62186 3.82304 3.22444 5.15564 1.39824 1.04785 1.91625 
1.48036 1.37212 1.87321 1.67145 1.28036 1.87994 1.31416 1.39535 2.25003 1.78188 1.28036 0 2.23315 2.24759 1.39535 1.94049 1.8507 1.78188 1.28036 1.31416 1.39308 1.89721 1.72628 1.39308 2.07747 1.62285 2.23315 1.39535 1.68899 2.08765 1.73357 1.70236 1.62073 1.90845 2.04258 1.28036 2.33924 1.87321 1.45941 1.29525 1.5527 1.82409 1.99395 1.52545 1.70559 1.58019 1.37212 1.74909 1.31365 1.52545 1.43654 1.39308 1.88981 1.31365 1.4999 1.93854 2.09439 1.59794 1.57645 1.51756 2.42565 1.96211 1.66057 2.2196 1.83643 2.45712 1.95526 1.80355 1.66106 1.67369 2.13878 2.07549 1.59922 2.12517 1.95526 1.81058 2.33826 1.52332 2.57813 2.00567 1.66578 1.79088 1.95526 2.37546 2.17966 1.87596 2.27946 1.98249 1.66496 2.45712 2.48162 1.69841 2.5801 1.81291 1.89071 1.91374 2.46153 2.08734 1.66578 1.4999 
3.12573 2.18083 2.88387 2.69654 2.70169 1.88127 1.5647 2.66553 2.34685 3.93974 2.40465 2.23315 0 3.62073 2.89877 2.16335 1.79572 3.43736 2.66671 2.46388 1.70502 1.84222 2.97995 2.69565 1.3027 1.26781 1.34317 2.88076 2.19126 1.76029 3.23629 2.9542 2.42072 1.85347 2.66706 1.57591 2.57869 3.04904 3.17937 1.79752 3.19049 3.29012 3.17673 2.85374 3.19161 3.16827 2.36466 3.15097 2.88361 3.01014 2.82344 2.7887 3.01543 2.67191 2.77758 3.30292 3.49409 3.06946 3.02389 2.50403 2.88335 3.43511 3.14973 2.49486 3.66866 4.63447 3.43975 3.29955 1.98693 3.20429 2.28198 4.26761 3.44969 2.58287 2.15188 3.18136 4.32201 2.9005 2.96071 3.80234 3.3884 3.45785 3.71971 4.08583 2.36105 3.28033 2.46559 2.29018 3.34389 2.8804 2.5844 3.19074 2.84194 3.32412 3.64807 3.70526 4.29768 2.13132 2.12348 3.60927 
2.8349 1.83892 2.6809 2.01405 2.72143 1.89571 1.48116 2.67808 2.46879 3.43134 2.14797 2.24759 3.62073 0 2.52597 1.9299 1.98025 3.43626 2.50413 2.35432 1.30477 2.02676 2.86725 2.16462 1.95773 1.49995 2.24892 2.97725 2.15815 1.94483 2.97729 2.69821 2.39318 2.038 3.24222 1.59034 2.17139 2.79004 2.68844 1.81195 2.55585 2.74804 2.31347 2.3396 2.96481 2.72799 2.18187 2.78491 2.52931 2.42732 2.79567 2.32724 2.78175 2.52064 2.34426 2.96241 2.88688 2.79597 2.31172 2.46157 2.40691 3.11841 2.62065 2.01843 3.06145 4.2192 2.97313 2.92583 1.44038 2.71322 1.73542 3.74004 2.84248 2.10644 1.67545 2.71474 3.7148 2.34901 2.55939 3.33572 2.92216 2.78191 3.17929 3.70229 2.18386 2.93982 2.07848 2.20564 3.00338 2.33385 2.31192 2.85996 2.35942 3.04709 2.75422 3.10399 3.86372 1.74512 1.64705 3.00205 
1.97403 1.83658 2.22003 2.84941 1.65142 1.23853 0.928664 2.29298 1.75854 2.6352 1.747 1.39535 2.89877 2.52597 0 1.60495 1.51516 3.93271 2.3707 1.89495 0.871494 1.56167 2.96689 2.69566 1.58703 1.13136 1.59175 2.48461 1.23847 1.59616 2.34877 2.82521 2.68861 1.57291 3.92915 0.905491 1.49661 2.26219 2.50688 0.959712 2.82961 3.28085 3.00529 2.82688 3.46559 2.96259 2.07575 3.37363 2.13069 2.63832 2.62849 2.54979 3.48009 2.34606 2.64624 3.74384 3.18412 3.21819 2.69142 2.68591 1.98822 3.64327 3.0347 1.64257 2.33872 3.44759 3.50738 3.2829 1.05478 3.06033 1.58634 2.88745 3.50796 1.68774 1.29959 3.33158 2.98763 2.75365 2.24259 2.66813 3.23834 3.10191 2.40088 4.64131 1.2628 3.96298 1.69288 1.597 3.59431 1.94825 1.82594 3.17763 1.97382 2.1589 3.25495 4.05396 4.72705 1.59585 1.22835 2.32215 
1.62848 1.09958 1.49293 1.09958 1.37627 2.02807 1.09958 1.48292 2.45963 1.99148 1.48997 1.94049 2.16335 1.9299 1.60495 0 1.61056 1.99148 1.09958 1.09958 1.39891 1.65707 1.48614 1.39891 1.83733 1.38059 2.38128 1.48292 1.77657 1.87307 1.35328 1.35328 1.38059 1.66831 1.80244 1.48997 2.54884 1.49293 1.66902 1.50486 1.55853 1.60175 1.58338 1.72931 1.6831 1.33794 1.39891 1.88672 1.52325 1.73506 1.2471 1.39891 1.64755 1.09958 1.59693 1.69997 1.89773 1.69997 1.57091 1.57015 2.48533 2.0831 1.81733 2.16208 1.89612 2.61389 1.89773 1.88286 1.81782 1.73338 2.11287 1.93226 1.6589 2.18486 1.93027 1.86316 2.28073 1.59693 2.59979 2.05825 1.72547 1.72744 1.93027 2.43514 2.30064 1.87669 2.33914 2.03508 1.72464 2.61389 2.5342 1.852 2.69663 2.02252 1.87789 1.89773 2.58889 2.12256 1.72547 1.59693 
1.5408 1.01191 1.26701 1.26701 1.28859 1.94039 1.01191 1.38336 1.97478 1.90169 1.40018 1.8507 1.79572 1.98025 1.51516 1.61056 0 1.90169 0.808909 1.01191 1.31123 1.08539 0.914458 1.31123 1.26565 1.01191 2.21711 1.1609 1.45455 1.47671 1.39148 0.914458 0.808909 1.09663 1.23076 1.40018 2.4354 1.08293 1.57923 1.41507 1.30008 1.43111 1.63373 1.30572 1.11142 1.25026 1.30464 1.33508 1.43346 1.5876 1.15943 1.12458 1.42515 0.9437 1.20076 1.12829 1.79525 1.12829 1.35672 1.12458 2.12651 1.63753 1.44084 1.92046 1.53729 2.23739 1.65612 1.52794 1.44133 1.37455 1.89047 1.77635 1.30008 1.82603 1.65612 1.41759 2.03911 1.22418 2.24792 1.61268 1.36664 1.49174 1.65612 2.04525 1.85507 1.30501 1.88515 1.58951 1.36582 2.23739 2.08863 1.63753 2.25068 1.63753 1.67097 1.61459 2.14293 1.55088 1.36664 1.20076 
2.0918 3.12624 2.6884 3.9196 2.24615 1.67148 1.36515 3.67139 1.56093 2.58814 3.22136 1.78188 3.43736 3.43626 3.93271 1.99148 1.90169 0 3.16186 3.49001 1.16086 1.9482 3.89829 3.23057 2.01871 1.56304 2.0247 3.75001 1.73998 2.02785 2.99548 3.69964 3.23905 1.95944 4.58483 1.33135 1.63688 2.88059 3.80334 1.34624 3.69831 4.13765 4.41444 3.47903 3.48184 4.23619 3.12583 3.92961 3.71535 3.49272 3.82628 3.22134 4.04636 3.42956 3.31786 4.20274 4.54943 3.65403 3.8333 3.11723 2.33606 4.44308 3.86935 1.99174 2.77126 3.95704 4.38794 4.22974 1.32203 3.90527 1.79974 3.50602 4.30107 2.03559 1.75535 3.91953 3.56649 3.50108 2.15549 2.64488 4.09805 4.32321 3.08858 4.81249 1.84062 4.42416 1.96013 2.03348 4.37446 2.2155 2.17512 4.16753 2.24107 2.76641 4.63482 4.91966 5.31989 2.02367 1.5762 2.97294 
1.89953 12.8714 1.823 6.2652 1.35296 1.42941 0.62077 4.45532 1.7448 2.62348 14.795 1.28036 2.66671 2.50413 2.3707 1.09958 0.808909 3.16186 0 5.65951 0.800259 0.855418 1.88959 3.6074 1.03567 0.781936 1.78263 4.29398 0.801584 1.24674 1.37955 4.96475 17.3288 0.866659 2.70697 0.844727 1.88871 1.46115 4.42085 0.844727 16.6821 3.91599 4.80161 15.5956 7.81342 5.19877 6.26246 3.54398 2.82524 7.46654 3.48916 8.1006 3.57463 8.68813 4.231 2.66049 3.53725 3.65144 6.1216 15.9352 1.56215 4.0733 8.43253 1.3561 1.75011 3.03296 8.31233 2.55244 0.945638 8.31064 1.42335 2.11031 5.28905 1.26167 1.09176 4.97358 2.37115 16.5813 1.6766 1.97172 9.5514 5.03891 1.78666 3.47949 1.52193 6.12948 1.41596 1.25637 2.14515 1.6907 1.75549 6.32951 1.77344 2.02741 3.9653 3.24465 5.15611 1.32091 0.802279 1.98913 
1.6967 7.09194 1.89133 7.70562 1.13524 0.989961 0.620769 4.41602 1.56304 2.53285 5.84942 1.31416 2.46388 2.35432 1.89495 1.09958 1.01191 3.49001 5.65951 0 0.800259 1.05842 2.35132 3.8464 1.23867 0.781936 1.34317 5.07318 1.15023 0.976487 1.73677 6.87955 6.69809 1.06966 3.374 0.656917 1.71766 1.81837 5.18908 0.878524 6.75299 4.73717 5.12998 7.09963 9.59014 5.79763 7.08943 4.10055 2.95485 8.27854 4.01003 6.68091 4.14336 7.76671 4.90621 3.12996 3.62443 4.44342 6.81142 7.38449 1.88668 4.54263 8.10747 1.4982 2.1038 3.32318 9.16624 2.79603 1.08988 8.43707 1.38492 2.41962 5.80251 1.5862 1.15522 6.26352 2.52937 6.7564 2.00114 2.41742 9.01327 5.78866 1.94034 4.14163 1.46974 6.63279 1.72798 1.38026 2.82811 1.98335 1.67448 7.4674 2.00892 2.11559 3.94401 3.38636 5.43822 1.39462 1.12681 2.08375 
1.07297 0.800259 1.17631 1.02868 0.94255 1.47255 0.800259 1.05754 1.67045 1.16086 0.686363 1.39308 1.70502 1.30477 0.871494 1.39891 1.31123 1.16086 0.800259 0.800259 0 1.35774 1.18681 0.516721 1.37899 0.921208 1.82577 1.05754 1.35118 1.41369 1.19199 1.18681 0.921208 1.36899 1.37899 0.94255 1.5257 1.17631 0.783585 0.957441 0.801077 1.08893 1.02868 0.705616 1.27843 1.03861 0.516721 0.950079 0.783585 0.711915 0.947778 0.516721 0.8725 0.800259 0.686363 1.10164 1.13076 1.11535 0.705616 0.516721 1.62751 1.12804 0.840735 1.42146 1.03829 1.7347 1.12137 0.859162 0.841225 0.851187 1.31894 1.48035 0.801077 1.32703 1.12137 0.809738 1.47183 0.709781 2.00114 1.09247 0.867641 1.10551 1.12137 1.55295 1.34558 1.07781 1.38337 1.45738 1.10551 1.7347 1.51331 0.990016 1.76027 0.999376 1.30242 1.07592 1.65252 1.34752 0.867641 0.686363 
1.58731 1.05842 1.31352 1.31352 1.3351 1.9869 1.05842 1.42986 2.02128 1.9482 1.44669 1.89721 1.84222 2.02676 1.56167 1.65707 1.08539 1.9482 0.855418 1.05842 1.35774 0 0.960967 1.35774 1.31215 1.05842 2.26362 1.20741 1.50106 1.52322 1.43799 0.960967 0.855418 1.14314 1.27727 1.44669 2.48191 1.12944 1.62573 1.46158 1.34659 1.47762 1.68024 1.35223 1.15793 1.29677 1.35115 1.38159 1.47997 1.63411 1.20594 1.17109 1.47165 0.990209 1.24727 1.1748 1.84175 1.1748 1.40323 1.17109 2.17302 1.68404 1.48735 1.96697 1.5838 2.2839 1.70263 1.57445 1.48783 1.42106 1.93698 1.82286 1.34659 1.87254 1.70263 1.4641 2.08562 1.27068 2.29443 1.65919 1.41315 1.53825 1.70263 2.09176 1.90158 1.35151 1.93166 1.63602 1.41233 2.2839 2.13514 1.68404 2.29719 1.68404 1.71748 1.6611 2.18944 1.59739 1.41315 1.24727 
2.51966 2.35989 2.16866 2.71253 1.98588 1.79287 0.860562 2.51711 1.85035 3.27933 2.71359 1.72628 2.97995 2.86725 2.96689 1.48614 0.914458 3.89829 1.88959 2.35132 1.18681 0.960967 0 3.16908 1.00065 0.860562 2.06959 2.53522 1.33013 1.32536 1.74778 2.13668 2.17096 0.972208 3.46459 1.27575 2.28788 1.4922 3.19326 1.29065 3.07122 3.10975 3.57236 2.9381 2.88317 3.42436 2.69748 3.38868 2.88986 3.26587 2.76163 2.83358 3.5103 2.03005 2.85591 3.66181 3.63789 2.96709 3.24424 2.82196 2.00209 3.99935 3.29992 1.79604 2.44571 3.64144 3.54899 3.68882 1.3169 3.30818 1.76605 2.97588 3.62749 1.70161 1.5317 3.3712 3.18477 2.96016 2.1235 2.63323 3.55713 3.32238 2.6239 4.67931 1.70373 3.97714 1.76073 1.43817 3.53745 2.11297 1.96421 3.65332 2.12626 2.48102 4.01854 4.18731 4.77897 1.42646 1.24222 2.64739 
1.52871 2.74705 1.64478 3.81936 1.5537 1.29513 0.800259 3.91702 1.67045 2.02394 2.87379 1.39308 2.69565 2.16462 2.69566 1.39891 1.31123 3.23057 3.6074 3.8464 0.516721 1.35774 3.16908 0 1.37899 0.921208 1.64834 4.36898 1.35118 1.41369 2.22597 4.04279 3.56208 1.36899 3.65334 0.94255 1.5257 1.97973 4.25115 0.957441 3.96076 4.50749 4.01953 3.81717 4.2416 4.72289 3.1268 4.66961 3.86473 4.02655 4.40239 3.63795 4.43487 3.90733 3.70465 3.6066 4.89324 4.29022 3.91163 3.41201 1.62751 4.95713 4.26628 1.42146 2.15259 3.40356 4.81467 3.31985 0.841225 4.57792 1.31894 2.90422 5.10633 1.32703 1.12137 4.35099 2.83506 3.95646 2.00114 2.32867 4.87002 4.87117 2.24604 4.48151 1.34558 5.78433 1.38337 1.45738 3.54244 1.7347 1.51331 4.55365 1.76027 2.00037 4.87234 3.94028 6.36568 1.34752 0.867641 2.17521 
1.53005 1.13378 1.19689 1.19689 1.51535 1.92963 1.23867 1.46711 2.01871 2.01871 1.39153 2.07747 1.3027 1.95773 1.58703 1.83733 1.26565 2.01871 1.03567 1.23867 1.37899 1.31215 1.00065 1.37899 0 1.13378 1.78346 1.38767 1.68131 1.43427 1.32136 1.00065 0.457781 1.3234 0.457781 1.62427 2.42464 1.00065 1.78405 1.64183 1.52684 1.65788 1.56925 1.27505 1.33819 1.47703 1.23451 1.41176 1.66023 1.56778 1.38619 1.26851 1.4929 1.17047 1.26851 1.28827 1.82586 1.35505 1.58348 1.23451 2.35328 1.75883 1.4241 2.05547 1.6988 2.31806 1.71249 1.65193 1.42459 1.44231 1.85606 2.00311 1.52684 2.0528 1.71249 1.40086 2.10687 1.28827 2.37049 1.68359 1.58412 1.71851 1.71249 2.06654 1.97637 1.28827 1.86842 1.81628 1.4425 2.31806 2.10443 1.83608 2.24477 1.75883 1.89774 1.84136 2.14876 1.51648 1.59341 1.26851 
1.07227 0.675995 0.739107 0.739107 1.05862 1.47185 0.781936 1.00933 1.56304 1.56304 0.933751 1.62285 1.26781 1.49995 1.13136 1.38059 1.01191 1.56304 0.781936 0.781936 0.921208 1.05842 0.860562 0.921208 1.13378 0 1.75068 1.00933 1.42757 0.976487 0.863574 0.860562 0.675995 1.06966 1.13378 1.16649 1.96897 0.739107 1.32838 1.18721 1.24088 1.20467 1.11146 1.10235 1.08445 1.02029 0.776733 1.22936 1.20561 1.15519 0.929455 0.921208 1.03911 0.781936 0.997389 1.10131 1.36808 1.10131 1.14945 0.776733 2.09954 1.3783 1.23747 1.71105 1.43133 2.13143 1.36808 1.32067 1.23796 1.17118 1.53301 1.61461 1.2731 1.79906 1.36808 1.20467 1.80303 1.02081 2.1769 1.49696 1.33967 1.31836 1.36808 1.84188 1.59585 1.10164 1.68179 1.50637 1.25586 2.13143 1.80059 1.3783 2.05813 1.3783 1.4976 1.58009 1.9798 1.34752 1.33967 0.997389 
1.48169 1.34317 1.99285 1.67278 1.57591 1.88127 1.75975 1.59175 2.37786 2.0247 1.34317 2.23315 1.34317 2.24892 1.59175 2.38128 2.21711 2.0247 1.78263 1.34317 1.82577 2.26362 2.06959 1.64834 1.78346 1.75068 0 1.89761 2.19126 2.21549 2.13025 2.09269 1.74857 2.27486 1.74857 1.57591 2.57869 2.00579 1.90551 1.79752 2.05496 2.12689 1.965 1.85132 2.20785 2.02098 1.37346 2.11616 1.67157 1.85132 1.7924 1.82577 1.96758 1.75975 1.82577 2.06638 2.19645 2.1002 1.89842 1.69895 2.92791 2.1435 1.98644 2.53943 2.25971 2.8804 2.19645 2.12942 1.98693 1.99956 2.28198 2.52159 2.10148 2.62744 2.19645 2.12689 2.60076 1.84918 3.08039 2.41208 2.16805 2.14674 2.19645 2.70133 2.36105 2.06638 2.62503 2.42859 2.14674 2.8804 2.72281 1.91241 2.90597 2.13878 2.24657 2.41337 2.79822 2.21518 2.16805 1.82577 
2.35994 5.53721 2.3091 6.97781 1.79848 1.5444 0.856589 5.84024 1.75854 2.94145 4.73944 1.39535 2.88076 2.97725 2.48461 1.48292 1.1609 3.75001 4.29398 5.07318 1.05754 1.20741 2.53522 4.36898 1.38767 1.00933 1.89761 0 0.801584 1.47413 2.12976 6.45834 5.51444 1.21865 3.6304 0.944821 1.95271 1.94251 5.63543 0.959712 5.57366 5.56068 5.92231 5.65579 6.50285 6.57037 5.25345 4.41849 3.17265 6.11477 4.9378 5.2656 4.56169 5.57948 5.21188 3.36637 4.41677 4.93128 6.29096 5.7964 1.85702 4.82685 6.33528 1.59074 2.19109 3.46345 7.06429 3.2752 1.29953 6.44771 1.80324 2.76193 6.38757 1.55655 1.43483 6.97251 2.96423 5.47223 2.19657 2.64577 6.84852 7.00371 2.3752 4.42354 1.79134 7.14354 1.8979 1.64695 3.16611 2.01969 2.04418 6.80342 2.17949 2.45454 4.97992 3.81596 5.78921 1.59585 1.20832 2.44454 
1.43846 1.33023 1.68268 1.56579 1.23847 1.83804 1.15023 1.02404 2.20813 1.73998 1.23847 1.68899 2.19126 2.15815 1.23847 1.77657 1.45455 1.73998 0.801584 1.15023 1.35118 1.50106 1.33013 1.35118 1.68131 1.42757 2.19126 0.801584 0 1.89238 1.56964 1.24646 1.22458 1.5123 1.64643 1.23847 2.29734 1.4986 1.3879 1.25336 1.13943 1.68008 1.88206 1.48356 1.52709 1.41627 1.33023 1.7072 1.27175 1.48356 1.02404 1.35118 1.72588 1.15023 1.44934 1.54395 1.72194 1.51319 1.50972 1.47566 2.15067 1.92022 1.61868 1.98628 1.67262 2.39039 1.72194 1.66327 1.61917 1.58578 2.09688 1.70919 1.4354 1.85019 1.75447 1.76868 2.10493 1.4354 2.47819 1.96377 1.50197 1.50437 1.75447 2.28755 2.13776 1.71214 2.19155 1.9406 1.57705 2.39039 2.41821 1.65652 2.47313 1.77102 1.84881 1.71025 2.36539 1.96655 1.50197 1.44934 
1.53918 0.976487 1.23159 1.23159 1.52342 1.93877 1.24674 1.47413 2.02785 2.02785 1.39855 2.08765 1.76029 1.94483 1.59616 1.87307 1.47671 2.02785 1.24674 0.976487 1.41369 1.52322 1.32536 1.41369 1.43427 0.976487 2.21549 1.47413 1.89238 0 1.35606 1.32536 0.976487 1.53446 1.43427 1.63129 2.43378 1.23159 1.79318 1.65201 1.71806 1.69715 1.59831 1.59483 1.54925 1.51277 1.26922 1.72184 1.67041 1.61999 1.39426 1.41369 1.53159 1.24674 1.48987 1.56612 1.83288 1.56612 1.61425 1.26922 2.56434 1.84311 1.72995 2.17586 1.92382 2.62391 1.83288 1.78547 1.73044 1.66367 2.02549 2.07941 1.73791 2.26386 1.83288 1.69715 2.26783 1.51329 2.66939 1.98944 1.80447 1.78317 1.83288 2.33437 2.06065 1.59412 2.17427 1.97118 1.74835 2.62391 2.2654 1.84311 2.55062 1.84311 1.9624 2.04489 2.47228 1.84 1.80447 1.48987 
2.77815 1.60093 2.14796 1.67674 2.25073 1.82114 0.865735 2.06711 1.94262 3.56358 2.19122 1.73357 3.23629 2.97729 2.34877 1.35328 1.39148 2.99548 1.37955 1.73677 1.19199 1.43799 1.74778 2.22597 1.32136 0.863574 2.13025 2.12976 1.56964 1.35606 0 1.55829 1.63994 1.44923 2.30812 1.28304 2.34192 1.78611 2.47149 1.29793 2.35434 2.13327 2.4588 2.39543 2.17717 2.24526 2.0538 2.52877 2.25002 2.57987 2.07012 2.02554 2.35909 1.38071 2.21244 2.52403 2.78091 2.35758 2.33509 2.03892 2.27841 2.98253 2.59364 1.95515 2.82555 4.03165 2.73985 2.82658 1.6109 2.49263 1.90595 3.26495 2.60658 1.97793 1.72334 2.5651 3.46271 2.28271 2.39286 3.02345 2.60951 2.55756 2.90514 3.48334 1.97542 2.56667 2.06136 1.80123 2.59368 2.40696 2.18016 2.71032 2.4377 2.87154 2.77343 2.79529 3.6737 1.72709 1.51854 2.95292 
2.50027 5.8862 1.86888 7.40674 1.96488 1.81597 0.860562 6.16501 1.85035 3.25993 6.49402 1.70236 2.9542 2.69821 2.82521 1.35328 0.914458 3.69964 4.96475 6.87955 1.18681 0.960967 2.13668 4.04279 1.00065 0.860562 2.09269 6.45834 1.24646 1.32536 1.55829 0 4.68495 0.972208 2.95407 1.25184 2.31071 1.19694 6.48234 1.26673 6.93252 4.66582 5.62248 6.52258 7.17534 7.40287 7.28963 4.35196 3.95848 7.45316 5.26514 6.60156 4.20969 6.31893 5.66548 3.33502 4.62011 4.73696 7.53483 6.65327 2.00209 4.97691 7.47307 1.79604 2.28547 3.48119 8.61693 3.40377 1.3169 7.89988 1.76605 2.81564 6.42699 1.70161 1.5317 6.08564 3.02452 6.30882 2.10247 2.45398 8.40553 7.29583 2.46366 4.15534 1.70373 7.1528 1.76073 1.43817 3.31616 2.11297 1.96421 8.58669 2.12626 2.32078 4.86453 3.96317 5.9079 1.42646 1.24222 2.48714 
2.12065 12.874 1.65922 5.98834 1.69766 1.47185 0.781936 5.07014 1.56093 2.88031 16.4715 1.62073 2.42072 2.39318 2.68861 1.38059 0.808909 3.23905 17.3288 6.69809 0.921208 0.855418 2.17096 3.56208 0.457781 0.675995 1.74857 5.51444 1.22458 0.976487 1.63994 4.68495 0 0.866659 2.30349 1.16649 1.96686 1.1426 5.23654 1.1851 17.8073 4.14802 4.61377 15.773 8.00349 6.36534 6.78421 3.40555 3.48257 8.0475 4.55168 8.29885 3.32772 8.77569 4.47349 2.68166 4.01216 3.89733 6.23782 16.6135 1.89654 4.30785 8.77394 1.59768 2.06861 3.01869 8.89827 3.031 0.966809 9.33417 1.39828 2.80702 5.37546 1.59606 1.25471 5.33665 2.86749 17.3864 1.91271 2.07006 10.2704 6.40608 2.23908 3.599 1.51859 6.10816 1.41064 1.35954 2.85846 1.86028 1.64665 7.38386 1.78698 2.08967 4.23765 3.39942 4.96791 1.05869 1.13667 2.14276 
1.59855 1.06966 1.32476 1.32476 1.34634 1.99814 1.06966 1.44111 2.03253 1.95944 1.45793 1.90845 1.85347 2.038 1.57291 1.66831 1.09663 1.95944 0.866659 1.06966 1.36899 1.14314 0.972208 1.36899 1.3234 1.06966 2.27486 1.21865 1.5123 1.53446 1.44923 0.972208 0.866659 0 1.28851 1.45793 2.49315 1.14068 1.63698 1.47282 1.35783 1.48886 1.69148 1.36347 1.16917 1.30801 1.36239 1.39283 1.49121 1.64536 1.21718 1.18233 1.4829 1.00145 1.25851 1.18604 1.853 1.18604 1.41447 1.18233 2.18426 1.69528 1.49859 1.97821 1.59504 2.29514 1.71387 1.58569 1.49908 1.4323 1.94822 1.8341 1.35783 1.88378 1.71387 1.47534 2.09686 1.28193 2.30567 1.67043 1.42439 1.54949 1.71387 2.103 1.91282 1.36276 1.9429 1.64726 1.42357 2.29514 2.14638 1.69528 2.30843 1.69528 1.72872 1.67234 2.20068 1.60864 1.42439 1.25851 
2.89962 2.69848 2.48746 3.29765 2.36584 1.92963 1.20379 3.52667 2.01871 3.65929 3.3769 2.04258 2.66706 3.24222 3.92915 1.80244 1.23076 4.58483 2.70697 3.374 1.37899 1.27727 3.46459 3.65334 0.457781 1.13378 1.74857 3.6304 1.64643 1.43427 2.30812 2.95407 2.30349 1.28851 0 1.59206 2.42464 2.10872 3.94895 1.60695 3.6596 3.73206 3.95313 3.52622 3.77625 4.10775 3.30231 3.76929 3.86032 3.91058 3.71229 3.13254 3.70606 2.91255 3.3371 4.19335 4.28602 3.60152 3.67298 3.42679 2.31839 4.53662 3.97683 2.05547 2.73679 3.83401 4.07534 4.37536 1.42459 4.0386 1.85606 3.47521 4.21227 2.01791 1.71249 3.87424 3.53567 3.41229 2.37049 2.84348 4.06535 4.19549 2.90726 5.13144 1.97637 4.42927 1.86842 1.78139 4.20448 2.31806 2.10443 4.21291 2.24477 2.78711 4.44852 4.75333 5.3105 1.51648 1.55852 2.93074 
0.823112 0.714881 1.33427 1.01421 0.656917 1.2227 0.863633 0.905491 1.79578 1.33135 0.656917 1.28036 1.57591 1.59034 0.905491 1.48997 1.40018 1.33135 0.844727 0.656917 0.94255 1.44669 1.27575 0.94255 1.62427 1.16649 1.57591 0.944821 1.23847 1.63129 1.28304 1.25184 1.16649 1.45793 1.59206 0 1.88871 1.42159 1.00889 0.844727 1.10217 1.37357 1.33671 1.07492 1.25506 1.12967 0.714881 1.29857 0.863123 1.07492 0.98601 0.94255 1.30901 0.863123 1.04937 1.48429 1.5102 1.14741 1.12593 1.04038 1.97512 1.48493 1.21004 1.76908 1.38591 2.0066 1.50473 1.35303 1.21053 1.22317 1.6234 1.62496 1.14869 1.67465 1.50473 1.36005 1.88773 1.07279 2.1276 1.55514 1.21526 1.34036 1.50473 1.92493 1.70247 1.42543 1.82893 1.53197 1.21443 2.0066 2.03109 1.24789 2.12958 1.36239 1.44018 1.46321 2.01101 1.63309 1.21526 1.04937 
1.23551 1.71766 2.21644 1.92416 1.88871 2.22547 1.92251 1.90827 2.23283 1.23551 1.23551 2.33924 2.57869 2.17139 1.49661 2.54884 2.4354 1.63688 1.88871 1.71766 1.5257 2.48191 2.28788 1.5257 2.42464 1.96897 2.57869 1.95271 2.29734 2.43378 2.34192 2.31071 1.96686 2.49315 2.42464 1.88871 0 2.22408 1.4087 1.9036 1.7723 2.06172 1.92416 1.45792 1.79929 2.18854 1.5257 1.84699 1.4087 1.23551 2.04195 1.5257 2.02243 1.922 1.45792 2.08878 2.1168 1.90084 1.60253 1.65018 2.64526 1.95441 1.60697 2.35657 1.95965 2.50093 2.09416 1.77551 1.60746 1.69949 2.13903 2.44142 1.81883 2.34478 2.09416 1.78253 2.36406 1.54912 2.69738 2.06526 1.88539 2.04195 2.09416 2.40126 2.31228 2.01293 2.24557 2.59084 1.90084 2.50093 2.4861 1.77551 2.5265 1.82454 2.00991 2.13334 2.41876 2.21203 1.88539 1.5257 
2.62118 1.38676 1.92986 1.32076 2.0874 1.72695 1.00538 1.99276 1.81815 3.38296 2.02788 1.87321 3.04904 2.79004 2.26219 1.49293 1.08293 2.88059 1.46115 1.81837 1.17631 1.12944 1.4922 1.97973 1.00065 0.739107 2.00579 1.94251 1.4986 1.23159 1.78611 1.19694 1.1426 1.14068 2.10872 1.42159 2.22408 0 2.39239 1.43757 2.19139 2.13543 2.24247 2.20818 1.97777 2.31522 1.86655 2.34152 2.2424 2.39925 2.03616 1.83828 2.17184 1.46231 2.02519 2.33678 2.6505 2.17033 2.15447 1.85166 2.17056 2.79528 2.41302 1.96451 2.64867 3.8444 2.5769 2.66363 1.48538 2.32968 1.78811 3.23808 2.4297 1.87008 1.62318 2.31541 3.38425 2.10583 2.29197 2.83619 2.42226 2.4246 2.74219 3.29609 1.85095 2.37942 1.92921 1.60664 2.46073 2.28144 2.0557 2.57985 2.29473 2.68429 2.59281 2.67201 3.48645 1.59494 1.41069 2.76567 
2.18182 5.31441 2.43922 6.87506 1.90525 1.5523 0.986518 5.95301 1.95556 2.30288 4.41706 1.45941 3.17937 2.68844 2.50688 1.66902 1.57923 3.80334 4.42085 5.18908 0.783585 1.62573 3.19326 4.25115 1.78405 1.32838 1.90551 5.63543 1.3879 1.79318 2.47149 6.48234 5.23654 1.63698 3.94895 1.00889 1.4087 2.39239 0 1.02378 4.76439 5.09574 5.32622 5.09079 6.51215 5.62693 5.09854 4.10767 2.91784 5.67659 4.68171 4.52428 4.05723 5.33439 4.7158 3.27671 4.09764 4.65946 5.91623 5.49457 1.83641 4.28453 5.56489 1.55303 1.95643 2.96641 6.49972 2.28093 0.798616 5.1751 1.33798 2.76278 5.44193 1.53593 1.31665 6.39165 2.7861 4.65286 2.11665 2.40292 6.30475 6.10051 2.30367 3.86726 1.32968 6.64696 1.43672 1.65485 3.03828 1.69209 1.84302 6.10111 1.71766 1.77132 4.16658 3.37912 5.37869 1.57143 1.07654 1.94299 
1.04472 0.936488 1.43757 1.23582 0.844727 1.4443 0.878524 0.959712 1.81439 1.34624 0.844727 1.29525 1.79752 1.81195 0.959712 1.50486 1.41507 1.34624 0.844727 0.878524 0.957441 1.46158 1.29065 0.957441 1.64183 1.18721 1.79752 0.959712 1.25336 1.65201 1.29793 1.26673 1.1851 1.47282 1.60695 0.844727 1.9036 1.43757 1.02378 0 1.11706 1.38846 1.55832 1.08982 1.26995 1.14456 0.936488 1.31346 0.878014 1.08982 1.0009 0.957441 1.45417 0.878013 1.06426 1.5029 1.65875 1.16231 1.14082 1.08192 1.99002 1.52648 1.22494 1.78397 1.4008 2.02149 1.51962 1.36792 1.22543 1.23806 1.70314 1.63985 1.16358 1.68954 1.51962 1.37494 1.90262 1.08768 2.14249 1.57003 1.23015 1.35525 1.51962 1.93982 1.74402 1.44032 1.84382 1.54686 1.22932 2.02149 2.04598 1.26278 2.14447 1.37728 1.45507 1.4781 2.0259 1.6517 1.23015 1.06426 
2.29768 15.3723 2.32207 7.74296 1.86185 1.70175 0.944575 5.14498 2.07183 2.63289 16.8156 1.5527 3.19049 2.55585 2.82961 1.55853 1.30008 3.69831 16.6821 6.75299 0.801077 1.34659 3.07122 3.96076 1.52684 1.24088 2.05496 5.57366 1.13943 1.71806 2.35434 6.93252 17.8073 1.35783 3.6596 1.10217 1.7723 2.19139 4.76439 1.11706 0 4.33647 4.78567 15.3697 8.27671 5.30277 6.08762 3.61424 3.04348 7.74823 3.71417 7.30376 3.72491 10.5839 3.89044 2.77006 3.3013 4.48021 5.76075 15.1714 1.01124 4.10483 7.61007 0.883822 0.993905 2.27188 6.97703 2.21904 0.581796 7.50229 1.2436 2.26232 3.62794 0.710758 0.727913 4.50288 2.29796 13.5484 1.79052 1.91871 6.88238 5.30948 1.57832 3.27457 1.62268 5.03281 1.2199 1.51636 2.31468 1.30196 1.57574 6.23835 1.4096 1.92826 3.83386 2.44103 3.82601 1.37192 0.438437 1.58415 
2.47026 4.39772 2.36666 5.57301 2.06083 1.77368 1.0031 5.18714 2.24265 3.10453 4.57314 1.82409 3.29012 2.74804 3.28085 1.60175 1.43111 4.13765 3.91599 4.73717 1.08893 1.47762 3.10975 4.50749 1.65788 1.20467 2.12689 5.56068 1.68008 1.69715 2.13327 4.66582 4.14802 1.48886 3.73206 1.37357 2.06172 2.13543 5.09574 1.38846 4.33647 0 5.53769 4.18357 5.00934 5.56987 4.52023 4.2671 3.85548 4.95961 5.16704 4.01553 4.01217 4.78562 4.34536 3.31308 4.45425 5.24121 4.28363 4.35583 1.83313 4.78847 4.57157 1.44228 1.9343 3.17255 5.4361 2.85054 0.893069 5.05332 1.36235 2.76466 6.12029 1.53265 1.17701 4.71289 2.86632 3.96081 2.02212 1.84483 5.2758 5.64321 2.22273 3.97959 1.57236 6.95812 1.4476 1.5629 3.08802 1.78654 1.70042 5.53923 1.81211 2.23404 4.48206 3.58579 5.65531 1.57239 1.07326 2.20585 
2.3931 4.16143 2.2391 5.44634 2.27962 1.61179 1.20507 5.50785 2.18487 2.97013 4.18505 1.99395 3.17673 2.31347 3.00529 1.58338 1.63373 4.41444 4.80161 5.12998 1.02868 1.68024 3.57236 4.01953 1.56925 1.11146 1.965 5.92231 1.88206 1.59831 2.4588 5.62248 4.61377 1.69148 3.95313 1.33671 1.92416 2.24247 5.32622 1.55832 4.78567 5.53769 0 4.01126 5.76367 5.90311 4.44052 4.59311 3.93501 4.30388 5.25172 4.13194 4.24973 5.32428 4.43737 3.58602 4.7402 5.64958 4.60174 4.27081 2.08414 4.71731 4.70012 1.71892 2.38666 3.43107 5.662 3.31916 1.04634 5.38465 1.58197 3.15895 6.25116 1.78366 1.37594 5.23587 3.13372 4.18981 2.25988 2.5834 5.73192 6.02177 2.50077 4.38748 1.7123 7.27754 1.68445 1.71499 3.60428 1.93982 1.84036 5.71497 1.96539 2.29477 3.96534 3.98944 6.05907 1.59166 1.32427 2.44365 
2.00481 14.3428 2.09904 7.03144 1.83338 1.49811 1.10298 5.57283 1.78237 2.29994 15.7231 1.52545 2.85374 2.3396 2.82688 1.72931 1.30572 3.47903 15.5956 7.09963 0.705616 1.35223 2.9381 3.81717 1.27505 1.10235 1.85132 5.65579 1.48356 1.59483 2.39543 6.52258 15.773 1.36347 3.52622 1.07492 1.45792 2.20818 5.09079 1.08982 15.3697 4.18357 4.01126 0 7.91852 5.37221 5.76889 3.07764 2.89145 6.94682 3.95762 6.89115 3.23936 9.63596 3.42623 2.22303 3.61474 3.85128 5.14974 15.8262 1.29604 3.42751 6.36099 1.04784 1.17981 2.00223 7.27599 1.74921 0.258241 7.3689 0.896628 2.44992 3.38422 0.99556 0.799932 4.18749 2.17597 11.4386 1.7489 1.76373 8.68802 5.63105 1.5652 3.04887 1.36665 4.79247 0.896346 1.59067 2.27146 1.15171 1.49471 6.10705 1.17728 1.57724 3.22207 2.24298 3.86156 1.05869 0.53617 1.46216 
2.12088 8.50207 2.52807 8.50597 2.17061 1.85464 1.08445 6.64814 1.63957 2.59974 8.01058 1.70559 3.19161 2.96481 3.46559 1.6831 1.11142 3.48184 7.81342 9.59014 1.27843 1.15793 2.88317 4.2416 1.33819 1.08445 2.20785 6.50285 1.52709 1.54925 2.17717 7.17534 8.00349 1.16917 3.77625 1.25506 1.79929 1.97777 6.51215 1.26995 8.27671 5.00934 5.76367 7.91852 0 7.22175 9.11005 4.4692 4.098 9.56942 5.47711 8.01195 4.31717 9.11445 5.43831 3.31142 4.85078 5.20284 7.74906 7.96908 1.86286 4.87225 9.13255 1.73544 2.16108 3.40789 10.609 3.44735 1.21403 8.83307 1.69175 3.05632 6.03651 1.56238 1.50363 5.92124 3.12063 7.50943 1.6766 2.10931 9.9922 7.48899 2.43669 3.8047 1.80791 6.45102 1.85214 1.54235 3.32162 2.01009 2.04147 8.57529 2.13307 2.49497 4.93829 3.88573 5.6418 1.53507 1.21416 2.46017 
2.40109 5.86013 2.43113 7.75851 1.86731 1.66777 0.739284 6.60942 2.09933 3.14718 5.31832 1.58019 3.16827 2.72799 2.96259 1.33794 1.25026 4.23619 5.19877 5.79763 1.03861 1.29677 3.42436 4.72289 1.47703 1.02029 2.02098 6.57037 1.41627 1.51277 2.24526 7.40287 6.36534 1.30801 4.10775 1.12967 2.18854 2.31522 5.62693 1.14456 5.30277 5.56987 5.90311 5.37221 7.22175 0 5.51591 4.78905 3.33556 6.15781 4.65495 4.95641 4.64875 5.44234 5.41099 3.50006 4.4916 5.45623 6.14178 5.90269 1.87696 4.53952 5.88905 1.68412 2.13748 3.48745 6.69099 2.85608 1.24199 5.46269 1.74313 2.51107 5.8366 1.57648 1.22136 6.72383 2.71337 4.78067 1.8985 2.53092 6.45723 6.18815 2.09181 4.05995 1.69179 6.86298 1.76331 1.67478 2.72936 2.06147 2.11605 5.52143 2.1208 2.176 4.70877 3.66413 5.83855 1.69169 1.14963 2.33346 
1.34219 6.7133 1.58867 7.48163 1.36719 1.02024 0.800259 4.96406 1.59333 2.18913 5.27025 1.37212 2.36466 2.18187 2.07575 1.39891 1.30464 3.12583 6.26246 7.08943 0.516721 1.35115 2.69748 3.1268 1.23451 0.776733 1.37346 5.25345 1.33023 1.26922 2.0538 7.28963 6.78421 1.36239 3.30231 0.714881 1.5257 1.86655 5.09854 0.936488 6.08762 4.52023 4.44052 5.76889 9.11005 5.51591 0 3.52064 2.63144 7.69691 4.17532 5.86022 3.4982 7.57504 3.95475 3.02681 3.3973 4.16296 5.58481 6.25005 1.62751 3.48617 6.85966 1.42146 1.749 2.96839 8.34895 2.32181 0.841225 7.51596 1.31894 2.7177 5.01934 1.32703 1.12137 5.29231 2.64855 5.83108 2.00114 2.14215 7.98399 6.1616 2.05952 3.82838 1.22164 5.93313 1.38337 1.38026 2.83277 1.7347 1.51331 6.20647 1.76027 1.56576 3.93015 3.15074 5.01659 1.34752 0.867641 1.95484 
2.60105 3.8044 2.34917 4.63661 2.18867 1.8194 1.28807 4.52589 1.92852 2.95562 3.55772 1.74909 3.15097 2.78491 3.37363 1.88672 1.33508 3.92961 3.54398 4.10055 0.950079 1.38159 3.38868 4.66961 1.41176 1.22936 2.11616 4.41849 1.7072 1.72184 2.52877 4.35196 3.40555 1.39283 3.76929 1.29857 1.84699 2.34152 4.10767 1.31346 3.61424 4.2671 4.59311 3.07764 4.4692 4.78905 3.52064 0 4.08146 3.86908 4.3339 3.11601 4.3596 4.05594 3.14031 2.77905 4.99307 3.7081 3.65084 3.46902 1.82721 4.84672 3.48571 1.48467 2.19672 3.2067 4.41929 3.11806 0.78941 4.13739 1.45122 3.08984 4.48417 1.52673 1.30297 4.26212 3.04208 2.89894 2.0609 2.54254 4.24266 4.77048 2.45361 4.22985 1.7697 4.94251 0.896346 1.76331 3.12745 1.68288 1.89776 4.54272 1.70845 2.38337 5.03795 3.86507 5.67348 1.20484 1.06734 2.26043 
2.00988 2.95937 2.31106 4.00693 1.55497 1.31836 0.840755 3.1884 1.83279 2.32049 2.17634 1.31365 2.88361 2.52931 2.13069 1.52325 1.43346 3.71535 2.82524 2.95485 0.783585 1.47997 2.88986 3.86473 1.66023 1.20561 1.67157 3.17265 1.27175 1.67041 2.25002 3.95848 3.48257 1.49121 3.86032 0.863123 1.4087 2.2424 2.91784 0.878014 3.04348 3.85548 3.93501 2.89145 4.098 3.33556 2.63144 4.08146 0 2.87025 3.32184 2.53416 4.30582 2.85764 2.51758 3.34602 4.09813 3.64955 3.01346 2.82693 1.96417 3.99331 2.98555 1.6537 2.16854 3.21901 3.99031 2.57353 0.966867 3.20013 1.49843 2.74793 4.00497 1.6637 1.43411 3.86015 2.88455 2.76071 2.06127 2.41016 3.66287 3.72183 2.37609 3.91353 1.17489 4.94791 1.56115 1.50909 3.06061 1.86034 1.84302 3.42852 1.88591 1.69786 4.27817 3.46837 5.58753 1.57143 1.20431 2.24694 
2.07644 7.6017 2.32746 8.03157 1.94268 1.49811 1.10872 6.19312 1.78237 2.0294 6.58583 1.52545 3.01014 2.42732 2.63832 1.73506 1.5876 3.49272 7.46654 8.27854 0.711915 1.63411 3.26587 4.02655 1.56778 1.15519 1.85132 6.11477 1.48356 1.61999 2.57987 7.45316 8.0475 1.64536 3.91058 1.07492 1.23551 2.39925 5.67659 1.08982 7.74823 4.95961 4.30388 6.94682 9.56942 6.15781 7.69691 3.86908 2.87025 0 4.53857 6.71508 3.94858 8.90145 4.574 3.05897 4.15365 4.5379 6.83209 6.85813 1.56493 3.6534 8.32411 1.2224 1.82017 2.83015 10.0947 2.30257 0.527134 9.08064 1.18894 2.72957 5.52517 1.26445 0.957122 5.96 2.65903 6.70994 1.7489 1.85129 9.62031 6.64633 2.10749 3.52207 1.4312 6.66357 1.08167 1.73398 2.97822 1.42061 1.62924 7.44173 1.44617 1.68216 3.36037 3.35588 5.41519 1.34367 0.805062 1.86057 
