0 813 1416 1020 967 750 1092 1066 1340 402 138 1440 2103 2115 231 1293 716 690 1242 774 642 890 952 753 1035 1086 858 1611 1278 1156 922 1546 1014 1200 1536 344 1142 954 1538 466 1581 1959 1572 975 1473 1680 489 1485 498 768 1170 1005 1650 1158 1065 1170 2035 1629 1287 906 1838 1269 1242 1638 1048 2157 1948 1106 854 1404 1298 2202 1377 1596 916 1449 2358 1119 1606 1050 1497 1770 1833 2454 716 1368 1420 1364 1143 1148 1956 819 801 1095 1683 1480 1623 1016 1078 1095 
813 0 603 552 852 868 796 576 1070 1215 3468 1674 1290 1302 768 1008 358 2131 4824 117 566 532 594 1135 1328 273 1228 2516 960 798 380 1188 2713 870 1850 662 1424 596 1208 824 3808 2005 1265 6057 2496 1364 1112 2705 1725 5850 1055 2421 1720 2866 2178 844 1808 2904 2765 5047 1720 2452 1206 1791 1024 2121 4286 1204 956 1368 1118 1665 2235 1572 892 3036 2160 5216 1248 1096 4870 3076 1586 2418 762 2664 1512 1346 1845 1250 2025 3846 954 1632 2288 1306 3232 1118 960 897 
1416 603 0 396 1455 1270 1200 978 1196 1818 1278 1863 1893 1791 1371 945 484 2106 1260 642 692 658 720 1248 687 876 1110 1737 1362 924 506 1314 666 1212 1299 1064 1826 310 1610 1226 1827 1806 948 1416 1125 1626 1020 1812 1638 1524 822 996 1635 1266 1254 822 1959 1782 1728 1293 2002 2256 1395 2220 1150 2310 2028 1566 1148 1557 1520 1854 1530 1698 1018 1836 2349 1272 1374 1308 1650 1422 1901 2607 974 1521 1638 1622 1296 1442 2343 1959 1557 2235 1905 1582 2379 1310 1242 1086 
1020 552 396 0 1059 1006 1072 714 932 1422 2352 1467 1497 1395 975 732 220 2387 2364 656 428 394 456 1444 776 480 952 2742 1098 660 242 1050 720 948 1505 800 1562 458 1346 962 3876 2350 920 2816 1944 1640 1664 2360 2070 3074 710 1600 2065 2372 1764 568 2084 2833 3168 2392 1738 2480 999 1824 886 1914 4562 1302 884 1161 1256 1458 1890 1434 754 2880 1953 2336 1110 1044 3344 2593 1505 2211 710 2250 1374 1358 1500 1178 1947 4398 1161 1839 2012 1318 3443 1046 978 690 
967 852 1455 1059 0 1004 873 1092 1630 1369 829 1885 2142 2154 922 1554 918 1657 723 813 896 1092 1154 1267 1296 1125 1413 1482 1192 1358 948 1748 1317 854 1928 94 1576 1156 1304 720 1380 1773 1611 1372 1332 1161 1003 1882 1154 1165 1161 1402 1884 807 1486 1473 2130 1428 1677 1467 1704 1925 1663 2035 1302 2457 2237 1360 1108 1825 1552 2184 1677 1766 1170 1922 2755 1540 1512 1304 1752 1761 2122 2875 970 1789 1674 1442 1564 1402 2432 1475 1198 1751 2080 1734 2020 1270 944 1492 
750 868 1270 1006 1004 0 1266 1444 1938 1018 658 1526 1728 1736 720 1372 1226 1210 1366 894 1208 1400 1462 1068 1200 1050 1138 1624 1828 1666 1248 2056 1186 1738 1590 910 1888 1464 2076 1032 1620 1670 1374 1216 1492 1550 892 1556 898 1078 1290 1236 1556 1310 1276 1290 1772 1652 1424 1170 2404 1412 1394 1658 1614 2004 1774 1672 1420 1502 1864 1978 1484 2162 1482 1532 2138 1312 2116 1616 1564 1690 1544 2202 1282 1478 1986 1930 1328 1714 1870 1112 1100 1296 1688 2046 1648 1582 1644 1296 
1092 796 1200 1072 873 1266 0 786 1208 1494 1272 1440 1887 1779 1047 1228 496 2469 200 744 602 670 732 1539 884 870 1504 1212 810 936 778 1326 912 472 1456 676 1026 734 810 584 1076 1600 1808 708 1012 784 1352 1388 1284 432 784 1148 2008 88 924 1120 2340 1140 1124 1748 1322 2473 870 1194 800 1785 2270 976 558 1032 1002 1443 1340 1348 668 1644 2114 996 1130 906 1500 1584 1473 2082 986 1328 1124 948 1028 852 1749 1712 357 1560 1652 1232 1572 720 562 861 
1066 576 978 714 1092 1444 786 0 1646 1334 974 1546 1436 1444 1036 1080 934 1526 686 550 1142 1108 1170 1030 908 758 1190 180 384 1374 956 1764 894 1058 1316 1186 1812 1172 1080 1170 1124 1378 1082 1140 1092 978 854 1480 1214 1002 978 1114 1264 742 1248 998 1428 1156 1314 1226 1908 1728 1366 1582 1586 1842 1558 1728 1344 1474 1694 1660 1322 1970 1454 1588 2004 1284 1716 1672 1372 1378 1516 2174 1338 1450 1910 1646 1300 1638 1926 1428 1024 1612 1612 1830 1572 1506 1148 1174 
1340 1070 1196 932 1630 1938 1208 1646 0 1072 1336 1550 1930 1862 1398 938 792 880 1148 1096 1000 966 1028 1140 766 1052 1048 1526 1730 1232 1174 1622 752 1520 1174 1588 1946 1030 1970 1632 1526 1848 1300 1252 1058 1440 1102 1516 1576 1390 856 972 1402 1204 1144 856 1702 1496 1460 1170 2310 1812 1238 1788 1458 1848 1618 1874 1456 1346 1832 1544 1328 2006 1326 1532 1874 1156 1682 1616 1408 1256 1388 2046 1282 1322 1946 1930 1172 1750 1870 1790 1412 1928 1578 1890 1960 1618 1550 1032 
402 1215 1818 1422 1369 1018 1494 1334 1072 0 540 1842 2505 2517 633 1695 984 288 1644 1176 910 1158 1220 1155 1437 1488 1260 2013 1546 1424 1190 1814 1416 1468 1938 612 874 1222 1806 734 1983 2361 1974 1377 1590 2082 891 1887 900 1170 1572 1407 2052 1560 1467 1572 2437 2031 1689 1308 2106 1671 1644 2040 1316 2559 2350 1374 1122 1806 1566 2604 1779 1864 1184 1851 2760 1521 1684 1318 1899 2172 2235 2856 984 1770 1688 1632 1545 1416 2358 1221 1203 1497 2085 1748 2025 1284 1346 1497 
138 3468 1278 2352 829 658 1272 974 1336 540 0 1302 1965 1977 93 1540 624 1434 7265 1908 550 798 860 1025 2392 948 960 2946 1186 1064 830 1454 5716 1108 2330 252 1230 862 1446 374 3848 3035 2390 4464 3560 2056 936 2245 600 3570 1720 3251 2650 3637 1854 1376 2548 2982 2681 4096 1746 1669 1104 1500 956 2019 5280 1014 762 1266 1206 2064 2065 1504 824 2622 2220 4816 1514 958 4530 3840 1695 2316 624 2460 1328 1272 1675 1056 1818 2452 663 957 2060 1388 2747 924 986 957 
1440 1674 1863 1467 1885 1526 1440 1546 1550 1842 1302 0 2964 2862 1395 1476 838 2130 1290 1713 1046 1012 1074 1779 1218 1647 1641 2049 1570 1278 1220 1668 1197 1232 1830 1120 1986 1076 1682 1242 1947 2340 2019 1947 1656 1728 1653 2343 1662 1764 1353 1527 2172 1374 1785 1353 2622 1995 2259 1824 2082 2433 1926 2634 1504 2841 2603 1882 1502 2088 1878 2385 2061 2052 1372 2367 2880 1803 1728 1662 2181 1953 2432 3138 1328 2052 1992 1820 1827 1796 2874 1983 1797 2259 2436 1936 2619 1664 1322 1617 
2103 1290 1893 1497 2142 1728 1887 1436 1930 2505 1965 2964 0 2592 2058 2046 1218 2793 2037 1329 1426 1392 1454 1971 1788 1563 1341 2424 1820 1658 1240 2048 1767 1730 1152 1522 2090 1456 2068 1684 2694 2493 2049 2127 2226 2313 1707 2637 2325 1920 1923 2097 2322 1953 2289 1923 2646 2742 2439 2265 2580 3096 2466 2790 1864 3381 2841 2040 1622 2628 1978 2955 2601 2412 1732 2808 3450 2343 2108 1956 2721 2523 2856 3678 1622 2592 2188 2206 2367 1916 3315 2646 1953 2922 2835 2166 2775 1784 1820 2187 
2115 1302 1791 1395 2154 1736 1779 1444 1862 2517 1977 2862 2592 0 2070 1944 1150 2805 1929 1341 1140 1324 1386 1920 1686 1575 2109 2436 1828 1590 1172 1980 1665 1658 2223 1530 1780 1388 1996 1692 1875 2505 1947 1248 2124 2325 1719 1758 2337 1455 1821 1668 2313 1845 1410 1821 2454 2169 1560 2139 2034 2898 1587 2325 1278 2502 2389 1454 1036 1749 1480 2643 1722 1826 1146 2364 2831 1464 2040 1660 1842 2211 2274 2799 1538 1713 1602 2134 1488 1330 2880 2658 1488 2724 1956 1710 2310 1198 1274 1578 
231 768 1371 975 922 720 1047 1036 1398 633 93 1395 2058 2070 0 1248 686 921 1197 729 612 860 922 708 990 1041 813 1566 1248 1126 892 1516 969 1170 1491 314 1292 924 1508 436 1536 1914 1527 930 1428 1635 444 1440 453 723 1125 960 1605 1113 1020 1125 1990 1584 1242 861 1808 1224 1197 1593 1018 2112 1903 1076 824 1359 1268 2157 1332 1566 886 1404 2313 1074 1576 1020 1452 1725 1788 2409 686 1323 1390 1334 1098 1118 1911 774 756 1050 1638 1450 1578 986 1048 1050 
1293 1008 945 732 1554 1372 1228 1080 938 1695 1540 1476 2046 1944 1248 0 226 2649 1108 1060 434 400 462 1217 344 729 964 1920 1164 666 608 1056 372 926 1216 1022 1634 464 1376 1038 1920 2508 1468 1372 928 1692 1072 1900 2020 1648 524 812 1672 1220 1156 580 2272 1860 1788 1208 1744 2492 1008 1833 892 1923 2318 1308 890 1170 1266 1425 1524 1440 760 1932 1962 1180 1088 1050 1684 1324 1500 2220 716 1512 1380 1364 1212 1184 1956 2448 1269 2043 1968 1324 2788 1052 984 699 
716 358 484 220 918 1226 496 934 792 984 624 838 1218 1150 686 226 0 1176 436 384 288 254 316 428 54 340 336 814 1018 520 462 910 40 808 462 876 1488 318 1258 920 814 1136 588 540 346 728 390 804 864 678 144 260 690 492 432 144 990 784 748 458 1598 1100 526 1076 746 1136 906 1162 744 634 1120 832 616 1294 614 820 1162 444 970 904 696 544 676 1334 570 610 1234 1218 460 1038 1158 1078 700 1216 866 1178 1248 906 838 320 
690 2131 2106 2387 1657 1210 2469 1526 880 288 1434 2130 2793 2805 921 2649 1176 0 2548 2105 942 1350 1412 1604 2305 1776 2283 3191 1738 1616 1382 2006 2291 1646 3024 804 1066 1414 1998 926 3033 3636 3123 2290 1736 3132 1668 2970 1914 2152 2485 2126 2945 2513 2298 2499 3449 3131 2706 2238 2298 2922 1854 2328 1456 2769 3472 1566 1314 2016 1758 2892 2678 2004 1324 2962 2808 2334 1492 1510 2838 3285 2416 3066 1176 2666 1880 1824 2366 1608 2646 2342 1491 1785 3234 1888 3292 1476 1538 1545 
1242 4824 1260 2364 723 1366 200 686 1148 1644 7265 1290 2037 1929 1197 1108 436 2548 0 2526 502 610 672 1885 1688 1020 1384 1518 710 876 818 1266 5168 372 2045 576 1126 674 822 484 1752 1750 2360 5102 1624 584 3014 1985 1635 5710 730 2133 2260 280 1686 1000 2394 1410 2268 6356 1222 2467 1020 1344 900 1734 5062 1062 658 1182 1102 1461 1590 1284 768 2766 2064 4396 1030 1006 3840 2502 1523 2232 900 2292 1224 960 1535 952 1899 3812 507 1578 1852 1332 2487 820 462 801 
774 117 642 656 813 894 744 550 1096 1176 1908 1713 1329 1341 729 1060 384 2105 2526 0 592 558 620 1200 1432 312 1280 2438 934 824 406 1214 1548 844 1915 636 1398 622 1182 798 3704 2070 1330 3444 2600 1416 1216 2665 1660 3030 1120 2538 1785 2442 2256 896 1756 2826 2674 3042 1694 2426 1245 1752 1050 2160 4234 1178 930 1407 1144 1704 2300 1598 918 3114 2181 3366 1274 1122 4500 3167 1599 2457 788 2742 1496 1320 1910 1224 2064 3794 915 1593 2340 1280 3167 1092 934 936 
642 566 692 428 896 1208 602 1142 1000 910 550 1046 1426 1140 612 434 288 942 502 592 0 462 524 140 262 548 544 1008 1212 728 670 1118 248 874 670 802 1256 526 1324 924 582 1044 796 308 554 794 316 648 790 446 352 28 458 558 200 352 758 682 516 342 1366 984 294 844 514 904 674 930 512 402 888 998 384 1062 382 704 930 212 1178 788 464 710 444 1102 454 378 1078 1102 228 806 1042 1004 468 1100 780 946 1016 674 606 88 
890 532 658 394 1092 1400 670 1108 966 1158 798 1012 1392 1324 860 400 254 1350 610 558 462 0 490 602 228 514 510 988 1192 694 636 1084 214 982 636 1050 1662 492 1432 1094 988 1310 762 714 520 902 564 978 1038 852 318 434 864 666 606 318 1164 958 922 632 1772 1274 700 1250 920 1310 1080 1336 918 808 1294 1006 790 1468 788 994 1336 618 1144 1078 870 718 850 1508 744 784 1408 1392 634 1212 1332 1252 874 1390 1040 1352 1422 1080 1012 494 
952 594 720 456 1154 1462 732 1170 1028 1220 860 1074 1454 1386 922 462 316 1412 672 620 524 490 0 664 290 576 572 1050 1254 756 698 1146 276 1044 698 1112 1724 554 1494 1156 1050 1372 824 776 582 964 626 1040 1100 914 380 496 926 728 668 380 1226 1020 984 694 1834 1336 762 1312 982 1372 1142 1398 980 870 1356 1068 852 1530 850 1056 1398 680 1206 1140 932 780 912 1570 806 846 1470 1454 696 1274 1394 1314 936 1452 1102 1414 1484 1142 1074 556 
753 1135 1248 1444 1267 1068 1539 1030 1140 1155 1025 1779 1971 1920 708 1217 428 1604 1885 1200 140 602 664 0 1143 954 1437 2932 1352 868 810 1258 1108 1014 2163 662 1396 666 1464 784 2041 3026 2364 1628 1873 1969 440 2288 1625 1709 1368 998 2039 1943 1452 1053 2026 2503 1732 1271 1506 2268 651 1476 654 1566 2752 1070 652 813 1028 1707 1888 1202 522 2176 1605 1458 1318 928 2088 2305 1213 1863 594 1873 1218 1242 1498 946 1773 2160 912 1572 2056 1086 3239 814 746 342 
1035 1328 687 776 1296 1200 884 908 766 1437 2392 1218 1788 1686 990 344 54 2305 1688 1432 262 228 290 1143 0 471 620 2364 992 494 436 884 56 754 1090 850 1462 292 1204 866 3184 2705 1405 2104 1168 1348 1456 1945 2095 2620 225 936 1660 1800 1242 236 1928 2321 2563 1728 1572 2148 750 1575 720 1665 4162 1136 718 912 1094 1167 1475 1268 588 2382 1704 1672 916 878 2680 1928 1242 1962 544 1752 1208 1192 1085 1012 1698 4376 1011 1785 1624 1152 3160 880 812 441 
1086 273 876 480 1125 1050 870 758 1052 1488 948 1647 1563 1575 1041 729 340 1776 1020 312 548 514 576 954 471 0 894 1407 1142 780 562 1170 450 1052 1083 844 1606 578 1390 1006 1611 1476 1032 1200 909 1296 690 1596 1308 1194 606 780 1305 936 1038 606 1629 1566 1458 1077 1858 2040 1179 2004 1006 2094 1774 1386 1004 1341 1300 1638 1314 1554 874 1620 2133 1056 1230 1164 1434 1206 1659 2391 830 1305 1494 1478 1080 1298 2127 1629 1227 1905 1689 1438 2049 1166 1098 870 
858 1228 1110 952 1413 1138 1504 1190 1048 1260 960 1641 1341 2109 813 964 336 2283 1384 1280 544 510 572 1437 620 894 0 2140 1274 776 718 1166 592 1064 1436 732 1458 574 1514 854 2140 2784 1688 1572 1204 1968 1292 2120 1440 1296 800 1032 1892 1496 1376 800 2492 2080 1988 1428 1854 2529 1173 1842 1002 2088 2538 1408 990 1335 1376 1632 1744 1550 870 2152 2127 1400 1226 1160 1904 1600 1679 2385 826 1732 1490 1474 1432 1284 2121 1868 1005 1677 2244 1434 2436 1152 1094 864 
1611 2516 1737 2742 1482 1624 1212 180 1526 2013 2946 2049 2424 2436 1566 1920 814 3191 1518 2438 1008 988 1050 2932 2364 1407 2140 0 204 1254 1136 1644 2322 878 2990 1082 1632 1052 900 990 2832 3015 3185 2880 2736 1596 3192 3250 2900 2466 1995 2940 3525 1686 3204 1756 3216 2928 3462 3576 1728 3428 1779 2103 1406 2493 5042 1568 1164 1941 1608 2220 2855 1790 1274 4284 2823 3312 1536 1512 3658 3594 2282 2991 1304 3810 1730 1466 2800 1458 2658 4122 1266 2337 2864 1838 3752 1326 968 1560 
1278 960 1362 1098 1192 1828 810 384 1730 1546 1186 1570 1820 1828 1248 1164 1018 1738 710 934 1212 1192 1254 1352 992 1142 1274 204 0 1458 1340 1848 978 1082 1400 1286 1836 1256 1104 1194 1148 1410 1466 1164 1116 1002 1238 1504 1364 1026 1002 1184 1614 766 1272 1082 1812 1180 1358 1396 1932 1878 1390 1606 1610 1866 1770 1772 1368 1498 1812 1684 1346 1994 1478 1632 2086 1308 1740 1716 1396 1402 1540 2198 1508 1474 1934 1670 1324 1662 1976 1578 1048 1762 1636 2042 1596 1530 1172 1244 
1156 798 924 660 1358 1666 936 1374 1232 1424 1064 1278 1658 1590 1126 666 520 1616 876 824 728 694 756 868 494 780 776 1254 1458 0 902 1350 480 1248 902 1316 1928 758 1698 1360 1254 1576 1028 980 786 1168 830 1244 1304 1118 584 700 1130 932 872 584 1430 1224 1188 898 2038 1540 966 1516 1186 1576 1346 1602 1184 1074 1560 1272 1056 1734 1054 1260 1602 884 1410 1344 1136 984 1116 1774 1010 1050 1674 1658 900 1478 1598 1518 1140 1656 1306 1618 1688 1346 1278 760 
922 380 506 242 948 1248 778 956 1174 1190 830 1220 1240 1172 892 608 462 1382 818 406 670 636 698 810 436 562 718 1136 1340 902 0 1292 422 1190 844 1042 1804 700 1588 1204 1196 1182 610 922 728 1062 658 1186 1070 994 526 642 1068 822 814 526 1284 1166 1130 840 1980 1482 908 1458 1128 1518 1288 1544 1126 1016 1498 1214 998 1676 996 1202 1544 826 1352 1286 1078 926 1058 1716 952 992 1616 1600 842 1420 1540 1284 1016 1468 1248 1560 1564 1288 1220 702 
1546 1188 1314 1050 1748 2056 1326 1764 1622 1814 1454 1668 2048 1980 1516 1056 910 2006 1266 1214 1118 1084 1146 1258 884 1170 1166 1644 1848 1350 1292 0 870 1638 1292 1706 2318 1148 2088 1750 1644 918 1418 1370 1176 1558 1220 1634 1694 1508 974 1090 1520 1322 1262 974 1820 1614 1578 1288 2428 1930 1356 1906 1576 1966 1736 1992 1574 1464 1950 1662 1446 2124 1444 1258 1992 1274 1800 1342 1526 1374 1506 2164 1400 1440 2064 2048 1290 1868 1988 1908 1530 2046 1696 2008 2078 1736 1668 1150 
1014 2713 666 720 1317 1186 912 894 752 1416 5716 1197 1767 1665 969 372 40 2291 5168 1548 248 214 276 1108 56 450 592 2322 978 480 422 870 0 768 1055 836 1448 278 1218 880 3156 2740 1370 4765 1224 1376 1400 1910 2060 5693 260 990 1625 2356 1224 208 1900 2293 2550 3344 1558 2120 729 1554 706 1644 4106 1122 704 891 1080 1188 1440 1254 574 2340 1683 2864 930 864 3280 1963 1235 1941 530 1710 1194 1178 1050 998 1677 4320 990 1764 1652 1138 3125 866 798 420 
1200 870 1212 948 854 1738 472 1058 1520 1468 1108 1232 1730 1658 1170 926 808 1646 372 844 874 982 1044 1014 754 1052 1064 878 1082 1248 1190 1638 768 0 1190 948 1498 1046 1194 856 810 1072 1316 826 778 664 1118 1166 1026 688 664 846 1276 428 934 872 1562 842 1020 1160 1594 1540 1052 1268 1272 1528 1432 1434 1030 1160 1474 1346 1008 1656 1140 1294 1748 970 1402 1378 1058 1064 1202 1860 1272 1136 1596 1332 986 1324 1638 1240 710 1424 1298 1704 1258 1192 834 906 
1536 1850 1299 1505 1928 1590 1456 1316 1174 1938 2330 1830 1152 2223 1491 1216 462 3024 2045 1915 670 636 698 2163 1090 1083 1436 2990 1400 902 844 1292 1055 1190 0 1184 1322 700 1538 1302 2670 3645 2425 1625 1820 2220 1930 2475 2930 1280 1315 1605 2680 1930 1895 1052 2744 2915 2145 2100 1852 2952 1314 1638 1096 2229 3509 1272 854 1476 1298 1821 2415 1644 964 2795 2316 1985 1352 1202 2615 2315 1836 2526 952 2400 1420 1600 2025 1148 2193 3465 801 2037 2244 1528 2977 1016 1092 1053 
344 662 1064 800 94 910 676 1186 1588 612 252 1120 1522 1530 314 1022 876 804 576 636 802 1050 1112 662 850 844 732 1082 1286 1316 1042 1706 836 948 1184 0 1482 1114 1398 626 1014 1276 1168 810 982 868 486 1150 492 672 868 830 1260 632 870 940 1498 1046 1018 764 1798 1006 988 1252 1208 1598 1368 1266 1014 1096 1458 1550 1078 1756 1076 1126 1732 906 1606 1210 1158 1268 1138 1796 876 1072 1580 1524 922 1308 1464 706 694 890 1282 1640 1242 1176 1038 890 
1142 1424 1826 1562 1576 1888 1026 1812 1946 874 1230 1986 2090 1780 1292 1634 1488 1066 1126 1398 1256 1662 1724 1396 1462 1606 1458 1632 1836 1928 1804 2318 1448 1498 1322 1482 0 1726 1836 1604 1366 1756 1650 948 1532 1418 1464 1288 1470 810 1418 1228 1658 1070 1056 1552 1684 1562 1156 1542 2150 1772 1174 1390 1394 1784 1554 1570 1152 1282 1596 1878 1264 1942 1262 1416 2000 1092 2156 1500 1344 1590 1324 1982 1654 1258 1718 1974 1108 1446 1760 1684 832 1656 1420 1826 1380 1314 1390 1168 
954 596 310 458 1156 1464 734 1172 1030 1222 862 1076 1456 1388 924 464 318 1414 674 622 526 492 554 666 292 578 574 1052 1256 758 700 1148 278 1046 700 1114 1726 0 1496 1158 1052 1374 826 778 584 966 628 1042 1102 916 382 498 928 730 670 382 1228 1022 986 696 1836 1338 764 1314 984 1374 1144 1400 982 872 1358 1070 854 1532 852 1058 1400 682 1208 1142 934 782 914 1572 808 848 1472 1456 698 1276 1396 1316 938 1454 1104 1416 1486 1144 1076 558 
1538 1208 1610 1346 1304 2076 810 1080 1970 1806 1446 1682 2068 1996 1508 1376 1258 1998 822 1182 1324 1432 1494 1464 1204 1390 1514 900 1104 1698 1588 2088 1218 1194 1538 1398 1836 1496 0 1306 1260 1522 1714 1164 1228 1114 1486 1504 1364 1026 1114 1296 1726 766 1272 1322 1900 1292 1372 1610 2044 1878 1390 1606 1610 1978 1770 1786 1368 1498 1812 1684 1458 2106 1478 1632 2198 1308 1852 1716 1508 1514 1540 2198 1722 1474 1934 1670 1324 1662 1976 1578 1048 1762 1636 2042 1596 1530 1284 1356 
466 824 1226 962 720 1032 584 1170 1632 734 374 1242 1684 1692 436 1038 920 926 484 798 924 1094 1156 784 866 1006 854 990 1194 1360 1204 1750 880 856 1302 626 1604 1158 1306 0 922 1184 1330 932 890 776 608 1272 614 794 776 952 1382 540 992 984 1620 954 1132 886 1706 1128 1110 1374 1330 1640 1490 1388 1136 1218 1580 1458 1120 1768 1198 1248 1854 1028 1514 1332 1170 1176 1260 1918 998 1194 1702 1444 1044 1430 1586 828 816 1012 1404 1762 1364 1298 946 1012 
1581 3808 1827 3876 1380 1620 1076 1124 1526 1983 3848 1947 2694 1875 1536 1920 814 3033 1752 3704 582 988 1050 2041 3184 1611 2140 2832 1148 1254 1196 1644 3156 810 2670 1014 1366 1052 1260 922 0 2845 3305 1720 3376 1460 3186 1895 2730 2272 1825 2346 2460 1976 1218 1756 1740 2554 735 3602 784 2960 678 942 542 1077 3832 624 622 840 1066 1734 495 846 540 3486 1958 1610 1468 1246 1553 3169 1217 1890 980 1608 1188 1398 965 916 2259 4701 867 2031 1780 1104 2944 784 24 777 
1959 2005 1806 2350 1773 1670 1600 1378 1848 2361 3035 2340 2493 2505 1914 2508 1136 3636 1750 2070 1044 1310 1372 3026 2705 1476 2784 3015 1410 1576 1182 918 2740 1072 3645 1276 1756 1374 1522 1184 2845 0 3270 2710 2765 1984 2685 3560 3385 2365 2480 2540 2310 1890 2972 2400 3412 2925 2415 1755 1922 2688 1923 2289 1502 2784 3945 1380 1288 2085 1354 2511 3340 1862 1370 850 2877 3000 1730 424 3160 3480 2336 3135 814 3415 1854 1462 3040 1582 2103 3920 1452 2190 3112 1850 4062 1450 1162 1614 
1572 1265 948 920 1611 1374 1808 1082 1300 1974 2390 2019 2049 1947 1527 1468 588 3123 2360 1330 796 762 824 2364 1405 1032 1688 3185 1466 1028 610 1418 1370 1316 2425 1168 1650 826 1714 1330 3305 3270 0 2445 2135 2376 1960 3280 2990 2100 1630 1920 2985 2370 2374 1304 2820 3230 2965 2030 2106 2908 1551 2130 1254 2466 3724 1600 1182 1713 1624 2010 2810 1802 1122 2935 2505 2380 1478 1258 3010 2630 2057 2763 924 2795 1742 1572 2420 1476 2268 3525 1293 2355 1616 1686 3797 1344 1346 1242 
975 6057 1416 2816 1372 1216 708 1140 1252 1377 4464 1947 2127 1248 930 1372 540 2290 5102 3444 308 714 776 1628 2104 1200 1572 2880 1164 980 922 1370 4765 826 1625 810 948 778 1164 932 1720 2710 2445 0 3272 1492 2886 850 1995 1104 1522 1380 1799 2608 324 1208 1746 1902 728 5230 1202 2268 339 1077 446 1254 4074 622 204 501 648 1395 790 994 314 2232 1583 1388 1430 828 1980 2428 1044 1551 706 930 770 1302 400 498 1632 4204 240 1476 944 878 1904 366 442 330 
1473 2496 1125 1944 1332 1492 1012 1092 1058 1590 3560 1656 2226 2124 1428 928 346 1736 1624 2600 554 520 582 1873 1168 909 1204 2736 1116 786 728 1176 1224 778 1820 982 1532 584 1228 890 3376 2765 2135 3272 0 1396 2624 2675 2650 2952 955 2104 2390 1848 2118 820 2512 2628 3585 2896 1628 2732 1188 1953 1012 2103 5330 1428 1010 1350 1386 1605 2205 1560 880 3078 2142 2840 624 912 3848 2950 1680 2270 836 2628 1500 1366 1815 1304 2136 5334 1116 2187 2208 1444 3446 1172 868 879 
1680 1364 1626 1640 1161 1550 784 978 1440 2082 2056 1728 2313 2325 1635 1692 728 3132 584 1416 794 902 964 1969 1348 1296 1968 1596 1002 1168 1062 1558 1376 664 2220 868 1418 966 1114 776 1460 1984 2376 1492 1396 0 1920 2172 1892 1216 1168 1532 2392 696 1708 1584 2978 1524 1880 2160 1514 2593 1458 1782 1192 2172 2836 1354 950 1620 1394 1272 1856 1576 1060 2428 2502 1780 1322 1298 1956 1120 1749 2670 1192 2112 1516 1252 1812 1244 2337 1832 945 1650 2436 1624 2356 1112 754 1239 
489 1112 1020 1664 1003 892 1352 854 1102 891 936 1653 1707 1719 444 1072 390 1668 3014 1216 316 564 626 440 1456 690 1292 3192 1238 830 658 1220 1400 1118 1930 486 1464 628 1486 608 3186 2685 1960 2886 2624 1920 0 2325 1185 2616 1135 1941 2127 2962 1935 908 2202 3138 2002 1488 1566 1989 915 1740 830 1830 4712 986 828 1077 1204 1713 1976 1378 698 2202 1869 2677 1280 818 3685 3075 1477 2127 484 2421 1360 1132 1586 1122 1608 2920 1014 1308 2232 1262 3219 990 806 606 
1485 2705 1812 2360 1882 1556 1388 1480 1516 1887 2245 2343 2637 1758 1440 1900 804 2970 1985 2665 648 978 1040 2288 1945 1596 2120 3250 1504 1244 1186 1634 1910 1166 2475 1150 1288 1042 1504 1272 1895 3560 3280 850 2675 2172 2325 0 2845 1195 2170 1574 2649 1845 1120 1736 2426 985 1370 2359 1542 2948 849 1587 786 1764 3166 962 544 1011 988 1905 1640 1334 654 2710 2093 1210 1694 1168 1840 2455 1554 2061 1046 1625 430 1642 1250 838 2142 3380 750 1986 1624 1218 2754 706 782 840 
498 1725 1638 2070 1154 898 1284 1214 1576 900 600 1662 2325 2337 453 2020 864 1914 1635 1660 790 1038 1100 1625 2095 1308 1440 2900 1364 1304 1070 1694 2060 1026 2930 492 1470 1102 1364 614 2730 3385 2990 1995 2650 1892 1185 2845 0 1650 2320 2257 3250 1495 2145 1856 3028 2810 2515 1880 1876 1189 1464 1860 1196 2379 3798 774 1002 1626 1446 2160 2665 1734 1064 2785 2580 2235 1684 1198 2840 2880 2049 2676 864 2650 1568 1502 2275 1296 2178 535 1023 597 2540 1628 3347 1164 1116 1317 
768 5850 1524 3074 1165 1078 432 1002 1390 1170 3570 1764 1920 1455 723 1648 678 2152 5710 3030 446 852 914 1709 2620 1194 1296 2466 1026 1118 994 1508 5693 688 1280 672 810 916 1026 794 2272 2365 2100 1104 2952 1216 2616 1195 1650 0 1520 2001 2144 2332 738 1484 2022 2273 1211 6314 1340 2130 546 870 584 1461 4118 760 342 708 786 1602 1135 1132 452 1818 1790 2182 1346 690 2670 2844 1176 1758 844 1344 908 1164 745 636 1425 3652 33 1269 1220 1016 1697 504 580 537 
1170 1055 822 710 1161 1290 784 978 856 1572 1720 1353 1923 1821 1125 524 144 2485 730 1120 352 318 380 1368 225 606 800 1995 1002 584 526 974 260 664 1315 868 1418 382 1114 776 1825 2480 1630 1522 955 1168 1135 2170 2320 1520 0 810 1885 870 1252 416 2108 1905 2042 1305 1514 2328 885 1710 810 1800 2746 1226 808 1047 1184 1032 1700 1358 678 2210 1839 1270 1006 968 1900 1000 1287 2097 634 1685 1298 1252 1310 1102 1833 2855 945 1920 1444 1242 3117 970 754 576 
1005 2421 996 1600 1402 1236 1148 1114 972 1407 3251 1527 2097 1668 960 812 260 2126 2133 2538 28 434 496 998 936 780 1032 2940 1184 700 642 1090 990 846 1605 830 1228 498 1296 952 2346 2540 1920 1380 2104 1532 1941 1574 2257 2001 810 0 1075 2385 564 648 1460 2107 1780 1413 1338 1912 399 1224 486 1314 3226 902 484 561 860 1455 890 1034 354 2028 1353 828 1150 760 1962 2408 961 1611 426 1050 1050 1074 500 778 1521 4670 660 1608 1504 918 2575 646 578 90 
1650 1720 1635 2065 1884 1556 2008 1264 1402 2052 2650 2172 2322 2313 1605 1672 690 2945 2260 1785 458 864 926 2039 1660 1305 1892 3525 1614 1130 1068 1520 1625 1276 2680 1260 1658 928 1726 1382 2460 2310 2985 1799 2390 2392 2127 2649 3250 2144 1885 1075 0 2400 1529 1508 2320 2710 2319 1860 1768 2772 1044 1869 916 1959 3011 1332 914 1206 430 2100 1965 1464 784 1460 1998 1535 1580 668 2165 2780 1606 2256 856 1950 1480 1504 1575 1208 2166 3785 1305 2253 2364 1348 3650 1076 1008 735 
1158 2866 1266 2372 807 1310 88 742 1204 1560 3637 1374 1953 1845 1113 1220 492 2513 280 2442 558 666 728 1943 1800 936 1496 1686 766 932 822 1322 2356 428 1930 632 1070 730 766 540 1976 1890 2370 2608 1848 696 2962 1845 1495 2332 870 2385 2400 0 1518 1112 2394 1578 2121 4220 1278 2385 936 1260 844 1818 5084 1020 602 1098 1046 1377 1730 1340 712 2598 2148 2968 1086 950 3840 2698 1495 2148 956 2124 1168 904 1395 896 1815 3700 423 1494 1740 1276 2347 764 518 885 
1065 2178 1254 1764 1486 1276 924 1248 1144 1467 1854 1785 2289 1410 1020 1156 432 2298 1686 2256 200 606 668 1452 1242 1038 1376 3204 1272 872 814 1262 1224 934 1895 870 1056 670 1272 992 1218 2972 2374 324 2118 1708 1935 1120 2145 738 1252 564 1529 1518 0 992 1530 1686 948 1506 1190 2256 177 1002 338 1092 2562 730 312 339 756 1233 520 886 206 2548 1421 108 1322 932 864 1602 882 1389 598 606 878 1246 130 606 1779 3216 402 1638 1160 770 2157 474 430 168 
1170 844 822 568 1473 1290 1120 998 856 1572 1376 1353 1923 1821 1125 580 144 2499 1000 896 352 318 380 1053 236 606 800 1756 1082 584 526 974 208 872 1052 940 1552 382 1322 984 1756 2400 1304 1208 820 1584 908 1736 1856 1484 416 648 1508 1112 992 0 2108 1280 1624 1044 1662 2328 885 1710 810 1800 2154 1226 808 1047 1184 1344 1360 1358 678 1768 1839 1016 1034 968 1520 1216 1391 2097 634 1272 1298 1282 1048 1102 1833 2284 1146 1920 1860 1242 2624 830 902 576 
2035 1808 1959 2084 2130 1772 2340 1428 1702 2437 2548 2622 2646 2454 1990 2272 990 3449 2394 1756 758 1164 1226 2026 1928 1629 2492 3216 1812 1430 1284 1820 1900 1562 2744 1498 1684 1228 1900 1620 1740 3412 2820 1746 2512 2978 2202 2426 3028 2022 2108 1460 2320 2394 1530 2108 0 2446 2024 2012 1654 3296 1172 966 894 2078 260 1358 940 1334 1384 2013 1832 1442 422 2736 864 1506 1880 1452 1868 2108 540 2384 1118 1838 1464 1766 1538 1234 1632 3456 1481 2602 2690 402 2627 1102 894 1135 
1629 2904 1782 2833 1428 1652 1140 1156 1496 2031 2982 1995 2742 2169 1584 1860 784 3131 1410 2826 682 958 1020 2503 2321 1566 2080 2928 1180 1224 1166 1614 2293 842 2915 1046 1562 1022 1292 954 2554 2925 3230 1902 2628 1524 3138 985 2810 2273 1905 2107 2710 1578 1686 1280 2446 0 2526 3001 1624 3220 828 1653 772 1743 4105 1236 818 990 1262 1836 1605 1320 640 4021 2108 1614 1500 1414 2370 2921 1517 2040 1080 2112 824 1430 1135 1112 2502 4014 1161 2283 2172 1204 3386 980 864 927 
1287 2765 1728 3168 1677 1424 1124 1314 1460 1689 2681 2259 2439 1560 1242 1788 748 2706 2268 2674 516 922 984 1732 2563 1458 1988 3462 1358 1188 1130 1578 2550 1020 2145 1018 1156 986 1372 1132 735 2415 2965 728 3585 1880 2002 1370 2515 1211 2042 1780 2319 2121 948 1624 2024 2526 0 2879 994 2633 651 1257 654 1392 3839 414 412 813 856 1707 1020 1056 522 2856 1895 1232 1638 1036 1749 3156 1304 1863 914 1554 978 1510 920 706 1944 3778 552 1737 1360 1086 2424 574 234 642 
906 5047 1293 2392 1467 1170 1748 1226 1170 1308 4096 1824 2265 2139 861 1208 458 2238 6356 3042 342 632 694 1271 1728 1077 1428 3576 1396 898 840 1288 3344 1160 2100 764 1542 696 1610 886 3602 1755 2030 5230 2896 2160 1488 2359 1880 6314 1305 1413 1860 4220 1506 1044 2012 3001 2879 0 1652 1284 870 1695 800 1785 3504 1216 798 1032 1174 1815 1675 1348 668 1086 1824 3846 1348 446 3750 3264 1283 2082 112 1992 1364 760 1285 1092 1050 3828 1131 1137 2132 1148 3360 960 892 561 
1838 1720 2002 1738 1704 2404 1322 1908 2310 2106 1746 2082 2580 2034 1808 1744 1598 2298 1222 1694 1366 1772 1834 1506 1572 1858 1854 1728 1932 2038 1980 2428 1558 1594 1852 1798 2150 1836 2044 1706 784 1922 2106 1202 1628 1514 1566 1542 1876 1340 1514 1338 1768 1278 1190 1662 1654 1624 994 1652 0 2208 1236 1366 1326 1502 1616 1408 1406 1344 1850 1940 982 1584 1324 1910 2062 1154 2252 1994 986 1652 1386 2044 1764 1320 1972 2182 1170 1700 2290 1908 1362 2092 1674 1888 1910 1568 808 1302 
1269 2452 2256 2480 1925 1412 2473 1728 1812 1671 1669 2433 3096 2898 1224 2492 1100 2922 2467 2426 984 1274 1336 2268 2148 2040 2529 3428 1878 1540 1482 1930 2120 1540 2952 1006 1772 1338 1878 1128 2960 2688 2908 2268 2732 2593 1989 2948 1189 2130 2328 1912 2772 2385 2256 2328 3296 3220 2633 1284 2208 0 1833 2313 1442 2748 3036 860 1304 1995 1748 2289 2624 1820 1310 2008 2787 2280 1990 1088 2529 2637 2246 3045 754 2612 1870 1402 2312 1598 2013 761 1476 174 3212 1790 3270 1466 1446 1524 
1242 1206 1395 999 1663 1394 870 1366 1238 1644 1104 1926 2466 1587 1197 1008 526 1854 1020 1245 294 700 762 651 750 1179 1173 1779 1390 966 908 1356 729 1052 1314 988 1174 764 1390 1110 678 1923 1551 339 1188 1458 915 849 1464 546 885 399 1044 936 177 885 1172 828 651 870 1236 1833 0 1071 384 1161 1107 848 430 408 874 1302 381 932 252 1413 1526 123 1416 1026 501 870 951 1458 692 372 790 1340 147 724 1920 1785 579 1815 1047 816 1401 592 476 345 
1638 1791 2220 1824 2035 1658 1194 1582 1788 2040 1500 2634 2790 2325 1593 1833 1076 2328 1344 1752 844 1250 1312 1476 1575 2004 1842 2103 1606 1516 1458 1906 1554 1268 1638 1252 1390 1314 1606 1374 942 2289 2130 1077 1953 1782 1740 1587 1860 870 1710 1224 1869 1260 1002 1710 966 1653 1257 1695 1366 2313 1071 0 934 1986 771 1252 922 1233 1366 2127 1206 978 802 1779 1440 948 1926 1270 570 1695 1116 2283 1242 1197 1488 1744 972 1216 2208 1953 903 2139 1785 786 1725 1084 604 1170 
1048 1024 1150 886 1302 1614 800 1586 1458 1316 956 1504 1864 1278 1018 892 746 1456 900 1050 514 920 982 654 720 1006 1002 1406 1610 1186 1128 1576 706 1272 1096 1208 1394 984 1610 1330 542 1502 1254 446 1012 1192 830 786 1196 584 810 486 916 844 338 810 894 772 654 800 1326 1442 384 934 0 864 764 1068 650 492 1094 1088 344 1152 472 1162 1210 302 1636 1246 554 800 534 1192 912 468 1174 1560 318 944 1500 1410 606 1430 918 1036 1154 812 566 450 
2157 2121 2310 1914 2457 2004 1785 1842 1848 2559 2019 2841 3381 2502 2112 1923 1136 2769 1734 2160 904 1310 1372 1566 1665 2094 2088 2493 1866 1576 1518 1966 1644 1528 2229 1598 1784 1374 1978 1640 1077 2784 2466 1254 2103 2172 1830 1764 2379 1461 1800 1314 1959 1818 1092 1800 2078 1743 1392 1785 1502 2748 1161 1986 864 0 2013 1342 1040 1323 1484 2217 780 1542 862 2328 2441 1038 2026 1636 1416 1785 1866 2373 1302 1287 1564 1950 1062 964 2835 2700 1494 2730 1962 1426 1086 1202 742 1260 
1948 4286 2028 4562 2237 1774 2270 1558 1618 2350 5280 2603 2841 2389 1903 2318 906 3472 5062 4234 674 1080 1142 2752 4162 1774 2538 5042 1770 1346 1288 1736 4106 1432 3509 1368 1554 1144 1770 1490 3832 3945 3724 4074 5330 2836 4712 3166 3798 4118 2746 3226 3011 5084 2562 2154 260 4105 3839 3504 1616 3036 1107 771 764 2013 0 1228 810 1269 1254 1818 2431 1312 292 3714 669 3594 1796 1322 3573 3292 345 2319 988 3048 1334 1636 2068 1104 1437 7019 1324 2407 2690 272 3024 972 856 1070 
1106 1204 1566 1302 1360 1672 976 1728 1874 1374 1014 1882 2040 1454 1076 1308 1162 1566 1062 1178 930 1336 1398 1070 1136 1386 1408 1568 1772 1602 1544 1992 1122 1434 1272 1266 1570 1400 1786 1388 624 1380 1600 622 1428 1354 986 962 774 760 1226 902 1332 1020 730 1226 1358 1236 414 1216 1408 860 848 1252 1068 1342 1228 0 826 956 1270 1552 822 1470 936 1366 1674 766 2052 1450 872 1264 998 1656 1328 932 1392 1924 782 1120 1710 560 782 744 1094 1500 1330 988 648 842 
854 956 1148 884 1108 1420 558 1344 1456 1122 762 1502 1622 1036 824 890 744 1314 658 930 512 918 980 652 718 1004 990 1164 1368 1184 1126 1574 704 1030 854 1014 1152 982 1368 1136 622 1288 1182 204 1010 950 828 544 1002 342 808 484 914 602 312 808 940 818 412 798 1406 1304 430 922 650 1040 810 826 0 538 852 1134 520 1198 518 948 1256 348 1634 1032 600 846 580 1238 910 514 974 1506 364 702 1292 1216 364 1188 676 1082 912 570 646 424 
1404 1368 1557 1161 1825 1502 1032 1474 1346 1806 1266 2088 2628 1749 1359 1170 634 2016 1182 1407 402 808 870 813 912 1341 1335 1941 1498 1074 1016 1464 891 1160 1476 1096 1282 872 1498 1218 840 2085 1713 501 1350 1620 1077 1011 1626 708 1047 561 1206 1098 339 1047 1334 990 813 1032 1344 1995 408 1233 492 1323 1269 956 538 0 982 1464 543 1040 360 1575 1688 285 1524 1134 663 1032 1113 1620 800 534 1062 1448 309 832 2082 1947 741 1977 1209 924 1563 700 584 507 
1298 1118 1520 1256 1552 1864 1002 1694 1832 1566 1206 1878 1978 1480 1268 1266 1120 1758 1102 1144 888 1294 1356 1028 1094 1300 1376 1608 1812 1560 1498 1950 1080 1474 1298 1458 1596 1358 1812 1580 1066 1354 1624 648 1386 1394 1204 988 1446 786 1184 860 430 1046 756 1184 1384 1262 856 1174 1850 1748 874 1366 1094 1484 1254 1270 852 982 0 1578 964 1642 962 1014 1700 792 2010 1098 1044 1290 1024 1682 1286 958 1418 1934 808 1146 1736 1660 808 1632 1120 1526 1356 1014 1090 868 
2202 1665 1854 1458 2184 1978 1443 1660 1544 2604 2064 2385 2955 2643 2157 1425 832 2892 1461 1704 998 1006 1068 1707 1167 1638 1632 2220 1684 1272 1214 1662 1188 1346 1821 1550 1878 1070 1684 1458 1734 2511 2010 1395 1605 1272 1713 1905 2160 1602 1032 1455 2100 1377 1233 1344 2013 1836 1707 1815 1940 2289 1302 2127 1088 2217 1818 1552 1134 1464 1578 0 1437 1636 956 2358 1323 1179 1694 1656 1557 432 1473 2514 1322 1428 1658 1822 1155 1428 2865 1839 1635 2115 2103 1484 2457 1296 1180 1401 
1377 2235 1530 1890 1677 1484 1340 1322 1328 1779 2065 2061 2601 1722 1332 1524 616 2678 1590 2300 384 790 852 1888 1475 1314 1744 2855 1346 1056 998 1446 1440 1008 2415 1078 1264 854 1458 1120 495 3340 2810 790 2205 1856 1976 1640 2665 1135 1700 890 1965 1730 520 1360 1832 1605 1020 1675 982 2624 381 1206 344 780 2431 822 520 543 964 1437 0 1022 342 2580 1661 430 1506 1116 1060 1675 1086 1593 782 845 1044 1430 470 814 2055 3200 714 1950 1576 906 2641 682 222 480 
1596 1572 1698 1434 1766 2162 1348 1970 2006 1864 1504 2052 2412 1826 1566 1440 1294 2004 1284 1598 1062 1468 1530 1202 1268 1554 1550 1790 1994 1734 1676 2124 1254 1656 1644 1756 1942 1532 2106 1768 846 1862 1802 994 1560 1576 1378 1334 1734 1132 1358 1034 1464 1340 886 1358 1442 1320 1056 1348 1584 1820 932 978 1152 1542 1312 1470 1198 1040 1642 1636 1022 0 1020 1522 1758 850 2184 1606 598 1348 1082 1740 1460 1016 1722 2108 866 1492 2048 1520 1154 1704 1466 1584 1702 1360 822 998 
916 892 1018 754 1170 1482 668 1454 1326 1184 824 1372 1732 1146 886 760 614 1324 768 918 382 788 850 522 588 874 870 1274 1478 1054 996 1444 574 1140 964 1076 1262 852 1478 1198 540 1370 1122 314 880 1060 698 654 1064 452 678 354 784 712 206 678 422 640 522 668 1324 1310 252 802 472 862 292 936 518 360 962 956 342 1020 0 1030 738 170 1504 1114 422 668 62 1060 780 336 1042 1428 186 812 1250 1278 474 1298 786 564 1022 680 564 318 
1449 3036 1836 2880 1922 1532 1644 1588 1532 1851 2622 2367 2808 2364 1404 1932 820 2962 2766 3114 704 994 1056 2176 2382 1620 2152 4284 1632 1260 1202 1258 2340 1294 2795 1126 1416 1058 1632 1248 3486 850 2935 2232 3078 2428 2202 2710 2785 1818 2210 2028 1460 2598 2548 1768 2736 4021 2856 1086 1910 2008 1413 1779 1162 2328 3714 1366 948 1575 1014 2358 2580 1522 1030 0 2367 2580 1620 84 2772 3852 1826 2625 474 3078 1514 1122 2190 1242 1593 3948 942 1680 2432 1510 3212 1110 1148 1104 
2358 2160 2349 1953 2755 2138 2114 2004 1874 2760 2220 2880 3450 2831 2313 1962 1162 2808 2064 2181 930 1336 1398 1605 1704 2133 2127 2823 2086 1602 1544 1992 1683 1748 2316 1732 2000 1400 2198 1854 1958 2877 2505 1583 2142 2502 1869 2093 2580 1790 1839 1353 1998 2148 1421 1839 864 2108 1895 1824 2062 2787 1526 1440 1210 2441 669 1674 1256 1688 1700 1323 1661 1758 738 2367 0 1403 2052 1662 1781 1755 1014 2738 1328 1652 1780 1976 1427 1550 2106 2901 1823 2961 2291 718 2379 1418 1302 1263 
1119 5216 1272 2336 1540 1312 996 1284 1156 1521 4816 1803 2343 1464 1074 1180 444 2334 4396 3366 212 618 680 1458 1672 1056 1400 3312 1308 884 826 1274 2864 970 1985 906 1092 682 1308 1028 1610 3000 2380 1388 2840 1780 2677 1210 2235 2182 1270 828 1535 2968 108 1016 1506 1614 1232 3846 1154 2280 123 948 302 1038 3594 766 348 285 792 1179 430 850 170 2580 1403 0 1334 944 1260 1948 828 1335 610 498 872 1258 40 642 1797 4498 456 1692 1232 734 2211 510 394 222 
1606 1248 1374 1110 1512 2116 1130 1716 1682 1684 1514 1728 2108 2040 1576 1088 970 1492 1030 1274 1178 1144 1206 1318 916 1230 1226 1536 1740 1410 1352 1800 930 1402 1352 1606 2156 1208 1852 1514 1468 1730 1478 1430 624 1322 1280 1694 1684 1346 1006 1150 1580 1086 1322 1034 1880 1500 1638 1348 2252 1990 1416 1926 1636 2026 1796 2052 1634 1524 2010 1694 1506 2184 1504 1620 2052 1334 0 1536 1586 1406 1566 846 1460 1500 2124 1990 1350 1928 2048 1898 1368 2082 1728 2068 1916 1796 1492 1210 
1050 1096 1308 1044 1304 1616 906 1672 1616 1318 958 1662 1956 1660 1020 1050 904 1510 1006 1122 788 1078 1140 928 878 1164 1160 1512 1716 1344 1286 1342 864 1378 1202 1210 1500 1142 1716 1332 1246 424 1258 828 912 1298 818 1168 1198 690 968 760 668 950 932 968 1452 1414 1036 446 1994 1088 1026 1270 1246 1636 1322 1450 1032 1134 1098 1656 1116 1606 1114 84 1662 944 1536 0 1008 1368 1176 1834 558 1110 1598 1206 960 1326 1146 1388 712 1204 1300 1594 1260 1194 1232 820 
1497 4870 1650 3344 1752 1564 1500 1372 1408 1899 4530 2181 2721 1842 1452 1684 696 2838 3840 4500 464 870 932 2088 2680 1434 1904 3658 1396 1136 1078 1526 3280 1058 2615 1158 1344 934 1508 1170 1553 3160 3010 1980 3848 1956 3685 1840 2840 2670 1900 1962 2165 3840 864 1520 1868 2370 1749 3750 986 2529 501 570 554 1416 3573 872 600 663 1044 1557 1060 598 422 2772 1781 1260 1586 1008 0 2830 1046 1713 862 1254 1124 1510 670 894 2175 3688 834 1659 1736 986 2841 762 224 600 
1770 3076 1422 2593 1761 1690 1584 1378 1256 2172 3840 1953 2523 2211 1725 1324 544 3285 2502 3167 710 718 780 2305 1928 1206 1600 3594 1402 984 926 1374 1963 1064 2315 1268 1590 782 1514 1176 3169 3480 2630 2428 2950 1120 3075 2455 2880 2844 1000 2408 2780 2698 1602 1216 2108 2921 3156 3264 1652 2637 870 1695 800 1785 3292 1264 846 1032 1290 432 1675 1348 668 3852 1755 1948 1406 1368 2830 0 1041 2082 1034 1992 1370 1652 1205 1140 2433 3283 1203 1683 2228 1196 3456 1008 892 969 
1833 1586 1901 1505 2122 1544 1473 1516 1388 2235 1695 2432 2856 2274 1788 1500 676 2416 1523 1599 444 850 912 1213 1242 1659 1679 2282 1540 1116 1058 1506 1235 1202 1836 1138 1324 914 1540 1260 1217 2336 2057 1044 1680 1749 1477 1554 2049 1176 1287 961 1606 1495 882 1391 540 1517 1304 1283 1386 2246 951 1116 534 1866 345 998 580 1113 1024 1473 1086 1082 62 1826 1014 828 1566 1176 1046 1041 0 2163 842 1077 1104 1490 836 874 1782 2156 1209 2268 1752 502 1769 742 626 955 
2454 2418 2607 2211 2875 2202 2082 2174 2046 2856 2316 3138 3678 2799 2409 2220 1334 3066 2232 2457 1102 1508 1570 1863 1962 2391 2385 2991 2198 1774 1716 2164 1941 1860 2526 1796 1982 1572 2198 1918 1890 3135 2763 1551 2270 2670 2127 2061 2676 1758 2097 1611 2256 2148 1389 2097 2384 2040 1863 2082 2044 3045 1458 2283 1192 2373 2319 1656 1238 1620 1682 2514 1593 1740 1060 2625 2738 1335 846 1834 1713 2082 2163 0 1500 1251 1762 2148 1359 1532 3132 2997 1791 3027 2259 1624 2523 1400 1284 1557 
