0 1046 1152 812 1702 1174 310 964 1490 710 1352 1198 1302 986 1612 1862 844 1210 1234 1408 2094 1608 1394 1864 1948 1110 1048 1094 1634 1100 1042 1082 1096 1220 1134 1024 1946 812 452 946 996 1388 1374 1294 1394 438 1422 1426 1488 1626 1058 1424 890 1638 832 1142 1558 876 1614 1460 1208 1774 1376 1092 1766 1764 2046 1336 1694 1434 1166 1526 1598 1178 1218 1700 1010 1922 1324 1606 988 2042 1288 1508 1182 1482 1494 2170 1880 2072 1526 1704 1448 1574 1354 1524 1560 1732 910 1538 
1046 0 758 1270 1384 292 1192 82 608 876 1950 1120 1150 1548 808 1468 766 476 352 1450 1848 1650 1148 982 1446 864 166 848 1120 218 648 1658 1138 974 578 1330 1794 1694 1050 740 690 1310 764 412 1148 1320 986 884 606 1496 784 542 812 1364 754 1064 1036 1062 1072 1024 1060 912 494 962 1328 886 1560 454 1008 1324 1088 1004 736 1030 1180 1032 932 1648 1050 1096 950 1160 1250 1072 908 692 1162 1648 1338 1530 1252 1162 926 1496 832 1428 1324 906 832 1206 
1152 758 0 1074 1352 614 842 676 930 442 1614 686 790 1518 1218 930 332 1070 946 1302 1700 1502 1000 1304 1598 716 760 700 1268 540 110 1224 990 826 622 1046 1434 1344 714 1334 1284 876 1296 1006 1000 970 954 1052 1200 1286 1320 1136 378 1520 320 630 1046 628 1194 992 696 1262 1088 620 1372 1252 1728 1048 1222 1336 654 1014 1086 666 746 1188 498 1772 1206 1134 516 1688 816 1022 1444 982 982 1658 1506 1624 1408 1330 936 1062 842 1052 1088 1500 398 1026 
812 1270 1074 0 2679 1126 753 1782 2163 1314 1260 1677 1836 1767 1410 1770 1149 1376 1458 1536 1422 1224 1083 1328 2032 657 1272 633 1485 1578 1446 1911 1068 822 1056 1824 1868 1004 540 1138 1743 1578 1527 2109 1083 945 2082 1785 2202 2580 1449 2181 1218 2193 1131 1596 2220 960 2067 2139 1130 1554 2106 1284 1094 2448 1866 2046 2187 2439 1632 2172 2280 1650 1473 1968 1398 1746 1848 2055 1128 2070 1578 2184 1635 1869 2124 2092 2466 2442 2025 1890 2055 2244 1914 1288 1986 1640 1248 1460 
1702 1384 1352 2679 0 1676 3480 3737 2988 1665 2326 1512 2061 2640 4259 2062 2088 1476 1736 2208 988 2032 3424 2318 246 2142 1550 3716 4974 4077 3291 2439 3800 3076 1334 1695 1206 1894 3619 1312 3563 3176 3278 3376 4330 3800 1815 3100 3505 3216 2490 3327 2911 3100 2766 2013 3951 2512 2818 720 1408 808 1878 1872 1350 3276 1830 3271 2390 3983 3752 2100 2798 2756 2061 3043 1512 1216 3043 936 3088 1918 3838 2021 1680 2052 4273 2044 2412 2328 2536 3299 1983 2442 3218 1680 3963 1614 1665 1738 
1174 292 614 1126 1676 0 1236 210 464 836 1870 1080 1184 1676 936 1324 726 604 480 1306 1704 1506 1004 838 1574 720 294 704 976 74 504 1618 994 830 706 1440 1828 1738 1108 868 818 1270 892 540 1004 1364 1278 1012 734 1624 912 670 772 1492 714 1024 1164 922 1200 1316 1090 1040 622 1014 1376 1014 1688 582 1136 1452 1048 1132 864 1060 1140 1160 892 1776 1178 1224 910 1288 1210 1364 1036 820 1290 1776 1466 1658 1380 1290 1054 1456 960 1446 1452 1034 792 1334 
310 1192 842 753 3480 1236 0 6147 2328 600 1042 1332 2480 1014 4173 1552 1068 900 1380 1647 1784 1298 2168 1690 1638 1200 1194 4548 4676 4732 1830 1158 2751 1820 824 2142 1636 502 710 636 3658 2156 5940 3330 4996 320 6232 6414 4182 4120 2618 6248 2327 4191 2899 1248 4264 1132 3260 2300 898 1464 1995 1173 1456 2908 1736 7403 5020 4910 2752 1824 3864 1736 1362 4170 1050 1612 6168 1944 3809 1890 4441 4193 1308 1758 4144 1860 2355 2643 2432 4182 1707 1896 5770 1214 5020 1422 900 1228 
964 82 676 1782 3737 210 6147 0 789 1191 1868 1557 2855 2199 2178 1386 1368 394 270 2052 1766 1568 2132 900 1364 1173 84 5408 3633 544 1415 2364 3696 1784 496 3744 1786 1612 4840 658 3070 2456 3751 825 4797 3095 7830 8448 1572 4242 2457 2070 2920 3919 6048 1473 2890 1960 2475 2212 978 830 618 1320 1246 1608 1478 4082 3925 4968 3404 1383 1962 1896 1647 2850 1275 1566 5448 1521 5208 1078 5256 4039 1239 915 3780 1566 1884 2172 2340 3240 1266 2121 7370 1346 5015 824 1125 1124 
1490 608 930 2163 2988 464 2328 789 0 1728 2186 2094 2250 2988 1878 1640 1563 920 796 2433 2020 1822 1980 374 1890 1554 610 1530 1938 585 1230 2901 1965 1719 1022 2634 2144 2054 2136 1184 1701 2379 1812 1284 1980 2520 2391 1992 1575 2910 1842 1479 1632 2712 1545 2010 2220 1857 2274 2448 1406 1356 1407 1995 1692 1995 2004 1347 2178 2652 2046 2172 1770 2064 2184 2214 1812 2092 2241 2310 1839 1604 2289 2520 2028 1704 2409 2092 2673 2961 2544 2409 2055 2658 1914 1762 2652 1350 1662 1650 
710 876 442 1314 1665 836 600 1191 1728 0 1416 732 888 1614 1530 1152 201 1188 1064 1656 1502 1304 1203 1408 1356 777 878 753 1605 1143 498 1539 1188 942 424 1272 1236 902 774 1036 1629 1017 1647 1458 1203 792 1068 1281 1698 1632 1683 1527 270 1983 183 648 1272 645 1494 1125 498 1064 1455 633 1174 1581 1530 1395 1536 1707 684 1224 1332 702 822 1485 450 1530 1512 1404 477 1490 927 1197 1869 1176 1176 1460 1962 2139 1815 1698 1107 1296 966 854 1335 1382 300 828 
1352 1950 1614 1260 2326 1870 1042 1868 2186 1416 0 1658 1764 1718 1684 2324 1306 1942 2138 1768 2166 1968 1466 2072 2572 1182 1952 1166 1642 1796 1504 1814 1456 1292 1596 1756 2408 1544 900 1678 1728 1796 1762 2076 866 1170 1928 1682 1960 2260 1506 2138 1352 1606 1294 1604 2006 1324 1870 1966 1670 1928 2074 1540 1238 2212 2358 2034 2024 2166 1628 1974 1752 1640 1666 1456 1472 1890 1696 2054 1436 2648 1736 1996 1630 1930 1878 2618 2136 1772 1494 1404 1896 2036 1802 1972 2008 2104 1372 1834 
1198 1120 686 1677 1512 1080 1332 1557 2094 732 1658 0 1161 2346 1896 1396 567 1432 1308 2022 1746 1548 1569 1652 1254 1143 1122 1119 1971 1509 864 1905 1554 1308 668 1638 1418 1390 1137 1524 2211 1383 2013 1824 1569 1524 915 1647 2064 1941 2046 1893 636 2052 549 1014 1638 1011 1767 972 742 1020 1821 999 1418 1947 1774 1761 1386 2073 1050 1590 1698 1068 1188 1851 816 1428 1878 1254 843 1734 1293 1044 2232 1542 1542 1704 2328 2505 2181 2064 1473 1662 1332 1098 1701 1626 666 1072 
1302 1150 790 1836 2061 1184 2480 2855 2250 888 1764 1161 0 2502 2510 1500 964 1242 1412 2178 1550 1652 2300 1756 808 1299 1226 2125 3545 2775 1700 2061 2850 1952 772 2990 644 1494 2160 1078 2570 2052 1530 2550 2875 2800 410 1480 2175 2120 2950 3305 1320 2105 1175 1170 2742 1556 1010 404 846 574 1527 1155 1036 2804 1268 2445 1195 2715 2203 1746 1991 1632 1344 2240 972 982 2285 585 1665 1684 2415 625 1935 1698 2830 1654 1569 1857 1908 2175 1398 1818 2480 1202 3095 1322 822 1176 
986 1548 1518 1767 2640 1676 1014 2199 2988 1614 1718 2346 2502 0 2967 2228 1815 1576 1736 2661 2460 1974 2640 2366 2006 2214 1550 2190 3000 2403 2112 2172 2193 2379 1500 2085 2312 714 1227 1312 2043 2631 2610 2256 2640 1206 2682 2028 2445 2988 1146 2628 1884 2016 1797 2262 2397 1863 2310 2739 1574 1604 2253 2187 1796 2706 2028 2193 2550 2700 2298 2349 2142 2316 2376 2586 2064 1628 1545 2682 2031 2168 2481 2811 1332 2301 2790 2210 2709 2997 1848 2445 2232 2910 2091 1890 2097 1438 1914 1904 
1612 808 1218 1410 4259 936 4173 2178 1878 1530 1684 1896 2510 2967 0 830 1820 1120 996 1680 1266 1320 1636 1424 1812 801 810 1898 3441 2586 2770 2703 2768 784 1200 4955 1648 1804 3747 1308 3812 2296 2859 2640 2798 3575 3686 2613 3290 5562 4078 3558 3118 2328 2944 1812 4042 1472 1500 2412 1274 1556 1707 1428 1190 3060 1464 3294 4531 3976 4086 2091 4140 2488 1617 4304 1614 1060 3280 2091 2845 1804 3501 3935 2220 2004 4803 1850 1863 2151 1776 3343 1692 2460 3765 1384 4026 1498 1464 1604 
1862 1468 930 1770 2062 1324 1552 1386 1640 1152 2324 1396 1500 2228 830 0 1042 1780 1656 1950 2096 2150 1648 2014 2308 1364 1470 1348 1916 1250 820 1934 1638 1222 1332 1756 2144 2054 1424 2044 1994 1586 1692 1716 1648 1680 1664 1618 1896 1996 2030 1846 1088 1606 1030 1340 1756 1338 1430 1702 1406 1972 1798 1330 2020 1962 2294 1758 1932 2046 1364 1724 1796 1376 1456 1898 1208 1890 1916 1844 1226 2398 1526 1732 2154 1692 1692 2368 2072 2264 1718 1896 1646 1772 1552 1762 1798 2210 1108 1736 
844 766 332 1149 2088 726 1068 1368 1563 201 1306 567 964 1815 1820 1042 0 1078 954 1491 1392 1194 1384 1298 1290 612 768 784 1920 1304 444 1374 1364 1036 314 1476 1126 1036 812 1170 2264 1088 1976 1724 1384 1324 1292 1488 2044 1956 2024 1816 140 2424 24 483 1476 640 1772 1368 388 954 1290 468 1064 1888 1420 1640 1828 2056 692 1059 1556 716 657 1760 285 1464 1796 1239 416 1380 1016 1428 1704 1011 1348 1350 1797 1974 2200 2044 942 1131 1068 744 1560 1272 135 718 
1210 476 1070 1376 1476 604 900 394 920 1188 1942 1432 1242 1576 1120 1780 1078 0 664 1556 1954 1556 1254 1294 1722 938 478 954 852 530 960 1672 1244 1080 890 1614 1886 1402 1042 264 214 1584 768 724 1254 1028 1078 1040 918 1762 1096 854 1124 1666 1066 1376 1348 1172 1228 1116 1372 1224 806 1274 1484 1198 1716 766 1320 1448 1400 1316 1048 1342 1492 1344 1244 1896 1362 1304 1262 1472 1562 1164 1220 1004 1474 1960 1494 1686 1564 1318 1238 1808 1144 1740 1636 1218 1144 1518 
1234 352 946 1458 1736 480 1380 270 796 1064 2138 1308 1412 1736 996 1656 954 664 0 1638 2036 1838 1336 1170 1634 1052 354 1036 1308 406 836 1846 1326 1162 766 1518 2056 1882 1238 928 878 1498 842 600 1336 1508 1338 1072 794 1684 972 730 1000 1552 942 1252 1224 1250 1260 1376 1248 1100 682 1150 1516 1074 1748 642 1196 1512 1276 1192 924 1218 1368 1220 1120 1836 1238 1284 1138 1348 1438 1424 1096 880 1350 1836 1526 1718 1440 1350 1114 1684 1020 1616 1512 1094 1020 1394 
1408 1450 1302 1536 2208 1306 1647 2052 2433 1656 1768 2022 2178 2661 1680 1950 1491 1556 1638 0 1602 824 1353 1508 1718 927 1452 903 1314 1848 1788 2805 468 1092 1284 1191 2096 1600 1860 1392 2013 1848 1797 2379 1353 1839 2424 2055 2277 2922 2769 2451 1560 2463 1473 1938 2562 1230 2337 2481 1358 1734 2376 1554 1274 2718 2046 2316 2457 2796 1974 2514 2622 1992 1743 2238 1740 1926 2538 2325 1398 2250 1848 2526 2955 2139 2466 2320 2736 2712 2295 2160 2397 2586 2256 1468 2256 1996 1590 1688 
2094 1848 1700 1422 988 1704 1784 1766 2020 1502 2166 1746 1550 2460 1266 2096 1392 1954 2036 1602 0 1802 1300 1906 1234 1016 1850 1000 1568 1630 1590 2284 1290 874 1682 1666 2194 2286 1642 1790 1740 1630 1344 1984 1300 1912 1386 1768 2046 2070 1984 2032 1438 2040 1380 1690 2048 1218 1866 1348 1756 1796 1982 1434 1672 2210 2444 1942 1700 2024 1714 2074 1972 1726 1560 1890 1558 2204 2090 1612 1330 2648 1630 1472 2108 1824 2042 2660 2222 2206 1928 1838 1996 2122 1902 1866 1902 2394 1458 2086 
1608 1650 1502 1224 2032 1506 1298 1568 1822 1304 1968 1548 1652 1974 1320 2150 1194 1556 1838 824 1802 0 1102 1708 2278 818 1652 802 704 1432 1392 2070 512 928 1484 1354 2296 1800 1440 1392 1342 1432 1398 1786 1102 1426 1816 1570 1848 2148 2046 1834 1240 1842 1182 1492 1908 1020 1758 1854 1558 1934 1784 1236 1474 2012 2246 1744 1838 2064 1516 1876 1948 1528 1362 1692 1360 2126 1892 1750 1132 2450 1432 1884 2170 1626 1844 2520 2024 2008 1730 1640 1798 1924 1704 1668 1704 2196 1260 1888 
1394 1148 1000 1083 3424 1004 2168 2132 1980 1203 1466 1569 2300 2640 1636 1648 1384 1254 1336 1353 1300 1102 0 1206 1958 474 1150 600 1092 1860 1780 2376 1180 852 982 2812 1794 1586 1884 1090 2080 660 1792 2568 1200 2424 2628 1948 2504 3292 3096 2664 1476 2680 1360 1485 2812 1036 2324 2704 1056 1432 1923 1101 972 3020 1650 2484 2672 2936 2028 2061 2892 2052 1290 2380 1287 1624 2592 1872 1260 1948 1860 2764 2508 1686 1912 2018 2142 2259 2456 2276 1944 2133 2404 1166 2404 1694 1137 1000 
1864 982 1304 1328 2318 838 1690 900 374 1408 2072 1652 1756 2366 1424 2014 1298 1294 1170 1508 1906 1708 1206 0 2264 922 984 906 1474 764 1194 2190 1196 1032 1396 2012 2400 2192 1548 1558 1508 1536 1502 1230 1206 1818 1920 1674 1424 2252 1602 1360 1344 1946 1286 1596 1854 1124 1862 1958 1662 1730 1312 1340 1578 1704 2350 1272 1826 2142 1620 1822 1554 1632 1466 1796 1464 2230 1868 1854 1236 1978 1536 1988 1726 1510 1948 2466 2128 2112 1834 1744 1744 2028 1650 1772 1808 1724 1364 1992 
1948 1446 1598 2032 246 1574 1638 1364 1890 1356 2572 1254 808 2006 1812 2308 1290 1722 1634 1718 1234 2278 1958 2264 0 1674 1448 1658 2146 1500 1488 1872 1766 1784 1580 924 1452 2140 1672 1558 1508 1834 1420 1500 1890 1766 644 1400 1648 1328 1242 904 1336 1402 1278 1588 1482 1502 1212 606 1654 1054 1498 1494 1596 1688 2076 1458 958 1718 1612 1450 1230 1624 1620 1300 1254 1462 1452 870 1390 2124 1690 730 1366 1418 1524 2094 1854 1798 1514 1430 1372 1874 1278 1874 1820 1860 1356 1568 
1110 864 716 657 2142 720 1200 1173 1554 777 1182 1143 1299 2214 801 1364 612 938 1052 927 1016 818 474 922 1674 0 866 24 876 969 909 1950 459 213 698 1683 1510 1302 987 774 1086 969 918 1500 474 1392 1545 1176 1593 2043 1896 1572 681 1584 594 1059 1683 351 1458 1602 772 1148 1497 675 688 1839 1460 1437 1578 1917 1095 1635 1743 1113 864 1359 861 1340 1659 1446 519 1664 969 1647 2082 1260 1587 1734 1857 1833 1416 1281 1518 1707 1377 882 1377 1410 711 1102 
1048 166 760 1272 1550 294 1194 84 610 878 1952 1122 1226 1550 810 1470 768 478 354 1452 1850 1652 1150 984 1448 866 0 850 1122 220 650 1660 1140 976 580 1332 1870 1696 1052 742 692 1312 766 414 1150 1322 1152 886 608 1498 786 544 814 1366 756 1066 1038 1064 1074 1190 1062 914 496 964 1330 888 1562 456 1010 1326 1090 1006 738 1032 1182 1034 934 1650 1052 1098 952 1162 1252 1238 910 694 1164 1650 1340 1532 1254 1164 928 1498 834 1430 1326 908 834 1208 
1094 848 700 633 3716 704 4548 5408 1530 753 1166 1119 2125 2190 1898 1348 784 954 1036 903 1000 802 600 906 1658 24 850 0 1988 2520 1475 1926 1015 252 682 3318 1494 1286 3408 790 3000 1260 4674 2460 1350 2280 6715 5852 3138 4038 4368 4741 1752 3247 2470 1035 3512 436 2390 2104 756 1132 1473 651 672 2420 1444 6142 3868 5048 2282 1611 3438 1452 840 2670 837 1324 6055 1422 2472 1648 2958 3805 2058 1236 3647 1718 1833 1809 1856 2722 1494 1683 5863 866 3608 1394 687 1086 
1634 1120 1268 1485 4974 976 4676 3633 1938 1605 1642 1971 3545 3000 3441 1916 1920 852 1308 1314 1568 704 1092 1474 2146 876 1122 1988 0 3157 2895 2778 3003 1388 1250 5014 2062 1826 4235 688 2233 1752 4074 3420 2716 3644 5257 4676 4686 5742 6090 5243 3521 4721 3318 1887 5216 1572 3810 3080 1324 1700 2175 1503 1148 3556 2012 4935 5856 6405 3986 2463 4986 2588 1692 4098 1689 1800 5647 2274 3143 2116 4193 5558 2796 2088 5419 2286 2685 2523 2808 4242 2346 2535 5145 1434 5145 1862 1539 1546 
1100 218 540 1578 4077 74 4732 544 585 1143 1796 1509 2775 2403 2586 1250 1304 530 406 1848 1630 1432 1860 764 1500 969 220 2520 3157 0 1075 2316 3220 1512 632 4098 1754 1664 4206 794 3543 2392 3272 1165 3720 3225 4816 3752 1980 4650 2933 2384 2960 4327 2728 1425 3298 1696 2815 2484 1016 966 822 1410 1302 1880 1614 2032 4401 5512 3308 1587 2370 1972 1599 3258 1227 1702 4416 1725 3468 1214 4668 4515 1443 1119 4256 1702 2088 2376 2612 3648 1470 2073 3712 1372 5527 960 1077 1260 
1042 648 110 1446 3291 504 1830 1415 1230 498 1504 864 1700 2112 2770 820 444 960 836 1788 1590 1392 1780 1194 1488 909 650 1475 2895 1075 0 1671 2200 1432 512 2340 1324 1234 1510 1224 3013 1532 2965 2240 2225 2150 2110 2355 2725 2940 3025 2565 670 3525 525 780 2646 1036 2710 1764 586 1152 1467 765 1262 2284 1618 2345 2780 3170 1553 1356 2440 1112 954 2695 582 1662 2740 1536 1015 1578 1765 2280 2001 1308 2180 1548 2094 2271 2596 3050 1239 1428 1830 942 2445 1390 432 916 
1082 1658 1224 1911 2439 1618 1158 2364 2901 1539 1814 1905 2061 2172 2703 1934 1374 1672 1846 2805 2284 2070 2376 2190 1872 1950 1660 1926 2778 2316 1671 0 2337 2115 1206 2229 2018 1274 1371 1408 2187 2190 2754 2631 2376 1350 1842 2454 2871 816 2280 2247 1443 2979 1356 1821 2445 1818 2667 1899 1280 1638 2628 1806 1956 2754 2312 2568 2313 2844 1857 2397 2505 1875 1995 2658 1623 2046 2679 2181 1650 2272 2100 1713 2466 2349 2178 2242 3135 3312 2982 2763 2280 2469 2139 1636 2508 2164 1473 1496 
1096 1138 990 1068 3800 994 2751 3696 1965 1188 1456 1554 2850 2193 2768 1638 1364 1244 1326 468 1290 512 1180 1196 1766 459 1140 1015 3003 3220 2200 2337 0 832 972 2526 1784 1288 3248 1080 4015 1840 3101 3185 2065 2285 4564 3703 4008 4908 5369 4627 2548 4117 2345 1470 4382 1016 3115 2684 1046 1422 1908 1086 962 3000 1734 4312 4883 5432 3152 2046 4308 2032 1275 3540 1272 1614 4830 1857 2170 1938 3220 4820 2487 1671 4662 2008 2268 2244 2436 3592 1929 2118 4172 1156 4172 1684 1122 1376 
1220 974 826 822 3076 830 1820 1784 1719 942 1292 1308 1952 2379 784 1222 1036 1080 1162 1092 874 928 852 1032 1784 213 976 252 1388 1512 1432 2115 832 0 808 2464 1620 1412 1536 916 1732 1512 940 2220 852 2076 2280 1788 2344 2944 2748 2316 1128 2332 1012 1224 2348 688 1984 2356 882 1258 1662 840 798 2672 1570 2136 2324 2300 1680 1800 2544 1704 1029 2032 1026 1450 2432 1611 912 1774 1512 2416 2247 1425 2336 1786 2022 1998 2108 1928 1683 1872 2056 992 2056 1520 876 1212 
1134 578 622 1056 1334 706 824 496 1022 424 1596 668 772 1500 1200 1332 314 890 766 1284 1682 1484 982 1396 1580 698 580 682 1250 632 512 1206 972 808 0 1028 1416 1326 696 1154 1104 858 1178 826 982 952 936 1034 1020 1268 1198 956 360 1502 302 612 1028 610 1176 974 678 1244 908 602 1354 1234 1710 868 1204 1318 636 996 1068 648 728 1170 480 1754 1188 1116 498 1574 798 1004 1322 964 964 1640 1488 1606 1390 1312 918 1044 824 1034 1070 1320 380 1008 
1024 1330 1046 1824 1695 1440 2142 3744 2634 1272 1756 1638 2990 2085 4955 1756 1476 1614 1518 1191 1666 1354 2812 2012 924 1683 1332 3318 5014 4098 2340 2229 2526 2464 1028 0 1840 1216 2568 1350 4628 2564 5106 3940 4218 2105 3512 3006 2172 5076 4386 4866 2352 4889 2178 1554 5126 2068 2975 2076 1102 1486 2361 1539 1446 3316 1678 4602 4476 4440 3566 2130 4476 2144 1728 4782 1356 1894 3972 1953 2766 2094 3666 3752 2379 2082 4164 2064 2184 2472 3052 3840 2013 2202 3744 1458 4326 1732 1206 1432 
1946 1794 1434 1868 1206 1828 1636 1786 2144 1236 2408 1418 644 2312 1648 2144 1126 1886 2056 2096 2194 2296 1794 2400 1452 1510 1870 1494 2062 1754 1324 2018 1784 1620 1416 1840 0 2138 1508 1722 1672 1670 1256 1664 1794 1764 808 1236 1514 1492 1824 1966 1172 1486 1114 1424 1686 1422 1048 846 1490 1218 1662 1414 1680 2046 1912 1622 1122 1730 1448 1808 1394 1460 1540 1540 1292 1626 1558 1034 1310 2328 1610 894 1934 1776 1776 2298 1690 1882 1598 1514 1576 1856 1636 1846 1882 1966 1192 1820 
812 1694 1344 1004 1894 1738 502 1612 2054 902 1544 1390 1494 714 1804 2054 1036 1402 1882 1600 2286 1800 1586 2192 2140 1302 1696 1286 1826 1664 1234 1274 1288 1412 1326 1216 2138 0 644 1138 1188 1580 1566 1834 1586 630 1614 1618 1896 1818 1250 1882 1082 1830 1024 1334 1750 1068 1806 1652 1400 1966 1832 1284 1958 1956 2238 1792 1886 1626 1358 1718 1790 1370 1410 1892 1202 2114 1516 1798 1180 2392 1480 1700 1374 1674 1686 2362 2072 2264 1718 1896 1640 1766 1546 1716 1752 1924 1102 1730 
452 1050 714 540 3619 1108 710 4840 2136 774 900 1137 2160 1227 3747 1424 812 1042 1238 1860 1642 1440 1884 1548 1672 987 1052 3408 4235 4206 1510 1371 3248 1536 696 2568 1508 644 0 778 3729 1900 4610 2975 4371 675 5217 5098 3756 4080 2121 5623 1808 3765 1970 1056 3866 848 2905 2132 770 1336 1782 960 1314 2652 1650 5974 4537 5208 2516 1632 3480 1480 1149 3786 858 1470 4768 1731 2761 1762 3816 3854 1095 1545 3696 1732 2142 2430 2148 3756 1515 1704 4580 1072 4459 1280 708 1100 
946 740 1334 1138 1312 868 636 658 1184 1036 1678 1524 1078 1312 1308 2044 1170 264 928 1392 1790 1392 1090 1558 1558 774 742 790 688 794 1224 1408 1080 916 1154 1350 1722 1138 778 0 50 1420 604 988 1090 764 914 876 1154 1598 1360 1118 1216 1502 1158 1282 1308 1008 1064 952 1534 1324 1070 1224 1320 1462 1552 1030 1228 1284 1306 1482 1312 1504 1350 1608 1336 1732 1198 1140 1120 1736 1420 1000 1484 1268 1738 1920 1330 1522 1400 1154 1216 1900 1310 1656 1566 1482 1236 1782 
996 690 1284 1743 3563 818 3658 3070 1701 1629 1728 2211 2570 2043 3812 1994 2264 214 878 2013 1740 1342 2080 1508 1508 1086 692 3000 2233 3543 3013 2187 4015 1732 1104 4628 1672 1188 3729 50 0 2740 1939 2659 4014 2454 3024 2891 3312 4644 4741 4032 4211 4361 4008 1848 3774 1916 2535 1804 1496 1274 1530 1761 1270 2824 1502 4372 4479 4319 3988 2148 3974 2932 1950 4712 1947 1682 4018 1635 4039 1686 4859 3325 2151 1827 6049 1870 1920 2208 2700 3312 1749 2793 4410 1606 5306 1432 1797 1732 
1388 1310 876 1578 3176 1270 2156 2456 2379 1017 1796 1383 2052 2631 2296 1586 1088 1584 1498 1848 1630 1432 660 1536 1834 969 1312 1260 1752 2392 1532 2190 1840 1512 858 2564 1670 1580 1900 1420 2740 0 2452 2812 1860 2412 2380 1288 1844 3044 2464 2492 1228 2540 1112 1299 2188 1696 1664 2456 932 1498 2106 1284 1088 2976 1320 2728 2916 2276 1780 1875 2644 1804 1473 2848 1101 1554 1932 2055 1504 1736 2104 2516 2034 1827 1252 1706 1647 1935 2336 1844 1476 1947 2156 1288 2648 1374 951 670 
1374 764 1296 1527 3278 892 5940 3751 1812 1647 1762 2013 1530 2610 2859 1692 1976 768 842 1797 1344 1398 1792 1502 1420 918 766 4674 4074 3272 2965 2754 3101 940 1178 5106 1256 1566 4610 604 1939 2452 0 2530 4730 2980 5231 6417 3618 4380 4844 3195 4142 4402 5392 1017 2112 1628 2540 1628 1352 1186 1641 1545 1268 2636 1292 6367 4149 2720 2326 1620 3632 2644 1734 3938 1731 1594 7556 1503 5609 1346 5775 3017 2262 1572 4655 1316 2412 2535 2948 4298 1221 2577 5610 1462 6063 1506 1581 1374 
1294 412 1006 2109 3376 540 3330 825 1284 1458 2076 1824 2550 2256 2640 1716 1724 724 600 2379 1984 1786 2568 1230 1500 1500 414 2460 3420 1165 2240 2631 3185 2220 826 3940 1664 1834 2975 988 2659 2812 2530 0 3025 3650 2140 2209 2135 3409 1850 1975 2222 2690 2125 1740 1904 1532 2679 1788 648 500 123 825 1298 948 1524 105 1777 2280 2945 888 810 1236 1263 1550 1506 1360 1905 1026 1635 748 2385 2355 924 420 3525 1236 1962 1803 1928 2890 771 2268 1124 1016 2760 494 1392 1454 
1394 1148 1000 1083 4330 1004 4996 4797 1980 1203 866 1569 2875 2640 2798 1648 1384 1254 1336 1353 1300 1102 1200 1206 1890 474 1150 1350 2716 3720 2225 2376 2065 852 982 4218 1794 1586 4371 1090 4014 1860 4730 3025 0 3030 5913 4302 3534 4938 3990 5917 2952 2571 3060 1485 3880 1036 2597 2568 880 1062 1812 1101 372 2692 1492 5367 4107 5744 3182 1662 2658 1878 1290 1770 1287 1024 4197 1869 2958 1782 4267 4549 1830 1614 4037 1752 1905 1359 1256 2422 1545 2133 4470 1166 4796 1238 1137 968 
438 1320 970 945 3800 1364 320 3095 2520 792 1170 1524 2800 1206 3575 1680 1324 1028 1508 1839 1912 1426 2424 1818 1766 1392 1322 2280 3644 3225 2150 1350 2285 2076 952 2105 1764 630 675 764 2454 2412 2980 3650 3030 0 3100 3110 3805 3696 2190 3770 1770 3640 1625 1404 3700 1388 3580 2556 1026 1592 2187 1365 1584 3164 1608 3545 3780 2490 2280 2016 3540 1992 1554 3795 1242 1740 2855 2136 2015 2018 2765 3315 1500 1950 3280 1988 2547 2835 2688 3805 1899 2088 2930 1342 3445 1550 1092 1356 
1422 986 954 2082 1815 1278 6232 7830 2391 1068 1928 915 410 2682 3686 1664 1292 1078 1338 2424 1386 1816 2628 1920 644 1545 1152 6715 5257 4816 2110 1842 4564 2280 936 3512 808 1614 5217 914 3024 2380 5231 2140 5913 3100 0 5598 3136 2052 3759 5698 2768 2274 4823 1416 3548 1716 1420 76 1010 410 1281 1275 952 2480 1432 4884 1875 4560 3206 1503 1990 1960 1464 2271 915 818 4444 339 4476 1520 4707 301 1689 1455 4536 1646 1815 1731 1740 2358 1386 1845 6370 1282 4704 1216 1068 1340 
1426 884 1052 1785 3100 1012 6414 8448 1992 1281 1682 1647 1480 2028 2613 1618 1488 1040 1072 2055 1768 1570 1948 1674 1400 1176 886 5852 4676 3752 2355 2454 3703 1788 1034 3006 1236 1618 5098 876 2891 1288 6417 2209 4302 3110 5598 0 834 4008 2058 3636 3160 1883 6954 1563 2308 1100 470 1588 1108 854 1404 1149 444 1688 676 5642 3277 1976 3308 909 2034 2156 1284 2340 1365 910 1771 1473 4464 1092 2736 2583 1068 861 4569 1062 681 969 1048 834 510 2211 3946 844 2760 730 1215 1314 
1488 606 1200 2202 3505 734 4182 1572 1575 1698 1960 2064 2175 2445 3290 1896 2044 918 794 2277 2046 1848 2504 1424 1648 1593 608 3138 4686 1980 2725 2871 4008 2344 1020 2172 1514 1896 3756 1154 3312 1844 3618 2135 3534 3805 3136 834 0 4842 2598 2952 3204 2717 3030 1980 2962 1656 1165 2144 1386 1132 1404 1233 722 2244 954 2688 3636 2268 4126 1326 2868 2712 1701 3174 1782 1188 1800 1890 2792 1370 2658 3048 1485 1278 4302 1340 1098 1386 1604 1668 927 2628 2136 1122 2154 1008 1632 1478 
1626 1496 1286 2580 3216 1624 4120 4242 2910 1632 2260 1941 2120 2988 5562 1996 1956 1762 1684 2922 2070 2148 3292 2252 1328 2043 1498 4038 5742 4650 2940 816 4908 2944 1268 5076 1492 1818 4080 1598 4644 3044 4380 3409 4938 3696 2052 4008 4842 0 4632 2862 3072 4326 2898 1914 4124 2548 3130 1444 1342 1094 2124 1899 1464 2648 2012 4192 3210 5310 4286 1629 3474 2624 2004 3780 1683 1502 3834 1365 3486 1760 4386 1794 2502 1581 2724 1730 2685 2499 2960 3894 1512 2562 2742 1510 4872 1686 1566 952 
1058 784 1320 1449 2490 912 2618 2457 1842 1683 1506 2046 2950 1146 4078 2030 2024 1096 972 2769 1984 2046 3096 1602 1242 1896 786 4368 6090 2933 3025 2280 5369 2748 1198 4386 1824 1250 2121 1360 4741 2464 4844 1850 3990 2190 3759 2058 2598 4632 0 3458 3703 2050 3500 1965 3272 2060 1940 2224 1304 840 1107 1809 1032 2080 1264 2815 3954 3787 4290 1203 2202 2548 1578 2896 1767 864 931 1536 3997 1404 3171 4060 186 1155 4725 1446 1563 1851 936 2598 1086 2613 2205 1142 2219 674 1617 1394 
1424 542 1136 2181 3327 670 6248 2070 1479 1527 2138 1893 3305 2628 3558 1846 1816 854 730 2451 2032 1834 2664 1360 904 1572 544 4741 5243 2384 2565 2247 4627 2316 956 4866 1966 1882 5623 1118 4032 2492 3195 1975 5917 3770 5698 3636 2952 2862 3458 0 3352 3307 4032 1809 2504 1628 2490 2484 1272 794 1308 1209 1252 1568 1484 3778 3664 5208 3678 819 1854 2484 1194 2160 1437 1320 3249 1467 3159 1220 4509 4305 1668 771 2170 1190 1893 1734 1848 3258 702 2457 1683 970 4360 1130 1461 664 
890 812 378 1218 2911 772 2327 2920 1632 270 1352 636 1320 1884 3118 1088 140 1124 1000 1560 1438 1240 1476 1344 1336 681 814 1752 3521 2960 670 1443 2548 1128 360 2352 1172 1082 1808 1216 4211 1228 4142 2222 2952 1770 2768 3160 3204 3072 3703 3352 0 3540 232 552 2774 732 2330 1460 434 884 1359 537 1110 1748 1466 3494 3380 4716 1562 954 2124 808 726 2430 180 1426 3312 1308 1016 1310 2216 2388 1773 906 2114 1280 1866 1869 2060 3204 837 1200 1856 790 3304 1236 204 648 
1638 1364 1520 2193 3100 1492 4191 3919 2712 1983 1606 2052 2105 2016 2328 1606 2424 1666 1552 2463 2040 1842 2680 1946 1402 1584 1366 3247 4721 4327 3525 2979 4117 2332 1502 4889 1486 1830 3765 1502 4361 2540 4402 2690 2571 3640 2274 1883 2717 4326 2050 3307 3540 0 3656 2265 3513 2352 1095 1592 1354 1098 1737 1863 1070 2176 1302 3556 3277 3365 4730 1275 2957 2648 1650 3263 1893 284 1252 1476 3414 1524 2514 2532 1056 1227 3846 1494 1620 1908 224 2717 1158 2913 2225 1074 1698 722 1917 1326 
832 754 320 1131 2766 714 2899 6048 1545 183 1294 549 1175 1797 2944 1030 24 1066 942 1473 1380 1182 1360 1286 1278 594 756 2470 3318 2728 525 1356 2345 1012 302 2178 1114 1024 1970 1158 4008 1112 5392 2125 3060 1625 4823 6954 3030 2898 3500 4032 232 3656 0 465 2948 616 2185 1344 376 942 1272 450 1052 1864 1408 5133 3293 4484 1388 1041 2298 692 639 2604 267 1452 4873 1221 1176 1368 2232 2475 1686 993 2317 1338 1779 1956 2176 3030 924 1113 5468 732 3072 1260 117 706 
1142 1064 630 1596 2013 1024 1248 1473 2010 648 1604 1014 1170 2262 1812 1340 483 1376 1252 1938 1690 1492 1485 1596 1588 1059 1066 1035 1887 1425 780 1821 1470 1224 612 1554 1424 1334 1056 1282 1848 1299 1017 1740 1485 1404 1416 1563 1980 1914 1965 1809 552 2265 465 0 1554 927 1776 1473 686 1252 1737 915 1362 1863 1318 1677 1818 1059 36 1506 1614 984 1104 1767 732 1762 1794 1686 759 1678 1209 1518 2151 1458 1458 1648 2244 2421 2097 1980 1389 1578 1248 1042 1617 1570 582 1016 
1558 1036 1046 2220 3951 1164 4264 2890 2220 1272 2006 1638 2742 2397 4042 1756 1476 1348 1224 2562 2048 1908 2812 1854 1482 1683 1038 3512 5216 3298 2646 2445 4382 2348 1028 5126 1686 1750 3866 1308 3774 2188 2112 1904 3880 3700 3548 2308 2962 4124 3272 2504 2774 3513 2948 1554 0 1900 2074 2144 1102 624 1059 1413 894 1228 1126 2680 3234 3272 3662 564 2114 2144 939 2420 1182 1166 2474 1212 3284 642 3889 3686 1437 516 4364 612 1356 1479 1540 3142 165 2202 1382 800 3578 976 1206 1242 
876 1062 628 960 2512 922 1132 1960 1857 645 1324 1011 1556 1863 1472 1338 640 1172 1250 1230 1218 1020 1036 1124 1502 351 1064 436 1572 1696 1036 1818 1016 688 610 2068 1422 1068 848 1008 1916 1696 1628 1532 1036 1388 1716 1100 1656 2548 2060 1628 732 2352 616 927 1900 0 1476 1792 684 914 1146 324 890 1984 1226 1448 1636 2088 1272 1377 1980 1308 513 2184 729 1460 1744 1095 224 1430 824 1888 1731 909 1940 1562 1506 1794 2148 1656 1260 1575 1492 648 1368 1176 579 1014 
1614 1072 1194 2067 2818 1200 3260 2475 2274 1494 1870 1767 1010 2310 1500 1430 1772 1228 1260 2337 1866 1758 2324 1862 1212 1458 1074 2390 3810 2815 2710 2667 3115 1984 1176 2975 1048 1806 2905 1064 2535 1664 2540 2679 2597 3580 1420 470 1165 3130 1940 2490 2330 1095 2185 1776 2074 1476 0 1212 1178 978 1686 1431 632 2064 864 2742 2205 1705 3098 1191 2165 2296 1566 2420 1578 722 1275 1191 2125 1280 1655 1635 1350 1143 3645 1250 963 1251 1100 1165 792 2424 1555 898 2195 918 1428 1502 
1460 1024 992 2139 720 1316 2300 2212 2448 1125 1966 972 404 2739 2412 1702 1368 1116 1376 2481 1348 1854 2704 1958 606 1602 1190 2104 3080 2484 1764 1899 2684 2356 974 2076 846 1652 2132 952 1804 2456 1628 1788 2568 2556 76 1588 2144 1444 2224 2484 1460 1592 1344 1473 2144 1792 1212 0 1048 448 1338 1332 990 2556 1470 1704 704 2224 2012 1560 1248 2036 1521 1388 972 856 1692 396 1568 1558 2168 248 1746 1512 2668 1684 1872 1788 1816 1648 1443 1902 1736 1320 2428 1254 1125 1378 
1208 1060 696 1130 1408 1090 898 978 1406 498 1670 742 846 1574 1274 1406 388 1372 1248 1358 1756 1558 1056 1662 1654 772 1062 756 1324 1016 586 1280 1046 882 678 1102 1490 1400 770 1534 1496 932 1352 648 880 1026 1010 1108 1386 1342 1304 1272 434 1354 376 686 1102 684 1178 1048 0 1064 646 676 1238 1038 1784 606 1160 1392 710 1070 888 30 802 1184 554 1638 1156 1190 572 1312 516 1078 1180 928 1038 1714 1562 1440 1358 1072 992 1118 898 752 788 1058 454 1082 
1774 912 1262 1554 808 1040 1464 830 1356 1064 1928 1020 574 1604 1556 1972 954 1224 1100 1734 1796 1934 1432 1730 1054 1148 914 1132 1700 966 1152 1638 1422 1258 1244 1486 1218 1966 1336 1324 1274 1498 1186 500 1062 1592 410 854 1132 1094 840 794 884 1098 942 1252 624 914 978 448 1064 0 498 906 918 830 1468 458 96 856 1276 592 176 1034 842 472 1004 1228 784 184 802 1164 1102 496 716 560 1414 1236 1308 1120 986 752 514 1012 420 1016 1152 910 1020 1458 
1376 494 1088 2106 1878 622 1995 618 1407 1455 2074 1821 1527 2253 1707 1798 1290 806 682 2376 1982 1784 1923 1312 1498 1497 496 1473 2175 822 1467 2628 1908 1662 908 2361 1662 1832 1782 1070 1530 2106 1641 123 1812 2187 1281 1404 1404 2124 1107 1308 1359 1737 1272 1737 1059 1146 1686 1338 646 498 0 822 1380 708 1522 60 891 1365 1764 1011 483 924 1323 927 1539 1442 1266 1023 978 666 1428 1410 921 543 2238 1318 2085 1926 1569 1821 894 2265 753 1098 1653 492 1389 1536 
1092 962 620 1284 1872 1014 1173 1320 1995 633 1540 999 1155 2187 1428 1330 468 1274 1150 1554 1434 1236 1101 1340 1494 675 964 651 1503 1410 765 1806 1086 840 602 1539 1414 1284 960 1224 1761 1284 1545 825 1101 1365 1275 1149 1233 1899 1809 1209 537 1863 450 915 1413 324 1431 1332 676 906 822 0 1106 1410 1442 762 1215 1890 942 1365 1185 969 501 1626 717 1526 1566 1083 156 1214 606 1404 1623 897 1443 1554 1830 1992 1869 1440 1248 1563 1107 640 1014 960 567 1006 
1766 1328 1372 1094 1350 1376 1456 1246 1692 1174 1238 1418 1036 1796 1190 2020 1064 1484 1516 1274 1672 1474 972 1578 1596 688 1330 672 1148 1302 1262 1956 962 798 1354 1446 1680 1958 1314 1320 1270 1088 1268 1298 372 1584 952 444 722 1464 1032 1252 1110 1070 1052 1362 894 890 632 990 1238 918 1380 1106 0 1288 1120 1340 822 938 1386 1050 1094 1208 1232 962 1230 1354 766 910 1002 1536 722 866 1156 1018 1384 1506 898 534 968 166 784 1738 878 958 994 1174 1130 1340 
1764 886 1252 2448 3276 1014 2908 1608 1995 1581 2212 1947 2804 2706 3060 1962 1888 1198 1074 2718 2210 2012 3020 1704 1688 1839 888 2420 3556 1880 2284 2754 3000 2672 1234 3316 2046 1956 2652 1462 2824 2976 2636 948 2692 3164 2480 1688 2244 2648 2080 1568 1748 2176 1864 1863 1228 1984 2064 2556 1038 830 708 1410 1288 0 1520 864 1852 2604 2532 873 1308 2016 1248 1512 1491 1372 1548 1521 1760 1138 1804 2532 1509 825 2692 1226 1947 1788 1952 2244 756 2511 820 1006 1260 884 1515 1390 
2046 1560 1728 1866 1830 1688 1736 1478 2004 1530 2358 1774 1268 2028 1464 2294 1420 1716 1748 2046 2444 2246 1650 2350 2076 1460 1562 1444 2012 1614 1618 2312 1734 1570 1710 1678 1912 2238 1650 1552 1502 1320 1292 1524 1492 1608 1432 676 954 2012 1264 1484 1466 1302 1408 1318 1126 1226 864 1470 1784 1468 1522 1442 1120 1520 0 1482 1372 612 1294 1282 1354 1754 1532 1456 1586 1586 998 1460 1338 1768 1284 1414 1388 1250 1946 1738 1130 1322 1200 954 1016 2150 1110 1520 1366 1406 1486 1990 
1336 454 1048 2046 3271 582 7403 4082 1347 1395 2034 1761 2445 2193 3294 1758 1640 766 642 2316 1942 1744 2484 1272 1458 1437 456 6142 4935 2032 2345 2568 4312 2136 868 4602 1622 1792 5974 1030 4372 2728 6367 105 5367 3545 4884 5642 2688 4192 2815 3778 3494 3556 5133 1677 2680 1448 2742 1704 606 458 60 762 1340 864 1482 0 2800 3480 3408 951 846 1152 1263 1734 1479 1402 4506 963 4333 706 4254 3150 861 483 5082 1278 2025 1866 2012 3558 834 2205 3028 1058 4358 452 1329 1496 
1694 1008 1222 2187 2390 1136 5020 3925 2178 1536 2024 1386 1195 2550 4531 1932 1828 1320 1196 2457 1700 1838 2672 1826 958 1578 1010 3868 5856 4401 2780 2313 4883 2324 1204 4476 1122 1886 4537 1228 4479 2916 4149 1777 4107 3780 1875 3277 3636 3210 3954 3664 3380 3277 3293 1818 3234 1636 2205 704 1160 96 891 1215 822 1852 1372 2800 0 2660 3761 1032 1670 2260 1404 2182 1386 1132 3443 132 2713 1260 3727 2176 1218 984 5366 1332 2082 1536 2164 1968 915 1374 2355 1112 4413 1006 1470 1554 
1434 1324 1336 2439 3983 1452 4910 4968 2652 1707 2166 2073 2715 2700 3976 2046 2056 1448 1512 2796 2024 2064 2936 2142 1718 1917 1326 5048 6405 5512 3170 2844 5432 2300 1318 4440 1730 1626 5208 1284 4319 2276 2720 2280 5744 2490 4560 1976 2268 5310 3787 5208 4716 3365 4484 1059 3272 2088 1705 2224 1392 856 1365 1890 938 2604 612 3480 2660 0 2046 1650 3216 2724 2025 3822 1791 1404 3264 1272 4624 1576 4408 4132 1809 1602 6002 1556 1422 1710 2036 2316 1251 2514 3712 1338 4736 1224 1641 1722 
1166 1088 654 1632 3752 1048 2752 3404 2046 684 1628 1050 2203 2298 4086 1364 692 1400 1276 1974 1714 1516 2028 1620 1612 1095 1090 2282 3986 3308 1553 1857 3152 1680 636 3566 1448 1358 2516 1306 3988 1780 2326 2945 3182 2280 3206 3308 4126 4286 4290 3678 1562 4730 1388 36 3662 1272 3098 2012 710 1276 1764 942 1386 2532 1294 3408 3761 2046 0 1542 3436 1360 1131 3742 768 1786 3796 1713 1572 1702 2472 3428 2187 1494 3374 1672 2280 2457 2844 4068 1425 1614 2704 1060 3288 1588 618 1040 
1526 1004 1014 2172 2100 1132 1824 1383 2172 1224 1974 1590 1746 2349 2091 1724 1059 1316 1192 2514 2074 1876 2061 1822 1450 1635 1006 1611 2463 1587 1356 2397 2046 1800 996 2130 1808 1718 1632 1482 2148 1875 1620 888 1662 2016 1503 909 1326 1629 1203 819 954 1275 1041 1506 564 1377 1191 1560 1070 592 1011 1365 1050 873 1282 951 1032 1650 1542 0 624 1560 891 777 1134 1134 804 1164 1209 1018 1506 1542 1389 468 1749 988 1590 1155 1107 1326 399 2154 258 768 1356 944 1158 1210 
1598 736 1086 2280 2798 864 3864 1962 1770 1332 1752 1698 1991 2142 4140 1796 1556 1048 924 2622 1972 1948 2892 1554 1230 1743 738 3438 4986 2370 2440 2505 4308 2544 1068 4476 1394 1790 3480 1312 3974 2644 3632 810 2658 3540 1990 2034 2868 3474 2202 1854 2124 2957 2298 1614 2114 1980 2165 1248 888 176 483 1185 1094 1308 1354 846 1670 3216 3436 624 0 1716 999 888 1242 1206 1824 540 2634 988 3279 2248 810 576 3714 1060 1698 1539 1620 2812 507 1782 732 840 2928 734 1266 1282 
1178 1030 666 1650 2756 1060 1736 1896 2064 702 1640 1068 1632 2316 2488 1376 716 1342 1218 1992 1726 1528 2052 1632 1624 1113 1032 1452 2588 1972 1112 1875 2032 1704 648 2144 1460 1370 1480 1504 2932 1804 2644 1236 1878 1992 1960 2156 2712 2624 2548 2484 808 2648 692 984 2144 1308 2296 2036 30 1034 924 969 1208 2016 1754 1152 2260 2724 1360 1560 1716 0 1158 2308 786 1608 2252 1740 1084 1282 972 2096 1725 1347 2016 1684 2298 2115 2656 2084 1443 1632 1736 722 1516 1028 636 1052 
1218 1180 746 1473 2061 1140 1362 1647 2184 822 1666 1188 1344 2376 1617 1456 657 1492 1368 1743 1560 1362 1290 1466 1620 864 1182 840 1692 1599 954 1995 1275 1029 728 1728 1540 1410 1149 1350 1950 1473 1734 1263 1290 1554 1464 1284 1701 2004 1578 1194 726 1650 639 1104 939 513 1566 1521 802 842 1323 501 1232 1248 1532 1263 1404 2025 1131 891 999 1158 0 1152 906 1384 1179 1272 345 1268 795 1593 1764 843 1632 1238 1965 1806 1482 1629 774 1752 633 766 1203 1194 756 1132 
1700 1032 1188 1968 3043 1160 4170 2850 2214 1485 1456 1851 2240 2586 4304 1898 1760 1344 1220 2238 1890 1692 2380 1796 1300 1359 1034 2670 4098 3258 2695 2658 3540 2032 1170 4782 1540 1892 3786 1608 4712 2848 3938 1550 1770 3795 2271 2340 3174 3780 2896 2160 2430 3263 2604 1767 2420 2184 2420 1388 1184 472 927 1626 962 1512 1456 1734 2182 3822 3742 777 888 2308 1152 0 1395 1308 2130 984 2940 1192 3585 2500 1254 729 4020 1162 1320 1692 1824 3174 660 2226 1038 942 3234 1030 1419 1384 
1010 932 498 1398 1512 892 1050 1275 1812 450 1472 816 972 2064 1614 1208 285 1244 1120 1740 1558 1360 1287 1464 1254 861 934 837 1689 1227 582 1623 1272 1026 480 1356 1292 1202 858 1336 1947 1101 1731 1506 1287 1242 915 1365 1782 1683 1767 1437 180 1893 267 732 1182 729 1578 972 554 1004 1539 717 1230 1491 1586 1479 1386 1791 768 1134 1242 786 906 1395 0 1428 1422 1254 561 1430 1011 786 1953 1086 1086 1400 2046 2049 1725 1782 1017 1380 876 910 1419 1356 384 768 
1922 1648 1772 1746 1216 1776 1612 1566 2092 1530 1890 1428 982 1628 1060 1890 1464 1896 1836 1926 2204 2126 1624 2230 1462 1340 1650 1324 1800 1702 1662 2046 1614 1450 1754 1894 1626 2114 1470 1732 1682 1554 1594 1360 1024 1740 818 910 1188 1502 864 1320 1426 284 1452 1762 1166 1460 722 856 1638 1228 1442 1526 1354 1372 1586 1402 1132 1404 1786 1134 1206 1608 1384 1308 1428 0 598 1044 1422 1808 1122 904 988 1102 1566 1778 1364 1556 396 1188 1056 2048 962 1358 850 1006 1530 1610 
1324 1050 1206 1848 3043 1178 6168 5448 2241 1512 1696 1878 2285 1545 3280 1916 1796 1362 1238 2538 2090 1892 2592 1868 1452 1659 1052 6055 5647 4416 2740 2679 4830 2432 1188 3972 1558 1516 4768 1198 4018 1932 7556 1905 4197 2855 4444 1771 1800 3834 931 3249 3312 1252 4873 1794 2474 1744 1275 1692 1156 784 1266 1566 766 1548 998 4506 3443 3264 3796 804 1824 2252 1179 2130 1422 598 0 1452 5236 1210 2926 3129 585 756 3794 1180 1164 1452 404 1800 687 2442 2002 876 1472 408 1446 1128 
1606 1096 1134 2055 936 1224 1944 1521 2310 1404 2054 1254 585 2682 2091 1844 1239 1304 1284 2325 1612 1750 1872 1854 870 1446 1098 1422 2274 1725 1536 2181 1857 1611 1116 1953 1034 1798 1731 1140 1635 2055 1503 1026 1869 2136 339 1473 1890 1365 1536 1467 1308 1476 1221 1686 1212 1095 1191 396 1190 184 1023 1083 910 1521 1460 963 132 1272 1713 1164 540 1740 1272 984 1254 1044 1452 0 927 1348 1377 468 1350 1116 2214 1420 2154 1668 1644 1116 1047 1506 906 1154 1785 1094 1338 1520 
988 950 516 1128 3088 910 3809 5208 1839 477 1436 843 1665 2031 2845 1226 416 1262 1138 1398 1330 1132 1260 1236 1390 519 952 2472 3143 3468 1015 1650 2170 912 498 2766 1310 1180 2761 1120 4039 1504 5609 1635 2958 2015 4476 4464 2792 3486 3997 3159 1016 3414 1176 759 3284 224 2125 1568 572 802 978 156 1002 1760 1338 4333 2713 4624 1572 1209 2634 1084 345 2940 561 1422 5236 927 0 1318 1350 2912 1779 741 3003 1450 1674 1836 2284 2568 1092 1407 3849 536 2288 1064 411 902 
2042 1160 1688 2070 1918 1288 1890 1078 1604 1490 2648 1734 1684 2168 1804 2398 1380 1472 1348 2250 2648 2450 1948 1978 2124 1664 1162 1648 2116 1214 1578 2272 1938 1774 1574 2094 2328 2392 1762 1736 1686 1736 1346 748 1782 2018 1520 1092 1370 1760 1404 1220 1310 1524 1368 1678 642 1430 1280 1558 1312 1164 666 1214 1536 1138 1768 706 1260 1576 1702 1018 988 1282 1268 1192 1430 1808 1210 1348 1318 0 1618 1606 1280 986 1840 1254 1546 1628 1412 1370 752 2110 846 1442 1578 1158 1446 1884 
1288 1250 816 1578 3838 1210 4441 5256 2289 927 1736 1293 2415 2481 3501 1526 1016 1562 1438 1848 1630 1432 1860 1536 1690 969 1252 2958 4193 4668 1765 2100 3220 1512 798 3666 1610 1480 3816 1420 4859 2104 5775 2385 4267 2765 4707 2736 2658 4386 3171 4509 2216 2514 2232 1209 3889 824 1655 2168 516 1102 1428 606 722 1804 1284 4254 3727 4408 2472 1506 3279 972 795 3585 1011 1122 2926 1377 1350 1618 0 3962 1545 1191 3458 1648 1593 1386 1684 1668 1389 1857 3948 236 1088 1048 861 1032 
