0 1.73065 1.43011 1.48496 2.0696 1.52523 1.19489 1.19489 1.69547 1.23626 2.12733 1.60923 1.75332 1.71076 1.65562 2.19556 1.45613 1.2867 1.72944 2.07846 2.71358 2.16094 1.87863 1.93693 2.141 1.70814 1.63987 1.41621 1.82129 1.28999 1.28999 1.8134 1.56046 1.65562 1.30026 1.62094 2.47032 1.98081 1.19489 1.2867 1.2867 1.87863 1.51316 1.4729 1.93103 1.52509 1.73065 1.59999 1.59999 2.00478 1.3649 1.56075 1.31715 2.02016 1.23626 1.66407 1.75768 1.41353 1.83415 1.93411 2.06424 1.79935 1.58106 1.4729 1.99382 1.77256 2.24765 1.4729 1.79935 1.82491 1.66407 2.07066 1.6139 1.54953 1.68311 1.81349 1.83068 2.38901 1.69405 1.79935 1.41353 2.12971 1.80724 1.83068 1.55035 1.53302 1.77277 2.65468 2.34232 2.28011 1.98114 1.95005 1.75768 2.0013 1.53974 1.92376 1.88747 1.76517 1.39212 2.22967 
1.73065 0 1.38297 1.82578 1.5411 1.4781 1.64851 1.13002 1.64833 1.28859 2.46815 1.35984 1.18912 2.16438 1.48365 2.14843 1.40899 1.2718 1.48197 2.15691 2.11368 2.31843 1.8315 1.94833 1.5411 1.68706 1.59273 1.42762 1.80639 1.24286 1.24286 1.93899 1.77209 1.60629 1.25313 1.69939 1.90612 2.43443 1.5357 1.74032 1.2718 1.8315 1.26569 1.13002 1.73123 1.96002 1.13002 1.31595 1.31595 1.58581 1.4242 1.37063 1.26648 1.55613 1.18912 1.67608 1.54765 1.45841 1.31595 1.27347 2.01711 1.15922 1.53393 1.40277 1.73226 1.56253 2.11989 1.13002 1.15922 1.69715 1.67608 1.51245 1.15922 1.5024 1.61298 1.3789 1.26648 1.72837 1.4242 1.15922 1.3434 1.91968 1.73711 1.26648 1.51417 1.32971 1.72564 2.38096 1.9709 1.8815 1.55613 1.4702 1.50885 1.85979 1.32971 1.85363 1.74543 1.55794 1.34499 2.22544 
1.43011 1.38297 0 1.36615 1.85406 0.807204 1.34797 0.865906 1.11385 1.34797 2.00852 1.55369 1.38297 1.86384 1.34381 1.61394 1.08578 1.39633 1.57718 1.8396 2.29024 1.85881 1.37187 1.4887 1.85406 1.22743 1.05825 0.967989 1.38819 0.571963 0.571963 1.9251 1.31247 1.34381 0.929909 1.51849 2.09997 2.13389 1.21249 1.43978 1.39633 1.37187 1.3609 1.12256 1.55748 1.6368 1.38297 1.29835 1.29835 1.72078 1.3825 1.21031 0.946801 1.82939 0.865906 1.36652 1.38733 1.04178 1.4638 1.58643 1.55748 1.44901 1.21071 1.12256 1.68201 1.40221 2.08594 1.12256 1.44901 1.66319 1.37446 1.70031 1.24355 1.17918 1.33276 1.44314 1.46033 2.04133 1.45897 1.44901 1.04178 1.75935 1.43549 1.46033 1.56795 1.16939 1.40242 2.28432 2.03514 1.90976 1.77148 1.5997 1.38733 1.63095 1.16939 1.57342 1.53713 1.5927 1.02177 1.76581 
1.48496 1.82578 1.36615 0 3.08046 1.46128 1.39692 2.33925 3.05577 2.19773 1.42491 2.48946 2.55087 2.90053 2.93489 1.78029 2.14036 1.49463 1.73264 2.97118 2.10205 1.74951 2.60138 1.74675 2.20049 2.22717 1.60974 1.64796 2.56568 2.32478 2.68082 2.85585 1.99899 2.74919 1.37271 2.35719 2.16377 1.68116 1.2669 1.17777 2.32706 2.5397 2.25438 2.75333 2.60933 1.62128 2.48554 2.48466 2.85023 3.05555 2.57738 2.81754 1.86903 2.98849 1.52315 2.2689 3.12777 1.61194 2.71451 3.07778 1.36929 1.63157 3.31979 3.10814 1.43878 3.02922 2.05519 2.72214 2.92769 2.64775 2.05996 3.45258 2.74964 2.57814 2.82139 2.80094 3.07485 1.9801 2.56266 2.78398 1.99006 2.1037 2.40789 2.77773 2.91539 2.64705 2.91207 2.32673 3.861 3.45258 2.76696 2.71048 2.80964 3.07665 2.50084 1.58549 2.83914 1.7317 2.40472 1.57762 
2.0696 1.5411 1.85406 3.08046 0 1.94919 5.24309 4.73461 3.54804 2.39451 2.47382 2.57344 5.76486 3.28207 5.75737 2.41912 4.12488 1.74289 1.95306 3.42345 1.70389 2.32127 5.11291 2.41942 1.38118 3.14257 2.02738 4.89672 6.16836 5.68582 6.89555 3.23063 5.67353 4.03659 1.72422 5.44446 1.93736 2.18618 4.86879 1.67227 5.35676 4.32165 5.07697 5.36668 5.4146 6.57491 4.97339 4.57584 5.28952 5.89246 5.19874 5.0503 4.79624 5.44614 4.43273 2.9782 6.42754 3.78399 5.26872 3.7264 2.1552 1.32666 3.32573 2.84194 1.90665 4.16742 2.17632 5.08142 5.47759 5.79782 5.97055 3.06688 5.05078 4.5693 2.90076 5.39415 2.61664 1.54087 4.73845 2.43765 4.56692 2.15057 5.30561 5.41812 2.60739 2.65299 5.65802 2.43244 3.6147 3.21927 4.00194 5.51179 2.77175 3.2846 4.64019 1.90511 5.31193 1.67051 2.99553 2.21534 
1.52523 1.4781 0.807204 1.46128 1.94919 0 1.44309 0.961033 1.20897 1.44309 2.10365 1.64882 1.4781 1.95897 1.43893 1.70907 1.1809 1.49146 1.6723 1.93473 2.38536 1.95393 1.467 1.58383 1.94919 1.32256 1.15337 1.06312 1.48332 0.667091 0.667091 2.02023 1.40759 1.43893 1.02504 1.61362 2.1951 2.22902 1.30761 1.53491 1.49146 1.467 1.45602 1.21768 1.65261 1.73193 1.4781 1.39348 1.39348 1.8159 1.47762 1.30544 1.04193 1.92452 0.961033 1.46165 1.48245 1.13691 1.55893 1.68156 1.65261 1.54413 1.30584 1.21768 1.77714 1.49733 2.18107 1.21768 1.54413 1.75832 1.46959 1.79543 1.33868 1.2743 1.42789 1.53827 1.55546 2.13646 1.5541 1.54413 1.13691 1.85448 1.53062 1.55546 1.66307 1.26451 1.49755 2.37945 2.13026 2.00489 1.86661 1.69483 1.48245 1.72608 1.26451 1.66854 1.63225 1.68783 1.1169 1.86094 
1.19489 1.64851 1.34797 1.39692 5.24309 1.44309 0 8.72286 2.73028 1.66357 1.55766 1.97799 4.87529 1.7051 6.27896 1.84702 2.99086 1.20456 1.68867 2.40567 2.08536 1.66563 3.37537 1.81348 1.96418 1.81227 1.55773 8.24617 6.58559 7.51069 5.43458 2.12532 6.0943 4.09317 1.21812 5.33522 1.8614 0.947865 9.40041 1.10902 6.30046 3.32737 10.2442 4.74643 9.62057 4.23378 9.55595 9.28166 5.26999 6.29204 6.53779 9.59777 7.38349 6.43558 7.34363 1.82339 7.32139 2.31963 4.60485 3.76639 1.43602 1.47868 2.87163 2.50203 1.57153 3.80573 1.76682 10.6619 7.45114 8.45878 5.40682 3.12709 5.65775 3.36659 2.39253 6.41926 2.56337 1.77439 10.9424 2.30926 10.2768 1.95081 9.43227 7.35513 2.46723 2.12806 7.34134 2.17384 3.53551 3.1271 3.61534 6.20668 2.33106 2.68915 9.6216 1.4326 8.49186 1.60628 1.96302 1.64436 
1.19489 1.13002 0.865906 2.33925 4.73461 0.961033 8.72286 0 1.70974 2.04561 1.90224 2.22454 3.93021 2.83532 5.20377 1.47383 2.70507 0.923651 0.899574 2.77037 2.11368 1.76203 3.02807 1.30319 1.5411 1.83689 0.486283 10.8533 6.98239 5.14482 3.61445 2.71115 6.92488 3.25044 0.73606 5.60623 1.90612 1.89867 8.39128 1.20456 5.34417 2.8929 8.48228 3.29917 8.51163 4.60192 12.8033 17.5728 5.04145 5.49822 5.89428 7.63688 5.23 5.17594 14.8598 1.93654 5.04464 2.35925 3.75896 3.24272 1.46554 1.15922 2.16381 1.60243 1.34501 2.84025 1.66942 10.5168 6.0812 7.15915 4.99174 2.43708 4.34056 2.86846 1.98363 5.01233 2.23969 1.72837 9.40614 1.90381 10.2107 1.35504 7.42793 6.09277 1.6984 1.47744 6.39153 1.86881 2.79711 2.38423 2.97579 4.92583 1.54389 2.4152 18.851 1.37957 6.70393 1.10277 1.96455 1.58086 
1.69547 1.64833 1.11385 3.05577 3.54804 1.20897 2.73028 1.70974 0 2.98345 2.30771 3.16238 2.87493 3.77316 2.6023 1.8793 2.5803 1.46481 1.44146 3.32933 2.51916 2.04252 2.77007 1.15171 2.08298 2.55341 0.891756 1.95703 2.47399 1.49839 2.05131 3.64899 2.81725 2.38293 1.19527 2.99112 2.36533 2.39925 2.44137 1.70514 2.47778 2.75512 2.38102 2.472 2.86343 3.17143 2.82183 2.56479 2.78567 3.39935 2.69701 2.49528 2.16999 3.17207 1.9631 2.71433 2.80551 2.37816 2.92993 3.24935 1.87101 1.7011 3.20149 2.51663 1.75049 2.81717 2.2113 2.52448 2.98277 3.07973 2.8367 3.49833 2.64583 2.64586 2.89783 2.69713 3.27738 2.27026 2.76106 2.81801 2.1949 1.89692 2.8014 3.07539 2.91682 2.39164 2.93778 2.4107 3.93743 3.44548 2.96685 2.9259 2.71009 3.31647 2.43108 1.83878 2.92626 1.64465 2.84466 1.98633 
1.23626 1.28859 1.34797 2.19773 2.39451 1.44309 1.66357 2.04561 2.98345 0 1.55766 1.55828 1.77577 2.7553 2.55641 1.84702 1.90452 1.24593 1.68867 3.01777 1.80335 1.7393 2.63157 1.81348 1.64354 2.25736 1.55773 1.81147 2.66188 2.25246 2.6085 2.07252 2.05549 2.42192 1.21812 1.87753 1.45264 1.47877 1.52999 1.16756 1.95644 2.30821 2.02961 2.24339 2.37994 2.1119 1.60092 1.9234 2.41913 2.10331 2.19911 2.46045 1.40884 2.32081 1.20548 2.03591 2.7733 1.63291 2.13835 2.28933 1.43602 1.09789 2.80985 2.54157 1.42193 2.4918 1.83553 2.13475 2.11357 2.23004 1.94423 2.75032 2.00615 2.22243 2.37029 2.26091 2.14367 1.57098 1.97587 1.9488 1.43092 1.86727 2.06765 1.94255 2.31365 2.10963 2.55087 2.14914 3.33719 2.98152 2.31926 2.23942 2.41861 2.26945 1.95761 1.4326 2.28696 1.60628 2.01423 1.64436 
2.12733 2.46815 2.00852 1.42491 2.47382 2.10365 1.55766 1.90224 2.30771 1.55766 0 1.78767 2.02195 2.22482 2.14165 2.42266 1.64204 2.13701 2.37502 2.16136 2.74442 2.34554 1.82606 2.38912 2.83134 1.68161 2.25211 1.35616 1.87806 1.86841 1.86841 2.13479 1.64337 1.79371 2.01508 2.01625 2.77812 2.49487 1.35616 1.82014 1.82014 1.82606 1.79371 2.14045 1.35616 1.79784 2.06112 1.78032 2.16428 2.43786 1.736 2.1602 1.57804 2.05642 1.42217 1.82864 2.24809 1.35616 2.02195 2.06112 1.71082 2.08737 2.15933 2.04369 1.78032 2.26751 2.57093 2.04369 2.08737 2.17457 1.82864 2.26949 1.90939 1.71082 1.9483 1.8124 2.05307 2.32163 1.736 2.08737 1.49597 2.70716 1.85122 2.05307 1.96292 1.93971 1.91916 2.84247 2.33375 2.18876 1.736 1.78032 1.97035 2.18722 1.8124 2.18895 2.03935 2.30546 1.57804 1.91916 
1.60923 1.35984 1.55369 2.48946 2.57344 1.64882 1.97799 2.22454 3.16238 1.55828 1.78767 0 1.9547 3.06971 2.73535 2.00566 2.08345 1.56163 1.7718 3.33965 1.87461 2.11227 2.8105 2.0435 1.7148 2.43629 1.76345 1.9904 2.84081 2.43139 2.78743 2.3944 2.37737 2.60085 1.42385 2.19942 1.5239 1.84427 1.69492 1.52671 2.27833 2.48714 2.20854 2.42232 2.63354 2.43378 1.77986 2.10233 2.69676 2.4252 2.37804 2.63938 1.58777 2.49974 1.38441 2.29698 2.95224 1.81184 2.31728 2.61122 1.66604 1.16914 2.98878 2.72051 1.49319 2.67073 2.02202 2.31368 2.2925 2.55193 2.26612 2.92925 2.18509 2.40136 2.54922 2.43984 2.3226 1.64224 2.1548 2.12774 1.60985 1.93853 2.24658 2.12148 2.49258 2.28856 2.7298 2.2204 3.51613 3.16045 2.4982 2.41835 2.59754 2.44838 2.13654 1.57317 2.4659 1.72964 2.19316 1.87437 
1.75332 1.18912 1.38297 2.55087 5.76486 1.4781 4.87529 3.93021 2.87493 1.77577 2.02195 1.9547 0 3.06545 4.81845 1.66982 2.78157 1.39091 1.43597 3.07478 1.70389 2.01524 3.49842 1.94833 1.52062 2.16828 1.59273 4.11273 5.52083 5.13589 6.09968 2.61189 5.23909 2.94444 1.25313 4.90439 0.882112 2.07939 4.18176 1.35599 4.24606 3.11808 4.34199 4.64731 4.62094 5.52202 3.26072 3.64386 4.84081 5.19816 4.53614 4.41995 3.78956 4.19854 3.38956 1.76876 5.11517 2.44513 4.04538 3.53441 1.5709 0.998426 2.39697 1.97838 1.28225 3.4074 1.56203 4.09159 4.18812 4.20169 4.49082 2.18712 4.02083 3.17663 1.9011 4.25482 2.07874 1.05605 3.98494 1.64938 3.46977 1.6887 4.31273 4.19162 2.22949 1.81958 5.04056 1.88457 2.77399 2.48244 2.99729 3.9873 1.72687 2.36321 3.55039 1.40246 4.71547 1.37887 2.10799 1.77924 
1.71076 2.16438 1.86384 2.90053 3.28207 1.95897 1.7051 2.83532 3.77316 2.7553 2.22482 3.06971 3.06545 0 3.62369 2.59337 2.79355 1.72044 2.16318 3.94366 2.60903 2.59467 3.5921 2.37066 2.48785 3.37441 2.0736 2.87143 3.5421 3.04218 3.39822 3.47589 3.14624 3.4892 1.734 3.1091 2.55576 0.947865 2.16453 1.72044 3.09462 3.19724 3.17725 3.15854 3.18189 3.04324 3.01232 2.81243 3.28815 3.50669 2.54467 3.22845 2.56472 3.42561 2.43871 3.31324 3.64551 2.60066 3.19371 3.50581 2.16173 1.88555 3.725 3.45673 1.96901 3.40696 2.22284 3.0499 3.32955 3.20714 3.09311 3.99544 3.09745 3.13759 3.25932 3.34833 3.6551 2.12026 2.89043 3.16528 2.63534 2.37412 2.87806 3.21565 3.24315 3.02478 3.46239 2.62986 4.42461 3.91663 3.37289 3.36803 3.30764 3.55398 2.8286 1.94459 2.98903 1.93214 3.26055 2.37006 
1.65562 1.48365 1.34381 2.93489 5.75737 1.43893 6.27896 5.20377 2.6023 2.55641 2.14165 2.73535 4.81845 3.62369 0 1.38213 3.07392 1.29874 1.35304 3.02061 1.91306 1.74074 2.90124 1.52752 1.95474 2.47833 1.35668 4.42226 6.2912 5.87485 4.87781 3.39254 6.80359 3.5203 1.21396 7.16383 2.06947 2.32347 5.53623 1.66529 5.88985 3.28292 5.80808 4.63302 5.78424 5.75213 5.58935 4.75069 6.23277 7.16198 6.6517 5.71256 5.25064 6.1089 4.67806 2.62249 7.2848 3.04941 3.90833 4.09774 1.70494 1.57286 2.77046 2.22839 1.21335 3.43974 1.811 5.81698 6.64329 6.57238 6.67442 3.05377 6.12982 3.54858 2.31764 6.72045 2.76767 1.52471 5.71422 2.3083 5.36858 1.84736 5.57197 6.61872 2.58398 2.02624 6.37054 2.16479 3.35725 3.02247 2.84412 6.50137 2.17935 3.1171 5.19039 1.60573 6.00974 1.52742 2.76958 1.82027 
2.19556 2.14843 1.61394 1.78029 2.41912 1.70907 1.84702 1.47383 1.8793 1.84702 2.42266 2.00566 1.66982 2.59337 1.38213 0 1.602 2.04544 2.09974 2.25374 2.57783 2.42098 1.72606 2.13781 2.61952 1.64157 1.8237 1.38213 2.0373 1.47383 1.38213 2.42416 1.72661 1.38213 1.69536 2.12082 2.55194 2.79489 1.71154 2.16805 2.04544 1.78601 1.85831 1.88801 1.97162 2.13586 1.9123 1.69274 1.90656 2.34332 2.11202 1.97577 1.538 1.92195 1.38213 1.7886 2.08151 1.45592 1.66982 2.31144 1.97162 2.19719 1.97617 1.88801 2.07639 2.16766 2.48032 1.88801 2.19719 2.08397 1.7886 2.37993 2.009 1.92551 1.94716 2.07319 1.9123 2.18948 1.92195 2.03905 1.45592 2.52481 1.8135 1.9123 2.32584 1.93484 2.15231 2.67871 2.42952 2.30415 1.92195 1.99408 1.80659 2.14717 1.80659 2.18782 1.9897 2.27412 1.538 2.17995 
1.45613 1.40899 1.08578 2.14036 4.12488 1.1809 2.99086 2.70507 2.5803 1.90452 1.64204 2.08345 2.78157 2.79355 3.07392 1.602 0 1.42235 1.6032 2.62279 1.92376 1.66325 3.08666 1.56846 1.70422 2.05565 1.29554 2.24109 3.3305 3.08751 3.84409 2.63404 3.19065 4.06025 0.955931 3.27704 1.59068 1.69864 2.63652 1.38743 3.24998 2.32538 3.13992 3.13381 3.08728 3.41318 2.89826 2.02056 3.15944 3.43081 3.35603 2.89843 1.9775 3.23298 1.78364 1.97568 3.62065 2.17667 2.88531 3.92696 1.191 1.1354 2.41813 2.03 1.17499 3.50998 1.57892 3.03701 3.22812 3.33348 3.06699 2.44582 3.24972 3.23831 1.70969 3.22179 1.89307 1.60821 2.78182 1.99097 2.3781 1.60753 2.48777 2.74649 2.28272 1.89737 2.72397 1.77731 2.96193 2.44582 3.07679 2.95699 1.94201 2.32951 2.2934 1.08932 2.93224 1.42224 1.82068 1.33961 
1.2867 1.2718 1.39633 1.49463 1.74289 1.49146 1.20456 0.923651 1.46481 1.24593 2.13701 1.56163 1.39091 1.72044 1.29874 2.04544 1.42235 0 1.13993 1.74729 2.31547 1.76203 1.43044 1.58005 1.74289 1.05933 1.40921 1.05933 1.14339 1.05933 1.25622 1.82307 1.54696 1.26426 1.26649 1.63061 2.10791 1.99048 1.20456 1.20456 0.923651 1.60637 0.923651 1.31317 1.54592 1.53477 1.2718 1.12028 1.12028 1.7876 1.36422 1.16803 1.28338 1.67423 1.20248 1.41303 1.41456 1.27628 1.47634 1.47526 1.75747 1.36101 1.54729 1.33565 1.63695 1.54599 1.96897 1.33181 1.36101 1.54622 1.54808 1.71424 1.36101 1.51576 1.54585 1.58069 1.46827 1.93016 1.36422 1.36101 1.27628 1.79779 1.60897 1.46827 1.54967 1.31317 1.739 2.18529 1.8626 1.81073 1.63521 1.63695 1.31317 1.96753 1.31317 1.78651 1.68544 1.49795 1.35835 1.87279 
1.72944 1.48197 1.57718 1.73264 1.95306 1.6723 1.68867 0.899574 1.44146 1.68867 2.37502 1.7718 1.43597 2.16318 1.35304 2.09974 1.6032 1.13993 0 2.11625 2.45992 2.13099 1.78721 1.76089 1.95306 1.53211 1.38586 1.24018 1.66038 1.24018 1.43706 2.26581 1.7278 1.24018 1.44733 2.03592 2.19897 2.43322 1.50435 1.7357 1.13993 1.78721 0.899574 1.39048 1.77923 1.97751 1.48197 1.53794 1.53794 1.99777 1.67436 1.14396 1.46422 1.92839 1.38333 1.38895 1.39048 1.45712 1.5628 1.68543 1.93831 1.57118 1.72813 1.51649 1.81779 1.62331 1.94489 1.46465 1.57118 1.52214 1.524 1.9214 1.46465 1.6966 1.7267 1.66424 1.67844 2.14033 1.68007 1.57118 1.45712 1.77371 1.85083 1.67844 1.78751 1.39048 1.89199 2.29868 2.25623 2.13086 1.90726 1.81779 1.39048 2.14837 1.39048 1.96735 1.93106 1.8138 1.53919 2.05364 
2.07846 2.15691 1.8396 2.97118 3.42345 1.93473 2.40567 2.77037 3.32933 3.01777 2.16136 3.33965 3.07478 3.94366 3.02061 2.25374 2.62279 1.74729 2.11625 0 2.03349 1.20438 2.36873 2.02778 2.13192 2.63293 1.99335 1.9759 2.39904 2.58959 2.94563 3.80907 1.84291 3.12624 1.84617 2.25181 2.46411 2.25202 2.56141 1.65089 2.52899 2.87099 2.89132 3.15455 2.45055 3.14851 2.93723 2.7586 2.80758 3.88468 3.42074 3.21876 2.56673 3.36124 2.22085 3.02006 3.52817 2.51851 3.20693 3.2164 1.84275 2.10502 3.91296 3.09184 1.7611 3.49972 2.46964 3.14267 3.44458 3.43536 3.08799 3.95379 3.32839 3.07936 3.31382 3.31498 3.44765 2.31123 3.24098 3.27981 2.67183 2.57634 3.05146 3.2711 3.77237 3.0742 3.24158 2.74506 4.30708 3.9538 3.30969 3.03308 3.30207 3.72021 3.08028 2.05894 3.30121 2.26651 3.10241 2.05108 
2.71358 2.11368 2.29024 2.10205 1.70389 2.38536 2.08536 2.11368 2.51916 1.80335 2.74442 1.87461 1.70389 2.60903 1.91306 2.57783 1.92376 2.31547 2.45992 2.03349 0 2.64908 2.10777 2.6344 2.0887 1.96333 2.46356 1.70389 2.2307 2.11368 2.15012 2.45375 1.90056 1.70389 2.2968 1.88838 2.42088 2.87908 2.0333 2.36516 1.99861 2.10777 1.75602 2.1737 1.96844 2.38409 1.70389 1.95923 2.22202 2.21227 2.12021 2.0887 1.78125 2.09536 1.70389 2.11036 2.24037 1.73468 1.91306 1.70389 2.29338 2.06613 2.28688 2.07524 2.00853 2.42524 2.73109 2.07524 1.99407 2.24667 2.11036 2.24888 2.06613 2.24727 2.10602 1.96844 1.78125 2.2676 2.14619 1.78451 1.73468 2.80301 2.1287 1.78125 2.31597 2.09744 2.40421 3.08488 2.57512 2.60842 2.09577 2.00853 2.2158 2.37455 2.06613 2.34668 2.23704 2.50315 1.85975 2.50171 
2.16094 2.31843 1.85881 1.74951 2.32127 1.95393 1.66563 1.76203 2.04252 1.7393 2.34554 2.11227 2.01524 2.59467 1.74074 2.42098 1.66325 1.76203 2.13099 1.20438 2.64908 0 1.17787 2.04252 2.69586 1.44517 2.00809 1.03885 1.03885 1.52181 1.71869 2.31644 1.03885 1.65009 1.86537 1.86688 2.73224 2.6135 1.68076 1.66563 1.44517 1.66325 1.65009 1.93453 1.29335 1.97949 2.01524 1.87312 2.06162 2.52362 2.24881 2.02237 1.6305 2.16184 1.47463 1.82696 2.24642 1.49429 2.078 2.31394 1.96364 2.24418 2.14617 1.93453 1.93713 2.28508 2.70767 1.93453 2.24418 2.31132 1.82696 2.45501 2.16221 1.96364 1.98553 2.06522 2.0926 2.57445 2.10531 2.09587 1.49429 2.69481 1.888 2.0926 2.43426 1.97695 2.02955 2.96742 2.49057 2.44158 2.10531 1.93713 2.0953 2.23967 1.97695 2.22618 2.19616 2.4393 1.6305 2.16334 
1.87863 1.8315 1.37187 2.60138 5.11291 1.467 3.37537 3.02807 2.77007 2.63157 1.82606 2.8105 3.49842 3.5921 2.90124 1.72606 3.08666 1.43044 1.78721 2.36873 2.10777 1.17787 0 1.71093 2.20621 1.99974 1.66431 2.05566 3.17659 2.84158 3.59198 3.316 3.22657 3.8626 1.37844 3.98382 2.16949 2.19828 3.2153 1.48013 3.13634 3.42317 3.41675 3.87901 3.07093 4.2384 3.59301 2.87674 3.9356 4.63908 4.05602 3.70225 3.14413 3.56252 2.76032 2.38688 4.32057 3.14094 3.31999 4.80324 1.37502 1.63536 3.1833 2.64122 1.1969 4.30598 1.9147 3.77506 4.1847 4.14814 3.91851 3.31867 3.88592 3.73856 2.58416 4.11482 2.67261 1.98582 3.62778 2.76429 3.27514 2.01213 3.43425 3.91274 3.10761 2.43908 3.6768 2.18085 3.57742 3.28737 3.49037 3.73563 2.57241 3.08703 3.42046 1.58928 3.82776 1.7023 2.48889 1.28562 
1.93693 1.94833 1.4887 1.74675 2.41942 1.58383 1.81348 1.30319 1.15171 1.81348 2.38912 2.0435 1.94833 2.37066 1.52752 2.13781 1.56846 1.58005 1.76089 2.02778 2.6344 2.04252 1.71093 0 2.41942 1.58005 1.63799 1.15171 1.57191 1.15171 1.34859 2.39062 1.69307 1.52752 1.49527 2.08385 2.66533 2.64071 1.678 1.9466 1.58005 1.75248 1.54461 1.56443 1.81262 2.10232 1.94833 1.69152 1.69152 2.28613 1.88184 1.65227 1.50446 2.14183 1.34859 1.75506 1.95269 1.42238 1.96025 2.15179 1.93808 1.89088 1.77607 1.56443 1.86573 1.91498 2.55714 1.56443 1.89088 2.16078 1.75506 2.24412 1.80891 1.74454 1.77464 1.82717 2.02569 2.51245 1.93546 1.89088 1.42238 2.32471 1.81609 2.02569 2.06729 1.62455 1.96778 2.75653 2.41916 2.27703 1.9552 1.86573 1.88441 2.11363 1.73474 2.01529 1.979 2.06919 1.50446 2.10157 
2.141 1.5411 1.85406 2.20049 1.38118 1.94919 1.96418 1.5411 2.08298 1.64354 2.83134 1.7148 1.52062 2.48785 1.95474 2.61952 1.70422 1.74289 1.95306 2.13192 2.0887 2.69586 2.20621 2.41942 0 2.06176 2.02738 1.80232 2.27748 1.71395 1.71395 2.29394 1.999 1.93905 1.72422 1.72857 2.23762 2.75789 1.91211 2.15067 1.74289 1.99743 1.52062 1.60111 2.06688 2.27293 1.38118 1.56032 1.77079 1.59636 1.56952 1.38118 1.54408 1.67381 1.54408 1.87685 1.80808 1.80232 1.56032 1.38118 2.38029 1.38118 2.00502 1.84173 2.09545 1.79342 2.36426 1.60111 1.38118 1.96791 1.87685 1.56393 1.38118 1.97348 1.66446 1.46482 1.56171 1.84604 1.54188 1.38118 1.50117 2.15057 1.89519 1.43519 1.71728 1.60396 1.73619 2.43244 2.17621 1.93298 1.67381 1.71457 1.56032 2.21475 1.38118 1.90511 1.93942 1.97569 1.64022 2.21534 
1.70814 1.68706 1.22743 2.22717 3.14257 1.32256 1.81227 1.83689 2.55341 2.25736 1.68161 2.43629 2.16828 3.37441 2.47833 1.64157 2.05565 1.05933 1.53211 2.63293 1.96333 1.44517 1.99974 1.58005 2.06176 0 1.40921 1.57974 2.03005 1.82242 2.17846 2.94179 2.08493 2.28479 1.23399 2.44313 2.02505 2.05384 1.74826 1.10902 1.99443 2.14371 1.88392 2.25098 2.30048 2.33536 2.10296 1.97852 2.46658 2.98283 2.64958 2.31519 1.85091 2.732 1.60909 2.02681 2.62541 1.70535 2.31852 2.83274 1.23057 1.49285 3.0102 2.64592 1.34463 2.59615 1.98963 2.23909 2.56616 2.57427 2.14917 3.09797 2.42481 2.32678 2.42541 2.47611 2.69226 1.84138 2.39891 2.40139 1.87582 1.96498 2.19 2.39514 2.9352 2.17062 2.6187 2.18801 3.46501 3.16154 2.56886 2.3145 2.36395 2.81804 2.19187 1.44677 2.70255 1.79833 2.49065 1.4389 
1.63987 1.59273 1.05825 1.60974 2.02738 1.15337 1.55773 0.486283 0.891756 1.55773 2.25211 1.76345 1.59273 2.0736 1.35668 1.8237 1.29554 1.40921 1.38586 1.99335 2.46356 2.00809 1.66431 1.63799 2.02738 1.40921 0 1.26042 1.49326 0.486283 1.05825 2.13486 1.6049 1.35668 1.13967 1.72825 2.30973 2.34365 1.42225 1.64954 1.40921 1.66431 1.37377 1.28108 1.65632 1.84656 1.59273 1.48298 1.48298 1.93054 1.37422 1.28108 1.15656 1.84404 1.07567 1.57628 1.4581 1.33422 1.64614 1.75975 1.81541 1.6455 1.42047 1.33232 1.69489 1.5139 2.1557 1.33232 1.6455 1.75009 1.60562 1.812 1.35525 1.38894 1.54252 1.55484 1.67009 2.21466 1.51792 1.6455 1.33232 1.84132 1.66665 1.67009 1.37422 1.28108 1.61218 2.3551 2.03241 1.98053 1.78435 1.69489 1.4581 1.84071 1.28108 1.78318 1.74689 1.58905 1.23153 1.93073 
1.41621 1.42762 0.967989 1.64796 4.89672 1.06312 8.24617 10.8533 1.95703 1.81147 1.35616 1.9904 4.11273 2.87143 4.42226 1.38213 2.24109 1.05933 1.24018 1.9759 1.70389 1.03885 2.05566 1.15171 1.80232 1.57974 1.26042 0 4.6339 5.60406 4.1253 2.51259 5.05828 3.38775 0.974553 5.09768 1.76561 1.7944 7.00023 1.10902 4.78585 2.4634 10.3872 3.77848 7.53277 3.86887 13.0404 11.4457 4.85712 5.93043 6.39291 8.63427 5.75781 5.10099 9.03488 1.42581 5.96231 1.89422 3.31028 3.40385 0.971131 1.23341 2.46313 2.10328 0.944616 3.11183 1.66882 12.3035 6.42271 7.64878 4.8746 2.40588 4.66455 2.39056 1.9489 5.32213 2.18764 1.58194 11.0482 1.87422 12.4533 1.70554 7.86829 6.45875 2.36285 1.62798 6.0867 1.92857 2.8143 2.40588 2.62225 5.08083 1.76294 2.38539 12.9234 1.18733 7.27908 1.46975 1.78726 1.17946 
1.82129 1.80639 1.38819 2.56568 6.16836 1.48332 6.58559 6.98239 2.47399 2.66188 1.87806 2.84081 5.52083 3.5421 6.2912 2.0373 3.3305 1.14339 1.66038 2.39904 2.2307 1.03885 3.17659 1.57191 2.27748 2.03005 1.49326 4.6339 0 7.98885 5.11002 3.4201 6.00484 4.20948 1.39476 6.31505 2.26163 2.28898 6.66429 1.34111 7.03694 3.45627 7.52519 5.05917 7.05081 5.68169 7.4061 6.6037 6.45834 7.44846 8.53806 7.87909 6.99307 6.97972 5.88366 2.43133 7.78154 3.18246 4.93334 4.39634 1.49303 1.77357 3.28006 2.74798 1.46652 4.19296 2.2512 7.83482 8.66037 8.56618 6.84239 3.31713 6.4778 3.47169 2.81049 6.90711 2.80665 2.06241 7.75698 2.63882 7.43409 2.2242 7.72857 8.50902 3.06881 2.45189 8.23331 2.56067 3.68418 3.3398 3.77853 6.66581 2.7206 3.29636 7.11614 1.87515 8.34094 1.94208 2.8174 1.64639 
1.28999 1.24286 0.571963 2.32478 5.68582 0.667091 7.51069 5.14482 1.49839 2.25246 1.86841 2.43139 5.13589 3.04218 5.87485 1.47383 3.08751 1.05933 1.24018 2.58959 2.11368 1.52181 2.84158 1.15171 1.71395 1.82242 0.486283 5.60406 7.98885 0 2.89298 2.91801 8.36524 3.77316 0.789796 6.42717 1.95986 1.99378 6.93392 1.29967 7.22614 3.29651 6.91574 4.29519 7.61489 5.41521 7.38621 6.74673 6.56887 7.07462 8.68872 7.72929 6.96345 6.79636 5.81643 1.98334 6.98153 2.76285 4.70525 3.95945 1.41737 1.30889 2.5983 2.07425 1.34501 3.4592 1.94582 7.67968 8.72935 8.45641 6.4885 2.86541 5.81851 3.20807 2.30583 6.55289 2.58283 1.90122 7.29576 2.12346 7.04683 1.61924 7.68805 8.64705 2.35095 1.75872 8.69651 2.14421 3.34543 2.81256 3.62125 6.3338 2.11809 2.58549 6.84984 1.4333 8.04643 1.45259 2.11367 1.58086 
1.28999 1.24286 0.571963 2.68082 6.89555 0.667091 5.43458 3.61445 2.05131 2.6085 1.86841 2.78743 6.09968 3.39822 4.87781 1.38213 3.84409 1.25622 1.43706 2.94563 2.15012 1.71869 3.59198 1.34859 1.71395 2.17846 1.05825 4.1253 5.11002 2.89298 0 3.27404 5.64503 4.17369 0.789796 6.19189 1.95986 1.99378 5.06752 1.29967 5.09968 4.05309 5.23164 5.51594 5.49038 6.59375 5.40693 4.89954 5.91028 6.62617 5.59688 5.37588 4.81423 5.93699 4.20771 2.33938 6.13271 3.51944 5.50134 4.76665 1.41737 1.30889 2.95433 2.43029 1.5419 4.2664 1.94582 5.45512 6.0386 5.81211 6.01435 3.22145 5.62857 3.96301 2.66187 6.01739 2.93886 1.90122 5.32503 2.4795 4.88031 1.61924 5.47269 6.02666 2.70698 2.11476 6.05417 2.14421 3.70147 3.16859 4.07601 5.96156 2.47413 2.94152 4.91958 1.4333 5.80241 1.45259 2.46971 1.6257 
1.8134 1.93899 1.9251 2.85585 3.23063 2.02023 2.12532 2.71115 3.64899 2.07252 2.13479 2.3944 2.61189 3.47589 3.39254 2.42416 2.63404 1.82307 2.26581 3.80907 2.45375 2.31644 3.316 2.39062 2.29394 2.94179 2.13486 2.51259 3.4201 2.91801 3.27404 0 2.71361 3.25804 1.79526 2.71365 2.10304 2.04844 2.23111 1.7447 2.79256 2.86822 2.86573 2.92922 3.13065 2.77002 2.32954 2.70657 3.2023 2.49473 2.94663 2.73061 2.15104 3.15693 1.85613 2.87203 3.30749 2.33403 2.97447 3.12546 2.01316 1.74829 3.4682 3.31758 1.98588 3.17763 2.41266 2.91076 2.94969 3.06616 2.64536 3.58644 2.84228 2.99844 2.99728 3.09703 2.88586 2.2191 2.78725 2.78493 2.26704 2.36738 2.81861 2.36367 3.09127 2.79546 2.75274 2.63912 4.09473 3.57861 3.15539 2.98909 3.09431 3.0981 2.49058 1.84917 3.00292 2.18342 2.73769 2.02683 
1.56046 1.77209 1.31247 1.99899 5.67353 1.40759 6.0943 6.92488 2.81725 2.05549 1.64337 2.37737 5.23909 3.14624 6.80359 1.72661 3.19065 1.54696 1.7278 1.84291 1.90056 1.03885 3.22657 1.69307 1.999 2.08493 1.6049 5.05828 6.00484 8.36524 5.64503 2.71361 0 4.33645 1.31903 4.94854 2.11009 1.88011 6.70679 1.25328 7.16749 3.52716 7.53374 5.45135 6.97734 5.03731 7.0816 6.73258 6.31893 7.33233 8.07917 8.1478 6.99071 6.80066 5.45313 2.2556 8.10616 2.52688 4.72322 3.78726 1.31561 1.57789 3.0944 2.66526 1.30469 4.13354 2.07466 7.63282 8.62453 8.20967 6.4911 2.96525 6.26158 3.43894 2.50828 6.84764 2.74387 1.92642 7.55901 2.4336 7.33032 2.05002 7.63653 8.31513 2.78062 2.39499 8.47246 2.27305 3.37367 2.96526 3.61991 6.59042 2.49653 2.89563 7.23215 1.53181 8.21724 1.82983 2.26248 1.52394 
1.65562 1.60629 1.34381 2.74919 4.03659 1.43893 4.09317 3.25044 2.38293 2.42192 1.79371 2.60085 2.94444 3.4892 3.5203 1.38213 4.06025 1.26426 1.24018 3.12624 1.70389 1.65009 3.8626 1.52752 1.93905 2.28479 1.35668 3.38775 4.20948 3.77316 4.17369 3.25804 4.33645 0 1.21396 4.08727 1.91349 2.23195 3.77483 1.31394 3.37573 4.23577 3.36962 3.96345 4.12396 4.76479 3.32265 3.39679 3.89643 4.54698 3.92353 3.46984 3.58442 3.64404 3.33003 2.13085 4.29574 3.51025 3.51385 3.89105 1.57386 1.53419 2.73773 2.44175 1.21335 4.50678 1.66882 3.77707 3.97622 3.84923 3.98708 3.01706 3.78623 4.41743 2.28093 3.86986 2.76487 1.70808 3.76097 2.34753 3.54296 1.79957 4.08439 3.86068 2.84385 2.10489 4.48591 2.02261 3.11379 2.98575 3.95142 3.84975 1.9684 3.14778 3.56975 1.48811 4.19165 1.70864 2.7618 1.6212 
1.30026 1.25313 0.929909 1.37271 1.72422 1.02504 1.21812 0.73606 1.19527 1.21812 2.01508 1.42385 1.25313 1.734 1.21396 1.69536 0.955931 1.26649 1.44733 1.84617 2.2968 1.86537 1.37844 1.49527 1.72422 1.23399 1.13967 0.974553 1.39476 0.789796 0.789796 1.79526 1.31903 1.21396 0 1.38865 1.97012 2.00404 1.08264 1.30993 1.26649 1.37844 1.23105 0.992711 1.5136 1.50696 1.25313 1.16851 1.16851 1.59093 1.25265 1.08047 0.816955 1.69955 0.73606 1.23668 1.25748 1.04835 1.33396 1.45658 1.56404 1.31916 1.08087 0.992711 1.55216 1.27236 1.95609 0.992711 1.31916 1.53335 1.26602 1.57046 1.1137 1.04933 1.20291 1.31329 1.33049 1.91149 1.32913 1.31916 0.992711 1.62951 1.32705 1.33049 1.4381 1.03954 1.27257 2.15448 1.90529 1.77992 1.64163 1.46985 1.25748 1.5011 1.03954 1.44357 1.40728 1.46286 0.891927 1.77238 
1.62094 1.69939 1.51849 2.35719 5.44446 1.61362 5.33522 5.60623 2.99112 1.87753 2.01625 2.19942 4.90439 3.1091 7.16383 2.12082 3.27704 1.63061 2.03592 2.25181 1.88838 1.86688 3.98382 2.08385 1.72857 2.44313 1.72825 5.09768 6.31505 6.42717 6.19189 2.71365 4.94854 4.08727 1.38865 0 1.93736 1.9299 5.51068 1.61734 5.68537 3.61355 5.94123 5.31889 5.97902 5.18721 5.58852 5.45699 6.56536 7.21458 6.39803 6.42601 5.32444 6.73777 4.40944 2.6138 8.31003 2.61328 4.73399 3.81246 1.70982 1.58261 3.18716 2.48953 1.61599 4.17083 2.01992 6.14255 6.74297 6.37648 6.57764 2.97732 6.26346 3.90235 2.59587 6.78474 2.77733 1.90688 5.81965 2.43957 5.42011 2.17307 6.05453 6.49165 2.91268 2.57351 6.85977 2.21831 3.52513 3.27264 3.74872 6.52753 2.61894 2.90311 5.77149 1.75022 6.54898 1.86324 2.62067 1.91816 
2.47032 1.90612 2.09997 2.16377 1.93736 2.1951 1.8614 1.90612 2.36533 1.45264 2.77812 1.5239 0.882112 2.55576 2.06947 2.55194 1.59068 2.10791 2.19897 2.46411 2.42088 2.73224 2.16949 2.66533 2.23762 2.02505 2.30973 1.76561 2.26163 1.95986 1.95986 2.10304 2.11009 1.91349 1.97012 1.93736 0 2.80927 1.8614 2.07299 1.81604 2.01588 1.81604 1.93819 2.03843 2.14277 0.882112 1.5086 2.03295 1.86156 2.01856 2.06715 1.43054 1.6008 1.43054 1.84013 1.97942 1.76561 1.5086 1.58724 2.32708 1.58724 1.93617 1.84801 2.03946 2.12766 2.27903 1.72657 1.58724 1.88268 1.84013 1.89817 1.58724 1.90463 1.8788 1.69267 1.43054 1.77304 1.66205 1.55729 1.50745 2.40569 1.85847 1.43054 2.01856 1.87022 2.10532 2.60378 2.13004 2.22922 1.7837 1.62934 1.73166 2.02384 1.71542 2.11945 2.00981 2.09586 1.52668 2.53541 
1.98081 2.43443 2.13389 1.68116 2.18618 2.22902 0.947865 1.89867 2.39925 1.47877 2.49487 1.84427 2.07939 0.947865 2.32347 2.79489 1.69864 1.99048 2.43322 2.25202 2.87908 2.6135 2.19828 2.64071 2.75789 2.05384 2.34365 1.7944 2.28898 1.99378 1.99378 2.04844 1.88011 2.23195 2.00404 1.9299 2.80927 0 1.36619 1.99048 1.99048 2.14911 2.10226 2.08412 2.08458 1.68116 2.08613 1.84523 2.14522 2.35151 1.36619 2.17766 1.63464 2.15524 1.47877 1.89911 2.29495 1.64857 2.07939 2.24692 2.38389 2.1556 2.09552 1.98736 2.23906 2.28702 2.49288 1.98736 2.1556 2.09653 1.89911 2.4269 1.97014 2.06399 1.97399 2.16973 2.16963 2.3903 1.83062 2.1556 1.64857 2.64417 1.93608 2.16963 1.97014 1.96541 2.26104 2.89991 2.65072 2.52535 2.08458 2.19528 2.02779 2.24381 1.83062 2.21464 1.93608 2.20219 1.63464 2.59222 
1.19489 1.5357 1.21249 1.2669 4.86879 1.30761 9.40041 8.39128 2.44137 1.52999 1.35616 1.69492 4.18176 2.16453 5.53623 1.71154 2.63652 1.20456 1.50435 2.56141 2.0333 1.68076 3.2153 1.678 1.91211 1.74826 1.42225 7.00023 6.66429 6.93392 5.06752 2.23111 6.70679 3.77483 1.08264 5.51068 1.8614 1.36619 0 1.10902 5.59248 2.97303 9.75002 3.98927 8.60221 3.70625 9.15386 8.7647 5.08724 5.86291 6.1773 9.04465 6.33472 5.54727 7.10501 1.69857 6.34947 1.93996 3.89767 3.61767 1.30054 1.3432 2.62126 2.29495 1.43605 3.20151 1.76682 9.83321 6.74833 7.77222 4.89471 2.83366 4.81656 2.9735 2.09754 5.58967 2.42979 1.66159 9.93976 2.02618 9.7269 1.81533 8.61028 6.79216 2.08137 1.83896 6.82191 2.03836 3.26283 2.75485 3.12552 5.47733 2.0357 2.37812 8.99441 1.29712 8.0507 1.44333 1.77998 1.50887 
1.2867 1.74032 1.43978 1.17777 1.67227 1.53491 1.10902 1.20456 1.70514 1.16756 1.82014 1.52671 1.35599 1.72044 1.66529 2.16805 1.38743 1.20456 1.7357 1.65089 2.36516 1.66563 1.48013 1.9466 2.15067 1.10902 1.64954 1.10902 1.34111 1.29967 1.29967 1.7447 1.25328 1.31394 1.30993 1.61734 2.07299 1.99048 1.10902 0 1.10902 1.57145 1.1544 1.48258 1.59561 1.40775 1.33332 1.31735 1.60967 1.77802 1.37457 1.57042 1.32343 1.73752 1.16756 1.37811 1.6013 1.10902 1.55151 1.67227 1.75705 1.71824 1.59074 1.48258 1.71117 1.78223 1.965 1.48258 1.71824 1.52533 1.49421 1.90098 1.62357 1.5592 1.64328 1.82316 1.43335 1.99345 1.42751 1.5401 1.24136 2.13938 1.55404 1.43335 1.56002 1.5427 1.78245 2.37203 2.12284 1.99747 1.6985 1.6674 1.49991 1.93261 1.49991 1.88393 1.73085 1.77485 1.32343 1.96539 
1.2867 1.2718 1.39633 2.32706 5.35676 1.49146 6.30046 5.34417 2.47778 1.95644 1.82014 2.27833 4.24606 3.09462 5.88985 2.04544 3.24998 0.923651 1.13993 2.52899 1.99861 1.44517 3.13634 1.58005 1.74289 1.99443 1.40921 4.78585 7.03694 7.22614 5.09968 2.79256 7.16749 3.37573 1.26649 5.68537 1.81604 1.99048 5.59248 1.10902 0 3.46639 5.5729 4.31572 6.63357 4.7806 5.85979 5.59565 5.56202 6.32326 7.12188 6.63887 5.86716 5.93166 4.97957 2.19078 6.65533 2.59363 4.31416 3.84836 1.75705 1.36101 2.83258 2.3005 1.34463 3.70066 1.67665 6.44996 7.18656 6.63757 5.50412 2.83768 5.20812 3.49912 2.40265 5.68557 2.66751 1.71173 6.1632 2.20814 5.92627 1.79779 6.82672 7.2014 2.54777 2.09835 7.51288 2.03043 3.25193 3.01607 3.33963 5.69206 1.99872 2.98202 5.80965 1.73701 7.22084 1.49795 2.68955 1.87279 
1.87863 1.8315 1.37187 2.5397 4.32165 1.467 3.32737 2.8929 2.75512 2.30821 1.82606 2.48714 3.11808 3.19724 3.28292 1.78601 2.32538 1.60637 1.78721 2.87099 2.10777 1.66325 3.42317 1.75248 1.99743 2.14371 1.66431 2.4634 3.45627 3.29651 4.05309 2.86822 3.52716 4.23577 1.37844 3.61355 2.01588 2.14911 2.97303 1.57145 3.46639 0 3.26842 3.41462 2.92625 3.74969 3.23478 2.68683 3.29646 3.68731 3.43927 3.01067 2.33014 3.40622 2.12015 2.31247 3.88938 2.51318 3.14926 4.15825 1.37502 1.53228 2.76435 2.40238 1.1969 3.55744 1.75591 3.37476 3.54974 3.72388 3.41178 2.85176 3.59506 3.48804 2.11564 3.5213 2.06974 1.7852 2.94589 2.33719 2.61315 1.90906 2.68885 3.25901 2.68867 2.18697 2.92369 1.95429 3.15524 2.85177 3.27191 3.26644 2.10389 2.79922 2.69372 1.4862 3.06525 1.59923 2.25314 1.28562 
1.51316 1.26569 1.3609 2.25438 5.07697 1.45602 10.2442 8.48228 2.38102 2.02961 1.79371 2.20854 4.34199 3.17725 5.80808 1.85831 3.13992 0.923651 0.899574 2.89132 1.75602 1.65009 3.41675 1.54461 1.52062 1.88392 1.37377 10.3872 7.52519 6.91574 5.23164 2.86573 7.53374 3.36962 1.23105 5.94123 1.81604 2.10226 9.75002 1.1544 5.5729 3.26842 0 3.92242 9.3336 4.20018 10.1599 8.98364 5.39591 5.92469 6.71965 8.52291 6.31608 5.71183 8.17656 1.45856 6.04173 2.58591 4.01474 3.55775 1.57386 1.26242 2.51954 2.4292 1.43608 3.50881 1.56318 10.5545 6.37203 7.3753 4.2292 2.73344 4.86829 3.42591 2.27897 5.40766 2.37255 1.73551 10.8405 2.03687 9.64681 1.55743 8.42799 6.59759 2.49174 1.8867 7.26184 1.92756 3.08457 2.76531 3.20732 5.41086 1.75786 2.75547 9.3883 1.48811 7.83311 1.59752 2.40794 1.6212 
1.4729 1.13002 1.12256 2.75333 5.36668 1.21768 4.74643 3.29917 2.472 2.24339 2.14045 2.42232 4.64731 3.15854 4.63302 1.88801 3.13381 1.31317 1.39048 3.15455 2.1737 1.93453 3.87901 1.56443 1.60111 2.25098 1.28108 3.77848 5.05917 4.29519 5.51594 2.92922 5.45135 3.96345 0.992711 5.31889 1.93819 2.08412 3.98927 1.48258 4.31572 3.41462 3.92242 0 4.22551 5.58713 3.67263 3.07712 4.04063 4.75107 3.69134 2.68569 3.54743 4.30557 3.28685 2.07995 3.89659 2.74606 4.12815 3.19952 1.44583 0.953373 1.9869 1.55622 1.44469 2.57782 1.53089 3.21669 4.11752 4.0701 4.38667 2.20557 3.31761 3.02137 1.85241 4.31236 2.37775 1.51957 2.70694 1.85759 2.98975 1.01242 3.69693 4.1238 1.48949 1.34497 4.49345 1.80864 2.59533 2.22688 3.10214 4.3164 1.64943 2.49923 2.47638 1.10752 3.7196 0.833949 2.18429 1.81907 
1.93103 1.73123 1.55748 2.60933 5.4146 1.65261 9.62057 8.51163 2.86343 2.37994 1.35616 2.63354 4.62094 3.18189 5.78424 1.97162 3.08728 1.54592 1.77923 2.45055 1.96844 1.29335 3.07093 1.81262 2.06688 2.30048 1.65632 7.53277 7.05081 7.61489 5.49038 3.13065 6.97734 4.12396 1.5136 5.97902 2.03843 2.08458 8.60221 1.59561 6.63357 2.92625 9.3336 4.22551 0 5.22945 8.80769 8.05003 5.91036 6.24114 7.35667 9.93563 6.85304 5.58185 7.18777 2.52579 6.66017 2.7719 3.78247 3.65956 0.971131 1.17821 2.70993 2.16786 0.944616 3.30716 1.83662 9.03495 7.23567 9.02705 6.05315 2.42138 5.13125 2.63558 1.9644 5.74233 2.25226 1.58194 8.86787 2.02845 8.71418 1.87146 8.63486 6.6073 2.2353 1.98007 6.86764 1.96786 2.83212 2.38411 2.66154 5.40919 1.95265 2.77532 8.15471 1.35325 8.01207 1.43165 2.5201 1.17946 
1.52509 1.96002 1.6368 1.62128 6.57491 1.73193 4.23378 4.60192 3.17143 2.1119 1.79784 2.43378 5.52202 3.04324 5.75213 2.13586 3.41318 1.53477 1.97751 3.14851 2.38409 1.97949 4.2384 2.10232 2.27293 2.33536 1.84656 3.86887 5.68169 5.41521 6.59375 2.77002 5.03731 4.76479 1.50696 5.18721 2.14277 1.68116 3.70625 1.40775 4.7806 3.74969 4.20018 5.58713 5.22945 0 4.65163 4.39656 5.08164 5.98258 5.22619 5.36642 4.23689 5.5404 3.34537 2.04775 6.25828 2.74941 5.10475 4.57941 1.72486 1.72705 3.26163 2.94749 1.76429 4.27331 1.76682 4.89084 5.21678 4.75592 4.00709 3.4032 5.04861 3.91637 2.67001 5.59053 2.98902 2.0859 4.7965 2.55363 4.15046 2.23965 4.7596 5.36208 2.8647 2.56889 5.71693 2.42514 3.92225 3.40614 4.04513 5.35671 2.71833 2.91485 4.53115 1.72143 5.44107 1.89512 2.31889 1.93319 
1.73065 1.13002 1.38297 2.48554 4.97339 1.4781 9.55595 12.8033 2.82183 1.60092 2.06112 1.77986 3.26072 3.01232 5.58935 1.9123 2.89826 1.2718 1.48197 2.93723 1.70389 2.01524 3.59301 1.94833 1.38118 2.10296 1.59273 13.0404 7.4061 7.38621 5.40693 2.32954 7.0816 3.32265 1.25313 5.58852 0.882112 2.08613 9.15386 1.33332 5.85979 3.23478 10.1599 3.67263 8.80769 4.65163 0 11.3683 4.9203 5.62685 5.82823 7.16048 5.59448 4.13731 11.4619 1.92867 5.79969 2.56453 3.39644 2.75173 1.61008 0.705129 2.39574 2.01793 1.32247 2.96694 1.56203 10.2099 5.55938 7.25648 5.03805 2.09613 3.47433 3.07381 1.94066 4.10094 1.99192 0.930633 8.93851 1.38878 9.93775 1.60492 6.80874 5.49144 1.8606 1.68 6.58141 1.88679 2.69366 2.3999 2.62852 4.29648 1.84515 2.0956 11.9875 1.35945 6.59211 1.24318 1.78065 1.81841 
1.59999 1.31595 1.29835 2.48466 4.57584 1.39348 9.28166 17.5728 2.56479 1.9234 1.78032 2.10233 3.64386 2.81243 4.75069 1.69274 2.02056 1.12028 1.53794 2.7586 1.95923 1.87312 2.87674 1.69152 1.56032 1.97852 1.48298 11.4457 6.6037 6.74673 4.89954 2.70657 6.73258 3.39679 1.16851 5.45699 1.5086 1.84523 8.7647 1.31735 5.59565 2.68683 8.98364 3.07712 8.05003 4.39656 11.3683 0 4.21534 5.32197 5.652 7.33719 5.04013 4.31284 16.4726 2.04164 4.9968 2.2337 2.91186 2.84571 1.40546 0.94499 2.19628 1.63984 0.944617 2.52882 0.892005 8.9474 4.77794 6.06689 4.66775 1.85077 3.63544 2.69252 1.31954 3.82601 2.15683 1.24922 7.97451 1.64676 8.07712 1.35697 4.87438 4.59888 1.70931 1.51605 5.74123 1.21247 2.04818 1.62743 1.68773 3.85139 1.32629 2.48277 14.7018 0.939757 4.86751 1.04294 2.0936 1.55124 
1.59999 1.31595 1.29835 2.85023 5.28952 1.39348 5.26999 5.04145 2.78567 2.41913 2.16428 2.69676 4.84081 3.28815 6.23277 1.90656 3.15944 1.12028 1.53794 2.80758 2.22202 2.06162 3.9356 1.69152 1.77079 2.46658 1.48298 4.85712 6.45834 6.56887 5.91028 3.2023 6.31893 3.89643 1.16851 6.56536 2.03295 2.14522 5.08724 1.60967 5.56202 3.29646 5.39591 4.04063 5.91036 5.08164 4.9203 4.21534 0 6.64198 5.12635 5.11051 4.56875 5.72534 4.11772 2.33734 6.59797 2.69488 4.1333 3.59902 1.74072 1.33548 2.52635 1.63885 1.32858 2.80877 1.16179 4.63016 5.26019 5.34553 5.51997 2.68884 5.35239 3.21709 2.01263 6.1656 2.57387 1.71307 4.80129 2.17875 4.20471 1.4913 4.6473 5.83319 2.22568 1.70834 6.07668 1.86881 3.13435 2.69173 3.11304 5.7001 1.89232 2.99167 4.34982 1.26959 4.96427 1.18147 2.54838 1.77253 
2.00478 1.58581 1.72078 3.05555 5.89246 1.8159 6.29204 5.49822 3.39935 2.10331 2.43786 2.4252 5.19816 3.50669 7.16198 2.34332 3.43081 1.7876 1.99777 3.88468 2.21227 2.52362 4.63908 2.28613 1.59636 2.98283 1.93054 5.93043 7.44846 7.07462 6.62617 2.49473 7.33233 4.54698 1.59093 7.21458 1.86156 2.35151 5.86291 1.77802 6.32326 3.68731 5.92469 4.75107 6.24114 5.98258 5.62685 5.32197 6.64198 0 6.24056 5.20021 4.5282 6.72153 4.40007 2.67761 7.92727 3.45088 5.129 3.83344 2.03305 1.21876 2.94416 2.79944 1.74439 3.78274 2.20183 5.72268 6.49389 6.73609 6.45199 2.84326 6.08369 4.16399 2.47913 6.50499 2.02276 1.69185 5.40224 2.1106 5.0038 1.98815 5.70002 5.86168 2.91986 2.27142 5.55329 2.21707 3.49567 2.82116 3.86478 6.40939 2.55295 2.92891 4.91884 1.60769 6.04388 1.8215 2.61396 1.78535 
