0 1.46406 1.27378 2.3466 3.34764 1.36891 2.16531 1.84873 1.81864 1.57411 1.80112 2.14309 2.33988 3.19833 2.60331 2.66925 2.44267 1.2867 1.59417 2.19004 2.50773 3.29503 2.48682 1.96788 1.93515 2.75654 2.15562 2.2139 3.27376 1.95804 2.17435 2.17628 3.07412 2.79011 1.14393 3.16675 2.05871 1.90402 1.76329 1.2867 2.55342 2.67721 2.56019 2.54746 3.08523 3.4384 2.35927 2.68469 3.01184 3.36867 2.71597 2.78011 1.90419 3.18489 1.85315 2.68937 2.95944 2.56318 2.85982 2.79421 1.90791 2.42581 3.15961 2.0716 3.37182 3.0261 2.29996 2.5953 3.25263 3.22793 3.18829 3.58855 2.45856 2.61959 2.00324 2.85948 1.74729 3.51102 2.91185 2.72699 2.82795 1.91365 2.64402 2.07935 2.88133 1.32368 2.80015 2.43862 4.08766 3.50833 3.27118 2.9106 2.78823 1.79961 2.50672 3.05066 1.88561 3.24082 2.67499 2.05652 
1.46406 0 1.31786 1.52904 1.5411 1.41299 1.46406 1.00024 1.23355 1.23263 1.84519 1.30389 1.00024 1.89779 1.48365 1.87139 1.28415 1.2718 1.42339 2.15691 2.11368 2.03277 1.76639 1.43916 1.5411 1.62194 1.00024 1.3625 1.62435 1.17774 1.17774 2.22036 1.70698 1.54771 1.18801 1.69939 1.71723 2.16784 1.00024 1.47373 1.2718 1.76639 1.20711 1.13002 1.58002 2.05067 1.00024 1.31595 1.31595 1.97888 1.40898 1.35194 1.12401 1.55613 1.12401 1.25124 1.43359 1.44897 1.31595 1.18938 1.95199 1.18938 1.46881 1.87069 1.58002 1.54383 2.03659 1.13002 1.58499 1.61384 1.63115 1.71119 1.18938 1.43728 1.94559 1.3789 1.79137 1.72837 1.4242 1.2406 1.44897 1.80562 1.34464 1.6853 1.54433 1.31101 1.6008 2.33059 1.9709 1.72926 1.55613 1.31796 1.31101 1.88905 1.31101 1.48978 1.71482 1.54778 1.22015 2.09264 
1.27378 1.31786 0 1.20235 1.78895 0.807204 1.27378 0.809955 0.906865 1.41266 1.5185 1.17563 1.14808 1.70751 1.34381 1.33745 0.970099 1.28345 1.38015 1.8396 2.22512 1.70608 1.37187 1.17563 1.78895 1.22743 0.809955 0.967989 1.49959 0.571963 0.571963 1.96226 1.31247 1.34381 0.929909 1.51849 2.03019 1.97756 0.809955 1.28345 1.28345 1.37187 1.16387 1.14614 1.5185 1.85947 1.31786 1.29835 1.29835 1.72078 1.2187 1.21031 0.809955 1.76428 0.809955 1.14614 1.38733 1.1336 1.39869 1.43127 1.55748 1.14614 1.21071 1.88681 1.68201 1.40221 2.08594 1.14614 1.43998 1.66319 1.50157 1.66795 1.14614 1.17918 1.84894 1.44314 1.593 1.97622 1.45897 1.48035 1.30395 1.75935 1.29927 1.92723 1.40415 1.16939 1.40242 2.28432 2.03472 1.90976 1.76428 1.55989 1.38733 1.575 1.16939 1.5336 1.67159 1.5927 0.906095 1.76581 
2.3466 1.52904 1.20235 0 4.86769 1.29748 3.60055 3.09727 3.18702 1.2187 1.0987 3.17473 3.22736 3.3387 3.842 2.2245 3.47259 1.31307 1.49391 1.48762 1.80531 2.89322 3.56941 2.90283 2.00013 2.37053 2.1986 2.68134 2.95238 3.04831 3.62066 1.82404 3.96887 4.2832 1.20891 4.42375 1.83624 1.88656 2.4742 1.17777 3.65321 3.8091 3.36789 3.98455 3.94137 3.83633 3.23976 3.49085 4.10294 4.90031 3.94704 4.09081 2.58648 4.3142 2.27047 3.19192 4.37197 3.25447 3.77404 3.97339 1.20549 3.14937 3.12907 2.01523 2.74392 4.1419 1.96455 3.78872 2.38412 3.81266 3.67816 3.1094 3.56168 3.73516 1.66783 3.65368 1.41088 3.04996 3.87735 3.45742 3.54791 1.96516 3.13257 1.71851 2.78869 1.38866 4.00136 2.10321 3.70954 3.23614 4.17993 3.68491 3.88649 1.38105 3.61893 2.643 1.5502 3.24429 2.18906 1.3541 
3.34764 1.5411 1.78895 4.86769 0 1.88407 5.91959 4.66483 3.99128 1.31982 2.00408 3.97844 4.90493 3.6127 5.75737 3.60376 4.00004 1.74289 1.85542 1.68199 1.63877 3.43505 4.88169 6.12762 1.36249 3.14257 2.76476 4.84349 3.46526 5.30748 6.48221 2.23091 5.89369 3.98098 1.6591 5.99398 1.87224 1.98033 4.32787 1.78385 5.46834 4.25654 4.87432 5.40764 5.26235 5.22655 4.95824 4.57584 5.83797 6.60146 5.11559 5.07373 4.50236 5.61144 4.36507 5.33193 6.35765 3.73875 5.17529 5.13935 2.04305 4.54363 3.30644 1.97531 3.03198 4.37531 2.09302 5.10397 3.12263 5.6566 6.37041 3.22656 4.86678 4.26616 1.99706 5.39415 1.80192 2.96961 4.73845 4.96844 5.4755 2.13128 4.94379 1.74173 2.59849 1.60396 5.91765 2.38702 3.6147 3.06702 4.00194 5.31973 3.72887 1.92029 4.61291 2.70045 1.7322 2.85512 2.87867 2.10319 
1.36891 1.41299 0.807204 1.29748 1.88407 0 1.36891 0.905082 1.00199 1.50778 1.61363 1.27076 1.24321 1.80264 1.43893 1.43258 1.06523 1.37858 1.47528 1.93473 2.32025 1.80121 1.467 1.27076 1.88407 1.32256 0.905082 1.06312 1.59472 0.667091 0.667091 2.05739 1.40759 1.43893 1.02504 1.61362 2.12532 2.07269 0.905082 1.37858 1.37858 1.467 1.259 1.24127 1.61363 1.9546 1.41299 1.39348 1.39348 1.8159 1.31382 1.30544 0.905082 1.85941 0.905082 1.24127 1.48245 1.22873 1.49381 1.52639 1.65261 1.24127 1.30584 1.98194 1.77714 1.49733 2.18107 1.24127 1.53511 1.75832 1.5967 1.76308 1.24127 1.2743 1.94407 1.53827 1.68812 2.07135 1.5541 1.57547 1.39908 1.85448 1.39439 2.02236 1.49927 1.26451 1.49755 2.37945 2.12984 2.00489 1.85941 1.65501 1.48245 1.67013 1.26451 1.62873 1.76671 1.68783 1.00122 1.86094 
2.16531 1.46406 1.27378 3.60055 5.91959 1.36891 0 3.53624 2.98599 1.29913 1.25485 3.12881 4.48398 1.7051 5.05907 2.55861 3.4348 0.96583 1.49697 1.64377 1.96146 2.27638 3.52448 4.58007 1.93515 1.73789 2.04764 3.85658 2.54906 4.2717 5.29522 1.9802 5.52756 4.01649 1.14393 5.97832 1.78372 0.947865 3.58302 0.96583 4.23881 3.74888 4.12578 4.96122 5.10257 4.6832 4.4177 4.1469 5.80955 6.46107 4.36292 4.86645 4.10373 5.47941 3.97223 5.19705 5.70374 3.09361 4.86942 5.26899 1.36165 4.24616 3.05316 2.068 2.66965 3.85117 2.01732 4.5683 2.5868 5.33555 6.0345 3.05073 4.32444 3.44443 1.7206 5.32942 1.56703 3.10909 4.49145 4.84282 5.15539 1.91365 4.47154 1.7967 2.55936 1.32368 5.76937 2.15598 3.51765 3.17747 3.67194 5.13453 3.65916 1.5372 4.35009 2.69673 1.60296 3.00018 2.50773 1.51025 
1.84873 1.00024 0.809955 3.09727 4.66483 0.905082 3.53624 0 1.81012 1.17002 1.33729 2.52194 4.2641 2.63736 4.97709 2.12785 2.56822 0.923651 0.899574 1.70825 2.04391 2.31943 2.86397 5.65922 1.47132 1.78094 0.942787 9.02281 2.05377 4.84998 3.56566 1.71246 5.60857 3.18067 0.680109 4.51023 1.71723 1.65994 11.2797 0.96583 4.86079 2.83695 8.54726 3.11071 6.82209 3.6855 11.1564 16.2503 3.95762 4.48318 4.41382 6.5974 6.77698 4.04038 14.0652 3.50832 4.92896 2.26487 3.36644 3.82552 1.44409 6.78308 2.10785 1.11544 2.39622 2.91565 1.66942 10.4596 2.25093 8.23871 4.38588 2.48538 3.76304 2.60861 1.43343 3.79906 1.28347 2.63745 7.94711 10.7515 3.66389 1.35504 7.95807 1.61552 1.68164 0.794801 5.23166 1.86881 2.79711 2.38423 2.97579 4.87161 2.36051 1.38115 16.5144 2.11272 1.35992 2.1666 1.82771 1.58086 
1.81864 1.23355 0.906865 3.18702 3.99128 1.00199 2.98599 1.81012 0 1.30829 1.4342 2.6805 2.75478 3.01729 3.0584 2.18427 2.97361 1.19915 1.36367 1.82312 2.14082 2.69481 2.96088 2.85774 1.70464 2.15633 1.31101 2.43968 2.42916 2.06994 2.25568 1.94578 3.72721 3.94977 0.913429 3.7738 1.79288 1.89326 1.81012 1.19915 3.01041 3.31013 2.89954 3.03939 3.63365 4.30262 2.7478 3.07298 3.65841 4.06103 3.04617 3.20748 2.07705 3.73015 1.90001 3.2613 3.61648 2.9408 3.3171 3.52651 1.541 2.65428 2.61965 1.65733 2.77161 3.67355 2.06946 3.08936 2.70568 3.66191 3.94657 3.04131 2.93579 3.26681 1.77274 3.34596 1.51679 3.02605 3.25379 3.1898 3.34531 1.68315 3.00178 1.84884 2.23757 1.09318 3.36959 2.20812 3.40369 2.96108 3.79786 3.37123 3.15381 1.5318 2.71809 2.56569 1.65511 2.67839 2.10734 1.6896 
1.57411 1.23263 1.41266 1.2187 1.31982 1.50778 1.29913 1.17002 1.30829 0 1.51936 0.906359 0.670525 1.76667 1.453 1.57544 0.830669 1.43442 1.58601 1.84657 1.80335 1.72244 1.45605 1.30829 1.64354 1.31161 1.17002 1.14995 1.76025 1.27254 1.27254 1.87857 1.39664 1.23738 1.28281 1.31982 1.38752 2.03672 0.670525 1.29913 1.29913 1.39835 1.09893 1.29265 1.26968 1.65314 0.670525 1.16317 1.47858 1.7577 1.29308 1.51456 0.670525 1.38922 0.670525 0.85371 1.4662 1.11926 1.16317 0.85371 1.55833 0.85371 1.31863 1.99696 1.26968 1.51013 1.88381 1.25406 1.25528 1.38303 1.37805 1.47937 1.11473 1.08271 1.71376 1.22016 1.4654 1.56146 1.26681 0.90279 1.11926 1.86727 1.00684 1.53252 1.4132 1.32066 1.4654 2.14914 1.81812 1.49744 1.39874 1.14756 1.07919 1.43557 1.07919 1.15411 1.53641 1.66481 0.766665 1.76667 
1.80112 1.84519 1.5185 1.0987 2.00408 1.61363 1.25485 1.33729 1.4342 1.51936 0 1.46145 1.27028 1.8986 1.5767 1.89949 1.0923 1.62922 1.81007 1.80377 2.12147 1.60243 1.33604 1.5264 2.20838 1.1916 1.33729 0.932157 1.98178 1.33729 1.37839 2.1402 1.27663 1.33223 1.52507 1.67085 2.00396 2.16865 0.932157 1.49393 1.49393 1.33604 1.33223 1.5755 0.932157 1.85567 1.28696 1.36648 1.61406 2.0009 1.40979 1.68993 0.932157 1.48674 0.932157 1.26812 1.69835 1.02994 1.39899 1.43817 1.22081 1.26812 1.66931 2.20475 1.28696 1.75668 2.15407 1.5755 1.40415 1.75772 1.66993 1.71975 1.32196 1.22081 1.85735 1.26266 1.55999 1.69868 1.39161 1.28696 1.26812 2.15823 1.26812 1.73383 1.63671 1.61161 1.36941 2.29273 1.91992 1.63902 1.39161 1.28696 1.42061 1.6972 1.26266 1.61108 1.73972 1.83726 1.0283 1.36941 
2.14309 1.30389 1.17563 3.17473 3.97844 1.27076 3.12881 2.52194 2.6805 0.906359 1.46145 0 2.50736 3.04799 3.26544 2.31544 2.7687 1.50568 1.63243 1.8475 1.87461 2.87699 3.19722 2.88357 1.7148 2.33563 2.00225 2.59394 2.92067 2.79437 3.23778 1.80516 3.63161 3.76387 1.18219 3.78599 1.45878 1.96331 1.67301 1.37038 3.18148 3.10521 2.91172 3.3177 3.31847 3.95273 2.51607 3.00733 3.82958 4.2738 3.28019 3.45047 2.27637 3.5482 2.01308 3.16495 3.73466 2.8642 3.24172 3.38014 1.56538 2.62463 2.76525 2.06822 2.53886 3.78372 1.95506 2.98708 2.47019 3.70449 3.92919 2.67786 2.85239 3.43331 1.78502 3.12894 1.39199 2.72994 3.20831 2.95358 3.02317 1.93853 2.76793 1.60378 2.48697 1.39192 3.54392 2.2204 3.36878 2.8046 3.58871 3.16017 3.18713 1.36216 2.88994 2.13997 1.60766 2.74571 2.04244 1.71686 
2.33988 1.00024 1.14808 3.22736 4.90493 1.24321 4.48398 4.2641 2.75478 0.670525 1.27028 2.50736 0 2.96979 5.72317 2.32886 2.3396 1.20202 1.24708 1.65921 1.63877 2.46298 3.00605 5.94743 1.41924 1.92449 1.93242 4.58791 2.64356 5.64834 4.73402 1.61399 6.33364 2.87932 1.01824 4.3052 0.882112 1.77214 4.27589 1.06673 4.79783 2.8105 4.42659 3.7392 5.16271 3.33043 3.50889 4.03441 4.22415 4.95275 5.38103 5.21677 3.75613 3.85173 3.45631 3.05565 6.17444 1.99491 3.24357 3.72111 1.37708 3.57776 2.33185 1.59188 1.88568 3.15387 1.47873 4.80135 1.94757 4.94686 4.07731 2.22909 4.55842 2.80924 1.32435 3.46852 1.20083 1.91808 4.31184 4.34745 3.36632 1.64297 4.13784 1.12744 2.0382 1.09635 6.36051 1.75973 2.64915 2.25959 2.69378 5.11718 2.03597 1.17099 4.18635 1.6912 1.15696 2.13989 1.72789 1.52569 
3.19833 1.89779 1.70751 3.3387 3.6127 1.80264 1.7051 2.63736 3.01729 1.76667 1.8986 3.04799 2.96979 0 3.42554 3.83196 2.97507 1.72044 2.02791 2.5135 2.51124 3.65878 3.47872 3.07162 2.28201 3.21809 3.08065 2.7283 3.59968 2.9678 3.32384 2.32424 3.36103 3.37734 1.57767 3.63791 2.2665 0.947865 2.40578 1.72044 2.99684 3.12286 2.98008 3.02463 3.13393 3.95895 2.93464 2.85429 3.4966 4.03784 2.69486 3.18921 2.6501 3.36207 2.72209 3.01586 3.51785 2.7699 3.10263 3.25156 2.0054 2.77003 3.82878 2.31601 3.53644 3.49247 2.27515 3.03943 3.4969 3.45003 3.49869 3.91908 2.89618 3.21543 1.97843 3.21422 2.09416 3.7322 2.87256 3.19905 3.15684 2.15807 2.93783 2.05454 3.16831 1.61145 3.61748 2.41381 4.38444 3.89721 3.19185 3.19193 3.17998 2.18673 2.87898 3.48608 1.8608 3.60914 3.5018 2.15401 
2.60331 1.48365 1.34381 3.842 5.75737 1.43893 5.05907 4.97709 3.0584 1.453 1.5767 3.26544 5.72317 3.42554 0 2.34642 2.95824 1.29874 1.35304 1.85563 1.91306 2.9517 2.67118 5.3671 1.95474 2.41321 2.19889 4.35699 2.84316 5.79033 4.7933 2.24518 7.24041 3.5203 1.21396 5.70923 2.00542 2.22568 4.64866 1.5675 5.74093 3.28292 5.58032 4.718 5.74526 4.53951 5.26312 4.75069 5.43364 5.97489 6.55477 6.01882 4.96696 4.49854 4.708 4.83996 7.31303 2.94833 3.75924 5.18414 1.6835 5.15114 2.77046 1.75055 2.56672 3.70737 1.811 5.95628 2.52672 6.42634 5.60139 2.91845 5.7158 3.54858 1.76192 4.92069 1.87705 2.63989 5.55215 5.64117 4.77433 1.84736 5.27456 1.58069 2.46274 1.35275 6.79221 2.16479 3.35725 3.02247 2.84412 6.20038 3.22381 1.85905 5.17322 2.63622 1.46004 2.67418 2.64474 1.82027 
2.66925 1.87139 1.33745 2.2245 3.60376 1.43258 2.55861 2.12785 2.18427 1.57544 1.89949 2.31544 2.32886 3.83196 2.34642 0 2.48385 1.90883 2.00552 2.22059 2.38503 3.49554 2.23695 2.16457 2.34248 2.94742 2.52124 2.02398 3.55471 2.04457 2.09906 2.24394 2.8842 2.36079 1.55528 3.30143 2.12786 2.35552 2.13936 1.90883 2.95507 2.60395 2.63626 2.90499 3.07432 3.45031 2.57599 2.6371 3.09325 3.72621 2.93841 3.03846 2.13367 2.93322 1.90173 2.77323 3.21196 2.48432 2.58506 3.01301 1.93846 2.52741 3.51715 2.4414 3.30396 3.30924 2.48032 2.89311 3.25902 3.18106 3.27216 3.57893 2.81609 2.9174 2.24333 3.02857 1.93671 3.25935 2.95051 2.7204 2.78325 2.38473 2.57905 2.19985 3.24696 1.79476 3.15768 2.67871 4.07412 3.70567 3.02902 2.83734 2.79957 1.80094 2.736 3.19638 2.06597 3.51431 2.78329 2.1468 
2.44267 1.28415 0.970099 3.47259 4.00004 1.06523 3.4348 2.56822 2.97361 0.830669 1.0923 2.7687 2.3396 2.97507 2.95824 2.48385 0 1.24975 1.29049 1.47313 1.79892 2.60223 2.91896 2.94675 1.63911 2.01024 1.95699 2.16772 2.78281 2.71887 3.52607 1.42791 3.25987 3.73275 0.840253 3.39053 1.44821 1.8158 2.28842 1.17138 2.97086 2.32538 2.81242 3.04171 2.94673 3.71205 2.77799 2.00704 3.20769 3.56311 3.1536 2.95853 1.96398 3.27694 1.78364 2.95734 3.52502 2.21532 2.72065 3.33601 1.191 2.53821 2.42058 1.65884 2.16754 3.57723 1.57892 3.12517 2.00618 3.15745 3.44358 2.31153 2.95404 3.1985 1.34193 3.05927 1.01475 2.44803 2.68262 2.50308 2.899 1.63111 2.33959 1.42022 2.24748 1.07973 2.73537 1.77731 2.80672 2.43827 3.07208 2.70891 2.85943 0.984914 2.28585 2.0293 1.16457 2.451 1.82068 1.33961 
1.2867 1.2718 1.28345 1.31307 1.74289 1.37858 0.96583 0.923651 1.19915 1.43442 1.62922 1.50568 1.20202 1.72044 1.29874 1.90883 1.24975 0 1.13993 2.00018 2.31547 1.53399 1.55042 1.53574 1.74289 1.05933 0.96583 1.05933 0.961347 0.961347 1.14334 2.18596 1.49101 1.26426 1.15361 1.74219 1.91902 1.91369 0.96583 0.96583 0.923651 1.55042 0.923651 1.09256 1.59839 1.95386 1.20202 1.12028 1.12028 1.94447 1.36422 1.16803 1.0896 1.67423 1.0896 1.15443 1.41456 1.24432 1.39754 1.37769 1.73602 1.09256 1.43441 1.71096 1.63695 1.49587 1.96897 1.09256 1.48817 1.54622 1.49213 1.61438 1.09256 1.38343 1.74991 1.46264 1.75697 1.93016 1.36422 1.44239 1.35215 1.79779 1.24783 1.76677 1.44751 1.26305 1.56639 2.18529 1.8626 1.81073 1.63521 1.50631 1.31317 1.85465 1.26305 1.48003 1.61801 1.49795 1.18574 1.87279 
1.59417 1.42339 1.38015 1.49391 1.85542 1.47528 1.49697 0.899574 1.36367 1.58601 1.81007 1.63243 1.24708 2.02791 1.35304 2.00552 1.29049 1.13993 0 2.18102 2.39014 1.99765 1.73126 1.63243 1.85542 1.53211 1.13035 1.24018 1.49248 1.24004 1.24004 2.28265 1.67185 1.24018 1.2503 1.83889 2.07061 2.29796 1.13035 1.49697 1.13993 1.73126 0.899574 1.06849 1.71739 1.92978 1.35361 1.36887 1.36887 2.02746 1.42344 1.14396 1.13035 1.8556 1.13035 1.13035 1.39048 1.32807 1.49001 1.35361 1.89551 1.06849 1.53111 1.80916 1.74429 1.4718 1.94489 1.06849 1.4641 1.52214 1.46805 1.5903 1.06849 1.35935 1.91853 1.43856 1.91339 2.08175 1.51303 1.59397 1.32807 1.77371 1.22375 1.84958 1.42344 1.23897 1.72282 2.29868 1.95706 1.89353 1.8556 1.48223 1.39048 1.89539 1.23897 1.45595 1.59393 1.64676 1.22649 2.05364 
2.19004 2.15691 1.8396 1.48762 1.68199 1.93473 1.64377 1.70825 1.82312 1.84657 1.80377 1.8475 1.65921 2.5135 1.85563 2.22059 1.47313 2.00018 2.18102 0 2.03349 1.70101 1.65714 1.8475 2.2283 1.51269 1.72621 1.25326 2.11317 1.69949 1.69949 2.4613 0.9751 1.65333 1.84617 0.9751 2.39899 2.59164 1.41887 1.88285 1.88285 1.65714 1.65333 2.0624 1.62382 2.17677 1.68199 1.5869 1.5869 2.45691 2.02468 2.12657 1.40912 2.0372 1.25326 1.58922 2.07836 1.41887 1.85563 1.68199 1.84275 1.58922 2.1135 2.28546 1.7611 2.1375 2.46964 2.0624 1.72525 2.07329 1.99103 2.21488 1.86356 1.79664 2.30968 1.9439 2.204 2.31123 1.92928 1.82774 1.58922 2.66132 1.58922 2.12845 2.14871 2.08564 2.02344 2.74506 2.31454 2.32068 1.92928 1.7611 1.87294 2.0183 1.86356 2.05894 2.04865 2.35149 1.40912 2.05108 
2.50773 2.11368 2.22512 1.80531 1.63877 2.32025 1.96146 2.04391 2.14082 1.80335 2.12147 1.87461 1.63877 2.51124 1.91306 2.38503 1.79892 2.31547 2.39014 2.03349 0 2.30904 2.04266 2.10203 2.09888 1.89821 2.04391 1.63877 2.51927 2.04391 2.08501 2.84682 1.90056 1.63877 2.23168 1.88838 2.35577 2.78129 1.63877 2.20054 1.99861 2.04266 1.65838 2.1737 1.85629 2.53368 1.63877 1.95923 2.22202 2.72256 2.02242 2.09888 1.63877 2.09536 1.63877 1.7829 2.12631 1.72081 1.91306 1.63877 2.22826 1.65838 2.28688 2.79302 1.85629 2.40654 2.67986 2.09779 1.85684 2.16337 2.08242 2.40856 1.9194 2.0119 2.63385 1.96844 2.43365 2.2676 2.14619 1.78451 1.72081 2.77338 1.72081 2.32858 2.1803 2.2889 2.34923 2.97387 2.57512 2.46568 2.09577 1.85629 2.04744 2.40382 2.04744 1.99784 2.31904 2.51554 1.73491 2.37687 
3.29503 2.03277 1.70608 2.89322 3.43505 1.80121 2.27638 2.31943 2.69481 1.72244 1.60243 2.87699 2.46298 3.65878 2.9517 3.49554 2.60223 1.53399 1.99765 1.70101 2.30904 0 3.03344 2.90111 2.50386 2.23184 2.62631 1.98113 2.52235 2.32944 2.72658 2.32778 2.18044 2.76732 1.71265 2.97473 2.33997 2.34656 2.02516 1.39869 2.17166 2.75002 2.28758 2.88254 2.68397 3.41671 2.60152 2.58483 3.08611 3.76584 3.02427 2.99849 2.30135 3.23292 2.17985 2.56261 3.17199 2.29656 2.79189 3.00528 1.70923 2.31679 3.55678 2.51896 3.16359 3.14273 2.46828 2.93038 3.08074 3.18057 3.21702 3.54468 2.79364 2.82445 2.17156 2.84891 1.91461 3.60304 2.94549 2.75288 2.6146 2.46889 2.39939 2.22225 3.21641 1.8924 3.16528 2.60694 4.01159 3.67142 3.11544 2.81909 2.91053 1.88478 2.7923 3.19068 2.05393 3.672 3.00168 1.85783 
2.48682 1.76639 1.37187 3.56941 4.88169 1.467 3.52448 2.86397 2.96088 1.45605 1.33604 3.19722 3.00605 3.47872 2.67118 2.23695 2.91896 1.55042 1.73126 1.65714 2.04266 3.03344 0 2.75953 2.15887 2.48532 2.33882 2.27483 3.09261 2.82218 3.39453 1.99357 3.79653 3.74307 1.37844 4.18963 2.07359 2.12391 2.74039 1.41512 3.64734 3.25547 3.47521 3.87008 3.65468 4.58241 3.39173 2.89116 4.20361 4.65678 3.84067 3.74506 2.81191 3.46988 2.509 3.64442 4.22666 3.11963 3.16096 4.05684 1.37502 3.11299 3.1639 2.0003 2.55897 4.23919 1.9147 3.76613 2.5826 4.0319 4.34587 3.15349 3.65897 3.77466 1.74547 3.8326 1.3424 3.09635 3.57994 3.44222 3.59723 2.09711 3.20245 1.56424 2.92872 1.61598 3.62923 2.18085 3.52986 3.2398 3.53167 3.48224 3.7291 1.55057 3.38041 2.77319 1.48444 3.15137 2.32119 1.28562 
1.96788 1.43916 1.17563 2.90283 6.12762 1.27076 4.58007 5.65922 2.85774 1.30829 1.5264 2.88357 5.94743 3.07162 5.3671 2.16457 2.94675 1.53574 1.63243 1.8475 2.10203 2.90111 2.75953 0 1.91025 2.35298 2.20648 4.63259 2.96027 6.36137 4.1251 1.97679 6.77634 3.86693 1.18219 5.62814 1.79288 1.98243 4.6268 1.53574 7.23507 3.28326 6.72695 5.35011 7.57696 4.27339 6.8039 6.48573 5.88442 5.8931 6.48365 8.15393 5.9005 5.09765 4.85882 4.81947 7.77373 3.01349 4.61851 5.42406 1.56538 6.5539 3.05856 2.13909 2.78992 3.98536 2.28948 7.37866 2.84308 8.10013 5.54335 3.17611 5.84373 3.52463 1.99276 5.13504 1.56362 3.09596 7.2387 7.15105 4.94912 2.01164 6.93701 2.0057 2.78027 1.42167 6.30577 2.42814 3.74749 3.30285 3.87246 6.42465 3.63308 1.53379 7.0149 2.689 1.87513 3.09243 2.23506 1.77371 
1.93515 1.5411 1.78895 2.00013 1.36249 1.88407 1.93515 1.47132 1.70464 1.64354 2.20838 1.7148 1.41924 2.28201 1.95474 2.34248 1.63911 1.74289 1.85542 2.2283 2.09888 2.50386 2.15887 1.91025 0 2.09303 1.47132 1.83359 2.09544 1.64883 1.64883 2.23091 2.09538 1.87393 1.6591 1.72857 2.13624 2.55206 1.41924 1.94482 1.74289 1.93231 1.42298 1.60111 1.94321 2.42252 1.36249 1.56032 1.77079 1.98943 1.56952 1.36249 1.41924 1.67381 1.54408 1.62309 1.71044 1.82393 1.56032 1.36249 2.31518 1.37228 1.9399 2.34178 1.94321 1.79342 2.28095 1.60111 1.83188 1.8846 1.71397 1.72361 1.37228 1.8521 1.99706 1.46482 1.80192 1.84604 1.54188 1.36249 1.75956 2.15057 1.58926 1.92967 1.71728 1.60396 1.61135 2.43244 2.17621 1.78073 1.67381 1.56232 1.36249 2.26145 1.36249 1.58926 1.92013 1.93988 1.57511 2.10319 
2.75654 1.62194 1.22743 2.37053 3.14257 1.32256 1.73789 1.78094 2.15633 1.31161 1.1916 2.33563 1.92449 3.21809 2.41321 2.94742 2.01024 1.05933 1.53211 1.51269 1.89821 2.23184 2.48532 2.35298 2.09303 0 2.08783 1.57974 2.4778 1.82242 2.17846 1.84912 2.09479 2.22884 1.23399 2.65877 1.92914 1.9591 1.58446 1.01123 1.8381 2.14371 1.68127 2.33596 2.37707 2.81041 2.06303 1.97852 2.63051 3.21926 2.48578 2.45191 1.57877 2.69443 1.45276 1.9563 2.62541 1.75807 2.25341 2.46679 1.23057 1.71048 3.0102 2.05343 2.62511 2.59615 1.98963 2.32408 2.47444 2.57427 2.67043 2.9981 2.24706 2.21814 1.75263 2.30233 1.59182 3.06455 2.39891 2.2063 2.00829 2.04996 1.85281 1.71197 2.67792 1.47347 2.6187 2.18801 3.46501 3.12484 2.56886 2.27469 2.36395 1.40612 2.24572 2.6441 1.57527 3.13352 2.2746 1.4389 
2.15562 1.00024 0.809955 2.1986 2.76476 0.905082 2.04764 0.942787 1.31101 1.17002 1.33729 2.00225 1.93242 3.08065 2.19889 2.52124 1.95699 0.96583 1.13035 1.72621 2.04391 2.62631 2.33882 2.20648 1.47132 2.08783 0 1.73733 2.36066 1.04493 1.40097 1.71246 2.50912 2.11423 0.680109 2.52554 1.71723 1.65994 1.23005 0.96583 1.92966 2.28953 1.90321 1.96872 2.41651 2.93854 2.03855 2.08664 2.34491 2.74901 1.88106 1.97795 1.36379 2.64171 1.31275 2.02042 2.21499 1.89446 2.18814 2.29956 1.44409 1.7746 2.55115 1.60173 2.70311 2.38992 1.83614 2.03749 2.63718 2.49716 2.56863 2.97281 1.87982 2.06178 1.53942 2.26988 1.28347 3.08074 2.13986 2.28364 2.2125 1.44983 1.99729 1.61552 2.16907 0.859859 2.31213 1.9748 3.33519 2.89258 2.60246 2.3586 2.09317 1.38115 1.72102 2.55601 1.42179 2.60989 2.13459 1.59269 
2.2139 1.3625 0.967989 2.68134 4.84349 1.06312 3.85658 9.02281 2.43968 1.14995 0.932157 2.59394 4.58791 2.7283 4.35699 2.02398 2.16772 1.05933 1.24018 1.25326 1.63877 1.98113 2.27483 4.63259 1.83359 1.57974 1.73733 0 2.03021 5.59107 4.11271 1.75529 5.01107 3.09488 0.974553 4.20676 1.72569 1.72002 7.52385 1.01123 5.0093 2.4634 11.0509 3.86346 6.52282 3.28331 11.2329 9.5861 4.40295 4.99069 5.18402 7.58354 7.34606 3.94151 7.43228 3.41842 6.03173 1.99188 3.24309 3.75793 0.971131 7.4844 2.52187 1.76149 1.97439 2.94272 1.66882 12.4244 1.87344 8.73605 4.29461 2.33299 4.32544 2.39056 1.49319 3.73086 1.34213 2.37246 9.28269 11.9892 3.49317 1.79052 8.52334 1.31196 2.13528 1.21403 4.94014 1.92857 2.8143 2.45973 2.62225 4.65144 2.54836 1.3123 11.2638 2.02918 1.31583 2.52907 1.81935 1.17946 
3.27376 1.62435 1.49959 2.95238 3.46526 1.59472 2.54906 2.05377 2.42916 1.76025 1.98178 2.92067 2.64356 3.59968 2.84316 3.55471 2.78281 0.961347 1.49248 2.11317 2.51927 2.52235 3.09261 2.96027 2.09544 2.4778 2.36066 2.03021 0 2.03157 2.51912 2.53851 2.4264 2.54767 1.50616 3.12539 2.27157 2.26625 2.16464 1.31838 2.08731 2.99598 2.32949 2.73936 2.85251 3.66267 2.68968 2.61277 2.86646 3.76754 2.86669 2.7912 2.43104 3.41293 2.30503 2.77013 2.9647 2.56924 3.01396 3.04927 2.06185 2.52431 3.50325 2.06351 3.39137 3.20981 2.32152 2.7872 3.2501 3.28654 3.31833 3.71138 2.65046 2.81149 2.10246 3.01561 2.10952 3.84142 2.98179 3.02556 2.82542 2.15034 2.67208 2.11932 3.07322 1.6156 3.30266 2.53784 4.16102 3.71841 3.20771 3.03343 2.919 2.12452 2.69862 3.30572 1.97056 3.51443 3.12687 2.22534 
1.95804 1.17774 0.571963 3.04831 5.30748 0.667091 4.2717 4.84998 2.06994 1.27254 1.33729 2.79437 5.64834 2.9678 5.79033 2.04457 2.71887 0.961347 1.24004 1.69949 2.04391 2.32944 2.82218 6.36137 1.64883 1.82242 1.04493 5.59107 2.03157 0 2.45846 1.82215 6.12713 3.61804 0.789796 4.98581 1.89008 1.83745 4.79127 1.14334 6.44079 3.05538 6.11616 4.22524 7.82316 4.01177 6.29559 6.32106 4.82301 5.23666 5.9523 7.77951 5.64033 5.01554 4.94041 4.35511 6.71737 2.53333 4.31634 4.68833 1.41737 6.42047 2.47745 1.60173 2.50553 3.26608 1.94582 7.19673 2.37178 7.76772 5.28925 2.83306 5.20288 2.85934 1.70883 4.54852 1.45288 2.96482 7.09818 7.11037 4.2814 1.61924 6.86984 1.71236 2.19916 1.02927 6.42347 2.14421 3.34543 2.81256 3.47549 5.90742 3.09982 1.43488 6.6145 2.43165 1.53147 2.68154 1.99282 1.58086 
2.17435 1.17774 0.571963 3.62066 6.48221 0.667091 5.29522 3.56566 2.25568 1.27254 1.37839 3.23778 4.73402 3.32384 4.7933 2.09906 3.52607 1.14334 1.24004 1.69949 2.08501 2.72658 3.39453 4.1251 1.64883 2.17846 1.40097 4.11271 2.51912 2.45846 0 1.82215 5.72361 4.10858 0.789796 6.04794 1.89008 1.83745 3.60041 1.14334 4.71067 3.86258 4.71852 5.54215 5.5964 4.81897 4.71252 4.75256 6.11529 6.44169 5.54678 5.51791 3.78181 5.86723 3.41477 5.46127 6.12977 3.34054 5.16803 5.84074 1.41737 4.54761 2.83348 1.7467 2.86156 4.07329 1.94582 5.11791 2.72782 5.81211 6.42337 3.18909 4.95501 3.66655 1.70883 5.70374 1.45288 3.32086 5.27065 5.12863 5.3735 1.61924 4.82041 1.78712 2.5552 1.02927 5.35016 2.14421 3.70147 3.16859 4.07601 5.47992 3.87777 1.43488 4.90608 2.78769 1.53147 3.03757 2.34886 1.6257 
2.17628 2.22036 1.96226 1.82404 2.23091 2.05739 1.9802 1.71246 1.94578 1.87857 2.1402 1.80516 1.61399 2.32424 2.24518 2.24394 1.42791 2.18596 2.28265 2.4613 2.84682 2.32778 1.99357 1.97679 2.23091 1.84912 1.71246 1.75529 2.53851 1.82215 1.82215 0 1.93416 1.97605 1.83241 2.26618 2.4961 2.59429 1.57443 2.18596 2.18596 1.77264 1.85022 1.83958 1.9927 2.31918 1.83461 1.767 2.0824 1.20804 1.83542 1.65228 1.36391 2.11446 1.20804 1.59238 1.93054 1.75529 1.86733 1.88347 2.17917 1.59238 1.90892 2.58725 2.15065 2.03382 2.55458 1.84435 1.99395 2.15823 1.84773 1.94371 1.59238 1.82139 2.20374 1.79197 1.70197 2.3264 1.83542 1.83461 1.85793 2.39096 1.74551 2.39588 1.97495 1.83958 1.5114 2.63912 2.38993 2.24694 2.11446 2.02853 1.767 1.97309 1.44514 1.80936 2.14023 2.22431 1.36391 2.02683 
3.07412 1.70698 1.31247 3.96887 5.89369 1.40759 5.52756 5.60857 3.72721 1.39664 1.27663 3.63161 6.33364 3.36103 7.24041 2.8842 3.25987 1.49101 1.67185 0.9751 1.90056 2.18044 3.79653 6.77634 2.09538 2.09479 2.50912 5.01107 2.4264 6.12713 5.72361 1.93416 0 4.1338 1.31903 4.13328 2.01418 2.0645 4.97748 1.35571 6.05734 3.56116 6.05184 5.64054 5.96867 4.57916 5.81816 5.48772 5.59726 6.38955 6.86096 6.89449 5.2216 5.39863 4.67132 5.12241 8.29361 3.07433 4.69942 4.69521 1.31561 5.6407 3.17938 2.15254 2.53377 4.19755 2.07466 6.66939 2.60062 6.9 6.02469 2.89237 6.36301 3.56223 1.83767 5.12308 1.67686 2.93184 6.21388 5.87155 5.1804 2.135 5.60394 1.67203 2.85894 1.55851 7.05659 2.27305 3.37367 3.01911 3.72002 6.5108 3.64613 1.49116 6.07664 2.58855 1.66031 3.13706 2.3317 1.52394 
2.79011 1.54771 1.34381 4.2832 3.98098 1.43893 4.01649 3.18067 3.94977 1.23738 1.33223 3.76387 2.87932 3.37734 3.5203 2.36079 3.73275 1.26426 1.24018 1.65333 1.63877 2.76732 3.74307 3.86693 1.87393 2.22884 2.11423 3.09488 2.54767 3.61804 4.10858 1.97605 4.1338 0 1.21396 3.88461 1.7898 2.10008 3.1041 1.21616 3.37573 4.06927 3.14186 3.95136 3.67254 4.74034 3.37249 3.19622 3.99848 5.11146 3.64712 3.59324 3.23656 3.57125 3.06226 3.53004 4.18168 3.14917 3.127 3.31552 1.25244 2.95066 2.73773 1.81213 2.36506 4.19624 1.66882 3.56102 2.07452 3.76593 4.27564 2.7075 3.447 3.84625 1.64246 3.51594 1.67798 2.62054 3.59393 3.39507 3.39029 1.85463 3.1999 1.57351 2.37553 1.30802 4.40675 2.02261 3.11379 2.83424 3.78235 3.20463 3.4515 1.54676 3.39954 2.39823 1.31786 2.75532 2.44347 1.57954 
1.14393 1.18801 0.929909 1.20891 1.6591 1.02504 1.14393 0.680109 0.913429 1.28281 1.52507 1.18219 1.01824 1.57767 1.21396 1.55528 0.840253 1.15361 1.2503 1.84617 2.23168 1.71265 1.37844 1.18219 1.6591 1.23399 0.680109 0.974553 1.50616 0.789796 0.789796 1.83241 1.31903 1.21396 0 1.38865 1.90035 1.84771 0.680109 1.15361 1.15361 1.37844 1.03402 1.01629 1.5136 1.72962 1.18801 1.16851 1.16851 1.59093 1.08885 1.08047 0.680109 1.63443 0.680109 1.01629 1.25748 1.14016 1.26884 1.30142 1.56404 1.01629 1.08087 1.75696 1.55216 1.27236 1.95609 1.01629 1.41191 1.53335 1.37173 1.53811 1.01629 1.04933 1.7191 1.31329 1.46315 1.84637 1.32913 1.3505 1.27588 1.62951 1.16942 1.79739 1.2743 1.03954 1.27257 2.15448 1.90487 1.77992 1.63443 1.43004 1.25748 1.44515 1.03954 1.40376 1.54174 1.46286 0.776249 1.77238 
3.16675 1.69939 1.51849 4.42375 5.99398 1.61362 5.97832 4.51023 3.7738 1.31982 1.67085 3.78599 4.3052 3.63791 5.70923 3.30143 3.39053 1.74219 1.83889 0.9751 1.88838 2.97473 4.18963 5.62814 1.72857 2.65877 2.52554 4.20676 3.12539 4.98581 6.04794 2.26618 4.13328 3.88461 1.38865 0 1.87224 2.2568 4.19217 1.72892 4.93856 3.72704 4.85505 5.77597 4.66374 4.53298 4.64638 4.43019 5.77098 6.62982 5.20131 5.48478 4.12554 5.40681 3.72555 5.22837 6.44238 3.01889 4.9618 5.06162 1.70982 4.48494 3.18716 1.82079 2.74099 4.2683 2.01992 5.14602 2.71377 5.37306 6.21097 3.137 4.95731 3.80183 1.78293 5.18128 1.95012 3.0165 5.00024 4.57266 5.35827 2.19665 4.50454 1.78992 2.92114 1.62813 5.73681 2.21831 3.52513 3.17463 3.74872 4.9215 3.50935 1.88538 4.7815 2.65724 1.60557 3.02444 2.73416 1.91816 
2.05871 1.71723 2.03019 1.83624 1.87224 2.12532 1.78372 1.71723 1.79288 1.38752 2.00396 1.45878 0.882112 2.2665 2.00542 2.12786 1.44821 1.91902 2.07061 2.39899 2.35577 2.33997 2.07359 1.79288 2.13624 1.92914 1.71723 1.72569 2.27157 1.89008 1.89008 2.4961 2.01418 1.7898 1.90035 1.87224 0 2.53654 1.28806 1.78372 1.78372 1.95077 1.43649 1.77724 1.8221 2.20556 0.882112 1.47709 1.96317 2.31012 1.77768 1.99916 1.28806 1.6008 1.28806 1.40613 1.86536 1.60385 1.47709 1.40613 2.11075 1.40613 1.87105 2.30888 1.8221 2.00282 2.19573 1.75673 1.73988 1.79937 1.86053 1.97206 1.62074 1.63513 2.14971 1.71328 2.08294 1.77304 1.66205 1.39548 1.60385 2.35997 1.49953 1.84444 1.8978 1.81335 2.08294 2.48973 2.13004 1.99013 1.7837 1.47709 1.57188 2.0531 1.57188 1.65678 1.87396 2.06005 1.3842 2.25936 
1.90402 2.16784 1.97756 1.88656 1.98033 2.07269 0.947865 1.65994 1.89326 2.03672 2.16865 1.96331 1.77214 0.947865 2.22568 2.35552 1.8158 1.91369 2.29796 2.59164 2.78129 2.34656 2.12391 1.98243 2.55206 1.9591 1.65994 1.72002 2.26625 1.83745 1.83745 2.59429 2.0645 2.10008 1.84771 2.2568 2.53654 0 1.36619 1.91369 1.91369 1.99278 1.967 1.84539 1.9868 2.48353 1.81955 1.75761 2.00519 2.3528 1.36619 1.98152 1.61456 1.91177 1.71641 1.71641 2.15968 1.81781 1.79012 1.93967 2.27545 1.71641 1.9392 2.58606 2.14127 2.07096 2.5452 1.84539 2.05015 2.14884 2.07688 2.17286 1.71641 1.90766 2.24848 1.95368 2.3642 2.12371 1.61456 1.95724 1.91413 2.42811 1.80601 2.32458 1.71641 1.8815 2.17363 2.68386 2.43467 2.30929 1.91177 1.95724 1.81174 2.45678 1.61456 2.03851 2.13084 2.06022 1.77043 2.42405 
1.76329 1.00024 0.809955 2.4742 4.32787 0.905082 3.58302 11.2797 1.81012 0.670525 0.932157 1.67301 4.27589 2.40578 4.64866 2.13936 2.28842 0.96583 1.13035 1.41887 1.63877 2.02516 2.74039 4.6268 1.41924 1.58446 1.23005 7.52385 2.16464 4.79127 3.60041 1.57443 4.97748 3.1041 0.680109 4.19217 1.28806 1.36619 0 0.96583 4.76475 2.62493 9.42228 3.27833 6.30772 3.23352 11.713 13.042 4.05537 4.70391 3.95342 6.71272 7.37032 3.86023 10.7864 3.25958 5.49328 1.87307 3.22076 3.59252 1.13674 6.72121 2.24249 1.61494 2.02101 2.75578 1.62107 11.3423 1.85456 7.91228 4.2128 2.25995 3.70329 2.56866 1.32435 3.71173 1.16127 2.09038 8.29829 11.1291 3.24963 1.44983 7.93671 1.36794 1.67819 0.859859 5.25731 1.75973 2.84077 2.36419 2.66224 4.63811 2.30653 1.13143 15.0665 1.70047 1.20672 2.10084 1.56027 1.28535 
1.2867 1.47373 1.28345 1.17777 1.78385 1.37858 0.96583 0.96583 1.19915 1.29913 1.49393 1.37038 1.06673 1.72044 1.5675 1.90883 1.17138 0.96583 1.49697 1.88285 2.20054 1.39869 1.41512 1.53574 1.94482 1.01123 0.96583 1.01123 1.31838 1.14334 1.14334 2.18596 1.35571 1.21616 1.15361 1.72892 1.78372 1.91369 0.96583 0 0.96583 1.41512 1.01913 1.33336 1.49393 1.81856 1.06673 1.22973 1.47731 1.94447 1.37457 1.37428 1.01123 1.70654 1.01123 1.01913 1.38525 1.10902 1.26224 1.24239 1.60072 1.01913 1.43441 2.068 1.61339 1.56618 2.01732 1.36984 1.35288 1.57765 1.35683 1.58506 1.23374 1.24813 1.7206 1.43333 1.75697 1.91367 1.40933 1.30709 1.21685 1.92333 1.11253 1.7967 1.5108 1.33336 1.56639 2.15598 1.90679 1.78141 1.68032 1.42936 1.28386 1.77628 1.23374 1.45071 1.60296 1.75667 1.10738 1.74933 
2.55342 1.2718 1.28345 3.65321 5.46834 1.37858 4.23881 4.86079 3.01041 1.29913 1.49393 3.18148 4.79783 2.99684 5.74093 2.95507 2.97086 0.923651 1.13993 1.88285 1.99861 2.17166 3.64734 7.23507 1.74289 1.8381 1.92966 5.0093 2.08731 6.44079 4.71067 2.18596 6.05734 3.37573 1.15361 4.93856 1.78372 1.91369 4.76475 0.96583 0 3.30737 5.32956 4.2533 6.65772 3.97845 5.5408 5.44231 4.79798 5.61779 5.25165 6.6477 5.18453 4.64798 4.66296 3.94391 6.32569 2.38727 3.93818 4.54847 1.60072 5.56559 2.7197 1.71096 2.363 3.39215 1.67665 6.26286 2.24813 6.48041 4.99405 2.7085 4.70543 3.0056 1.65029 4.13062 1.75697 2.81318 5.92509 5.97994 4.02089 1.79779 5.89807 1.58134 2.27933 1.26305 6.41149 2.03043 3.20369 2.83524 3.29892 5.12001 2.75319 1.77628 5.44793 2.27074 1.32569 2.52895 2.40302 1.74933 
2.67721 1.76639 1.37187 3.8091 4.25654 1.467 3.74888 2.83695 3.31013 1.39835 1.33604 3.10521 2.8105 3.12286 3.28292 2.60395 2.32538 1.55042 1.73126 1.65714 2.04266 2.75002 3.25547 3.28326 1.93231 2.14371 2.28953 2.4634 2.99598 3.05538 3.86258 1.77264 3.56116 4.06927 1.37844 3.72704 1.95077 1.99278 2.62493 1.41512 3.30737 0 3.06577 3.43821 2.88728 4.04856 3.1195 2.69823 3.91053 3.75988 3.49011 3.1111 2.31662 3.65361 2.12015 3.29385 3.86421 2.55183 3.0714 3.71549 1.37502 2.84601 2.84934 1.83583 2.31533 3.90191 1.75591 3.52648 2.20798 3.60874 3.74308 2.77887 3.32169 3.53501 1.51891 3.39578 1.11584 2.89012 3.07453 2.98454 3.23551 1.93264 2.6761 1.56424 2.68972 1.47662 2.93509 1.95429 3.15524 2.86347 3.44875 3.04542 3.2573 1.55057 2.74757 2.47506 1.34156 2.89889 2.25314 1.28562 
2.56019 1.20711 1.16387 3.36789 4.87432 1.259 4.12578 8.54726 2.89954 1.09893 1.33223 2.91172 4.42659 2.98008 5.58032 2.63626 2.81242 0.923651 0.899574 1.65333 1.65838 2.28758 3.47521 6.72695 1.42298 1.68127 1.90321 11.0509 2.32949 6.11616 4.71852 1.85022 6.05184 3.14186 1.03402 4.85505 1.43649 1.967 9.42228 1.01913 5.32956 3.06577 0 3.47442 7.47026 3.33495 10.832 9.18422 4.23262 4.9401 5.14678 7.18814 7.93367 4.16753 9.1216 2.51572 5.57386 2.22884 3.37422 3.66903 1.25244 6.71782 2.3012 1.59288 2.07623 2.9029 1.39411 11.4251 1.57691 8.12794 3.62858 2.31145 4.19181 2.72028 1.51926 3.71529 1.48096 2.55935 8.41752 11.0252 3.3145 1.35157 8.48285 1.46787 2.07704 1.01169 5.70717 1.7479 2.69767 2.42976 3.02766 4.66424 2.25904 1.53429 9.8294 1.77356 1.21222 2.3793 2.08045 1.57954 
2.54746 1.13002 1.14614 3.98455 5.40764 1.24127 4.96122 3.11071 3.03939 1.29265 1.5755 3.3177 3.7392 3.02463 4.718 2.90499 3.04171 1.09256 1.06849 2.0624 2.1737 2.88254 3.87008 5.35011 1.60111 2.33596 1.96872 3.86346 2.73936 4.22524 5.54215 1.83958 5.64054 3.95136 1.01629 5.77597 1.77724 1.84539 3.27833 1.33336 4.2533 3.43821 3.47442 0 4.22551 4.02215 3.56031 2.98448 4.49726 5.22659 3.69731 2.70635 3.38009 4.47507 3.41005 4.00807 3.89659 2.60752 3.93686 4.13374 1.44583 3.3456 1.93095 1.11544 2.47927 3.03273 1.53089 3.21669 2.23857 4.03848 4.82106 2.27706 3.01059 2.85879 1.36907 4.31236 1.61773 2.39597 2.70694 3.80911 4.22944 1.01242 3.53389 1.47704 1.48949 0.496616 4.72476 1.80864 2.59533 2.22688 3.10214 4.04867 2.46542 1.66138 2.36442 1.92928 1.22139 1.81556 2.19197 1.81907 
3.08523 1.58002 1.5185 3.94137 5.26235 1.61363 5.10257 6.82209 3.63365 1.26968 0.932157 3.31847 5.16271 3.13393 5.74526 3.07432 2.94673 1.59839 1.71739 1.62382 1.85629 2.68397 3.65468 7.57696 1.94321 2.37707 2.41651 6.52282 2.85251 7.82316 5.5964 1.9927 5.96867 3.67254 1.5136 4.66374 1.8221 1.9868 6.30772 1.49393 6.65772 2.88728 7.47026 4.22551 0 4.05547 7.25104 6.41295 4.94812 5.28229 5.73711 8.2515 5.86572 4.2444 5.75563 4.03247 6.56915 2.4643 3.57479 4.28501 0.971131 6.97515 2.70993 1.79914 2.08481 3.41851 1.83662 7.6103 2.18341 8.7955 5.12461 2.34849 4.61389 2.63558 1.53248 4.00073 1.37004 2.29382 7.14878 7.09836 3.94811 1.89595 6.61391 1.31196 2.32028 1.37995 5.74706 1.96786 2.83212 2.38411 2.66154 5.06905 2.75583 1.6972 6.33715 2.04468 1.40637 2.31386 2.38388 1.17946 
3.4384 2.05067 1.85947 3.83633 5.22655 1.9546 4.6832 3.6855 4.30262 1.65314 1.85567 3.95273 3.33043 3.95895 4.53951 3.45031 3.71205 1.95386 1.92978 2.17677 2.53368 3.41671 4.58241 4.27339 2.42252 2.81041 2.93854 3.28331 3.66267 4.01177 4.81897 2.31918 4.57916 4.74034 1.72962 4.53298 2.20556 2.48353 3.23352 1.81856 3.97845 4.04856 3.33495 4.02215 4.05547 0 3.42364 3.44063 4.16251 5.09942 3.99274 4.24059 3.05058 4.50163 2.85539 3.2566 4.50126 3.2229 3.74247 4.24163 1.89465 3.29824 3.31467 2.28458 3.16276 4.35019 1.97087 3.65566 2.47801 3.65623 3.2819 3.27901 3.76997 3.88373 2.12417 4.06627 1.91221 3.55774 3.76232 3.51537 3.73321 2.2704 3.34717 2.05522 2.97861 1.72378 4.51568 2.55955 3.77421 3.40576 4.29677 3.71649 3.89435 1.87618 3.59624 2.82342 1.79957 3.41848 2.56423 2.10298 
2.35927 1.00024 1.31786 3.23976 4.95824 1.41299 4.4177 11.1564 2.7478 0.670525 1.28696 2.51607 3.50889 2.93464 5.26312 2.57599 2.77799 1.20202 1.35361 1.68199 1.63877 2.60152 3.39173 6.8039 1.36249 2.06303 2.03855 11.2329 2.68968 6.29559 4.71252 1.83461 5.81816 3.37249 1.18801 4.64638 0.882112 1.81955 11.713 1.06673 5.5408 3.1195 10.832 3.56031 7.25104 3.42364 0 10.4502 4.12486 5.06402 4.64656 6.94918 8.10736 3.14753 10.3481 3.17615 5.63978 2.26148 3.10698 3.72714 1.39376 6.61606 2.21657 1.59188 1.97626 2.88455 1.47873 11.3278 1.85875 8.30799 4.38394 2.06643 3.71185 2.58069 1.43271 3.67682 1.4654 1.42402 7.95266 11.1193 3.16818 1.49086 8.19681 1.12744 1.87553 1.0396 6.00045 1.77273 2.5796 2.19317 2.47731 4.59583 2.27337 1.43557 11.9766 1.52854 1.15696 1.84178 1.92852 1.54236 
2.68469 1.31595 1.29835 3.49085 4.57584 1.39348 4.1469 16.2503 3.07298 1.16317 1.36648 3.00733 4.03441 2.85429 4.75069 2.6371 2.00704 1.12028 1.36887 1.5869 1.95923 2.58483 2.89116 6.48573 1.56032 1.97852 2.08664 9.5861 2.61277 6.32106 4.75256 1.767 5.48772 3.19622 1.16851 4.43019 1.47709 1.75761 13.042 1.22973 5.44231 2.69823 9.18422 2.98448 6.41295 3.44063 10.4502 0 3.86686 4.65269 4.72982 6.65493 6.75309 3.27164 19.0403 3.02978 4.81714 2.0699 2.88036 3.37904 1.40546 5.94439 2.19628 1.25596 1.74086 2.68049 0.892005 9.14432 1.57329 6.77546 3.97217 1.80515 3.43482 2.69252 0.872449 3.00144 1.5252 1.89637 7.11997 7.87492 2.95983 1.35697 5.31801 0.646494 1.70931 0.93652 5.02978 1.21247 2.04818 1.62743 1.68773 3.28061 1.76205 1.55638 13.7943 1.50134 0.83492 1.79531 2.08008 1.55124 
3.01184 1.31595 1.29835 4.10294 5.83797 1.39348 5.80955 3.95762 3.65841 1.47858 1.61406 3.82958 4.22415 3.4966 5.43364 3.09325 3.20769 1.12028 1.36887 1.5869 2.22202 3.08611 4.20361 5.88442 1.77079 2.63051 2.34491 4.40295 2.86646 4.82301 6.11529 2.0824 5.59726 3.99848 1.16851 5.77098 1.96317 2.00519 4.05537 1.47731 4.79798 3.91053 4.23262 4.49726 4.94812 4.16251 4.12486 3.86686 0 6.37891 4.48943 4.54601 4.09067 5.2168 3.79045 4.32109 5.0085 3.137 4.66143 4.69813 1.72086 3.78039 2.69028 1.11544 2.5373 3.91186 1.16179 3.73872 2.20697 4.04819 5.25929 2.8258 4.36936 3.67196 1.43343 5.10098 1.78087 2.83218 4.34556 4.18086 4.88831 1.4913 4.36254 1.41193 2.31053 0.996693 5.77384 1.86881 3.15739 2.81013 3.69723 4.80636 3.02323 1.8136 3.76286 2.47888 1.35992 2.38638 2.59663 1.85763 
3.36867 1.97888 1.72078 4.90031 6.60146 1.8159 6.46107 4.48318 4.06103 1.7577 2.0009 4.2738 4.95275 4.03784 5.97489 3.72621 3.56311 1.94447 2.02746 2.45691 2.72256 3.76584 4.65678 5.8931 1.98943 3.21926 2.74901 4.99069 3.76754 5.23666 6.44169 1.20804 6.38955 5.11146 1.59093 6.62982 2.31012 2.3528 4.70391 1.94447 5.61779 3.75988 4.9401 5.22659 5.28229 5.09942 5.06402 4.65269 6.37891 0 5.74127 4.25413 3.76903 6.28488 3.85484 5.41009 6.18095 3.80003 5.58568 5.57452 2.03987 4.57126 3.08835 2.32638 3.33607 4.42306 2.3131 5.11751 3.26346 6.03195 6.24816 3.14398 5.04911 4.17977 1.96225 5.68467 1.46049 3.4068 4.98569 5.14464 5.55793 2.13233 4.90862 2.15439 2.91556 1.54236 4.55878 2.39763 3.67624 3.14251 4.35445 5.47729 4.06196 1.9687 4.31143 2.81242 1.89875 3.29515 2.75026 1.78535 
