0 2.45607 2.32425 1.70235 2.6524 2.32087 2.41647 1.3138 2.42987 2.43963 2.38668 3.0682 2.04271 0.923685 2.1249 1.75117 1.40286 3.56201 1.05197 2.81006 1.28296 2.34388 2.96036 1.36122 2.57382 2.26483 2.01155 1.56262 2.21193 2.32336 2.5388 1.2765 3.88444 3.13483 2.63193 2.21608 2.02868 1.35603 1.72308 2.75346 1.93976 2.65665 1.66164 2.46124 2.0255 1.87234 1.98197 2.18814 2.44384 2.43109 2.23087 1.63633 2.39561 2.53176 2.06965 1.83542 2.12981 2.09029 1.95122 2.10414 2.91772 1.61241 1.9325 2.77263 2.36392 2.94924 2.14727 1.40811 1.65843 2.35839 1.81484 1.47271 1.94009 2.97219 1.51441 2.08001 2.21176 2.02313 1.91445 2.20243 2.58824 2.62923 1.5925 2.6723 2.47946 2.03928 3.3027 2.32283 2.09895 2.61628 3.17684 3.3984 2.00984 0.951873 1.52545 1.24001 2.21099 2.80852 1.66432 3.09509 
2.45607 0 2.9356 6.61129 4.55476 1.81863 3.38801 1.8022 3.47253 6.53922 6.81217 2.24867 1.68913 1.23835 7.54178 2.2086 1.59348 3.27175 1.07053 3.55374 1.95117 2.19321 1.95556 6.58674 2.04029 7.40178 6.64719 0.867733 6.74326 2.08805 2.17934 1.212 3.17291 2.52509 4.24822 6.30876 1.96418 1.27496 8.33287 2.66572 6.17263 7.51136 6.35554 3.38515 4.52491 6.34662 6.24587 6.91927 3.60019 3.44186 6.46905 5.60805 7.16304 5.88474 6.49126 6.2485 5.1709 7.12786 7.24331 7.23901 2.54308 2.13608 7.23355 4.17074 8.88457 3.68522 5.31479 1.68613 2.01366 7.92525 1.89369 1.66333 8.34458 3.07566 1.59639 7.2702 8.57253 2.23305 6.79541 5.2718 3.83673 5.37156 1.87052 2.96757 5.62055 2.31314 3.53832 2.53635 2.33282 4.07472 3.08907 3.31665 6.41239 1.26654 1.74829 1.37737 4.81552 2.92152 1.97898 4.26294 
2.32425 2.9356 0 1.56373 3.4091 2.8004 2.896 1.84134 2.99632 3.15525 2.86814 3.62907 2.54712 1.42809 2.60443 1.91967 1.90727 4.32065 1.41932 3.56676 0.662876 2.72736 3.43989 2.11985 3.07823 3.00651 2.65688 2.05751 2.92303 2.80483 3.01833 1.54977 4.64115 3.89153 3.2196 2.87672 2.30196 1.62717 2.20262 3.34704 2.55948 3.25836 2.42752 3.05127 2.7822 2.27976 2.6016 2.82282 3.02072 3.1878 2.31286 2.39497 3.12676 3.01322 2.68938 2.52156 2.85902 2.5228 2.68643 2.86084 3.45523 1.83416 2.69838 3.25216 2.84346 3.52612 2.79843 1.91252 1.91158 2.94606 1.72259 1.84014 2.69679 3.64297 1.82312 2.80923 2.96846 2.66575 2.67115 2.89147 3.10803 3.38594 2.09691 3.42901 3.17181 2.21577 3.8445 3.07953 2.85566 3.09581 3.65637 3.94822 2.73985 1.45628 2.02987 1.47312 2.6199 3.56523 2.1079 3.80327 
1.70235 6.61129 1.56373 0 3.61353 2.1785 3.60149 1.31187 3.40602 6.20632 5.89806 2.91003 2.07906 1.00249 5.30307 1.6809 1.6649 3.37843 1.07863 4.06457 0.662876 2.17878 2.69581 3.83473 2.68459 5.96884 4.99882 1.56069 5.15561 2.18292 2.46976 1.41268 3.92547 3.21088 4.16477 5.97284 2.16486 1.2935 5.72363 3.46821 5.19981 6.31387 4.66063 3.41432 4.47126 4.60622 4.52758 6.6653 3.46625 3.2477 5.89016 5.35801 6.07647 6.00036 5.31117 5.15124 4.06126 5.43818 5.51515 5.76559 2.76111 1.61047 5.63231 4.02601 6.69594 4.00698 4.62755 1.75755 1.65649 6.06926 1.72259 1.73475 5.99278 3.09374 1.74979 5.66712 6.38842 2.01179 5.36137 5.10252 3.68708 5.26879 1.88863 2.77698 4.91494 1.98912 3.27083 2.43411 2.20363 3.82005 3.10714 3.39899 6.48781 1.38295 1.74966 1.31814 4.42528 2.77789 2.00251 4.25294 
2.6524 4.55476 3.4091 3.61353 0 2.49267 4.57962 2.17126 4.2633 4.34464 4.28873 2.88081 2.10481 1.49645 4.0165 1.6809 1.80101 3.85126 1.31254 4.59119 2.34378 3.12608 3.20515 3.12682 2.80862 3.37014 3.70569 1.8506 3.58984 2.58227 2.89664 1.67465 4.00271 3.23216 5.14876 3.90811 2.42152 1.42098 3.75876 4.78399 3.88178 4.30035 3.62842 4.48888 3.72229 3.71743 3.41367 4.05388 4.80719 4.13091 4.12941 3.80079 4.15028 3.95516 3.71848 3.80234 3.91212 3.96345 3.40066 4.26487 2.9887 2.24105 3.87211 5.16088 4.57291 5.06305 4.21684 1.89366 2.27175 4.23775 2.30927 1.80451 3.99058 3.60172 1.65311 4.05322 4.26607 2.67317 3.8632 4.59424 4.47819 4.73759 2.07805 3.42653 4.78503 2.56093 3.94125 2.97288 2.86648 4.9497 3.65671 3.7229 4.15281 1.52463 1.67494 1.53807 4.40826 2.92969 2.13766 5.23346 
2.32087 1.81863 2.8004 2.1785 2.49267 0 2.14684 1.86559 2.24773 2.16701 2.04001 2.12743 2.01048 1.16927 1.55316 1.99653 1.31173 3.5201 1.07053 2.19535 1.78747 2.41811 2.51762 1.591 2.63774 1.90679 1.39684 1.48188 2.04286 2.07049 1.94791 1.10341 3.76594 2.86516 2.28655 2.14845 1.52526 1.2842 2.19923 2.46056 1.79892 2.37188 1.49086 1.92751 1.68248 1.5168 1.45483 2.25793 2.27306 2.50103 2.03768 1.63204 2.22209 1.9134 1.81426 1.66689 2.27819 1.93619 1.5896 2.09594 2.49678 1.88015 1.76173 2.59143 2.17667 2.70184 1.86538 1.34767 1.79063 2.01301 1.42368 1.17518 1.81805 2.84424 1.26502 1.95265 2.50446 2.00162 2.147 2.16041 2.32982 2.58721 1.53207 2.72306 2.45149 2.09482 3.34715 2.30132 2.19492 2.55023 2.85764 3.14041 2.0011 0.978649 1.49323 0.942477 2.038 2.68649 1.50833 2.79412 
2.41647 3.38801 2.896 3.60149 4.57962 2.14684 0 1.96554 3.59295 3.88548 2.67058 2.6886 2.1788 1.42174 3.50253 2.0129 1.36379 3.84203 1.34085 4.21599 1.64696 2.74652 2.22039 3.16752 2.65446 3.18335 3.37477 1.53243 2.96242 1.94297 2.22362 1.47131 4.02863 3.14086 4.66326 3.93633 1.96529 1.10304 3.53342 3.23578 2.89915 2.923 2.9782 3.7185 3.36625 2.75907 3.15884 4.05042 3.8082 4.26513 3.68756 3.38104 3.65847 3.47017 2.85528 2.99887 3.59147 3.03665 3.10471 3.23534 2.08741 1.95836 3.35468 4.52673 4.16438 3.68661 3.32896 1.28071 1.84269 3.27869 1.49941 1.22724 3.66877 2.81332 1.47888 3.3969 4.248 2.1013 3.62243 3.83933 3.99165 3.71826 1.3889 2.95484 4.11162 2.14688 3.54093 2.52362 2.74275 4.58165 2.82673 2.94235 3.66117 0.990785 1.48179 0.718297 3.62548 2.30198 1.44137 4.63858 
1.3138 1.8022 1.84134 1.31187 2.17126 1.86559 1.96554 0 1.91917 1.83374 2.11815 2.28812 2.72931 1.69428 1.90883 2.17126 2.35862 1.7849 1.31187 2.21885 1.97474 1.78919 2.14389 1.31187 3.12756 1.84512 1.7253 1.98272 1.7315 1.98583 1.8911 2.04165 2.67531 2.27737 2.32084 1.8022 2.79383 1.90578 1.34809 1.98272 1.96533 1.98272 1.87302 2.26607 1.85477 1.76801 1.31187 1.50066 2.19848 1.90823 1.91891 1.69428 2.08226 1.84512 1.8911 1.85477 2.02914 1.8911 1.85477 1.91816 2.31255 2.30419 1.82782 2.12578 1.93855 2.55646 1.88066 2.45127 2.35021 2.26607 2.47545 2.42847 1.61811 2.45298 2.40652 2.02914 1.83903 1.96533 1.50066 2.06145 2.12827 2.44338 2.58235 2.24244 2.27702 2.45938 2.45938 2.02641 1.63251 1.83903 2.66105 2.7123 2.04573 2.06903 2.44338 2.06145 1.85477 2.44053 2.69623 2.48314 
2.42987 3.47253 2.99632 3.40602 4.2633 2.24773 3.59295 1.91917 0 2.86869 3.39091 3.05552 2.16249 1.41007 3.40677 2.2063 1.77823 3.48116 1.24224 3.18768 1.96977 2.84195 2.36321 3.03646 2.39288 3.01656 3.03258 1.43489 2.48325 2.50742 1.97169 1.67395 3.46198 2.69143 4.5301 3.83112 2.37974 0.60216 3.4414 3.46946 2.41522 3.31946 2.49213 3.7571 3.11003 2.88317 2.75084 3.54088 3.82411 4.06266 3.83616 2.825 3.50673 3.47669 2.06541 2.55654 3.39136 2.57387 2.78839 3.31165 2.17736 1.97036 2.89062 4.4191 4.07338 4.17194 3.49715 1.57258 2.10273 3.34233 1.91258 1.43956 3.31282 2.74766 1.56513 3.14409 3.80132 2.07814 3.27795 3.49578 3.96268 3.86157 1.66114 3.05064 3.93988 2.36892 3.57315 2.52385 2.49649 4.32713 2.7977 3.01215 3.33292 1.23041 1.46547 0.87647 3.66579 2.40965 1.76458 4.27277 
2.43963 6.53922 3.15525 6.20632 4.34464 2.16701 3.88548 1.83374 2.86869 0 6.13562 2.87583 2.21101 1.17598 5.52688 2.22516 1.59101 3.24713 0.793567 2.9705 2.07653 2.90126 2.46512 4.44784 2.39231 5.40868 5.15007 1.34965 4.40921 2.53428 2.10499 1.46826 3.53463 2.76408 4.40143 7.17691 2.22044 0.996256 6.56433 3.24697 4.6894 5.86822 4.71467 3.35306 4.55452 5.1138 4.58947 6.47966 3.70937 3.9452 6.72976 5.00161 5.95114 6.37304 4.93982 4.86967 5.02235 5.25637 5.44024 5.36251 2.65484 2.13361 5.41539 4.52947 7.19032 4.43141 5.45906 1.63786 2.06535 5.85345 2.13445 1.66086 6.55635 2.96924 1.84379 5.55886 6.78645 2.34487 5.53267 5.16109 4.134 5.32529 1.67283 2.78215 5.28252 2.35093 3.58167 2.69398 2.45035 4.56665 2.98264 3.27449 6.6269 1.31824 1.53385 1.15192 5.37241 2.77893 1.94822 4.54329 
2.38668 6.81217 2.86814 5.89806 4.28873 2.04001 2.67058 2.11815 3.39091 6.13562 0 2.24474 2.00207 1.22568 6.75333 2.15844 1.73707 3.60739 1.07797 3.82469 1.9743 2.7072 2.36046 5.24736 2.71779 5.73381 6.20295 1.28299 6.00484 1.70271 2.38366 1.38317 3.8935 3.14388 4.15216 6.46431 2.13535 1.34154 7.96545 3.25339 6.03888 7.10837 5.99354 3.41375 4.34111 6.03609 5.69453 6.59918 3.45348 3.69445 6.11106 5.10122 6.84276 5.18852 6.05794 6.18505 4.41686 6.5925 6.36843 7.04996 2.18548 2.16921 6.66039 4.35986 8.51275 3.25563 4.62979 1.74591 2.13932 7.24936 1.85856 1.61437 7.91284 3.0083 1.18007 6.73045 8.50018 2.32852 6.98138 5.18595 3.84506 4.92209 1.93031 3.06304 5.43012 2.4435 3.52599 2.62822 2.60048 4.11578 3.0217 3.05492 6.44958 1.28968 1.4681 1.32135 4.76483 2.4541 1.94753 4.4315 
3.0682 2.24867 3.62907 2.91003 2.88081 2.12743 2.6886 2.28812 3.05552 2.87583 2.24474 0 2.19624 1.65871 2.27045 2.61372 1.98318 4.08561 1.28748 2.97802 2.51231 3.24678 2.92053 2.19525 2.99078 2.11151 2.04434 1.41907 2.54999 2.34501 2.77658 1.56428 4.33084 3.43006 3.11522 2.66541 2.31647 1.66466 3.0279 2.73779 2.62758 2.5766 2.31953 2.87594 2.31446 2.2341 2.05197 2.98753 3.10173 2.8785 2.86635 2.46071 2.60307 2.11813 2.62204 2.49556 2.71462 2.74397 2.41826 2.80364 3.09939 2.52578 2.56615 3.4201 3.00534 3.37448 2.69405 2.07582 2.45391 2.84168 2.28736 2.03886 2.64672 3.67291 1.94137 2.66483 3.33313 2.83029 2.74499 2.93763 3.15849 3.17673 2.26021 3.56481 3.29324 2.74309 4.17582 3.12999 3.02359 3.3789 3.68631 3.96382 2.82977 1.7068 1.9931 1.76707 2.86667 3.17062 2.37201 3.62279 
2.04271 1.68913 2.54712 2.07906 2.10481 2.01048 2.1788 2.72931 2.16249 2.21101 2.00207 2.19624 0 1.99141 1.78984 2.84312 2.29237 2.16217 1.68913 2.24853 2.74194 2.07906 2.35293 1.68913 3.4109 1.63166 1.78984 2.19176 1.96138 2.00207 2.23087 2.16962 2.8009 2.30028 2.29237 1.27335 2.88538 1.96138 2.07906 2.19176 1.62538 2.19176 1.71619 2.104 1.63166 1.94559 1.68913 2.18043 2.14738 1.27335 2.23675 1.82359 1.27335 1.63166 1.80207 1.51769 1.51769 1.97031 1.63166 2.08756 1.80207 2.46315 1.72857 2.76208 2.24596 1.98944 1.88819 2.29001 2.63943 1.68095 2.73589 2.14268 2.1197 2.42604 2.10991 1.51769 2.11133 1.71619 1.96817 1.72897 2.26846 1.79299 2.4744 2.10624 2.104 2.6728 2.44684 2.22731 2.21041 2.33731 2.63411 2.5027 1.86199 1.92459 1.79299 1.72897 1.96817 1.93904 2.51249 2.55113 
0.923685 1.23835 1.42809 1.00249 1.49645 1.16927 1.42174 1.69428 1.41007 1.17598 1.22568 1.65871 1.99141 0 1.10334 1.9821 1.35156 1.12714 0.879608 1.58945 1.66537 1.37594 1.62906 0.382411 2.43127 1.07227 1.0959 1.46789 1.05615 1.0869 1.29005 1.2053 1.99995 1.4546 1.35156 1.29252 1.95749 1.30473 1.03678 1.46789 1.05935 1.47121 0.923685 1.16563 1.07227 1.05384 0.879608 1.36394 1.05444 1.39856 1.50566 0.382411 1.14046 1.18735 1.29005 1.09855 1.00639 1.42174 1.07227 1.05444 1.57063 1.7783 0.923685 1.73487 1.31131 1.4301 1.05384 1.54529 1.76968 1.25901 1.90818 1.61451 1.00067 1.71128 1.46311 1.00639 1.48943 1.05935 1.3093 1.22243 1.60599 1.47415 1.72968 1.49577 1.16563 2.22357 1.95805 1.44588 1.39057 1.60322 1.83995 1.83995 1.20515 1.1197 1.47415 1.22243 1.3093 1.46685 1.83214 1.78809 
2.1249 7.54178 2.60443 5.30307 4.0165 1.55316 3.50253 1.90883 3.40677 5.52688 6.75333 2.27045 1.78984 1.10334 0 1.99653 1.31173 3.39965 0.899506 3.45847 1.78747 2.31002 2.63256 5.51149 2.64417 6.28746 7.93898 1.64528 8.19614 1.87452 1.96071 0.889145 3.77873 3.00818 2.95306 5.8195 1.51144 1.2842 7.56396 3.4604 7.39026 7.45874 6.77098 2.47661 3.85538 6.63486 6.74197 5.96435 3.05019 3.45178 5.7382 4.29956 7.51223 4.97091 7.99325 6.91043 3.91629 7.79749 8.26034 8.29369 2.55003 1.88015 7.35876 4.06461 10.0038 3.64315 4.14221 1.34767 1.79063 6.36097 1.42368 1.17518 9.8169 2.64827 1.26502 7.97007 7.16549 2.01442 8.4093 4.75911 3.45521 4.29069 1.53207 2.19233 4.38716 2.09482 3.01308 2.31412 2.20772 3.71731 2.66167 2.83508 6.03232 0.978649 1.35998 0.942477 4.57627 2.48684 1.50833 4.05512 
1.75117 2.2086 1.91967 1.6809 1.6809 1.99653 2.0129 2.17126 2.2063 2.22516 2.15844 2.61372 2.84312 1.9821 1.99653 0 2.28667 2.22227 1.74923 2.34948 2.34378 1.83655 2.58126 1.74923 3.54503 1.7982 1.84397 2.42008 2.04959 2.19662 2.22516 2.16031 2.88911 2.47711 2.28667 1.96845 2.9125 2.04959 1.6809 2.42008 1.83572 2.36575 1.81428 2.19412 1.84397 1.81537 1.74923 1.6809 2.31386 2.13157 1.88177 1.81428 2.12255 2.12011 1.79185 1.6809 1.966 1.79185 1.6809 2.08186 2.33103 2.24105 1.81428 2.52119 2.24189 2.66075 1.81537 2.37932 2.46559 2.09204 2.44134 2.29569 2.05548 2.51535 2.41585 1.966 1.966 1.89338 1.6809 1.90895 1.97759 2.33103 2.56371 2.06858 2.32012 2.63962 2.32012 1.99209 1.97835 2.27639 2.72342 2.78828 1.97835 2.01029 2.49666 1.90895 1.6809 2.30359 2.66191 2.66831 
1.40286 1.59348 1.90727 1.6649 1.80101 1.31173 1.36379 2.35862 1.77823 1.59101 1.73707 1.98318 2.29237 1.35156 1.31173 2.28667 0 1.8934 1.42036 1.81364 2.32778 1.85511 2.13497 1.18373 2.91088 1.37683 1.31173 1.9738 1.60569 1.56607 1.54336 1.52977 2.44522 1.84296 1.13057 1.59348 1.51144 1.60569 1.70112 1.95079 1.20607 1.95079 1.13057 1.55997 1.31173 1.13057 1.42036 1.6649 1.68331 1.69952 1.42174 1.18373 1.58722 1.68522 1.36379 1.13057 1.45314 1.36379 1.13057 1.44771 1.85859 2.22505 1.18373 2.06309 1.70264 1.97595 1.13057 1.74517 2.18812 1.40364 1.97828 1.66921 1.47984 1.8812 1.94023 1.39951 1.91523 1.20607 1.61026 1.43651 1.79405 1.85859 1.92956 1.79673 1.71861 2.58885 2.26228 1.77558 1.74212 2.02594 2.08927 2.09988 1.35186 1.37975 1.86251 1.43651 1.61026 1.77141 2.00236 2.17645 
3.56201 3.27175 4.32065 3.37843 3.85126 3.5201 3.84203 1.7849 3.48116 3.24713 3.60739 4.08561 2.16217 1.12714 3.39965 2.22227 1.8934 0 0.744727 3.72861 2.02769 4.06665 3.99923 2.64627 2.00594 3.03212 3.24333 1.55851 2.81537 3.69967 3.6176 1.47451 3.2977 3.0774 4.04989 3.56414 2.22669 1.60994 3.57151 3.33713 3.14138 3.49652 3.03031 3.77771 3.24984 3.38112 2.50368 3.45593 3.91557 3.83455 3.97424 2.92139 3.58891 3.31287 3.2498 3.29276 3.67067 3.50124 3.14553 3.40834 3.97937 2.32527 3.05996 4.42672 4.01378 4.17334 3.62873 1.95813 2.07489 3.77635 2.30032 1.96325 3.52125 4.24894 2.00302 3.4868 4.0161 3.43755 3.5464 3.54308 4.09006 3.96989 2.14252 4.24962 3.97805 2.51038 4.93466 3.90375 3.65492 4.33904 4.26235 4.55419 3.43703 1.50189 2.00689 1.62496 3.76696 4.12203 2.21433 4.23005 
1.05197 1.07053 1.41932 1.07863 1.31254 1.07053 1.34085 1.31187 1.24224 0.793567 1.07797 1.28748 1.68913 0.879608 0.899506 1.74923 1.42036 0.744727 0 1.39305 1.74151 1.36716 1.24665 0.497197 2.2567 0.804942 0.899506 1.08548 0.888324 1.07812 1.12222 1.00147 1.83213 1.28678 1.41313 1.12469 1.75365 1.13691 1.11485 1.08548 1.02707 1.28299 0.832844 1.26782 0.94797 0.972949 0.497197 1.07863 1.28722 1.23073 1.44233 0.787642 1.04209 0.804942 1.12222 1.02707 1.22098 1.26641 0.94797 0.972188 1.53385 1.85224 0.787642 1.56705 1.14349 1.51629 0.972949 1.48509 1.60186 1.32781 1.82729 1.49021 0.832844 1.54345 1.52999 1.16736 1.417 1.02707 1.07863 1.15192 1.43816 1.53385 1.66949 1.52915 1.39841 2.03735 1.88561 1.27806 1.21049 1.417 1.67212 1.67212 1.14495 1.02886 1.53385 1.15192 1.14148 1.53373 1.7413 1.62026 
2.81006 3.55374 3.56676 4.06457 4.59119 2.19535 4.21599 2.21885 3.18768 2.9705 3.82469 2.97802 2.24853 1.58945 3.45847 2.34948 1.81364 3.72861 1.39305 0 2.40436 3.08483 3.00986 3.15755 2.62768 2.95247 2.84236 1.66969 2.88878 2.83685 2.26971 1.49502 3.79219 3.02164 4.53877 3.84946 2.01335 1.10321 4.08208 4.1058 2.86483 3.78613 2.99723 3.68663 3.06819 3.11105 2.77756 3.53266 4.15544 4.17615 3.84483 2.87742 3.60758 3.72683 2.57224 2.57224 3.85896 2.98563 2.93695 3.6023 2.66811 2.06914 3.29774 4.64835 4.30623 4.5794 3.90461 1.68379 2.12675 3.78824 1.9591 1.47824 3.74998 3.20539 1.80044 3.54031 4.08942 2.45309 3.57058 3.76715 4.19554 4.1259 1.86818 3.09428 4.16112 2.41593 3.74471 2.79006 2.64745 4.60083 3.21879 3.46965 3.69425 1.39386 1.81867 1.19138 3.9571 2.70677 1.84445 4.58942 
1.28296 1.95117 0.662876 0.662876 2.34378 1.78747 1.64696 1.97474 1.96977 2.07653 1.9743 2.51231 2.74194 1.66537 1.78747 2.34378 2.32778 2.02769 1.74151 2.40436 0 1.47061 2.38474 1.28296 3.34747 2.03758 1.78747 2.22357 1.95638 1.79971 2.01425 1.98405 2.85659 2.44459 2.13473 1.94699 2.73623 1.95638 1.31724 2.20056 1.81127 2.20056 1.69454 2.08232 1.89884 1.44943 1.74151 1.69328 2.11527 1.94699 1.60033 1.66537 2.09034 2.06809 1.86393 1.73578 1.99338 1.64696 1.73578 1.88732 2.3112 2.26844 1.69454 2.12428 1.84498 2.39022 1.69454 2.34679 2.31937 2.00884 2.15687 2.27442 1.85896 2.42213 2.2574 1.99338 1.86127 1.81127 1.69328 1.90739 1.96202 2.32947 2.53119 2.12345 2.20831 2.65004 2.20832 1.87236 1.87336 1.97198 2.54605 2.54605 1.89167 1.89056 2.41253 1.90739 1.69328 2.37927 2.54217 2.63579 
2.34388 2.19321 2.72736 2.17878 3.12608 2.41811 2.74652 1.78919 2.84195 2.90126 2.7072 3.24678 2.07906 1.37594 2.31002 1.83655 1.85511 4.06665 1.36716 3.08483 1.47061 0 3.0576 2.13755 3.02608 2.59714 2.15553 1.92079 2.63347 2.73767 2.72878 1.49762 4.41002 3.50924 2.79572 2.13433 2.2498 1.57502 2.08997 2.98776 2.10464 2.89907 2.00364 2.78452 2.37641 1.86615 2.16075 2.33413 2.78584 2.50682 2.11858 2.38049 2.63066 2.61758 2.23453 1.95577 2.59694 2.06796 2.12063 2.70559 3.16567 1.78201 2.2745 3.0001 2.59139 3.12803 2.37456 1.86036 1.85943 2.52218 1.63947 1.78799 2.44473 3.35341 1.77097 2.39416 2.55339 2.21897 2.13424 2.5131 2.55077 2.95882 2.04476 2.9535 2.92733 2.16361 3.35582 2.52228 2.60359 2.84375 3.36682 3.64332 2.29308 1.40413 1.97771 1.39 2.25535 3.23625 2.05574 3.4327 
2.96036 1.95556 3.43989 2.69581 3.20515 2.51762 2.22039 2.14389 2.36321 2.46512 2.36046 2.92053 2.35293 1.62906 2.63256 2.58126 2.13497 3.99923 1.24665 3.00986 2.38474 3.0576 0 2.27881 2.60518 2.61343 2.51711 0.867733 2.03795 2.41182 2.60718 1.94423 3.97601 3.07523 3.22205 2.73084 2.69641 1.24477 2.71654 1.95121 2.42472 2.25447 2.42998 2.80681 2.60373 2.26826 2.26448 2.96209 2.74336 2.9506 2.90181 2.41243 2.93645 2.62004 2.15383 2.44141 2.89399 2.27576 2.48222 2.29733 2.64127 2.42612 2.53559 3.10145 2.67663 2.9249 2.59648 2.18182 2.24508 2.77254 2.24319 2.01221 2.54608 3.50351 1.93864 2.8442 3.19573 2.69531 2.43396 2.70157 3.15832 2.96002 2.21678 3.35891 3.08734 2.52267 3.91044 3.11764 2.64099 3.2415 3.51691 3.58589 2.76942 1.85074 1.90946 1.44912 2.90213 3.3059 2.36352 3.4163 
1.36122 6.58674 2.11985 3.83473 3.12682 1.591 3.16752 1.31187 3.03646 4.44784 5.24736 2.19525 1.68913 0.382411 5.51149 1.74923 1.18373 2.64627 0.497197 3.15755 1.28296 2.13755 2.27881 0 2.2567 5.08128 7.15123 1.08548 8.74751 1.49888 2.05773 0.889145 3.19331 2.60145 3.38075 4.92036 1.64133 1.13691 6.17304 2.93772 14.1249 6.19644 10.4254 2.53232 3.49559 12.856 15.9416 5.11165 2.66654 2.99029 5.07781 3.3715 11.2028 4.06301 9.65199 12.2738 3.48598 6.33778 7.67021 6.58297 2.32438 1.61047 13.4706 3.73529 8.30736 3.23976 3.97627 1.37746 1.60186 5.90744 1.74035 1.44668 7.93773 2.76918 1.29529 8.41891 6.2532 1.86324 17.6177 4.24499 3.43558 4.41396 1.56186 2.41133 4.20816 2.03735 3.03287 2.25496 1.89262 3.55472 2.82347 2.78558 5.15989 0.951873 1.30633 1.10823 4.22363 2.38638 1.66432 3.85964 
2.57382 2.04029 3.07823 2.68459 2.80862 2.63774 2.65446 3.12756 2.39288 2.39231 2.71779 2.99078 3.4109 2.43127 2.64417 3.54503 2.91088 2.00594 2.2567 2.62768 3.34747 3.02608 2.60518 2.2567 0 2.35755 2.42796 2.444 2.00594 2.73704 2.39231 2.78813 2.00594 2.04029 2.91088 2.60108 3.54031 2.39231 2.72081 2.444 2.3547 2.444 2.3547 2.81833 2.42796 2.54016 2.00594 2.6756 2.85428 2.70712 2.91872 2.26344 2.68191 2.42871 2.39231 2.42797 2.7115 2.59342 2.42797 2.54318 2.81376 3.4582 2.3547 3.13425 2.71069 3.0976 2.54016 2.84064 3.31876 2.81833 3.39449 2.94526 2.40005 2.93325 3.0972 2.65787 3.0026 2.3547 2.61787 2.54172 2.91816 2.92365 3.02503 3.00554 2.96546 3.62295 3.42551 2.76932 2.67779 3.0026 3.14132 3.23822 2.50049 2.55071 2.92365 2.54172 2.61787 3.00963 3.15099 3.02116 
2.26483 7.40178 3.00651 5.96884 3.37014 1.90679 3.18335 1.84512 3.01656 5.40868 5.73381 2.11151 1.63166 1.07227 6.28746 1.7982 1.37683 3.03212 0.804942 2.95247 2.03758 2.59714 2.61343 5.08128 2.35755 0 6.24729 1.37678 5.78531 1.71886 2.31075 1.0729 3.39005 2.64043 3.59687 6.11036 1.82508 0.947832 7.0624 3.41027 5.33916 6.92871 5.41863 2.86932 3.58319 5.56488 5.01091 5.61396 3.25304 3.32528 5.96787 4.0875 6.22838 4.60199 5.7974 5.5755 3.73333 6.16273 4.82303 6.80061 2.14971 1.89618 6.37912 4.19821 7.9815 3.47451 4.33548 1.46948 1.91244 6.74424 1.85699 1.35223 7.36924 2.75917 1.17996 6.11478 7.9275 2.006 6.63536 4.3216 3.47872 4.50326 1.65387 2.57798 4.67603 2.17515 3.31438 2.34489 2.29562 3.94828 2.94879 3.00307 6.14096 1.10045 1.2018 1.06493 4.71621 1.93786 1.68538 4.15864 
2.01155 6.64719 2.65688 4.99882 3.70569 1.39684 3.37477 1.7253 3.03258 5.15007 6.20295 2.04434 1.78984 1.0959 7.93898 1.84397 1.31173 3.24333 0.899506 2.84236 1.78747 2.15553 2.51711 7.15123 2.42796 6.24729 0 1.46995 7.87134 1.92696 1.80439 1.00147 3.49919 2.72864 3.28293 5.84638 1.51144 1.10184 6.28316 3.46055 8.28549 6.76975 7.66828 2.5757 3.72867 6.6735 6.87994 5.40317 3.0445 3.15126 4.57629 4.00542 9.09769 5.12266 8.43696 7.05481 4.0637 7.06255 8.99618 7.42463 2.48348 1.56723 8.92845 3.58971 8.8588 3.68413 3.97501 1.33443 1.77739 6.42684 1.42368 1.17518 8.32825 2.52214 1.26502 8.91118 6.66317 1.75876 8.57868 4.61147 3.16803 4.77223 1.51882 2.25956 4.46481 1.9658 2.94394 2.05847 2.01948 3.37853 2.53554 2.8183 5.32285 0.965405 1.35998 0.942477 3.70411 2.54296 1.50833 3.77267 
1.56262 0.867733 2.05751 1.56069 1.8506 1.48188 1.53243 1.98272 1.43489 1.34965 1.28299 1.41907 2.19176 1.46789 1.64528 2.42008 1.9738 1.55851 1.08548 1.66969 2.22357 1.92079 0.867733 1.08548 2.444 1.37678 1.46995 0 1.04795 1.48188 1.36436 1.81525 1.86152 1.71652 1.9738 1.51283 2.56744 1.37904 1.59691 0.867733 1.53471 1.04795 1.50501 1.64528 1.46995 1.48188 1.04795 1.56069 1.53577 1.53782 1.78601 1.32639 1.61393 1.33979 1.36436 1.46995 1.77442 1.58015 1.46995 1.08548 1.40303 2.33429 1.50501 1.85947 1.68507 1.58757 1.62718 2.02064 2.08391 1.70528 2.34255 2.04365 1.35181 1.92623 2.038 1.72079 1.86913 1.53471 1.23436 1.53471 1.86197 1.74829 2.05561 1.94204 1.64696 2.3615 2.26308 1.76011 1.36621 1.86913 2.13431 2.14236 1.6805 1.70102 1.74829 1.53471 1.58847 1.98168 2.331 2.05017 
2.21193 6.74326 2.92303 5.15561 3.58984 2.04286 2.96242 1.7315 2.48325 4.40921 6.00484 2.54999 1.96138 1.05615 8.19614 2.04959 1.60569 2.81537 0.888324 2.88878 1.95638 2.63347 2.03795 8.74751 2.00594 5.78531 7.87134 1.04795 0 2.20843 1.98941 1.48294 3.02223 2.25168 4.10272 5.89118 2.23512 0.60216 6.99495 2.94688 7.99966 5.59419 8.45873 3.28133 3.5874 9.15919 8.58104 5.60619 3.44999 3.329 5.70517 4.1951 10.1978 5.0083 8.6434 8.37247 3.84195 6.62675 8.26378 7.04549 1.89765 1.76925 10.2296 3.88655 8.85342 3.45611 4.54164 1.4447 1.92126 6.2829 1.95075 1.39997 8.32231 2.62162 1.51328 9.90062 7.12543 2.01693 9.60767 4.35589 3.56867 4.63191 1.47967 2.79435 4.7232 2.16782 3.27845 2.33451 2.17045 3.85123 2.6913 2.98314 5.34999 1.12508 1.26437 0.836872 4.43547 2.20478 1.75506 3.8823 
2.32336 2.08805 2.80483 2.18292 2.58227 2.07049 1.94297 1.98583 2.50742 2.53428 1.70271 2.34501 2.00207 1.0869 1.87452 2.19662 1.56607 3.69967 1.07812 2.83685 1.79971 2.73767 2.41182 1.49888 2.73704 1.71886 1.92696 1.48188 2.20843 0 2.41414 1.20858 3.92397 3.17436 2.54139 2.49711 1.96076 1.36243 2.20172 2.31897 2.05376 2.34227 1.74571 2.41708 1.92538 1.73492 1.85057 2.70098 2.39974 2.57996 2.5132 1.774 2.02933 1.8704 2.22216 2.12969 2.1169 2.24279 1.91211 2.14601 2.61528 2.11112 1.92832 3.02746 2.55012 2.5267 1.9515 1.57132 2.10168 2.21255 1.77341 1.61437 2.34459 3.03877 1.18007 2.06711 2.76916 2.52816 2.44645 2.35494 2.85636 2.61673 1.75572 3.11399 2.68821 2.43808 3.72267 2.82786 2.63095 2.92872 3.05217 3.0854 2.47108 1.11509 1.48482 1.32135 2.56454 2.69801 1.82753 3.32066 
2.5388 2.17934 3.01833 2.46976 2.89664 1.94791 2.22362 1.8911 1.97169 2.10499 2.38366 2.77658 2.23087 1.29005 1.96071 2.22516 1.54336 3.6176 1.12222 2.26971 2.01425 2.72878 2.60718 2.05773 2.39231 2.31075 1.80439 1.36436 1.98941 2.41414 0 1.46826 3.71249 2.94194 2.50933 2.50147 2.14487 0.996256 2.38095 2.53734 1.88244 2.44866 1.71725 2.43272 2.09003 1.70017 1.88285 2.70264 2.43404 2.74985 2.32103 2.0308 2.59676 2.31737 1.77549 1.84679 2.42798 1.78995 1.76949 2.308 2.57356 2.13361 1.98812 2.76054 2.39946 3.00485 2.08817 1.53351 2.02227 2.17038 1.71588 1.40682 2.04444 2.79079 1.67783 2.17544 2.72725 2.17861 2.28885 2.10696 2.55621 2.53376 1.56848 2.95893 2.68629 2.32645 3.56994 2.52771 2.41771 2.77302 2.80419 3.09604 2.17809 1.21389 1.53385 0.897873 2.26079 2.67606 1.69417 2.82168 
1.2765 1.212 1.54977 1.41268 1.67465 1.10341 1.47131 2.04165 1.67395 1.46826 1.38317 1.56428 2.16962 1.2053 0.889145 2.16031 1.52977 1.47451 1.00147 1.49502 1.98405 1.49762 1.94423 0.889145 2.78813 1.0729 1.00147 1.81525 1.48294 1.20858 1.46826 0 2.32246 1.72021 1.52977 1.47073 1.74329 1.48294 1.4489 1.81525 1.13647 1.82803 1.05737 1.25746 1.05737 1.10341 1.00147 1.41268 1.52414 1.57676 1.56875 1.03748 1.32071 1.39481 1.36691 1.13647 1.33039 1.47131 1.05737 1.25746 1.74884 2.1023 1.05737 1.85655 1.43299 1.79908 1.10341 1.62241 2.06537 1.43722 1.95774 1.59962 1.35348 1.75844 1.66626 1.27676 1.82724 1.13647 1.48751 1.36691 1.7842 1.73976 1.80681 1.67398 1.4161 2.50086 2.18136 1.70238 1.61936 1.94103 1.95492 1.95492 1.28227 1.25339 1.73976 1.36691 1.48751 1.64506 1.93277 2.05369 
3.88444 3.17291 4.64115 3.92547 4.00271 3.76594 4.02863 2.67531 3.46198 3.53463 3.8935 4.33084 2.8009 1.99995 3.77873 2.88911 2.44522 3.2977 1.83213 3.79219 2.85659 4.41002 3.97601 3.19331 2.00594 3.39005 3.49919 1.86152 3.02223 3.92397 3.71249 2.32246 0 3.193 4.30643 3.80012 3.02825 1.47101 3.98123 3.68736 3.18372 3.67681 3.23717 4.07297 3.40129 3.5182 2.79996 3.82824 4.22041 4.084 4.13906 3.14967 3.75641 3.67079 3.20807 3.22134 3.88458 3.42981 3.31035 3.63559 3.9481 2.60877 3.38574 4.57857 4.21134 4.41467 3.79355 2.16713 2.74952 3.95141 2.65103 2.03411 3.68607 4.39664 2.26541 3.64808 4.14075 3.68977 3.67105 3.46057 4.16767 3.88737 2.30793 4.57565 4.27163 3.00734 5.0593 3.99262 3.83421 4.46369 4.50693 4.6823 3.68924 1.8772 2.20815 1.47101 3.84096 4.1297 2.40392 4.19623 
3.13483 2.52509 3.89153 3.21088 3.23216 2.86516 3.14086 2.27737 2.69143 2.76408 3.14388 3.43006 2.30028 1.4546 3.00818 2.47711 1.84296 3.0774 1.28678 3.02164 2.44459 3.50924 3.07523 2.60145 2.04029 2.64043 2.72864 1.71652 2.25168 3.17436 2.94194 1.72021 3.193 0 3.55681 2.92528 2.47239 1.47101 3.23161 2.82013 2.4341 2.77603 2.48756 3.32335 2.63074 2.71499 2.36475 3.07862 3.47079 3.31345 3.36851 2.40005 3.00679 2.90024 2.43752 2.45079 3.13496 2.65926 2.5398 2.88597 3.04732 2.38556 2.61519 3.80802 3.44079 3.64738 2.99035 1.77272 2.22991 3.2018 2.27299 1.85641 2.91552 3.64702 2.00834 2.89847 3.3702 2.91922 2.90049 2.71095 3.39712 3.13775 1.95711 3.8051 3.52201 2.5341 4.28875 3.22207 3.06366 3.69314 3.73638 3.91175 2.91869 1.48279 1.89006 1.46396 3.07041 3.35915 2.08308 3.42568 
2.63193 4.24822 3.2196 4.16477 5.14876 2.28655 4.66326 2.32084 4.5301 4.40143 4.15216 3.11522 2.29237 1.35156 2.95306 2.28667 1.13057 4.04989 1.41313 4.53877 2.13473 2.79572 3.22205 3.38075 2.91088 3.59687 3.28293 1.9738 4.10272 2.54139 2.50933 1.52977 4.30643 3.55681 0 4.53797 1.51144 1.60569 4.15842 4.78015 3.47096 4.78464 3.01562 3.82479 3.47573 3.05827 3.60442 4.26134 4.24757 4.83228 3.88734 3.45816 4.01259 4.1191 3.70132 3.23501 4.12251 3.69517 3.15409 3.95675 3.16542 2.22505 3.64457 5.05009 4.53465 5.06294 3.97175 1.74517 2.18812 3.66617 1.97828 1.66921 3.94255 3.13397 1.81694 3.70487 4.62037 2.56304 4.21779 4.25602 4.41781 4.50812 1.92956 3.14887 4.5157 2.58885 3.84806 2.86635 2.75634 4.95406 3.14737 3.43013 4.13172 1.37975 1.86251 1.43651 4.26247 3.01681 2.00236 5.09153 
2.21608 6.30876 2.87672 5.97284 3.90811 2.14845 3.93633 1.8022 3.83112 7.17691 6.46431 2.66541 1.27335 1.29252 5.8195 1.96845 1.59348 3.56414 1.12469 3.84946 1.94699 2.13433 2.73084 4.92036 2.60108 6.11036 5.84638 1.51283 5.89118 2.49711 2.50147 1.47073 3.80012 2.92528 4.53797 0 2.22291 1.27496 6.33878 3.57439 5.7226 6.46533 5.26775 3.79433 4.80381 5.36666 4.43525 6.45022 3.92329 3.04625 6.64618 5.89881 5.2369 6.33211 5.62086 5.24317 4.73294 6.03891 5.61867 6.2007 2.43455 1.85123 5.6863 4.15036 6.7186 4.01053 5.41208 1.68613 1.78297 6.5286 1.95574 1.60947 6.25505 3.34965 1.70461 5.78368 6.4618 2.11048 5.28561 5.47422 3.83379 5.63215 1.87052 2.75966 5.50434 2.06855 3.21648 2.41379 2.05616 3.94366 3.36306 3.29898 6.76083 1.32071 1.38769 1.32367 4.96259 2.84453 1.97929 4.44952 
2.02868 1.96418 2.30196 2.16486 2.42152 1.52526 1.96529 2.79383 2.37974 2.22044 2.13535 2.31647 2.88538 1.95749 1.51144 2.9125 1.51144 2.22669 1.75365 2.01335 2.73623 2.2498 2.69641 1.64133 3.54031 1.82508 1.51144 2.56744 2.23512 1.96076 2.14487 1.74329 3.02825 2.47239 1.51144 2.22291 0 2.23512 2.20108 2.56744 1.76154 2.58022 1.73208 1.95994 1.51144 1.52526 1.75365 2.16486 2.27632 2.32895 1.9906 1.78966 2.0729 2.14699 1.90477 1.51144 2.08257 1.96529 1.51144 2.00964 2.32685 2.78253 1.80956 2.60873 2.18517 2.55127 1.73208 2.37459 2.81755 1.95994 2.46107 2.19162 2.10567 2.51062 2.38848 2.02894 2.4707 1.76154 2.22238 1.90477 2.33273 2.32685 2.55899 2.1967 2.16828 3.12931 2.80982 2.3306 2.35289 2.62744 2.70138 2.70138 1.90733 2.00557 2.45552 1.90477 2.22238 2.29941 2.55783 2.72693 
1.35603 1.27496 1.62717 1.2935 1.42098 1.2842 1.10304 1.90578 0.60216 0.996256 1.34154 1.66466 1.96138 1.30473 1.2842 2.04959 1.60569 1.60994 1.13691 1.10321 1.95638 1.57502 1.24477 1.13691 2.39231 0.947832 1.10184 1.37904 0.60216 1.36243 0.996256 1.48294 1.47101 1.47101 1.60569 1.27496 2.23512 0 1.2935 1.24477 0.836872 0.904059 0.929065 1.46395 0.947832 1.10304 0.996256 1.2091 1.58394 1.381 1.39421 0.929065 1.25622 1.25622 0.60216 0.882669 1.255 0.60216 0.929065 1.33382 0.942727 1.76925 0.929065 1.85251 1.42895 1.59077 1.10304 1.4447 1.93346 1.34523 1.95075 1.39997 1.16132 1.35029 1.51328 1.14485 1.4942 0.958763 1.2091 0.836872 1.50939 1.25896 1.47967 1.59677 1.46395 2.16782 1.84832 1.47765 1.4236 1.74527 1.55836 1.79611 1.10456 1.12508 1.26437 0.836872 1.2091 1.34241 1.75506 1.65904 
1.72308 8.33287 2.20262 5.72363 3.75876 2.19923 3.53342 1.34809 3.4414 6.56433 7.96545 3.0279 2.07906 1.03678 7.56396 1.6809 1.70112 3.57151 1.11485 4.08208 1.31724 2.08997 2.71654 6.17304 2.72081 7.0624 6.28316 1.59691 6.99495 2.20172 2.38095 1.4489 3.98123 3.23161 4.15842 6.33878 2.20108 1.2935 0 3.83163 6.3762 8.13878 6.11836 3.46993 4.439 4.91987 6.36131 6.12594 3.67251 3.65367 5.07605 5.17453 7.38269 6.17927 6.67986 5.5771 4.32201 6.4776 6.35927 7.60356 2.78185 1.64669 7.3998 3.95794 8.28308 4.21323 4.68168 1.78044 1.69271 7.38454 1.6183 1.76222 7.48618 3.00558 1.74979 6.75168 8.0148 2.02836 6.6632 5.13493 3.619 5.28611 1.88863 2.80072 5.00965 1.98912 3.20712 2.45069 2.24989 3.75197 3.01899 3.31083 5.97702 1.38295 1.74966 1.31814 4.15505 2.79862 2.03457 4.28832 
2.75346 2.66572 3.34704 3.46821 4.78399 2.46056 3.23578 1.98272 3.46946 3.24697 3.25339 2.73779 2.19176 1.46789 3.4604 2.42008 1.95079 3.33713 1.08548 4.1058 2.20056 2.98776 1.95121 2.93772 2.444 3.41027 3.46055 0.867733 2.94688 2.31897 2.53734 1.81525 3.68736 2.82013 4.78015 3.57439 2.56744 1.24477 3.83163 0 2.98979 3.33903 3.0782 3.72431 3.65647 3.05507 2.86172 4.01781 3.88115 3.85629 3.87755 3.14894 3.81497 3.55737 2.89267 3.14185 3.87386 3.03524 3.44458 3.10695 2.32497 2.28473 3.30556 4.41188 3.80697 4.09688 3.70801 1.99764 2.0609 3.5518 2.24319 1.82695 3.49708 3.37763 1.93864 3.68755 4.1525 2.44021 3.11683 4.03423 4.26098 3.83105 2.0326 2.93434 3.96674 2.27928 3.45193 2.86731 2.38589 4.31686 3.40373 3.51605 3.68097 1.67801 1.72528 1.26386 3.97408 3.09417 2.19677 4.56732 
1.93976 6.17263 2.55948 5.19981 3.88178 1.79892 2.89915 1.96533 2.41522 4.6894 6.03888 2.62758 1.62538 1.05935 7.39026 1.83572 1.20607 3.14138 1.02707 2.86483 1.81127 2.10464 2.42472 14.1249 2.3547 5.33916 8.28549 1.53471 7.99966 2.05376 1.88244 1.13647 3.18372 2.4341 3.47096 5.7226 1.76154 0.836872 6.3762 2.98979 0 5.46712 9.33343 2.32371 2.80683 14.9921 14.127 4.78877 2.4293 3.06497 4.80896 3.88596 10.9266 4.77999 8.03541 11.8772 3.24045 5.25492 7.46314 6.50833 1.75844 1.61184 12.1875 3.11633 7.31814 3.199 3.77712 0.801948 1.4078 4.85098 1.29711 0.680188 6.80918 2.1551 1.25906 7.40968 6.11813 1.08969 15.0513 2.76866 2.65392 3.40941 0.986342 2.06087 3.44619 1.71198 2.62953 1.50428 1.73359 3.23158 2.16851 2.25648 4.23378 0.599419 1.03262 0.393331 3.28239 1.89729 0.962608 2.85547 
2.65665 7.51136 3.25836 6.31387 4.30035 2.37188 2.923 1.98272 3.31946 5.86822 7.10837 2.5766 2.19176 1.47121 7.45874 2.36575 1.95079 3.49652 1.28299 3.78613 2.20056 2.89907 2.25447 6.19644 2.444 6.92871 6.76975 1.04795 5.59419 2.34227 2.44866 1.82803 3.67681 2.77603 4.78464 6.46533 2.58022 0.904059 8.13878 3.33903 5.46712 0 5.6233 3.54221 4.45524 5.95907 5.80003 6.38278 3.75766 3.64909 6.42187 5.31086 6.4493 5.60665 5.10756 5.75595 4.68403 6.24333 6.47195 6.60959 1.98865 2.08541 6.39957 4.14903 7.35813 3.77606 5.0197 1.94771 2.01097 7.03683 2.11638 1.78339 7.42741 3.24258 1.88536 6.47603 7.84685 2.21832 6.40298 5.26525 3.84648 4.91641 1.98267 2.63175 4.88642 2.24533 3.37389 2.52117 2.34179 4.17147 3.25598 3.10699 6.20807 1.62808 1.4681 1.26386 4.80212 2.63094 2.15321 4.3051 
1.66164 6.35554 2.42752 4.66063 3.62842 1.49086 2.9782 1.87302 2.49213 4.71467 5.99354 2.31953 1.71619 0.923685 6.77098 1.81428 1.13057 3.03031 0.832844 2.99723 1.69454 2.00364 2.42998 10.4254 2.3547 5.41863 7.66828 1.50501 8.45873 1.74571 1.71725 1.05737 3.23717 2.48756 3.01562 5.26775 1.73208 0.929065 6.11836 3.0782 9.33343 5.6233 0 2.13401 2.6756 10.6594 10.0123 4.78749 2.21802 3.05804 4.71499 3.70766 11.8961 4.47276 9.16001 9.98227 3.20229 5.51708 7.34283 6.11427 2.02488 1.65427 11.6422 2.89504 6.63963 3.0819 3.73669 0.801948 1.3323 4.94986 1.22162 0.716851 6.37269 1.95485 1.17996 7.87022 5.33371 1.09375 10.5765 3.17839 2.45654 3.67959 0.986342 1.92096 3.16252 1.63649 2.45617 1.53013 1.68709 2.7268 1.96826 2.16362 3.74812 0.345712 1.17864 0.484147 3.0585 2.01667 0.908456 2.85547 
2.46124 3.38515 3.05127 3.41432 4.48888 1.92751 3.7185 2.26607 3.7571 3.35306 3.41375 2.87594 2.104 1.16563 2.47661 2.19412 1.55997 3.77771 1.26782 3.68663 2.08232 2.78452 2.80681 2.53232 2.81833 2.86932 2.5757 1.64528 3.28133 2.41708 2.43272 1.25746 4.07297 3.32335 3.82479 3.79433 1.95994 1.46395 3.46993 3.72431 2.32371 3.54221 2.13401 0 2.72211 2.76901 2.9161 3.15866 2.95397 3.92169 3.2318 2.55485 2.73575 3.36617 2.7158 2.02 3.06193 2.84365 2.40048 2.40567 2.05759 2.03978 2.40233 4.3516 3.7285 3.633 2.82442 1.42422 1.86718 2.22343 1.77271 1.40143 3.23497 2.83674 1.68306 2.99044 3.24321 2.03907 3.17366 3.25457 3.42358 2.9562 1.60862 2.07748 3.15551 1.96604 2.60286 2.34238 2.52289 3.91241 2.90778 2.95993 3.16222 1.0588 1.14869 1.14928 3.29743 2.82277 1.73458 4.38479 
2.0255 4.52491 2.7822 4.47126 3.72229 1.68248 3.36625 1.85477 3.11003 4.55452 4.34111 2.31446 1.63166 1.07227 3.85538 1.84397 1.31173 3.24984 0.94797 3.06819 1.89884 2.37641 2.60373 3.49559 2.42796 3.58319 3.72867 1.46995 3.5874 1.92538 2.09003 1.05737 3.40129 2.63074 3.47573 4.80381 1.51144 0.947832 4.439 3.65647 2.80683 4.45524 2.6756 2.72211 0 3.25334 3.65547 4.31311 3.19092 3.16865 4.03401 3.39992 3.43713 3.97245 3.23269 2.63616 4.18605 3.14106 2.74624 3.88765 2.38728 1.56723 3.62584 3.96657 4.73802 3.69564 3.95205 1.33443 1.77739 3.66131 1.45358 1.17518 3.9739 2.6546 1.17996 3.38887 4.6516 1.81079 3.95652 4.46466 3.20958 4.39732 1.51882 2.26726 4.569 1.9658 3.10043 2.15397 2.11069 3.89741 2.66801 2.79426 4.08565 0.965405 1.2018 0.89014 4.35751 2.04103 1.50833 3.927 
1.87234 6.34662 2.27976 4.60622 3.71743 1.5168 2.75907 1.76801 2.88317 5.1138 6.03609 2.2341 1.94559 1.05384 6.63486 1.81537 1.13057 3.38112 0.972949 3.11105 1.44943 1.86615 2.26826 12.856 2.54016 5.56488 6.6735 1.48188 9.15919 1.73492 1.70017 1.10341 3.5182 2.71499 3.05827 5.36666 1.52526 1.10304 4.91987 3.05507 14.9921 5.95907 10.6594 2.76901 3.25334 0 14.877 4.88589 2.62135 3.37027 4.21909 3.83851 11.3449 4.46951 9.35871 11.799 3.67138 5.84941 7.61172 6.5085 2.12045 1.76083 13.0911 3.34757 7.93594 3.15629 3.54835 1.28071 1.64008 5.62164 0.935808 1.17518 7.25421 2.05042 1.18007 8.39196 5.97423 1.6351 17.9725 3.7164 2.71409 3.88004 1.3889 2.21207 4.28316 1.94427 2.81754 2.00176 2.02081 3.1667 2.06382 2.35567 5.06065 0.978649 1.42833 0.718297 3.22125 2.16302 1.44137 3.35223 
1.98197 6.24587 2.6016 4.52758 3.41367 1.45483 3.15884 1.31187 2.75084 4.58947 5.69453 2.05197 1.68913 0.879608 6.74197 1.74923 1.42036 2.50368 0.497197 2.77756 1.74151 2.16075 2.26448 15.9416 2.00594 5.01091 6.87994 1.04795 8.58104 1.85057 1.88285 1.00147 2.79996 2.36475 3.60442 4.43525 1.75365 0.996256 6.36131 2.86172 14.127 5.80003 10.0123 2.9161 3.65547 14.877 0 4.99893 3.21118 2.52951 5.06148 3.73793 11.4486 4.83979 9.36931 12.4533 3.91985 6.66754 7.01886 6.2712 2.34258 1.85224 13.3777 3.49589 8.14473 3.32379 4.33739 1.48509 1.60186 6.20703 1.82729 1.49021 7.60665 2.61216 1.49881 8.96969 6.60168 1.86294 16.972 4.25792 3.15278 4.6011 1.66949 2.51212 4.62622 1.87944 3.01081 2.16264 1.70213 3.30926 2.62556 2.91741 4.93011 1.02886 1.53385 1.15192 3.89192 2.45018 1.7413 3.70887 
2.18814 6.91927 2.82282 6.6653 4.05388 2.25793 4.05042 1.50066 3.54088 6.47966 6.59918 2.98753 2.18043 1.36394 5.96435 1.6809 1.6649 3.45593 1.07863 3.53266 1.69328 2.33413 2.96209 5.11165 2.6756 5.61396 5.40317 1.56069 5.60619 2.70098 2.70264 1.41268 3.82824 3.07862 4.26134 6.45022 2.16486 1.2091 6.12594 4.01781 4.78877 6.38278 4.78749 3.15866 4.31311 4.88589 4.99893 0 3.75361 3.60734 5.79681 4.94572 5.66762 6.49144 4.71296 4.4465 4.30239 5.01545 5.291 5.74436 2.80899 1.32409 5.92821 4.13424 6.33795 4.23378 5.0328 1.75755 1.65649 5.87435 1.81532 1.62187 5.5367 3.21115 1.95467 4.78714 5.73766 1.9942 5.29278 4.88968 3.5679 5.38136 1.94194 2.52645 4.79105 1.25512 2.54354 2.2939 2.25906 3.35075 3.22456 3.5164 6.31139 1.39213 1.8441 1.31814 4.38908 2.8953 1.95051 4.35787 
2.44384 3.60019 3.02072 3.46625 4.80719 2.27306 3.8082 2.19848 3.82411 3.70937 3.45348 3.10173 2.14738 1.05444 3.05019 2.31386 1.68331 3.91557 1.28722 4.15544 2.11527 2.78584 2.74336 2.66654 2.85428 3.25304 3.0445 1.53577 3.44999 2.39974 2.43404 1.52414 4.22041 3.47079 4.24757 3.92329 2.27632 1.58394 3.67251 3.88115 2.4293 3.75766 2.21802 2.95397 3.19092 2.62135 3.21118 3.75361 0 4.12753 3.53481 2.66209 3.21177 3.43476 2.87162 2.49318 3.3217 2.8986 2.86929 2.90202 2.6762 2.03025 2.49557 4.33693 3.78315 3.61492 3.11597 1.44072 1.81092 2.85026 1.70194 1.5299 3.30198 2.90082 1.79487 2.66606 3.46199 2.2281 3.45027 3.13762 3.66133 3.53802 1.62511 2.70267 3.42167 2.24757 3.2869 2.5314 2.71191 3.96101 2.91423 3.06925 3.36247 1.04361 1.63012 1.11514 3.36444 3.00332 1.75108 4.35076 
2.43109 3.44186 3.1878 3.2477 4.13091 2.50103 4.26513 1.90823 4.06266 3.9452 3.69445 2.8785 1.27335 1.39856 3.45178 2.13157 1.69952 3.83455 1.23073 4.17615 1.94699 2.50682 2.9506 2.99029 2.70712 3.32528 3.15126 1.53782 3.329 2.57996 2.74985 1.57676 4.084 3.31345 4.83228 3.04625 2.32895 1.381 3.65367 3.85629 3.06497 3.64909 3.05804 3.92169 3.16865 3.37027 2.52951 3.60734 4.12753 0 3.76856 3.42138 3.25841 3.38084 3.22286 2.71218 3.22891 3.61381 3.09712 3.41793 2.57806 1.85123 3.22963 4.41159 3.5969 4.12764 3.77705 1.79216 1.78297 3.49398 1.95574 1.60947 3.34686 3.43251 1.70461 3.1743 3.58647 2.19334 3.11434 3.77991 3.81058 3.92327 1.97656 2.69972 4.05532 2.06855 3.21797 2.49665 2.13902 4.02801 3.44591 3.37531 3.42999 1.42674 1.38769 1.32367 3.67502 2.83198 1.97929 4.37399 
