0 642 1230 888 1821 984 1695 1737 1584 939 1164 1492 690 264 1221 1558 1030 1125 285 1590 1182 1311 664 42 1748 765 1398 840 1359 838 1344 648 1566 612 1197 1524 1556 988 933 723 1038 837 843 1299 1062 1254 447 1215 1257 1548 1782 363 1104 894 1209 795 1227 1488 798 696 1518 1516 621 1970 3327 1695 1134 1058 1248 1452 1622 2241 1100 1986 1644 1218 1914 954 1659 1260 1264 1935 1262 1059 1413 1932 2286 1168 1659 2106 2025 2598 1227 699 1884 1137 1599 1368 1282 2466 
642 0 1539 1596 2240 1138 2356 1485 1776 916 1722 1864 762 636 2124 1764 1226 933 476 1912 1388 2160 712 800 1620 1764 1770 663 1476 1202 1416 1020 1638 912 2340 1176 1804 954 1656 1060 1480 1212 1508 2372 1512 1980 260 2032 2420 1268 2472 1228 2216 1792 1708 1156 1888 2080 1160 1672 1590 1642 1572 2008 3093 2238 1896 1106 1620 2032 1670 2252 1292 2082 2576 1876 2964 1656 2288 1776 1312 2764 1546 1131 2524 1970 2595 1360 1876 2205 2583 3156 1876 1257 2124 1209 2228 1440 1474 2538 
1230 1539 0 342 2718 1006 1764 1650 2244 1836 2391 2284 1587 1082 1887 1194 1776 2082 1182 1641 506 765 1262 1269 2386 1992 2064 1737 2019 1070 2073 1466 2463 1509 2424 2067 2000 1474 387 1620 1935 1734 1698 2409 1959 1287 1344 669 2484 2136 1635 1590 2331 2121 1938 1692 2229 1659 1695 1923 2247 1338 1848 1606 2832 2922 1407 1656 1698 2127 1524 2874 1670 2739 1917 2232 1368 1809 1113 2157 1862 2757 2080 1956 2523 1568 1740 1738 1422 1560 3252 3561 2082 1926 2808 2034 2337 2265 1852 3265 
888 1596 342 0 3168 1088 2032 1308 3170 2988 2049 2082 1245 854 5456 966 1548 1740 2240 4310 590 564 1034 2472 2158 3300 2187 1395 4630 1152 1731 1238 2121 1556 2776 3568 2082 1246 105 2130 4248 3165 4304 3640 2695 3833 2672 545 2856 3674 2155 2080 5304 2965 4312 3600 3145 3754 3608 3689 1905 1110 4016 1378 2490 2580 2550 1428 1470 4683 1296 4220 1614 2397 5042 5040 2972 2300 3224 3051 1634 4072 1852 1614 3830 1340 1398 1682 1440 1218 2910 3219 3780 1584 2466 1692 2660 1923 1796 2923 
1821 2240 2718 3168 0 1278 2568 2772 3016 2636 2901 2556 1941 1422 3060 648 1332 2223 2048 2420 2174 3588 1498 2372 2480 1756 2472 2091 2716 1342 1575 1806 2817 2484 3324 2456 2272 1142 3183 2632 1692 2784 1712 2620 1716 2260 1980 3604 2856 2548 2684 2352 2596 1928 1920 1368 2100 2292 1364 2976 1749 1748 2008 2336 3876 2580 2100 1212 1838 2244 1776 3296 1394 2241 2780 2088 3248 1860 3636 1988 1414 2976 1652 1290 2772 2544 2808 1462 3224 2628 2823 3396 2088 1584 2283 1368 2440 1593 1576 2697 
984 1138 1006 1088 1278 0 466 1742 1068 1336 1366 1278 1208 1054 252 1926 1246 1500 938 1104 1512 848 1396 956 2498 1208 370 1308 1188 360 880 620 1792 1156 1070 1142 994 972 1058 1230 586 1306 422 896 772 148 1008 1306 990 1188 526 742 1192 1294 790 598 914 604 596 1228 996 1612 570 2076 2200 1286 228 952 1404 708 960 1522 960 1324 568 908 1224 496 1296 734 1328 1212 1392 774 972 2122 1472 1028 1090 1352 1506 1888 678 622 1178 652 1134 976 1142 1538 
1695 2356 1764 2032 2568 466 0 2652 1204 1948 1350 1616 1815 1224 1436 1922 1248 2310 1880 2260 1606 2036 930 2204 2538 2428 1254 1965 1444 530 621 1086 2445 2316 2480 2288 1460 506 1972 2284 1052 2316 1184 2132 1556 636 2096 2468 2320 2380 1392 1824 2780 2600 648 1200 1932 276 1204 2336 795 1664 1480 1900 3171 2184 796 892 1574 1756 1130 3060 1130 1287 1152 1920 2788 1232 2608 1044 1334 1740 1180 1164 2284 2130 2463 1148 2196 2283 1869 2442 1448 1188 1356 888 2272 1473 1312 2043 
1737 1485 1650 1308 2772 1742 2652 0 2427 1782 2817 2516 1857 1366 2235 1838 1816 2028 1452 957 1462 1731 1442 1695 2350 2139 2412 2007 2202 1826 2301 1750 2733 1779 2850 2367 2232 1626 1353 1890 1995 2004 2010 2691 1485 2421 1290 1635 2868 2436 2601 2016 2757 2268 2166 1752 2301 2445 1749 2349 2475 1982 2232 2250 3798 3306 2301 1696 2322 2409 2168 3174 1878 2967 2811 2292 2334 2121 2079 2217 1898 2958 2136 2016 2805 2212 2706 1946 2388 2526 3549 4122 2292 2310 3009 2094 2556 2319 2060 3423 
1584 1776 2244 3170 3016 1068 1204 2427 0 2260 2253 2218 1704 1142 3300 2156 1472 1875 2165 2450 1858 3100 980 2570 2056 1875 2157 1854 375 1132 957 1648 1587 2168 3455 3420 2062 366 3245 1995 2130 1805 2290 3625 2505 2300 1895 2625 2852 3535 3245 2075 2925 2090 1370 2060 2975 1160 2065 3560 1131 1888 2505 2124 3507 2412 2500 1218 1836 3155 1732 4470 1454 1623 2255 2960 3790 1884 3365 1865 1558 2935 1404 1500 3815 2172 2646 1474 2848 2466 2205 2778 2625 1581 1692 1242 2720 1809 1636 2379 
939 916 1836 2988 2636 1336 1948 1782 2260 0 2019 2062 1059 834 3780 1962 1424 1230 1308 2556 1586 2556 910 1794 1818 3240 2067 1209 2808 1400 840 1218 1935 1308 2736 3244 2002 832 3078 1820 2814 2752 2856 3270 2385 3564 984 3035 2816 3336 3585 2030 3918 2735 2352 2328 2855 2910 2334 2718 1284 1840 2952 2206 3660 2535 2865 1304 1818 3642 1868 3960 1490 1776 4034 3408 5040 2052 4026 2239 1510 3182 1506 1428 3460 2168 2892 1558 2272 2502 2358 2931 3408 1554 1845 1395 2624 1737 1672 2532 
1164 1722 2391 2049 2901 1366 1350 2817 2253 2019 0 716 1770 984 2301 2332 1750 2205 1365 2670 1956 2472 1384 1122 2468 1845 2450 1920 2433 1430 1971 1368 2646 1692 2277 2604 2276 1406 2094 1803 2118 1917 1923 2379 2142 1827 1527 2376 2337 2628 2394 1443 2184 1974 1836 1875 2307 1557 1878 1776 2145 2236 1701 2744 4407 2775 1947 1778 1968 2532 2030 3321 1820 2637 2214 2298 3075 2034 2820 2133 1984 2655 1982 2139 2493 2706 3447 1888 2739 3267 3105 3678 2307 1779 2706 2217 2679 2448 2002 3393 
1492 1864 2284 2082 2556 1278 1616 2516 2218 2062 716 0 1896 1700 1026 3048 2466 2186 1626 1878 2672 2126 2100 1464 3184 1946 908 1996 2338 1638 2030 1394 2480 1844 2234 2420 1768 2122 2112 1918 1864 1994 1700 1710 2050 1426 1734 2300 2268 2466 1804 1678 1966 2032 1940 1876 2192 1754 1874 1900 2146 2890 1848 3354 3478 2564 1506 2230 2682 1898 2238 2800 2238 2474 1846 2186 2502 1774 2574 2012 2606 2486 2670 2052 1786 3400 2750 2306 2368 2630 2784 3166 1956 1900 2456 1930 2412 2254 2420 2816 
690 762 1587 1245 1941 1208 1815 1857 1704 1059 1770 1896 0 668 1827 1796 1258 1305 405 1710 1420 1668 744 648 1868 1371 2004 960 1479 1242 1464 1052 1686 732 1803 1104 1960 1068 1290 843 1158 957 1179 1827 1182 1590 567 1572 1863 1173 1902 969 1413 1500 1329 915 1464 1608 918 1302 1638 1674 1227 2208 3315 2286 1470 1138 1652 1572 1702 1911 1324 2130 1980 1455 2271 1290 2016 1380 1344 2121 1578 1179 1941 2170 2643 1392 1779 2463 2631 3204 1455 1305 2172 1257 1719 1488 1506 2586 
264 636 1082 854 1422 1054 1224 1366 1142 834 984 1700 668 0 1022 1820 1238 958 398 1268 1444 1136 872 236 1956 718 1140 768 992 1046 1104 856 1252 616 1006 1224 1764 1196 884 690 796 766 632 1074 916 906 506 1072 908 1240 1284 312 944 804 1014 738 888 1184 740 672 1220 1586 484 2232 2288 1200 826 1162 1318 1176 1718 1702 1170 1394 1166 882 1434 706 1368 944 1472 1438 1332 914 1150 2194 1682 1238 1314 1562 1420 1802 888 536 1464 862 1274 1120 1352 1748 
1221 2124 1887 5456 3060 252 1436 2235 3300 3780 2301 1026 1827 1022 0 2178 1498 2136 4266 3834 1764 2200 1422 3537 2422 3804 177 1977 6680 612 1698 368 2703 2332 2644 4310 742 1224 4709 3100 4995 4130 4325 1710 2560 3148 4194 3895 2484 4448 1945 2485 4230 3185 5733 4701 2915 5530 4700 3869 1872 1864 4399 2328 3678 2307 1200 1204 1656 3096 1212 4435 1212 2364 5456 5676 5398 1496 7706 2592 1580 3668 1644 1539 1900 2374 2586 1280 2684 2406 2637 3210 3113 1311 2145 1356 2772 1842 1394 2685 
1558 1764 1194 966 648 1926 1922 1838 2156 1962 2332 3048 1796 1820 2178 0 1980 2126 1526 1772 1556 1188 2000 1584 3124 1526 2296 1896 2006 1990 1698 2204 2380 1744 2212 1876 2920 1790 936 1818 1494 1894 1504 1958 1506 1778 1634 1184 2076 1922 1768 1798 1946 1612 1608 1332 1698 1784 1330 2020 1814 2076 1652 2344 2626 2368 1698 1860 2436 1770 2202 2296 2042 2142 2038 1692 1650 1578 1480 1642 2062 2136 2300 1508 2034 2306 1898 2110 1686 1778 2530 2912 1692 1704 2170 1560 1868 1710 2224 2446 
1030 1226 1776 1548 1332 1246 1248 1816 1472 1424 1750 2466 1258 1238 1498 1980 0 1588 988 1178 2138 1762 1462 1002 2586 1262 1616 1358 1322 1310 1014 1622 1842 1206 232 1192 1212 1106 1578 1280 810 1356 824 1274 826 1098 1096 1766 1396 1238 1306 1144 1456 1348 924 648 1014 1110 650 1438 1130 1712 972 2300 2548 1688 1018 1176 1806 1086 1740 1612 1362 1458 1358 1008 1588 898 1782 958 1382 1452 1616 824 1350 2508 1836 1430 1576 1716 1846 2228 1008 1024 1486 876 1184 1030 1544 1762 
1125 933 2082 1740 2223 1500 2310 2028 1875 1230 2205 2186 1305 958 2136 2126 1588 0 900 1977 1750 2163 1074 1083 998 1806 2313 1455 1650 1532 1959 1342 2181 1227 2238 1815 2166 1316 1785 1338 1653 1452 1674 2322 1677 2028 738 2067 2298 1884 2397 1404 2145 1887 1824 1410 1959 2103 1413 1737 2133 2004 1662 2370 4020 2736 1965 1468 1942 2067 2032 2622 1654 2625 2475 1950 2766 1785 2259 1875 1674 2616 1908 1674 2436 2332 3138 1722 1950 2748 3066 3639 1950 1740 2667 1752 2214 1983 1836 3081 
285 476 1182 2240 2048 938 1880 1452 2165 1308 1365 1626 405 398 4266 1526 988 900 0 3979 1150 1684 474 891 1598 1932 1599 555 3580 972 1059 782 1281 436 1864 2507 1690 798 2065 730 2761 1564 2913 2370 1295 4612 594 1945 1944 2526 2495 940 4785 1825 3080 1870 1765 3609 1539 2093 1233 1404 3130 1938 3330 1881 1775 868 1382 2723 1432 3260 1054 1725 5523 3500 4372 1180 4905 1707 1074 2860 1308 774 2560 1900 2238 1122 1832 2058 2226 2799 2100 900 1767 852 1752 1083 1236 2181 
1590 1912 1641 4310 2420 1104 2260 957 2450 2556 2670 1878 1710 1268 3834 1772 1178 1977 3979 0 1456 1168 1086 4708 2316 2562 1455 1860 3735 1188 1344 1220 2586 2176 3016 3222 1594 988 3550 2260 3482 2484 3531 2890 880 4668 3717 2710 2548 3360 2970 2555 6064 2185 3995 2753 2240 4832 2748 4669 1518 1594 4197 2182 3645 2349 2240 1058 1684 3388 1622 3735 1240 2010 6116 4373 5162 1552 6778 2182 1260 3335 1498 1059 3080 2206 2577 1308 2916 2397 2592 3165 2670 1353 2052 1137 2132 1362 1422 2466 
1182 1388 506 590 2174 1512 1606 1462 1858 1586 1956 2672 1420 1444 1764 1556 2138 1750 1150 1456 0 872 1624 1208 2748 1690 1882 1520 1708 1576 1744 1828 2004 1368 1978 1740 2506 1836 620 1442 1652 1518 1638 2046 1668 1364 1258 808 2018 1786 1452 1422 1916 1776 1654 1490 1848 1468 1492 1644 1860 1700 1594 1968 2250 2310 1444 2018 2060 1924 1886 2278 2176 2188 1784 1850 1274 1712 1104 1800 2224 2200 2442 1666 2122 1930 1522 2244 1310 1402 2530 2736 1850 1646 2234 1718 1920 1872 2358 2506 
1311 2160 765 564 3588 848 2036 1731 3100 2556 2472 2126 1668 1136 2200 1188 1762 2163 1684 1168 872 0 1316 1800 2440 2744 1827 1818 2800 912 2064 1468 2544 2120 3244 1736 1842 1468 504 2268 2276 2420 1948 2896 1872 1400 1900 1000 3084 1828 2156 2228 3216 2916 2572 2228 2932 2200 2224 2672 2238 1392 2244 1660 2913 2757 1560 1504 1752 2520 1512 2812 1512 2730 2240 2920 1932 2096 1592 2572 1844 3528 1944 1935 3048 1622 1821 1580 2004 1641 3087 3642 2460 1761 2595 1806 3224 2238 1694 3135 
664 712 1262 1034 1498 1396 930 1442 980 910 1384 2100 744 872 1422 2000 1462 1074 474 1086 1624 1316 0 636 2072 1118 1540 636 830 1446 1180 1256 1328 692 1406 1300 2164 1046 1064 182 976 258 990 1210 992 1248 582 1252 1330 1316 1472 850 1344 1204 1090 814 1180 1068 816 808 962 1878 1022 2412 2694 1144 1184 1342 1856 1252 1906 1778 1528 1624 1506 1174 1718 1064 1548 1124 1548 1302 1782 990 1286 2374 1966 1596 1390 1846 1958 2262 1174 1074 1336 1042 1350 1196 1710 1928 
42 800 1269 2472 2372 956 2204 1695 2570 1794 1122 1464 648 236 3537 1584 1002 1083 891 4708 1208 1800 636 0 1720 1446 1356 798 4390 810 1302 620 1524 760 1540 2993 1528 960 2268 1135 5014 2050 3420 2095 1700 6585 2838 2090 1620 3012 2900 535 4248 1420 3890 3973 1975 4338 2268 1526 1476 1488 3802 1996 3285 1653 1820 1030 1220 3290 1594 3665 1072 1944 5499 4037 4574 1216 5322 2112 1236 3177 1234 1017 2285 1958 2325 1140 2156 2145 1983 2556 2370 657 1842 1095 2076 1326 1254 2424 
1748 1620 2386 2158 2480 2498 2538 2350 2056 1818 2468 3184 1868 1956 2422 3124 2586 998 1598 2316 2748 2440 2072 1720 0 2202 2540 1968 1906 2530 2304 2340 998 1634 2490 2208 3164 2122 2188 1890 2100 1966 2114 2546 2116 2350 1490 2376 2530 2254 2596 1934 2428 2256 2214 1938 2304 2400 1940 2156 2420 3002 2106 3368 3678 2822 2308 2466 2940 2376 3030 2746 2652 2748 2648 2298 2842 2188 2504 2248 2672 2742 2906 2114 2622 3330 3090 2720 2298 2830 3042 3424 2298 2158 2776 2166 2474 2320 2834 3052 
765 1764 1992 3300 1756 1208 2428 2139 1875 3240 1845 1946 1371 718 3804 1526 1262 1806 1932 2562 1690 2744 1118 1446 2202 0 2079 1521 1800 1272 1470 1102 2247 1724 2504 3496 2010 816 3390 2340 2350 3116 2380 3100 1090 3202 2256 3295 2584 3630 3180 1740 1645 215 2692 1864 2155 3250 1858 2754 1644 1572 2604 2266 3618 1695 2450 1142 1702 3178 1706 3945 1324 2136 3240 2657 4367 1720 4842 2392 1344 2657 1582 1185 3290 2356 2526 1392 3084 2346 2706 2901 2944 1380 1410 1263 2300 1488 1506 2592 
1398 1770 2064 2187 2472 370 1254 2412 2157 2067 2450 908 2004 1140 177 2296 1616 2313 1599 1455 1882 1827 1540 1356 2540 2079 0 2154 2337 730 1875 486 2880 1926 2160 2268 860 1342 2142 2037 1434 2151 1188 1203 1713 777 1575 2514 2040 2337 1344 1668 1587 2088 1740 1452 1926 1461 1449 1806 2049 1982 1410 2446 3855 2484 897 1322 1774 1485 1330 2838 1330 2541 1407 1917 2391 1299 2499 1656 1698 2373 1762 1716 1317 2492 2763 1398 2190 2583 2814 3387 1572 1488 2322 1533 2256 2019 1512 2862 
840 663 1737 1395 2091 1308 1965 2007 1854 1209 1920 1996 960 768 1977 1896 1358 1455 555 1860 1520 1818 636 798 1968 1521 2154 0 1629 1342 1614 1152 1836 882 1953 1545 2060 1168 1440 681 1308 795 1329 1977 1332 1740 717 1722 2013 1614 2052 1119 1860 1650 1479 1065 1614 1758 1068 1452 1788 1774 1377 2308 3756 2124 1620 1238 1752 1722 1802 2352 1424 2280 2130 1605 2421 1440 2166 1530 1444 2271 1678 1329 2091 2270 2793 1492 1929 2613 2781 3354 1605 1455 2322 1407 1869 1638 1606 2736 
1359 1476 2019 4630 2716 1188 1444 2202 375 2808 2433 2338 1479 992 6680 2006 1322 1650 3580 3735 1708 2800 830 4390 1906 1800 2337 1629 0 1252 732 1498 1362 1868 3155 3654 2182 216 4097 1620 4172 1716 4550 3250 2130 5428 3040 2250 2552 3792 3330 1700 6255 1715 2794 4134 2600 2673 3615 4499 906 1738 4479 1974 3282 2187 2610 1110 1686 4083 1766 4095 1388 1398 5351 5602 4905 1668 5808 1490 1408 2581 1254 1275 3440 2022 2421 1366 2804 2241 1980 2553 2918 1356 1467 1017 2420 1584 1570 2154 
838 1202 1070 1152 1342 360 530 1826 1132 1400 1430 1638 1242 1046 612 1990 1310 1532 972 1188 1576 912 1446 810 2530 1272 730 1342 1252 0 944 980 1826 1190 1134 1206 1354 1036 1122 1264 650 1340 486 960 836 212 1072 1370 1054 1252 590 806 1420 1358 854 662 978 668 660 1246 1060 1676 634 2140 2264 1350 292 1016 1468 772 1024 1586 1024 1388 632 972 1288 560 1360 798 1392 1276 1456 838 1036 2186 1536 1092 1154 1416 1570 1952 742 686 1242 716 1198 1040 1206 1602 
1344 1416 2073 1731 1575 880 621 2301 957 840 1971 2030 1464 1104 1698 1698 1014 1959 1059 1344 1744 2064 1180 1302 2304 1470 1875 1614 732 944 0 1488 2094 1386 1869 1365 1874 272 1686 1497 654 1386 813 1488 816 1098 1221 2058 1671 1434 1536 1293 1761 1599 135 549 1098 414 552 1617 444 1430 1035 1666 2820 2109 1104 802 1524 1206 1458 1995 1080 936 1071 1089 1959 789 2112 432 1100 954 946 813 1602 2226 2331 1058 1803 2151 1518 2091 951 1113 1005 555 1353 1122 1262 1692 
648 1020 1466 1238 1806 620 1086 1750 1648 1218 1368 1394 1052 856 368 2204 1622 1342 782 1220 1828 1468 1256 620 2340 1102 486 1152 1498 980 1488 0 1636 1000 1390 1608 1110 1580 1268 1074 1206 1150 1042 1052 1300 768 890 1456 1430 1624 1146 834 1308 1188 1398 1122 1410 1224 1124 1056 1604 2108 1006 2616 2810 1722 848 1572 1840 1240 1580 2086 1580 1916 1188 1404 1844 1116 1752 1354 1856 1832 1854 1298 1128 2578 2092 1648 1698 1972 1942 2324 1298 1058 1798 1272 1658 1504 1762 2158 
1566 1638 2463 2121 2817 1792 2445 2733 1587 1935 2646 2480 1686 1252 2703 2380 1842 2181 1281 2586 2004 2544 1328 1524 998 2247 2880 1836 1362 1826 2094 1636 0 954 2679 2520 2544 1124 2166 1719 1923 1833 2055 2703 2058 2466 1443 2448 2739 2544 2778 1845 2586 2376 1959 1791 2340 2238 1794 2178 2268 2258 2103 2772 4611 3162 2346 1648 2236 2448 2286 3237 1908 2760 2856 2331 3147 2058 2892 2145 1928 2778 2088 2055 2817 2754 3519 1904 2655 3339 3342 3915 2220 2181 2829 2022 2595 2364 2090 3351 
612 912 1509 1556 2484 1156 2316 1779 2168 1308 1692 1844 732 616 2332 1744 1206 1227 436 2176 1368 2120 692 760 1634 1724 1926 882 1868 1190 1386 1000 954 0 2300 2088 1908 1016 1616 1020 1292 1172 1468 2332 1472 2016 652 1992 2380 2120 2432 1188 2176 1896 1668 1116 1848 2040 1120 1632 1560 1622 1532 2136 3657 2208 1856 1012 1600 1992 1650 3044 1272 2052 2536 1836 2924 1472 2584 1588 1292 2576 1452 1101 2484 2118 2565 1268 2268 2385 2553 3126 1688 1227 1983 1068 2188 1410 1454 2397 
1197 2340 2424 2776 3324 1070 2480 2850 3455 2736 2277 2234 1803 1006 2644 2212 232 2238 1864 3016 1978 3244 1406 1540 2490 2504 2160 1953 3155 1134 1869 1390 2679 2300 0 3015 980 1338 2836 2448 2243 2600 2182 3063 2312 1844 2080 3212 3160 3092 2600 1968 2956 2676 2508 1956 2649 2702 1960 2412 2043 1944 2312 2532 4170 2808 2004 1408 1990 2718 1734 3884 1594 2535 2684 2637 3729 2330 3804 2539 1614 3519 1848 1584 3215 2728 3102 1662 3636 2922 3117 3690 2586 1812 2577 1662 3028 1893 1776 2991 
1524 1176 2067 3568 2456 1142 2288 2367 3420 3244 2604 2420 1104 1224 4310 1876 1192 1815 2507 3222 1740 1736 1300 2993 2208 3496 2268 1545 3654 1206 1365 1608 2520 2088 3015 0 2136 1002 3508 2795 2118 3812 2160 2925 1805 2982 2260 2990 2584 138 3005 2600 2598 3000 2460 1632 2275 3018 1638 4044 1539 1608 2604 1764 2211 2364 2285 1072 1702 2946 1636 1345 1258 2031 3762 2712 4127 1588 2700 2217 1278 3370 1512 1080 3115 1726 2403 1326 2212 1839 2613 2940 2712 1380 2073 1158 2160 1389 1440 2487 
1556 1804 2000 2082 2272 994 1460 2232 2062 2002 2276 1768 1960 1764 742 2920 1212 2166 1690 1594 2506 1842 2164 1528 3164 2010 860 2060 2182 1354 1874 1110 2544 1908 980 2136 0 1966 2052 1982 1580 2058 1416 1426 1766 1142 1674 2300 1984 2182 1520 1736 1682 2016 1784 1592 1908 1598 1590 1828 1990 2606 1564 3070 3194 2280 1222 1946 2398 1614 1954 2516 1954 2318 1562 1902 2218 1490 2290 1728 2322 2206 2386 1768 1502 3116 2466 2022 2084 2346 2500 2882 1672 1616 2172 1646 2128 1970 2136 2532 
988 954 1474 1246 1142 972 506 1626 366 832 1406 2122 1068 1196 1224 1790 1106 1316 798 988 1836 1468 1046 960 2122 816 1342 1168 216 1036 272 1580 1124 1016 1338 1002 1966 0 1216 864 528 788 634 1084 636 824 824 1116 1206 1048 1116 896 1236 902 182 458 824 368 460 1170 388 1522 782 1758 1972 1498 828 894 1616 896 1550 1422 1172 716 806 818 1398 618 1412 380 1192 728 1038 634 1160 2238 1646 1150 1294 1526 1104 1486 726 834 762 462 994 840 1354 1220 
933 1656 387 105 3183 1058 1972 1353 3245 3078 2094 2112 1290 884 4709 936 1578 1785 2065 3550 620 504 1064 2268 2188 3390 2142 1440 4097 1122 1686 1268 2166 1616 2836 3508 2052 1216 0 2205 3822 3227 3871 3715 2770 3185 2443 620 2916 3614 2080 2155 4746 3040 3619 3255 3220 2968 3262 3794 1860 1140 3619 1408 2535 2625 2475 1458 1500 4788 1266 4145 1644 2352 4459 4515 3077 2360 2488 3080 1664 4027 1882 1659 3905 1370 1443 1712 1500 1263 2934 3264 3870 1629 2421 1737 2720 1968 1826 2968 
723 1060 1620 2130 2632 1230 2284 1890 1995 1820 1803 1918 843 690 3100 1818 1280 1338 730 2260 1442 2268 182 1135 1890 2340 2037 681 1620 1264 1497 1074 1719 1020 2448 2795 1982 864 2205 0 1985 190 2020 2570 2025 2705 1000 2675 2296 2835 3225 1670 2905 2555 2270 1580 2495 2735 1585 1565 1170 1696 2100 2230 3768 1443 2505 1160 1674 2675 1724 3990 1346 2163 3355 2480 3840 1764 3415 2437 1366 2958 1600 1212 2760 2192 2676 1414 2416 2496 2664 3120 2480 1338 1731 1290 2336 1521 1528 2619 
1038 1480 1935 4248 1692 586 1052 1995 2130 2814 2118 1864 1158 796 4995 1494 810 1653 2761 3482 1652 2276 976 5014 2100 2350 1434 1308 4172 650 654 1206 1923 1292 2243 2118 1580 528 3822 1985 0 2765 1332 1970 850 4860 5193 3170 1472 2256 2040 1210 5184 2155 2006 1215 1320 1746 738 2247 828 1226 2902 1490 2913 1542 895 366 1146 2100 1250 2695 702 1320 3588 2610 3381 180 5270 614 896 1605 806 507 2160 1798 1821 622 1532 1641 1872 2403 594 546 1014 99 1396 816 884 1428 
837 1212 1734 3165 2784 1306 2316 2004 1805 2752 1917 1994 957 766 4130 1894 1356 1452 1564 2484 1518 2420 258 2050 1966 3116 2151 795 1716 1340 1386 1150 1833 1172 2600 3812 2058 788 3227 190 2765 0 2853 2760 2215 3633 1780 2865 2448 3875 3415 1860 3891 2745 2502 2325 2685 3060 2331 2666 1056 1772 3002 2306 3735 1329 2695 1236 1750 3639 1800 4180 1422 2052 4274 3405 4999 1916 4489 2552 1442 2844 1676 1326 2950 2268 2790 1490 2568 2610 2634 3006 3359 1452 1617 1404 2488 1635 1604 2733 
843 1508 1698 4304 1712 422 1184 2010 2290 2856 1923 1700 1179 632 4325 1504 824 1674 2913 3531 1638 1948 990 3420 2114 2380 1188 1329 4550 486 813 1042 2055 1468 2182 2160 1416 634 3871 2020 1332 2853 0 2005 875 3112 3894 3170 1144 2298 1630 800 6014 2180 2260 1206 1355 2527 783 2821 987 1240 888 1654 2667 1296 485 530 982 2149 1086 2840 538 1479 2943 2680 2807 148 5087 949 906 2015 970 528 2100 1722 1575 606 1648 1395 1626 2199 768 300 1260 345 1424 831 720 1674 
1299 2372 2409 3640 2620 896 2132 2691 3625 3270 2379 1710 1827 1074 1710 1958 1274 2322 2370 2890 2046 2896 1210 2095 2546 3100 1203 1977 3250 960 1488 1052 2703 2332 3063 2925 1426 1084 3715 2570 1970 2760 2005 0 2010 1870 2640 3725 1848 3040 2815 2350 2215 3050 2255 1565 2480 2720 1570 1005 1662 1690 1920 2278 3000 2226 1670 1154 1602 470 1560 3975 1340 2154 2520 2465 2560 1752 3695 2422 1360 2130 1594 1203 190 1822 1725 1408 3060 1728 2556 2718 2465 1230 1329 1281 2324 1512 1522 2610 
1062 1512 1959 2695 1716 772 1556 1485 2505 2385 2142 2050 1182 916 2560 1506 826 1677 1295 880 1668 1872 992 1700 2116 1090 1713 1332 2130 836 816 1300 2058 1472 2312 1805 1766 636 2770 2025 850 2215 875 2010 0 1560 1565 3240 1844 1920 2090 1675 2140 1305 1135 445 1360 1600 440 2455 990 1242 1245 1830 3117 1821 1360 706 1332 1540 1270 2855 888 1482 2210 1345 2795 848 3280 1302 908 2455 1146 531 2200 2038 2049 956 2212 1869 2064 2637 1345 825 1524 609 1428 834 1070 1938 
1254 1980 1287 3833 2260 148 636 2421 2300 3564 1827 1426 1590 906 3148 1778 1098 2028 4612 4668 1364 1400 1248 6585 2350 3202 777 1740 5428 212 1098 768 2466 2016 1844 2982 1142 824 3185 2705 4860 3633 3112 1870 1560 0 6450 2895 1684 3120 945 1485 7373 2865 3378 5053 1915 2607 2252 3780 1272 1464 5158 1928 3078 1707 200 804 1256 2124 812 3435 812 1764 2811 3800 3766 696 5625 1592 1180 2668 1244 939 2060 1974 1986 880 1884 1806 2037 2610 1590 711 1545 756 1972 1242 994 2085 
447 260 1344 2672 1980 1008 2096 1290 1895 984 1527 1734 567 506 4194 1634 1096 738 594 3717 1258 1900 582 2838 1490 2256 1575 717 3040 1072 1221 890 1443 652 2080 2260 1674 824 2443 1000 5193 1780 3894 2640 1565 6450 0 2215 2160 2352 2765 1210 5868 1915 3620 4152 2035 4095 2025 2471 1395 1512 4954 1878 3282 2043 2045 976 1490 3101 1540 3140 1162 1887 6048 4040 4750 1396 4815 1977 1182 3130 1416 936 2830 1840 2400 1230 1616 2010 2388 2961 2424 1062 1929 1014 1968 1245 1344 2343 
1215 2032 669 545 3604 1306 2468 1635 2625 3035 2376 2300 1572 1072 3895 1184 1766 2067 1945 2710 808 1000 1252 2090 2376 3295 2514 1722 2250 1370 2058 1456 2448 1992 3212 2990 2300 1116 620 2675 3170 2865 3170 3725 3240 2895 2215 0 3292 2875 2700 2625 3705 3510 3205 2795 2600 2740 2800 3180 2232 892 3055 1160 2163 2907 3095 1634 1252 3890 1514 4105 1806 2724 2560 2615 1165 2684 740 3572 1852 4250 2070 1941 3535 1122 1071 1874 1004 891 3237 2892 2675 1911 2451 2001 2224 2250 1906 2808 
1257 2420 2484 2856 2856 990 2320 2868 2852 2816 2337 2268 1863 908 2484 2076 1396 2298 1944 2548 2018 3084 1330 1620 2530 2584 2040 2013 2552 1054 1671 1430 2739 2380 3160 2584 1984 1206 2916 2296 1472 2448 1144 1848 1844 1684 2160 3292 0 2676 2440 1192 2628 2756 2048 1496 1744 2248 1492 1044 1845 1570 848 2226 3342 1710 1532 1102 1258 2224 1654 3416 1110 2001 2212 1732 2748 1292 3204 1768 1478 2756 1272 1386 2000 2294 2433 1178 2792 2253 2040 2613 1656 714 2118 1203 2568 1689 1292 2532 
1548 1268 2136 3674 2548 1188 2380 2436 3535 3336 2628 2466 1173 1240 4448 1922 1238 1884 2526 3360 1786 1828 1316 3012 2254 3630 2337 1614 3792 1252 1434 1624 2544 2120 3092 138 2182 1048 3614 2835 2256 3875 2298 3040 1920 3120 2352 2875 2676 0 3120 2715 2460 2885 2598 1770 2390 3156 1776 4182 1608 1654 2742 1718 2142 2295 2400 1118 1748 3084 1682 1230 1304 2100 3900 2850 4035 1680 2562 2332 1324 3445 1558 1149 3230 1680 2334 1372 2120 1770 2682 2871 2850 1449 2010 1227 2252 1458 1486 2556 
1782 2472 1635 2155 2684 526 1392 2601 3245 3585 2394 1804 1902 1284 1945 1768 1306 2397 2495 2970 1452 2156 1472 2900 2596 3180 1344 2052 3330 590 1536 1146 2778 2432 2600 3005 1520 1116 2080 3225 2040 3415 1630 2815 2090 945 2765 2700 2440 3120 0 2430 3665 3395 2335 1645 2560 2085 1650 3645 1710 1722 2000 2240 3645 2274 1145 1182 1634 2345 434 4055 1190 2202 1995 2545 3635 1452 3440 2494 1392 3613 1622 1251 3005 2202 2553 1258 2640 2373 2604 3177 2270 1278 2112 1323 1348 1560 1372 2652 
363 1228 1590 2080 2352 742 1824 2016 2075 2030 1443 1678 969 312 2485 1798 1144 1404 940 2555 1422 2228 850 535 1934 1740 1668 1119 1700 806 1293 834 1845 1188 1968 2600 1736 896 2155 1670 1210 1860 800 2350 1675 1485 1210 2625 1192 2715 2430 0 2305 1955 1930 1240 1440 2180 1235 1625 1467 1274 430 1974 2964 1332 1285 850 1006 2335 1406 3640 858 1623 2135 1425 2805 788 3365 1749 1226 2815 1020 1008 2160 2042 2055 926 2288 1875 1662 2235 1440 336 1740 825 2064 1311 1040 2154 
1104 2216 2331 5304 2596 1192 2780 2757 2925 3918 2184 1966 1413 944 4230 1946 1456 2145 4785 6064 1916 3216 1344 4248 2428 1645 1587 1860 6255 1420 1761 1308 2586 2176 2956 2598 1682 1236 4746 2905 5184 3891 6014 2215 2140 7373 5868 3705 2628 2460 3665 2305 0 835 5444 5393 1105 5634 3863 4004 1341 1152 5436 2296 2988 1065 2945 1230 1740 2443 1900 3280 1522 2427 5950 3029 3941 1908 7023 2295 1542 1861 1576 1476 2405 1936 1896 1486 3260 1716 2763 2271 3186 1437 780 1395 2688 1785 1704 2637 
894 1792 2121 2965 1928 1294 2600 2268 2090 2735 1974 2032 1500 804 3185 1612 1348 1887 1825 2185 1776 2916 1204 1420 2256 215 2088 1650 1715 1358 1599 1188 2376 1896 2676 3000 2016 902 3040 2555 2155 2745 2180 3050 1305 2865 1915 3510 2756 2885 3395 1955 835 0 2440 1750 1940 2905 1745 2510 1773 1486 2385 2352 3489 1566 2665 1228 1788 2580 1792 4115 1410 2265 2365 1955 3375 1892 4185 2607 1430 2528 1668 1314 3240 2270 2397 1478 2936 2217 2835 2772 2650 1509 1281 1392 2472 1401 1592 2721 
1209 1708 1938 4312 1920 790 648 2166 1370 2352 1836 1940 1329 1014 5733 1608 924 1824 3080 3995 1654 2572 1090 3890 2214 2692 1740 1479 2794 854 135 1398 1959 1668 2508 2460 1784 182 3619 2270 2006 2502 2260 2255 1135 3378 3620 3205 2048 2598 2335 1930 5444 2440 0 1380 1605 837 1251 3596 309 1340 3000 1576 2685 1974 1615 712 1434 2499 1368 3100 990 801 3301 3180 4275 872 6355 495 1010 1586 856 678 2445 2136 2196 968 2224 2016 1383 1956 1724 978 870 420 1624 987 1172 1557 
795 1156 1692 3600 1368 598 1200 1752 2060 2328 1875 1876 915 738 4701 1332 648 1410 1870 2753 1490 2228 814 3973 1938 1864 1452 1065 4134 662 549 1122 1791 1116 1956 1632 1592 458 3255 1580 1215 2325 1206 1565 445 5053 4152 2795 1496 1770 1645 1240 5393 1750 1380 0 915 2079 9 2814 723 1064 2764 1652 2850 1560 925 528 1158 1533 1092 2410 714 1215 3823 1800 3309 500 5539 857 734 2010 968 264 1755 1860 1782 782 1856 1602 1797 2370 1080 564 1257 342 1072 573 896 1671 
1227 1888 2229 3145 2100 914 1932 2301 2975 2855 2307 2192 1464 888 2915 1698 1014 1959 1765 2240 1848 2932 1180 1975 2304 2155 1926 1614 2600 978 1098 1410 2340 1848 2649 2275 1908 824 3220 2495 1320 2685 1355 2480 1360 1915 2035 2600 1744 2390 2560 1440 1105 1940 1605 915 0 2070 920 2925 1272 710 1725 1854 2325 1728 1840 894 1524 2010 1458 3325 1080 1764 2690 15 1435 1232 2570 1190 1100 2577 1134 813 2670 1494 1233 1148 2468 1053 2346 2919 1815 1113 1443 837 1804 1122 1262 1974 
1488 2080 1659 3754 2292 604 276 2445 1160 2910 1557 1754 1608 1184 5530 1784 1110 2103 3609 4832 1468 2200 1068 4338 2400 3250 1461 1758 2673 668 414 1224 2238 2040 2702 3018 1598 368 2968 2735 1746 3060 2527 2720 1600 2607 4095 2740 2248 3156 2085 2180 5634 2905 837 2079 2070 0 2088 3605 588 1526 3193 1762 2964 2124 1340 754 1534 3150 1268 3480 1090 1080 1971 3699 4739 956 5586 960 1196 1979 1042 957 2910 1992 2403 1010 1920 2223 1662 2235 1758 1128 1149 681 1996 1266 1272 1836 
798 1160 1695 3608 1364 596 1204 1749 2065 2334 1878 1874 918 740 4700 1330 650 1413 1539 2748 1492 2224 816 2268 1940 1858 1449 1068 3615 660 552 1124 1794 1120 1960 1638 1590 460 3262 1585 738 2331 783 1570 440 2252 2025 2800 1492 1776 1650 1235 3863 1745 1251 9 920 2088 0 2821 726 1066 1449 1654 2853 1557 920 530 1156 1540 1094 2415 712 1218 3368 1629 3314 496 5548 862 732 2015 970 267 1760 1862 1785 780 1860 1605 1800 2373 1086 561 1260 345 1076 570 894 1674 
696 1672 1923 3689 2976 1228 2336 2349 3560 2718 1776 1900 1302 672 3869 2020 1438 1737 2093 4669 1644 2672 808 1526 2156 2754 1806 1452 4499 1246 1617 1056 2178 1632 2412 4044 1828 1170 3794 1565 2247 2666 2821 1005 2455 3780 2471 3180 1044 4182 3645 1625 4004 2510 3596 2814 2925 3605 2821 0 1791 1868 2877 2132 3603 2307 2500 1008 1656 2130 1892 4300 1344 2283 4690 4074 5173 1464 5511 2219 1538 3135 1448 1470 1195 2224 2328 1264 2816 2331 2637 3210 2520 1311 1932 1062 2680 1779 1526 2391 
1518 1590 2247 1905 1749 996 795 2475 1131 1284 2145 2146 1638 1220 1872 1814 1130 2133 1233 1518 1860 2238 962 1476 2420 1644 2049 1788 906 1060 444 1604 2268 1560 2043 1539 1990 388 1860 1170 828 1056 987 1662 990 1272 1395 2232 1845 1608 1710 1467 1341 1773 309 723 1272 588 726 1791 0 1546 1209 1782 2679 2283 1278 918 1640 1380 1574 2169 1196 1110 1245 1263 2133 963 2286 606 1216 510 1062 987 1674 2342 2505 1174 1977 2325 1692 1950 1125 1287 561 729 1527 1296 1378 1866 
1516 1642 1338 1110 1748 1612 1664 1982 1888 1840 2236 2890 1674 1586 1864 2076 1712 2004 1404 1594 1700 1392 1878 1488 3002 1572 1982 1774 1738 1676 1430 2108 2258 1622 1944 1608 2606 1522 1140 1696 1226 1772 1240 1690 1242 1464 1512 892 1570 1654 1722 1274 1152 1486 1340 1064 710 1526 1066 1868 1546 0 1388 2052 2260 1862 1434 1592 2144 1502 2156 2028 1778 1874 1774 704 1284 1314 1188 1174 1798 1706 1832 1240 1766 2014 1532 1846 1394 1412 2262 2644 1424 1440 1672 1256 1600 1446 1960 2014 
621 1572 1848 4016 2008 570 1480 2232 2505 2952 1701 1848 1227 484 4399 1652 972 1662 3130 4197 1594 2244 1022 3802 2106 2604 1410 1377 4479 634 1035 1006 2103 1532 2312 2604 1564 782 3619 2100 2902 3002 888 1920 1245 5158 4954 3055 848 2742 2000 430 5436 2385 3000 2764 1725 3193 1449 2877 1209 1388 0 1802 2706 1074 855 678 834 2667 1234 3210 686 1365 3497 3420 3325 444 5753 1319 1054 2385 848 750 1730 1870 1797 754 1944 1617 1404 1977 1212 78 1482 567 1720 1053 868 1896 
1970 2008 1606 1378 2336 2076 1900 2250 2124 2206 2744 3354 2208 2232 2328 2344 2300 2370 1938 2182 1968 1660 2412 1996 3368 2266 2446 2308 1974 2140 1666 2616 2772 2136 2532 1764 3070 1758 1408 2230 1490 2306 1654 2278 1830 1928 1878 1160 2226 1718 2240 1974 2296 2352 1576 1652 1854 1762 1654 2132 1782 2052 1802 0 2038 2518 1848 1856 1820 2090 2674 2210 2192 2110 1592 1848 1318 1580 864 1378 2386 2122 2036 1828 2266 1690 1566 2112 1070 1190 2498 2524 1638 1854 2156 1460 1680 2034 2374 538 
3327 3093 2832 2490 3876 2200 3171 3798 3507 3660 4407 3478 3315 2288 3678 2626 2548 4020 3330 3645 2250 2913 2694 3285 3678 3618 3855 3756 3282 2264 2820 2810 4611 3657 4170 2211 3194 1972 2535 3768 2913 3735 2667 3000 3117 3078 3282 2163 3342 2142 3645 2964 2988 3489 2685 2850 2325 2964 2853 3603 2679 2260 2706 2038 0 3780 2958 2308 2130 3279 2864 1404 2316 1884 2835 2334 1464 2778 1761 2982 2634 2169 2646 3114 2886 1896 1836 2384 2070 1272 1302 729 2724 2784 2220 3012 2985 3423 2498 3990 
1695 2238 2922 2580 2580 1286 2184 3306 2412 2535 2775 2564 2286 1200 2307 2368 1688 2736 1881 2349 2310 2757 1144 1653 2822 1695 2484 2124 2187 1350 2109 1722 3162 2208 2808 2364 2280 1498 2625 1443 1542 1329 1296 2226 1821 1707 2043 2907 1710 2295 2274 1332 1065 1566 1974 1560 1728 2124 1557 2307 2283 1862 1074 2518 3780 0 1587 1394 1550 2112 1950 3000 1402 2439 2097 1737 2499 1407 2841 1764 1770 1896 1564 1824 2112 2586 2871 1470 2532 2691 2478 3051 1680 1152 1845 1641 2364 2127 1584 2970 
1134 1896 1407 2550 2100 228 796 2301 2500 2865 1947 1506 1470 826 1200 1698 1018 1965 1775 2240 1444 1560 1184 1820 2308 2450 897 1620 2610 292 1104 848 2346 1856 2004 2285 1222 828 2475 2505 895 2695 485 1670 1360 200 2045 3095 1532 2400 1145 1285 2945 2665 1615 925 1840 1340 920 2500 1278 1434 855 1848 2958 1587 0 724 1176 1200 892 3235 732 1770 850 1825 2490 536 2670 1434 1100 2468 1164 819 1860 1894 1866 800 1724 1686 1917 2490 1125 591 1425 636 1812 1122 914 1965 
1058 1106 1656 1428 1212 952 892 1696 1218 1304 1778 2230 1138 1162 1204 1860 1176 1468 868 1058 2018 1504 1342 1030 2466 1142 1322 1238 1110 1016 802 1572 1648 1012 1408 1072 1946 894 1458 1160 366 1236 530 1154 706 804 976 1634 1102 1118 1182 850 1230 1228 712 528 894 754 530 1008 918 1592 678 1856 2308 1394 724 0 1512 966 1616 1444 1068 1246 1064 888 1332 456 1338 514 1262 1008 1172 704 1230 2164 1580 988 1132 1460 1614 1968 564 730 1042 432 1064 910 1250 1318 
1248 1620 1698 1470 1838 1404 1574 2322 1836 1818 1968 2682 1652 1318 1656 2436 1806 1942 1382 1684 2060 1752 1856 1220 2940 1702 1774 1752 1686 1468 1524 1840 2236 1600 1990 1702 2398 1616 1500 1674 1146 1750 982 1602 1332 1256 1490 1252 1258 1748 1634 1006 1740 1788 1434 1158 1524 1534 1156 1656 1640 2144 834 1820 2130 1550 1176 1512 0 1596 2068 2118 1520 1744 1516 1518 1410 1056 956 1294 1888 1788 1682 1334 1526 1782 1658 1588 1162 1282 1770 2152 1238 886 1822 1212 1694 1536 1702 2098 
1452 2032 2127 4683 2244 708 1756 2409 3155 3642 2532 1898 1572 1176 3096 1770 1086 2067 2723 3388 1924 2520 1252 3290 2376 3178 1485 1722 4083 772 1206 1240 2448 1992 2718 2946 1614 896 4788 2675 2100 3639 2149 470 1540 2124 3101 3890 2224 3084 2345 2335 2443 2580 2499 1533 2010 3150 1540 2130 1380 1502 2667 2090 3279 2112 1200 966 1596 0 1372 3505 1152 1872 3034 2793 4237 1376 5476 1952 1172 2600 1406 921 660 1634 1443 1220 2684 2007 2454 3000 2394 1221 1611 999 1948 1230 1334 2328 
1622 1670 1524 1296 1776 960 1130 2168 1732 1868 2030 2238 1702 1718 1212 2202 1740 2032 1432 1622 1886 1512 1906 1594 3030 1706 1330 1802 1766 1024 1458 1580 2286 1650 1734 1636 1954 1550 1266 1724 1250 1800 1086 1560 1270 812 1540 1514 1654 1682 434 1406 1900 1792 1368 1092 1458 1268 1094 1892 1574 2156 1234 2674 2864 1950 892 1616 2068 1372 0 2056 1624 1902 1232 1452 1888 1160 1810 1398 1826 1876 2056 1268 1636 2636 2136 1692 1754 2016 2170 2552 1342 1286 1842 1316 1108 1474 1806 2202 
2241 2252 2874 4220 3296 1522 3060 3174 4470 3960 3321 2800 1911 1702 4435 2296 1612 2622 3260 3735 2278 2812 1778 3665 2746 3945 2838 2352 4095 1586 1995 2086 3237 3044 3884 1345 2516 1422 4145 3990 2695 4180 2840 3975 2855 3435 3140 4105 3416 1230 4055 3640 3280 4115 3100 2410 3325 3480 2415 4300 2169 2028 3210 2210 1404 3000 3235 1444 2118 3505 2056 0 1674 2661 2385 3310 4500 2336 3365 3171 1698 4056 1884 1710 4165 2172 3072 1700 2896 2508 2706 2133 2200 2004 2346 1716 3000 2019 1716 3045 
1100 1292 1670 1614 1394 960 1130 1878 1454 1490 1820 2238 1324 1170 1212 2042 1362 1654 1054 1240 2176 1512 1528 1072 2652 1324 1330 1424 1388 1024 1080 1580 1908 1272 1594 1258 1954 1172 1644 1346 702 1422 538 1340 888 812 1162 1806 1110 1304 1190 858 1522 1410 990 714 1080 1090 712 1344 1196 1778 686 2192 2316 1402 732 1068 1520 1152 1624 1674 0 1524 1072 1074 1340 612 1568 850 1444 1344 1508 890 1378 2260 1588 1144 1362 1468 1622 2004 794 738 1378 768 1250 1092 1258 1654 
1986 2082 2739 2397 2241 1324 1287 2967 1623 1776 2637 2474 2130 1394 2364 2142 1458 2625 1725 2010 2188 2730 1624 1944 2748 2136 2541 2280 1398 1388 936 1916 2760 2052 2535 2031 2318 716 2352 2163 1320 2052 1479 2154 1482 1764 1887 2724 2001 2100 2202 1623 2427 2265 801 1215 1764 1080 1218 2283 1110 1874 1365 2110 1884 2439 1770 1246 1744 1872 1902 2661 1524 0 1737 1755 2625 1455 2778 1098 1544 1620 1390 1479 2268 2670 2997 1502 2469 2817 582 1155 1617 1443 1671 1221 2019 1788 1706 2358 
1644 2576 1917 5042 2780 568 1152 2811 2255 4034 2214 1846 1980 1166 5456 2038 1358 2475 5523 6116 1784 2240 1506 5499 2648 3240 1407 2130 5351 632 1071 1188 2856 2536 2684 3762 1562 806 4459 3355 3588 4274 2943 2520 2210 2811 6048 2560 2212 3900 1995 2135 5950 2365 3301 3823 2690 1971 3368 4690 1245 1774 3497 1592 2835 2097 850 1064 1516 3034 1232 2385 1072 1737 0 5623 4291 1216 4869 2055 1440 1873 1480 1329 2710 1554 2145 1140 1044 1581 2319 2406 2370 1101 915 1146 2492 1632 1254 2475 
1218 1876 2232 5040 2088 908 1920 2292 2960 3408 2298 2186 1455 882 5676 1692 1008 1950 3500 4373 1850 2920 1174 4037 2298 2657 1917 1605 5602 972 1089 1404 2331 1836 2637 2712 1902 818 4515 2480 2610 3405 2680 2465 1345 3800 4040 2615 1732 2850 2545 1425 3029 1955 3180 1800 15 3699 1629 4074 1263 704 3420 1848 2334 1737 1825 888 1518 2793 1452 3310 1074 1755 5623 0 2409 1220 5497 1175 1094 2586 1128 804 2655 1500 1242 1142 2480 1062 2337 2910 2160 1104 1452 828 1792 1113 1256 1965 
1914 2964 1368 2972 3248 1224 2788 2334 3790 5040 3075 2502 2271 1434 5398 1650 1588 2766 4372 5162 1274 1932 1718 4574 2842 4367 2391 2421 4905 1288 1959 1844 3147 2924 3729 4127 2218 1398 3077 3840 3381 4999 2807 2560 2795 3766 4750 1165 2748 4035 3635 2805 3941 3375 4275 3309 1435 4739 3314 5173 2133 1284 3325 1318 1464 2499 2490 1332 1410 4237 1888 4500 1340 2625 4291 2409 0 1752 1897 2625 1674 3944 1708 1674 2370 920 372 1408 1320 192 2766 2193 3174 1503 2304 1548 2540 1983 1522 2801 
954 1656 1809 2300 1860 496 1232 2121 1884 2052 2034 1774 1290 706 1496 1578 898 1785 1180 1552 1712 2096 1064 1216 2188 1720 1299 1440 1668 560 789 1116 2058 1472 2330 1588 1490 618 2360 1764 180 1916 148 1752 848 696 1396 2684 1292 1680 1452 788 1908 1892 872 500 1232 956 496 1464 963 1314 444 1580 2778 1407 536 456 1056 1376 1160 2336 612 1455 1216 1220 1752 0 2124 476 980 1464 896 639 1828 1796 1686 532 1712 1506 1737 2310 576 411 1149 234 1572 942 794 1563 
1659 2288 1113 3224 3636 1296 2608 2079 3365 4026 2820 2574 2016 1368 7706 1480 1782 2259 4905 6778 1104 1592 1548 5322 2504 4842 2499 2166 5808 1360 2112 1752 2892 2584 3804 2700 2290 1412 2488 3415 5270 4489 5087 3695 3280 5625 4815 740 3204 2562 3440 3365 7023 4185 6355 5539 2570 5586 5548 5511 2286 1188 5753 864 1761 2841 2670 1338 956 5476 1810 3365 1568 2778 4869 5497 1897 2124 0 2992 1868 3551 1778 1965 3505 826 1053 1594 412 489 3063 2490 2691 1845 2007 1557 1632 2274 1610 2364 
1260 1776 2157 3051 1988 734 1044 2217 1865 2239 2133 2012 1380 944 2592 1642 958 1875 1707 2182 1800 2572 1124 2112 2248 2392 1656 1530 1490 798 432 1354 2145 1588 2539 2217 1728 380 3080 2437 614 2552 949 2422 1302 1592 1977 3572 1768 2332 2494 1749 2295 2607 495 857 1190 960 862 2219 606 1174 1319 1378 2982 1764 1434 514 1294 1952 1398 3171 850 1098 2055 1175 2625 476 2992 0 1044 1883 658 729 2612 1946 1947 770 1828 1767 1680 2253 1109 768 1167 123 1692 1038 1032 1260 
1264 1312 1862 1634 1414 1328 1334 1898 1558 1510 1984 2606 1344 1472 1580 2062 1382 1674 1074 1260 2224 1844 1548 1236 2672 1344 1698 1444 1408 1392 1100 1856 1928 1292 1614 1278 2322 1192 1664 1366 896 1442 906 1360 908 1180 1182 1852 1478 1324 1392 1226 1542 1430 1010 734 1100 1196 732 1538 1216 1798 1054 2386 2634 1770 1100 1262 1888 1172 1826 1698 1444 1544 1440 1094 1674 980 1868 1044 0 1538 1702 734 1436 2594 1922 1512 1662 1802 1932 2314 1094 1106 1572 962 1270 1112 1626 1848 
1935 2764 2757 4072 2976 1212 1740 2958 2935 3182 2655 2486 2121 1438 3668 2136 1452 2616 2860 3335 2200 3528 1302 3177 2742 2657 2373 2271 2581 1276 954 1832 2778 2576 3519 3370 2206 728 4027 2958 1605 2844 2015 2130 2455 2668 3130 4250 2756 3445 3613 2815 1861 2528 1586 2010 2577 1979 2015 3135 510 1706 2385 2122 2169 1896 2468 1008 1788 2600 1876 4056 1344 1620 1873 2586 3944 1464 3551 1883 1538 0 1402 1470 1940 2198 2727 1264 2332 2547 2013 1440 2100 1509 51 1062 2680 1779 1526 2376 
