0 642 1230 888 1932 1476 1731 1158 1584 939 1164 1701 1678 264 1221 1558 1030 1125 190 1977 1182 1311 1908 42 1748 765 1377 680 1359 1257 1656 648 2721 1872 1197 1524 1556 1122 933 1635 1089 1749 843 1299 1368 1254 447 1215 1257 1593 1821 363 1104 894 1521 1107 1227 1671 1104 696 1830 1516 621 2151 1737 1695 1134 1092 1248 1581 1648 850 924 1986 1096 1218 1914 954 1575 1311 2184 1935 1262 1371 1413 1876 2286 1752 1659 2106 2025 2466 1227 466 1256 792 1584 1674 1282 2415 
642 0 1869 3563 2240 1164 2484 990 1776 1374 4018 1059 1324 636 3038 1768 1402 933 238 2300 1608 1950 1269 1400 1620 3087 2625 252 2583 1704 1527 1020 2184 1230 2340 1764 1610 954 3668 1573 3843 3587 3269 2476 2160 3300 455 3534 2420 1268 3939 1842 3878 2688 3920 3647 2975 4571 3640 2926 1971 1888 2751 2532 3521 3004 2510 1464 1620 5045 1736 1222 1568 2463 1344 4144 5109 1512 3087 3175 2576 4139 1634 1827 3367 1708 2451 1902 1407 2516 2583 2238 3570 838 1628 1164 2220 2130 1654 2884 
1230 1869 0 342 2763 1509 1764 1100 2244 2166 2220 2928 2114 1082 1887 1194 1848 2352 1008 2583 506 765 2703 1269 2566 1992 1983 1498 2019 1605 2073 1466 3381 2913 2424 2067 2000 1474 387 2430 1944 2316 1698 2409 2154 1287 1674 669 2484 2136 1635 1590 2331 2121 1938 1926 2229 1659 1929 1923 2247 1338 1848 2409 1770 2922 1407 1662 1698 2127 1524 1420 2115 2739 1278 2238 1368 1809 1113 2166 1722 2757 2080 2190 2523 1568 1740 1692 1422 1560 3072 2499 2082 1284 1872 1362 1122 2499 1852 3216 
888 3563 342 0 3291 1632 2032 872 2536 3648 4781 2586 1886 854 4306 966 1620 2010 780 2988 590 423 2361 2163 2338 3850 4011 1270 4085 1728 1731 1238 3039 2757 2776 3714 1954 1246 105 2784 4287 4826 4032 2912 3020 3290 3108 654 2856 2392 2586 2496 4641 3558 3724 3832 3145 3073 3837 3689 1905 1110 3514 2756 4417 3440 2550 1584 1470 5232 1296 1320 4149 2397 1360 4493 3029 1839 2313 3155 1840 4150 1852 1848 3880 1340 1398 1350 1080 1624 2910 2622 3918 1056 1644 1284 1300 2157 1872 3832 
1932 2240 2763 3291 0 1917 2568 1850 3016 2636 2660 2739 1964 1488 2180 648 1332 2223 1098 2744 2204 2745 2949 2520 2480 1756 1944 1372 2716 2013 1575 1458 3192 2238 3361 2456 1832 1142 3261 3674 1692 3588 1712 2620 1716 2260 1980 3044 2856 2548 2684 2352 2596 1928 1920 1368 2100 2292 1364 2976 1749 1748 2008 4080 2904 3440 2100 1212 1838 2244 1776 1076 2616 2241 1390 2088 3248 1395 2452 2070 2828 2976 1652 1290 2772 2052 2808 2193 2148 3504 2823 2907 2088 1056 1522 912 2440 1593 1576 3596 
1476 1164 1509 1632 1917 0 699 1766 1602 1851 1155 1917 1878 1054 378 1926 1246 2097 1014 1155 1512 1272 2094 1434 2396 1380 555 1028 1782 540 1320 620 2802 1848 1605 1713 994 972 1587 2214 879 2100 633 1344 726 222 1359 1869 1485 1782 789 1113 1788 1509 1185 897 1371 906 894 1842 1494 1612 855 1587 705 1872 342 952 1404 1062 960 710 1440 1986 568 1362 1836 744 1710 1101 1785 1842 1392 1161 1458 1966 2208 1542 1869 1977 2007 1434 1017 622 1262 652 1701 1464 1142 2307 
1731 2484 1764 2032 2568 699 0 1888 1204 1948 1800 2424 1880 1224 1436 1922 1248 2505 1286 2472 1606 1527 1395 2252 2628 2428 1672 1494 1444 795 621 1086 2445 1758 2480 2288 1460 506 1972 2285 1052 2316 1184 2132 1556 636 2356 2468 2320 2380 1392 1824 2780 2532 648 1200 1932 276 1204 2336 795 1664 1480 2456 1280 2836 796 892 1574 1756 1130 756 2260 1287 738 1920 2788 924 2284 1044 2668 1740 1180 1164 2284 1968 2463 1722 1938 2976 1869 1689 1448 792 904 592 2272 1473 1312 2724 
1158 990 1100 872 1850 1766 1888 0 1618 1188 1878 1696 2314 1366 1598 1838 2132 1352 968 1880 1462 1154 1836 1130 2350 1612 1480 1242 1468 1932 1748 1750 2376 1810 1900 1578 2340 1684 902 1696 1828 1772 1664 1968 1594 1720 860 1090 1940 1624 1734 1344 1838 1626 1838 1772 1920 1750 1770 1566 2044 1982 1516 1996 1736 2232 1800 2194 2342 2156 2168 1952 1178 2372 2140 1914 1556 1738 1386 1976 1792 2384 2364 1948 2044 2212 1804 1772 1592 1684 2452 2222 1920 1568 2358 1894 1392 2150 2384 2172 
1584 1776 2244 2536 3016 1602 1204 1618 0 1808 2404 2391 2104 1142 2468 2156 1472 1875 866 1960 1858 2325 1470 2056 2056 1500 2232 1140 300 1698 957 1602 1587 2247 3455 2736 1976 366 2596 1596 1704 1444 1832 2900 2004 1840 1516 2100 2852 2828 2596 1660 2340 1672 1096 1648 2380 928 1652 2848 1131 1888 2004 3660 2484 3216 2000 1218 1836 2524 1732 1082 2152 1623 1340 2368 3032 1413 2692 1492 3116 2188 1404 1500 3052 2172 2646 2211 2328 3288 2205 2592 2100 1054 1128 828 2704 1809 1636 3172 
939 1374 2166 3648 2636 1851 1948 1188 1808 0 4038 1746 1782 834 3198 1966 1574 1230 436 1752 1806 2247 1956 1794 1818 3240 2844 710 2808 2100 840 1218 2766 1917 2736 3138 1808 832 3738 2489 3334 4086 3336 2616 2655 3564 984 4128 2816 2184 4698 2436 3918 3282 2634 3092 3278 3040 3094 2718 1284 1990 2952 2928 3612 3400 3170 1362 1818 4224 2000 1226 1938 1776 1608 3954 4881 1629 3240 2418 2972 3322 1506 1653 3606 1906 2748 2199 1704 2912 2358 2535 3822 1036 1230 930 2715 1962 1822 3280 
1164 4018 2220 4781 2660 1155 1800 1878 2404 4038 0 1074 1642 984 3675 1978 1714 2205 910 2804 1956 1983 1332 2618 2468 1855 3576 1160 3757 615 1971 1368 2940 2559 3036 4720 1764 1268 4886 1412 3878 2205 3478 2740 2220 2773 3563 4752 2928 3040 3298 2886 2809 1098 4363 3734 2855 3858 3727 4144 2001 1852 3744 3064 3900 2820 1755 1426 1878 4353 1434 1184 4676 2637 1042 4135 5961 1455 5012 3234 3328 3555 1866 1863 3760 2258 2919 2253 2457 3584 2718 2145 3593 1096 1220 1126 3595 1950 1616 4024 
1701 1059 2928 2586 2739 1917 2424 1696 2391 1746 1074 0 2030 1342 1539 2474 1848 1992 944 1962 2314 3009 2328 1659 2326 1752 1362 958 2166 1689 2349 1394 3243 2289 2814 1941 1768 1658 2631 2118 2043 2019 2058 2565 1533 2007 1254 2676 2874 2010 2574 1980 2124 1623 2214 1800 2349 2493 1797 2313 2523 2264 2238 2958 2490 3189 2127 1728 2326 2457 2150 1592 1731 3015 1758 2340 3138 2169 2382 2265 2895 2955 2168 2064 2679 2414 3510 2961 2466 2946 3597 3219 2340 1544 1936 1428 2391 2367 2092 3222 
1678 1324 2114 1886 1964 1878 1880 2314 2104 1782 1642 2030 0 1886 1690 2612 1928 1946 1562 1972 2476 1604 2170 1650 2944 1362 1572 1576 1954 1942 1646 2058 2724 2088 2160 736 2432 1738 1856 2030 1442 2106 1456 1828 1458 1730 1454 1932 2028 782 1938 1776 942 1276 1556 1280 1384 1742 1282 2084 1762 2094 1604 2500 2052 1652 1650 1808 2438 1640 2372 1672 1772 2090 1990 1390 1958 1530 1636 1590 2014 1496 2248 1456 1904 2462 2206 2022 1842 2086 2478 2456 1640 1656 1462 1508 1642 1662 2176 2394 
264 636 1082 854 1488 1054 1224 1366 1142 834 984 1342 1886 0 1022 1820 1238 958 398 1460 1444 1136 1480 236 1956 718 1060 888 992 1046 1174 856 1900 1442 1006 1224 1764 1208 884 1298 796 1374 632 1074 982 906 506 1072 908 1270 1284 312 944 804 1084 808 888 1184 806 672 1290 1586 484 1642 1228 1200 826 1162 1318 1246 1718 920 824 1394 1166 882 1434 706 1258 944 1538 1438 1332 984 1150 2084 1682 1238 1314 1562 1420 1714 888 536 1464 862 1264 1186 1352 1748 
1221 3038 1887 4306 2180 378 1436 1598 2468 3198 3675 1539 1690 1022 0 1738 1058 1845 846 1036 1764 1650 2472 3144 2228 2536 472 1120 4559 918 1164 368 2781 1827 2596 2862 742 868 4381 3159 2421 5320 2374 1368 580 2284 2952 2982 2308 2000 2420 2598 3760 2262 2922 1860 1940 3448 1852 4472 1338 1474 2966 2620 3572 2892 1200 938 1564 2968 1212 802 4224 1830 820 3275 4742 984 3977 1964 2280 3035 1378 879 2231 1778 2397 1782 1737 2956 2385 1812 2310 782 1248 638 2365 1182 1302 3048 
1558 1768 1194 966 648 1926 1922 1838 2156 1966 1978 2474 2612 1820 1738 0 1980 2130 1746 2020 1556 1188 2540 1584 3128 1526 1620 2020 2006 1990 1698 2106 2776 2140 2212 1876 2480 1790 936 2358 1494 2282 1504 1958 1506 1778 1638 1184 2076 1922 1768 1798 1946 1612 1608 1332 1698 1784 1330 2020 1814 2076 1652 2344 2100 2368 1698 1860 2436 1770 2202 1724 1956 2142 2038 1692 1650 1578 1480 1642 1886 2136 2300 1508 2034 2306 1898 1866 1686 1778 2530 2586 1692 1704 2170 1560 1486 1710 2224 2446 
1030 1402 1848 1620 1332 1246 1248 2132 1472 1574 1714 1848 1928 1238 1058 1980 0 1724 1164 1340 2210 1798 2016 1002 2722 1262 940 1654 1322 1310 1014 1426 2092 1456 232 1192 1212 1106 1650 1834 810 1758 824 1274 826 1098 1272 1486 1396 1238 1306 1144 1456 1348 924 648 1014 1110 650 1438 1130 1712 972 2008 1420 1688 1018 1176 1806 1086 1740 1040 1362 1458 1358 1008 1588 898 1190 958 1382 1452 1616 824 1350 2016 1836 1430 1396 1716 1846 1906 1008 1024 1486 876 1184 1030 1544 1762 
1125 933 2352 2010 2223 2097 2505 1352 1875 1230 2205 1992 1946 958 1845 2130 1724 0 600 2268 1930 2433 2202 1083 998 1806 1668 874 1650 2298 2070 1342 3000 2163 2238 1815 1972 1316 2055 1992 2130 2106 1884 2340 1839 2028 738 2310 2298 1884 2595 1404 2145 1887 2205 2106 2268 2484 2103 1737 2514 2210 1662 2442 2052 2736 2148 1786 1942 2622 2164 1544 1215 3006 1772 2259 2622 1995 1866 2352 2475 2976 1956 2370 2454 2070 2994 2445 1950 2430 3066 2781 2268 1160 1950 1486 1875 2673 1976 2706 
190 238 1008 780 1098 1014 1286 968 866 436 910 944 1562 398 846 1746 1164 600 0 1128 1370 1062 1084 162 1598 644 728 490 716 972 996 782 1624 1058 932 826 1588 932 810 944 860 1020 696 1000 842 968 108 998 972 872 1346 376 870 730 1086 872 952 1248 870 598 1292 1650 548 1244 984 1264 890 1226 1382 1188 1780 984 426 1458 1230 946 1364 770 860 1008 1266 1424 1396 1048 1076 1686 1612 1246 916 1236 1484 1470 952 600 1390 926 866 1250 1416 1420 
1977 2300 2583 2988 2744 1155 2472 1880 1960 1752 2804 1962 1972 1460 1036 2020 1340 2268 1128 0 2084 2427 2490 2580 2510 1900 800 1402 1660 1695 1587 886 2607 2250 3278 2472 1260 1046 3048 2956 1708 2804 1728 2404 1028 1836 2040 2552 2872 2564 2464 2296 2740 2072 1936 1384 2116 2308 1380 2992 1761 1756 2024 3656 2480 3456 1996 1220 1846 2260 1666 1084 2676 2253 1338 2104 3264 1407 2468 2086 2844 2992 1660 1302 2556 2060 2820 2205 2160 3520 2835 2589 2104 1064 1530 920 2456 1605 1584 3612 
1182 1608 506 590 2204 1512 1606 1462 1858 1806 1956 2314 2476 1444 1764 1556 2210 1930 1370 2084 0 872 2164 1208 2928 1690 1684 1860 1708 1576 1744 1828 2616 2428 1978 1740 2506 1836 620 1982 1802 1906 1638 2046 1798 1364 1478 808 2018 1786 1452 1422 1916 1776 1654 1646 1848 1468 1648 1644 1860 1700 1594 1968 1686 2310 1444 2168 2060 1924 1886 1910 1772 2188 1784 1854 1274 1712 1104 1852 1510 2200 2442 1822 2122 1930 1522 1490 1310 1402 2530 2172 1878 1646 2234 1868 1110 2028 2358 2506 
1311 1950 765 423 2745 1272 1527 1154 2325 2247 1983 3009 1604 1136 1650 1188 1798 2433 1062 2427 872 0 2784 1350 2620 2073 1827 1552 2100 1368 2064 1468 3462 2676 2433 1302 1842 1468 378 2511 1707 2397 1461 2172 1986 1050 1755 750 2313 1371 1617 1671 2412 2202 1929 1725 2199 1650 1722 2004 2238 1392 1683 2415 1533 2700 1170 1504 1752 1890 1512 1262 2196 2730 1120 2190 1449 1572 1194 1929 1803 2670 1944 1989 2286 1622 1821 1773 1503 1641 2835 2262 1845 1174 1814 1204 1203 2292 1694 3135 
1908 1269 2703 2361 2949 2094 1395 1836 1470 1956 1332 2328 2170 1480 2472 2540 2016 2202 1084 2490 2164 2784 0 1866 2466 2010 2394 636 1245 1947 1773 1864 2607 2499 3021 2151 2390 1046 2406 273 2157 387 2283 1815 2319 1872 1464 2034 1995 2220 2439 2187 2382 1881 1638 2052 2601 1602 2055 1212 1443 2248 2445 2886 2355 1716 1992 1804 2016 2097 2060 1668 1941 2439 1668 2592 2733 2292 1590 1935 2199 1953 1948 2316 1929 1886 3105 2169 1899 2925 3021 3084 2454 1682 1336 1372 1599 2625 2242 3195 
42 1400 1269 2163 2520 1434 2252 1130 2056 1794 2618 1659 1650 236 3144 1584 1002 1083 162 2580 1208 1350 1866 0 1720 1687 4005 652 4390 1215 1614 620 2679 1830 1540 2964 1528 1094 2268 2124 6549 4223 3861 1676 2210 7064 4238 2508 1620 2068 3558 642 4248 1704 5685 6007 1975 4387 3186 1744 1788 1488 3977 2812 4520 2204 1820 1064 1220 3713 1620 822 2352 1944 1068 4026 4574 912 8506 2453 2856 3233 1234 1329 2367 1848 2325 1710 1617 2796 1983 2424 2370 438 1228 764 2570 1632 1254 3164 
1748 1620 2566 2338 2480 2396 2628 2350 2056 1818 2468 2326 2944 1956 2228 3128 2722 998 1598 2510 2928 2620 2466 1720 0 2202 2110 1872 1906 2530 2378 2340 998 1634 2490 2208 2970 2122 2368 2326 2280 2402 2254 2558 2224 2350 1490 2538 2530 2254 2728 1934 2428 2256 2304 2402 2510 2490 2400 2156 2510 3208 2106 2626 2366 2822 2430 2646 2940 2746 3162 2510 1808 2838 2770 2504 2746 2328 2242 2428 2648 2850 2954 2578 2634 3068 2994 2628 2298 2618 3042 2852 2478 2158 2884 2346 2248 2780 2974 2802 
765 3087 1992 3850 1756 1380 2428 1612 1500 3240 1855 1752 1362 718 2536 1526 1262 1806 644 1900 1690 2073 2010 1687 2202 0 2123 1134 2100 1293 1470 1036 2262 2133 2504 3474 1410 816 3955 2316 2738 3832 2773 2480 1090 3717 2632 3954 2584 2408 3816 2088 1855 258 3137 2171 2155 3788 2164 3213 1644 1572 3038 3776 4844 2260 2450 1142 1702 3704 1706 1006 3745 2136 1032 3091 5102 1290 4068 2474 2688 2879 1582 1185 3412 1982 2526 2088 2043 3128 2706 2802 2922 920 940 842 2875 1488 1506 3456 
1377 2625 1983 4011 1944 555 1672 1480 2232 2844 3576 1362 1572 1060 472 1620 940 1668 728 800 1684 1827 2394 4005 2110 2123 0 1002 4701 1095 987 486 2604 1650 2478 2508 860 750 4086 2923 2545 4907 2416 1604 285 2771 2790 2628 2072 1764 2496 2244 4497 1908 3148 1990 1645 3126 1981 4438 1161 1356 3062 2856 3690 2656 1495 820 1446 2555 1266 684 3752 1653 938 3560 4329 807 4091 1669 2044 2740 1260 702 2408 1660 2220 1605 1560 2720 2235 1989 1956 664 1130 520 2070 1005 1184 2812 
680 252 1498 1270 1372 1028 1494 1242 1140 710 1160 958 1576 888 1120 2020 1654 874 490 1402 1860 1552 636 652 1872 1134 1002 0 990 1388 1270 1272 1708 1072 1422 840 1862 1206 1300 454 1350 530 1186 1482 1116 1176 382 1430 1462 886 1554 866 1360 1148 1360 1294 1442 1546 1292 1080 1234 2140 1038 1518 1258 1416 1256 1716 1872 1670 1988 1474 700 1894 1596 1436 1638 1260 1134 1498 1540 1574 1886 1470 1558 1960 1886 1520 1190 1510 1974 1744 1442 1090 1608 1416 1140 1672 1906 1694 
1359 2583 2019 4085 2716 1782 1444 1468 300 2808 3757 2166 1954 992 4559 2006 1322 1650 716 1660 1708 2100 1245 4390 1906 2100 4701 990 0 1878 732 1452 1362 2085 3155 3654 1826 216 4160 1296 4218 2002 4550 2600 2130 5428 3040 2700 2552 2528 3996 2040 6024 2058 2794 4174 2600 2366 3645 5156 906 1738 4406 3488 5562 2916 2610 1110 1686 4093 1766 974 3704 1398 1384 5602 4905 1251 6000 1490 2816 2581 1254 1275 3524 2022 2421 2049 2103 2988 1980 2553 2964 904 978 678 3005 1584 1570 2872 
1257 1704 1605 1728 2013 540 795 1932 1698 2100 615 1689 1942 1046 918 1990 1310 2298 972 1695 1576 1368 1947 1215 2530 1293 1095 1388 1878 0 1416 980 2898 1944 1701 1809 1354 1036 1683 1674 975 1560 729 1440 1254 318 1608 2055 1581 1878 885 1209 1665 1164 1281 993 1467 1002 990 1869 1590 1676 951 1683 801 1968 438 1016 1468 1158 1024 774 1536 2082 632 1458 1932 840 1806 1197 1881 1938 1456 1257 1554 2030 2304 1638 1965 2073 2103 1530 1113 686 1326 716 1797 1560 1206 2403 
1656 1527 2073 1731 1575 1320 621 1748 957 840 1971 2349 1646 1174 1164 1698 1014 2070 996 1587 1744 2064 1773 1614 2378 1470 987 1270 732 1416 0 1144 2094 1623 1869 1365 1518 272 1686 1500 654 1386 813 1488 816 1098 1332 1806 1671 1434 1536 1293 1761 1599 135 549 1098 414 552 1617 444 1430 1035 2463 1581 2109 1104 802 1524 1206 1458 666 1620 936 1076 1089 1959 789 1362 432 1650 954 946 813 1602 1734 2331 1587 1671 2151 1518 2091 951 742 670 370 1353 1122 1262 1692 
648 1020 1466 1238 1458 620 1086 1750 1602 1218 1368 1394 2058 856 368 2106 1426 1342 782 886 1828 1468 1864 620 2340 1036 486 1272 1452 980 1144 0 2222 1586 1390 1322 1110 1236 1268 1682 940 1758 950 1052 600 768 890 1362 1430 1368 1146 834 1308 1122 1054 778 1144 1224 776 1056 1260 1842 1006 1678 1090 1722 848 1306 1840 1216 1580 1170 1208 1588 1188 1138 1718 1024 1320 1088 1508 1582 1746 954 1128 2146 1966 1556 1526 1846 1942 1576 1138 1058 1616 1006 1314 1156 1670 1892 
2721 2184 3381 3039 3192 2802 2445 2376 1587 2766 2940 3243 2724 1900 2781 2776 2092 3000 1624 2607 2616 3462 2607 2679 998 2262 2604 1708 1362 2898 2094 2222 0 954 3486 2982 2596 1124 3084 2334 1923 2220 2169 3105 2433 2580 2274 2712 3027 3051 3147 2382 2892 2391 1959 2166 2715 2238 2169 2886 2268 2508 2391 3945 3063 3465 2460 1648 2428 2823 2532 1512 2751 2760 1980 2706 3372 2058 2979 2145 3267 2778 2088 2430 3219 2812 3744 2856 3072 3564 3342 3792 2220 1646 1886 1348 2970 2739 2166 3351 
1872 1230 2913 2757 2238 1848 1758 1810 2247 1917 2559 2289 2088 1442 1827 2140 1456 2163 1058 2250 2428 2676 2499 1830 1634 2133 1650 1072 2085 1944 1623 1586 954 0 2532 2028 1960 1174 2802 2289 969 2403 1215 2151 1479 1626 1425 2469 2073 2097 2193 1695 2265 2262 1488 1212 1761 1551 1215 1932 1797 1872 1437 2991 2109 2511 1506 1012 1792 1869 1896 876 1902 2289 1344 1752 2418 1104 2025 1191 2313 1932 1452 1476 2265 2176 2790 1902 2118 2610 2841 2838 1266 1010 1322 712 2016 1785 1530 2397 
1197 2340 2424 2776 3361 1605 2480 1900 3455 2736 3036 2814 2160 1006 2596 2212 232 2238 932 3278 1978 2433 3021 1540 2490 2504 2478 1422 3155 1701 1869 1390 3486 2532 0 3015 980 1338 2836 3664 2243 3816 2182 3063 2360 1844 2080 3212 3160 3107 2600 1968 2956 2676 2516 2006 2649 2702 2008 2412 2043 1944 2312 3664 2488 3744 2004 1408 1990 2718 1734 1272 2716 2535 1342 2637 3729 1695 3029 2621 3403 3527 1848 1584 3215 2248 3102 2493 2442 3968 3117 2595 2586 1208 1718 1108 3023 1893 1776 4147 
1524 1764 2067 3714 2456 1713 2288 1578 2736 3138 4720 1941 736 1224 2862 1876 1192 1815 826 2472 1740 1302 2151 2964 2208 3474 2508 840 3654 1809 1365 1322 2982 2028 3015 0 1696 1002 3684 2749 2118 4536 2160 2340 1805 2982 2154 3674 2584 92 3606 3120 2841 3622 2460 1632 2275 3018 1638 4044 1539 1608 2604 3528 3948 3152 2285 1072 1702 2946 1636 936 3108 2031 1254 2712 4452 1191 2793 2299 2556 3370 1512 1080 3272 1726 2598 1929 1659 3224 2613 2703 2712 920 1382 772 2265 1389 1440 3316 
1556 1610 2000 1954 1832 994 1460 2340 1976 1808 1764 1768 2432 1764 742 2480 1212 1972 1588 1260 2506 1842 2390 1528 2970 1410 860 1862 1826 1354 1518 1110 2596 1960 980 1696 0 1610 1984 2316 1314 2262 1324 1426 974 1142 1480 1736 1896 1742 1520 1608 1682 1496 1428 1152 1518 1598 1150 1828 1634 2216 1472 2052 1464 2188 1222 1680 2306 1590 1954 1544 1798 1962 1562 1512 2092 1398 1694 1462 1882 1956 2120 1328 1502 2520 2340 1930 1900 2220 2332 1950 1512 1524 1990 1380 1688 1530 2044 2266 
1122 954 1474 1246 1142 972 506 1684 366 832 1268 1658 1738 1208 868 1790 1106 1316 932 1046 1836 1468 1046 1094 2122 816 750 1206 216 1036 272 1236 1124 1174 1338 1002 1610 0 1216 864 528 788 634 1084 636 824 824 1116 1206 1048 1116 896 1236 902 182 458 824 368 460 1170 388 1522 782 1734 1146 1498 828 894 1616 896 1550 758 1142 716 1168 818 1398 618 1000 380 1192 728 1038 634 1160 1826 1646 1150 1206 1526 1104 1486 726 834 762 462 994 840 1354 1220 
933 3668 387 105 3261 1587 1972 902 2596 3738 4886 2631 1856 884 4381 936 1650 2055 810 3048 620 378 2406 2268 2368 3955 4086 1300 4160 1683 1686 1268 3084 2802 2836 3684 1984 1216 0 2844 4326 4931 4137 2972 3095 3185 3213 744 2916 2332 2496 2586 4746 3648 3619 3913 3220 2968 3920 3794 1860 1140 3619 2816 4312 3500 2475 1602 1500 5172 1266 1350 4254 2352 1330 4598 3134 1884 2388 3080 1900 4099 1882 1893 3955 1370 1443 1395 1125 1684 2934 2577 4008 1086 1614 1302 1375 2202 1902 3892 
1635 1573 2430 2784 3674 2214 2285 1696 1596 2489 1412 2118 2030 1298 3159 2358 1834 1992 944 2956 1982 2511 273 2124 2326 2316 2923 454 1296 1674 1500 1682 2334 2289 3664 2749 2316 864 2844 0 2518 152 2724 2056 2728 2656 1833 2348 2296 2841 3116 2552 2812 2144 1820 2372 3104 2192 2376 1252 1170 2066 2896 3484 3300 1924 2816 1622 1834 2432 1992 1486 2469 2166 1748 3092 3280 2019 1756 2216 2568 2240 1766 2043 2208 1704 2832 1896 1626 3536 2748 3120 2914 1500 1154 1190 1768 2352 2082 3896 
1089 3843 1944 4287 1692 879 1052 1828 1704 3334 3878 2043 1442 796 2421 1494 810 2130 860 1708 1802 1707 2157 6549 2280 2738 2545 1350 4218 975 654 940 1923 969 2243 2118 1314 528 4326 2518 0 4314 1419 1576 850 4857 7718 3000 1472 1504 2448 1452 5184 2586 2271 1134 1320 1552 738 2568 828 1226 2746 2696 3127 2056 895 366 1146 2100 1250 230 2895 1320 698 2610 3381 135 6120 858 1792 1605 806 507 2230 1530 1821 933 1149 2188 1872 1869 594 364 676 66 1745 816 884 1904 
1749 3587 2316 4826 3588 2100 2316 1772 1444 4086 2205 2019 2106 1374 5320 2282 1758 2106 1020 2804 1906 2397 387 4223 2402 3832 4907 530 2002 1560 1386 1758 2220 2403 3816 4536 2262 788 4931 152 4314 0 4501 2208 3220 4606 3728 3294 2448 2952 4520 3756 4786 2988 2919 3885 3690 3570 3892 3435 1056 1990 4984 3332 5599 1772 3330 1546 1758 4778 1916 1410 4785 2052 1672 5145 5549 1905 2807 2580 2416 2999 1690 1929 3270 1628 2718 1782 1512 3384 2634 3006 4272 1476 1078 1114 2020 2238 2006 3744 
843 3269 1698 4032 1712 633 1184 1664 1832 3336 3478 2058 1456 632 2374 1504 824 1884 696 1728 1638 1461 2283 3861 2254 2773 2416 1186 4550 729 813 950 2169 1215 2182 2160 1324 634 4137 2724 1419 4501 0 1604 875 3060 4902 3042 1144 1532 1956 960 6014 2616 2515 1206 1355 2251 783 3306 987 1240 888 2368 2384 1728 485 530 982 2149 1086 288 2152 1479 534 2680 2807 111 4719 1118 1812 2015 970 528 2100 1544 1575 909 1236 1860 1626 1623 768 200 840 230 1780 831 720 2232 
1299 2476 2409 2912 2620 1344 2132 1968 2900 2616 2740 2565 1828 1074 1368 1958 1274 2340 1000 2404 2046 2172 1815 1676 2558 2480 1604 1482 2600 1440 1488 1052 3105 2151 3063 2340 1426 1084 2972 2056 1576 2208 1604 0 1608 1496 2216 2928 1848 2432 2252 1880 1772 2440 1804 1252 1984 2176 1256 804 1662 1690 1536 3316 2140 2968 1336 1154 1602 376 1560 1018 2680 2154 1008 1972 2048 1314 2336 1954 2720 1704 1594 1203 152 1822 1725 2112 2061 2304 2556 2334 1972 820 886 854 2324 1512 1522 3480 
1368 2160 2154 3020 1716 726 1556 1594 2004 2655 2220 1533 1458 982 580 1506 826 1839 842 1028 1798 1986 2319 2210 2224 1090 285 1116 2130 1254 816 600 2433 1479 2360 1805 974 636 3095 2728 850 3220 875 1608 0 1560 1835 2475 1844 1536 2090 1675 2140 1305 1135 445 1360 1600 440 2455 990 1242 1245 3068 2365 2428 1360 706 1332 1540 1270 570 2220 1482 884 1345 2795 636 1800 1384 1816 2455 1146 531 2355 1546 2049 1434 1389 2492 2064 2148 1345 550 1016 406 1785 834 1070 2584 
1254 3300 1287 3290 2260 222 636 1720 1840 3564 2773 2007 1730 906 2284 1778 1098 2028 968 1836 1364 1050 1872 7064 2350 3717 2771 1176 5428 318 1098 768 2580 1626 1844 2982 1142 824 3185 2656 4857 4606 3060 1496 1560 0 6880 3474 1684 2080 1134 1782 7373 3043 3741 4392 1915 2194 2196 4355 1272 1464 4581 1820 1288 2200 200 804 1256 2124 812 562 3248 1764 420 3800 3766 522 9196 1719 2084 2700 1244 939 2205 1818 1986 1320 1647 2340 1785 1212 1590 474 1114 504 2465 1242 994 2780 
447 455 1674 3108 1980 1359 2356 860 1516 984 3563 1254 1454 506 2952 1638 1272 738 108 2040 1478 1755 1464 4238 1490 2632 2790 382 3040 1608 1332 890 2274 1425 2080 2154 1480 824 3213 1833 7718 3728 4902 2216 1835 6880 0 3144 2160 1528 3714 1452 5990 2298 5568 6847 2650 4712 4163 2824 1776 1758 4784 2272 3504 2744 2350 1334 1490 4590 1672 1092 1272 2268 1280 5376 4654 1317 6016 2850 2316 3814 1504 1632 3042 1578 2256 1707 1212 2256 2388 2043 3180 708 1498 1034 1895 1935 1524 2624 
1215 3534 669 654 3044 1869 2468 1090 2100 4128 4752 2676 1932 1072 2982 1184 1486 2310 998 2552 808 750 2034 2508 2538 3954 2628 1430 2700 2055 1806 1362 2712 2469 3212 3674 1736 1116 744 2348 3000 3294 3042 2928 2475 3474 3144 0 3172 2300 2980 3150 4446 4212 3342 2514 2600 3288 2520 3522 1980 892 3486 2320 3570 3756 3020 1366 1252 3828 1410 1102 2892 2472 1548 3138 1398 1632 888 3034 1404 4105 1806 1521 3535 1122 1071 1023 753 1188 3054 2514 3264 1214 1676 1066 755 1830 1734 3396 
1257 2420 2484 2856 2856 1485 2320 1940 2852 2816 2928 2874 2028 908 2308 2076 1396 2298 972 2872 2018 2313 1995 1620 2530 2584 2072 1462 2552 1581 1671 1430 3027 2073 3160 2584 1896 1206 2916 2296 1472 2448 1144 1848 1844 1684 2160 3172 0 2676 2440 1192 2628 2756 2048 1496 1744 2248 1492 1044 1845 1570 848 3504 2328 2280 1532 1102 1258 2224 1654 860 2220 2001 1106 1732 2748 969 2580 1937 2956 2756 1272 1386 2000 2116 2433 1767 2094 3004 2040 2475 1656 476 1412 802 2568 1689 1292 3376 
1593 1268 2136 2392 2548 1782 2380 1624 2828 2184 3040 2010 782 1270 2000 1922 1238 1884 872 2564 1786 1371 2220 2068 2254 2408 1764 886 2528 1878 1434 1368 3051 2097 3107 92 1742 1048 2332 2841 1504 2952 1532 2432 1536 2080 1528 2300 2676 0 2496 2172 1640 2308 1732 1180 1912 2104 1184 2788 1608 1654 1828 3436 2724 3060 1920 1118 1748 2056 1682 982 2164 2100 1300 1900 3060 1260 1708 1882 2520 2758 1558 1149 2584 1680 2667 1860 1590 3316 2682 2772 1900 966 1340 818 1720 1458 1486 3408 
1821 3939 1635 2586 2684 789 1392 1734 2596 4698 3298 2574 1938 1284 2420 1768 1306 2595 1346 2464 1452 1617 2439 3558 2728 3816 2496 1554 3996 885 1536 1146 3147 2193 2600 3606 1520 1116 2496 3116 2448 4520 1956 2252 2090 1134 3714 2980 2440 2496 0 2916 4398 4074 2802 1974 2560 2502 1980 4374 1710 1722 2400 2576 2100 2956 1145 1182 1634 2814 434 940 3570 2202 798 3054 4332 1089 2300 2578 2172 3645 1622 1251 3150 1506 2535 1599 1329 3096 2352 1779 2724 852 1492 882 1685 1560 1372 3536 
363 1842 1590 2496 2352 1113 1824 1344 1660 2436 2886 1980 1776 312 2598 1798 1144 1404 376 2296 1422 1671 2187 642 1934 2088 2244 866 2040 1209 1293 834 2382 1695 1968 3120 1608 896 2586 2552 1452 3756 960 1880 1675 1782 1452 3150 1192 2172 2916 0 2766 2346 2316 1488 1440 2616 1482 1950 1467 1274 516 3008 2748 1776 1285 850 1006 2802 1406 608 2406 1623 854 1710 3366 591 3114 1918 2452 2815 1020 1008 2160 1864 2055 1389 1716 2500 1662 2103 1728 224 1160 550 2580 1311 1040 2872 
1104 3878 2331 4641 2596 1788 2780 1838 2340 3918 2809 2124 942 944 3760 1946 1456 2145 870 2740 1916 2412 2382 4248 2428 1855 4497 1360 6024 1665 1761 1308 2892 2265 2956 2841 1682 1236 4746 2812 5184 4786 6014 1772 2140 7373 5990 4446 2628 1640 4398 2766 0 1002 6049 5393 1105 5008 3863 4576 1341 1152 5436 4152 5994 1420 2945 1230 1740 2443 1900 1094 5184 2427 1280 3029 3941 1431 8804 2295 3084 2337 1576 1476 2589 1936 1896 2229 2334 2288 2763 2271 3186 958 520 930 3360 1785 1704 3516 
894 2688 2121 3558 1928 1509 2532 1626 1672 3282 1098 1623 1276 804 2262 1612 1348 1887 730 2072 1776 2202 1881 1704 2256 258 1908 1148 2058 1164 1599 1122 2391 2262 2676 3622 1496 902 3648 2144 2586 2988 2616 2440 1305 3043 2298 4212 2756 2308 4074 2346 1002 0 2928 2100 1940 3486 2094 3012 1773 1486 2862 3796 4009 2088 2665 1228 1788 3096 1792 1092 3252 2265 946 2346 4050 1419 3726 2689 2860 2836 1668 1314 3415 2068 2397 2217 2172 2956 2835 2694 3180 1006 854 928 3090 1401 1592 3628 
1521 3920 1938 3724 1920 1185 648 1838 1096 2634 4363 2214 1556 1084 2922 1608 924 2205 1086 1936 1654 1929 1638 5685 2304 3137 3148 1360 2794 1281 135 1054 1959 1488 2516 2460 1428 182 3619 1820 2271 2919 2515 1804 1135 3741 5568 3342 2048 1732 2802 2316 6049 2928 0 1518 1605 744 1251 4182 309 1340 3329 3104 3940 2632 1615 712 1434 2499 1368 576 3960 801 986 3180 4275 654 4611 495 2020 1586 856 678 2602 1644 2196 1452 1536 2688 1383 1956 1770 652 580 280 2030 987 1172 2076 
1107 3647 1926 3832 1368 897 1200 1772 1648 3092 3734 1800 1280 808 1860 1332 648 2106 872 1384 1646 1725 2052 6007 2402 2171 1990 1294 4174 993 549 778 2166 1212 2006 1632 1152 458 3913 2372 1134 3885 1206 1252 445 4392 6847 2514 1496 1180 1974 1488 5393 2100 1518 0 915 1848 9 3216 723 1064 2527 2720 3088 2080 925 528 1158 1533 1092 392 2856 1215 710 1800 3309 375 5277 939 1468 2010 968 264 1912 1368 1782 1173 1122 2136 1797 1887 1080 376 838 228 1340 573 896 2228 
1227 2975 2229 3145 2100 1371 1932 1920 2380 3278 2855 2349 1384 888 1940 1698 1014 2268 952 2116 1848 2199 2601 1975 2510 2155 1645 1442 2600 1467 1098 1144 2715 1761 2649 2275 1518 824 3220 3104 1320 3690 1355 1984 1360 1915 2650 2600 1744 1912 2560 1440 1105 1940 1605 915 0 2070 920 2925 1272 710 1725 3352 2720 2304 1840 894 1524 2010 1458 758 2700 1764 1076 15 1435 924 2270 1190 2200 2664 1134 813 2827 1494 1233 1722 1671 1404 2346 2361 1815 742 962 558 2255 1122 1262 2632 
1671 4571 1659 3073 2292 906 276 1750 928 3040 3858 2493 1742 1184 3448 1784 1110 2484 1248 2308 1468 1650 1602 4387 2490 3788 3126 1546 2366 1002 414 1224 2238 1551 2702 3018 1598 368 2968 2192 1552 3570 2251 2176 1600 2194 4712 3288 2248 2104 2502 2616 5008 3486 744 1848 2070 0 1856 4120 588 1526 2843 2732 3482 2832 1340 754 1534 3150 1268 618 4403 1080 876 3288 4739 717 4016 960 2392 1979 1042 957 3024 1830 2403 1515 1731 2964 1662 1896 1758 752 766 454 2495 1266 1272 2448 
1104 3640 1929 3837 1364 894 1204 1770 1652 3094 3727 1797 1282 806 1852 1330 650 2103 870 1380 1648 1722 2055 3186 2400 2164 1981 1292 3645 990 552 776 2169 1215 2008 1638 1150 460 3920 2376 738 3892 783 1256 440 2196 4163 2520 1492 1184 1980 1482 3863 2094 1251 9 920 1856 0 3224 726 1066 1449 2716 3080 2076 920 530 1156 1540 1094 394 2848 1218 708 1629 3314 372 2448 944 1464 2015 970 267 1915 1370 1785 1170 1125 2140 1800 1884 1086 374 840 230 1345 570 894 2232 
696 2926 1923 3689 2976 1842 2336 1566 2848 2718 4144 2313 2084 672 4472 2020 1438 1737 598 2992 1644 2004 1212 1744 2156 3213 4438 1080 5156 1869 1617 1056 2886 1932 2412 4044 1828 1170 3794 1252 2568 3435 3306 804 2455 4355 2824 3522 1044 2788 4374 1950 4576 3012 4182 3216 2925 4120 3224 0 1791 1868 3288 3484 5643 3076 2500 1008 1656 2195 1892 872 4096 2283 1340 4656 5264 1098 3512 2463 2568 3150 1448 1470 1713 1704 2328 1896 1626 3108 2637 2832 2520 874 1288 708 2210 1779 1526 3188 
1830 1971 2247 1905 1749 1494 795 2044 1131 1284 2001 2523 1762 1290 1338 1814 1130 2514 1292 1761 1860 2238 1443 1788 2510 1644 1161 1234 906 1590 444 1260 2268 1797 2043 1539 1634 388 1860 1170 828 1056 987 1662 990 1272 1776 1980 1845 1608 1710 1467 1341 1773 309 723 1272 588 726 1791 0 1546 1209 2637 1755 2283 1278 918 1640 1380 1574 782 1794 1110 1192 1263 2133 963 1536 606 1824 510 1062 987 1674 1850 2505 1761 1845 2325 1692 1950 1125 858 374 486 1527 1296 1378 1866 
1516 1888 1338 1110 1748 1612 1664 1982 1888 1990 1852 2264 2094 1586 1474 2076 1712 2210 1650 1756 1700 1392 2248 1488 3208 1572 1356 2140 1738 1676 1430 1842 2508 1872 1944 1608 2216 1522 1140 2066 1226 1990 1240 1690 1242 1464 1758 892 1570 1654 1722 1274 1152 1486 1340 1064 710 1526 1066 1868 1546 0 1388 2052 1786 1862 1434 1592 2144 1502 2156 1456 1778 1874 1774 704 1284 1314 1188 1174 1594 1706 1832 1240 1766 2014 1532 1574 1394 1412 2262 2272 1424 1440 1672 1256 1194 1446 1960 2014 
621 2751 1848 3514 2008 855 1480 1516 2004 2952 3744 2238 1604 484 2966 1652 972 1662 548 2024 1594 1683 2445 3977 2106 3038 3062 1038 4406 951 1035 1006 2391 1437 2312 2604 1472 782 3619 2896 2746 4984 888 1536 1245 4581 4784 3486 848 1828 2400 516 5436 2862 3329 2527 1725 2843 1449 3288 1209 1388 0 2664 2976 1432 855 678 834 2667 1234 436 2744 1365 682 3420 3325 333 6311 1488 2108 2385 848 750 1730 1692 1797 1131 1458 2156 1404 1845 1212 52 988 378 2150 1053 868 2528 
2151 2532 2409 2756 4080 1587 2456 1996 3660 2928 3064 2958 2500 1642 2620 2344 2008 2442 1244 3656 1968 2415 2886 2812 2626 3776 2856 1518 3488 1683 2463 1678 3945 2991 3664 3528 2052 1734 2816 3484 2696 3332 2368 3316 3068 1820 2272 2320 3504 3436 2576 3008 4152 3796 3104 2720 3352 2732 2716 3484 2637 2052 2664 0 1176 2732 1980 1714 1820 2940 1722 1472 1636 2766 1330 3340 3128 1887 1728 2756 2540 3980 2036 2304 3468 1690 2718 1875 1605 2872 2184 1611 2880 1384 2024 1414 1740 2607 1904 1076 
1737 3521 1770 4417 2904 705 1280 1736 2484 3612 3900 2490 2052 1228 3572 2100 1420 2052 984 2480 1686 1533 2355 4520 2366 4844 3690 1258 5562 801 1581 1090 3063 2109 2488 3948 1464 1146 4312 3300 3127 5599 2384 2140 2365 1288 3504 3570 2328 2724 2100 2748 5994 4009 3940 3088 2720 3482 3080 5643 1755 1786 2976 1176 0 1556 1005 1126 1578 3251 1134 884 2232 1884 742 4328 3838 1005 3808 2524 1440 3505 1566 1422 3010 1720 1836 1803 1650 1696 1302 729 2556 796 1436 826 2220 1725 1316 2252 
1695 3004 2922 3440 3440 1872 2836 2232 3216 3400 2820 3189 1652 1200 2892 2368 1688 2736 1264 3456 2310 2700 1716 2204 2822 2260 2656 1416 2916 1968 2109 1722 3465 2511 3744 3152 2188 1498 3500 1924 2056 1772 1728 2968 2428 2200 2744 3756 2280 3060 2956 1776 1420 2088 2632 2080 2304 2832 2076 3076 2283 1862 1432 2732 1556 0 2116 1394 1550 2816 1912 1152 2672 2439 1398 2316 3332 1407 3164 2521 2996 2731 1564 1824 2816 2408 2871 2205 2532 3252 2469 1896 2240 768 1230 1094 3152 2127 1584 3808 
1134 2510 1407 2550 2100 342 796 1800 2000 3170 1755 2127 1650 826 1200 1698 1018 2148 890 1996 1444 1170 1992 1820 2430 2450 1495 1256 2610 438 1104 848 2460 1506 2004 2285 1222 828 2475 2816 895 3330 485 1336 1360 200 2350 3020 1532 1920 1145 1285 2945 2665 1615 925 1840 1340 920 2500 1278 1434 855 1980 1005 2116 0 724 1176 1200 892 482 1830 1770 340 1825 2490 402 2280 1603 2200 2500 1164 819 2005 1738 1866 1200 1527 2248 1905 1332 1125 394 1034 424 2265 1122 914 2620 
1092 1464 1662 1584 1212 952 892 2194 1218 1362 1426 1728 1808 1162 938 1860 1176 1786 1226 1220 2168 1504 1804 1064 2646 1142 820 1716 1110 1016 802 1306 1648 1012 1408 1072 1680 894 1602 1622 366 1546 530 1154 706 804 1334 1366 1102 1118 1182 850 1230 1228 712 528 894 754 530 1008 918 1592 678 1714 1126 1394 724 0 1512 966 1616 596 1068 1246 1064 888 1332 456 1070 514 1262 1008 1172 704 1230 1896 1580 988 1132 1460 1614 1612 564 730 1042 432 1064 910 1250 1318 
1248 1620 1698 1470 1838 1404 1574 2342 1836 1818 1878 2326 2438 1318 1564 2436 1806 1942 1382 1846 2060 1752 2016 1220 2940 1702 1446 1872 1686 1468 1524 1840 2428 1792 1990 1702 2306 1616 1500 1834 1146 1758 982 1602 1332 1256 1490 1252 1258 1748 1634 1006 1740 1788 1434 1158 1524 1534 1156 1656 1640 2144 834 1820 1578 1550 1176 1512 0 1596 2068 1270 1520 1744 1516 1518 1718 1056 956 1294 1362 1788 1682 1334 1526 1782 1966 1342 1162 1846 1770 2064 1238 886 1822 1212 962 1536 1702 2098 
1581 5045 2127 5232 2244 1062 1756 2156 2524 4224 4353 2457 1640 1246 2968 1770 1086 2622 1188 2260 1924 1890 2097 3713 2746 3704 2555 1670 4093 1158 1206 1216 2823 1869 2718 2946 1590 896 5172 2432 2100 4778 2149 376 1540 2124 4590 3828 2224 2056 2814 2802 2443 3096 2499 1533 2010 3150 1540 2195 1380 1502 2667 2940 3251 2816 1200 966 1596 0 1372 830 4032 1872 820 2793 4237 1032 3430 2034 2344 2701 1406 921 1255 1634 1443 1830 1779 2676 2454 2052 2394 814 1074 666 2435 1230 1334 3104 
1648 1736 1524 1296 1776 960 1130 2168 1732 2000 1434 2150 2372 1718 1212 2202 1740 2164 1780 1666 1886 1512 2060 1620 3162 1706 1266 1988 1766 1024 1458 1580 2532 1896 1734 1636 1954 1550 1266 1992 1250 1916 1086 1560 1270 812 1672 1410 1654 1682 434 1406 1900 1792 1368 1092 1458 1268 1094 1892 1574 2156 1234 1722 1134 1912 892 1616 2068 1372 0 1374 1624 1902 1232 1452 1876 1160 1114 1398 1520 1892 2056 1268 1636 1940 2124 1500 1320 1982 2002 1620 1342 1286 1926 1316 1108 1474 1806 2202 
850 1222 1420 1320 1076 710 756 1952 1082 1226 1184 1592 1672 920 802 1724 1040 1544 984 1084 1910 1262 1668 822 2510 1006 684 1474 974 774 666 1170 1512 876 1272 936 1544 758 1350 1486 230 1410 288 1018 570 562 1092 1102 860 982 940 608 1094 1092 576 392 758 618 394 872 782 1456 436 1472 884 1152 482 596 1270 830 1374 0 826 1110 822 752 1090 320 806 378 1126 872 1036 568 1094 1632 1338 852 600 1218 1372 1370 32 488 906 296 812 774 868 1182 
924 1568 2115 4149 2616 1440 2260 1178 2152 1938 4676 1731 1772 824 4224 1956 1362 1215 426 2676 1772 2196 1941 2352 1808 3745 3752 700 3704 1536 1620 1208 2751 1902 2716 3108 1798 1142 4254 2469 2895 4785 2152 2680 2220 3248 1272 2892 2220 2164 3570 2406 5184 3252 3960 2856 2700 4403 2848 4096 1794 1778 2744 1636 2232 2672 1830 1068 1520 4032 1624 826 0 2286 1072 4296 3685 918 2672 2463 2148 3360 1508 1335 3445 1494 1779 1581 1311 1620 2139 1566 2382 738 1378 768 1685 1638 1258 1988 
1986 2463 2739 2397 2241 1986 1287 2372 1623 1776 2637 3015 2090 1394 1830 2142 1458 3006 1458 2253 2188 2730 2439 1944 2838 2136 1653 1894 1398 2082 936 1588 2760 2289 2535 2031 1962 716 2352 2166 1320 2052 1479 2154 1482 1764 2268 2472 2001 2100 2202 1623 2427 2265 801 1215 1764 1080 1218 2283 1110 1874 1365 2766 1884 2439 1770 1246 1744 1872 1902 1110 2286 0 1520 1755 2625 1455 2028 1098 2316 1620 1390 1479 2268 2178 2997 2253 2337 2817 582 1155 1617 962 1114 814 2019 1788 1706 2358 
1096 1344 1278 1360 1390 568 738 2140 1340 1608 1042 1758 1990 1166 820 2038 1358 1772 1230 1338 1784 1120 1668 1068 2770 1032 938 1596 1384 632 1076 1188 1980 1344 1342 1254 1562 1168 1330 1748 698 1672 534 1008 884 420 1280 1548 1106 1300 798 854 1280 946 986 710 1076 876 708 1340 1192 1774 682 1330 742 1398 340 1064 1516 820 1232 822 1072 1520 0 1070 1336 608 1252 846 1440 1340 1504 886 1084 2078 1584 1140 1358 1464 1610 1228 790 734 1374 764 1246 1088 1254 1650 
1218 4144 2238 4493 2088 1362 1920 1914 2368 3954 4135 2340 1390 882 3275 1692 1008 2259 946 2104 1854 2190 2592 4026 2504 3091 3560 1436 5602 1458 1089 1138 2706 1752 2637 2712 1512 818 4598 3092 2610 5145 2680 1972 1345 3800 5376 3138 1732 1900 3054 1710 3029 2346 3180 1800 15 3288 1629 4656 1263 704 3420 3340 4328 2316 1825 888 1518 2793 1452 752 4296 1755 1070 0 2409 915 4730 1175 2188 2667 1128 804 2812 1500 1242 1713 1662 1416 2337 2352 2160 736 968 552 2240 1113 1256 2620 
1914 5109 1368 3029 3248 1836 2788 1556 3032 4881 5961 3138 1958 1434 4742 1650 1588 2622 1364 3264 1274 1449 2733 4574 2746 5102 4329 1638 4905 1932 1959 1718 3372 2418 3729 4452 2092 1398 3134 3280 3381 5549 2807 2048 2795 3766 4654 1398 2748 3060 4332 3366 3941 4050 4275 3309 1435 4739 3314 5264 2133 1284 3325 3128 3838 3332 2490 1332 1718 4237 1876 1090 3685 2625 1336 2409 0 1314 2742 2625 2336 3963 1708 1674 2370 920 372 1722 1452 256 2766 2193 3174 1002 1536 1032 1920 1983 1522 3780 
954 1512 1809 1839 1395 744 924 1738 1413 1629 1455 2169 1530 706 984 1578 898 1995 770 1407 1712 1572 2292 912 2328 1290 807 1260 1251 840 789 1024 2058 1104 1695 1191 1398 618 1884 2019 135 1905 111 1314 636 522 1317 1632 969 1260 1089 591 1431 1419 654 375 924 717 372 1098 963 1314 333 1887 1005 1407 402 456 1056 1032 1160 320 918 1455 608 915 1314 0 1188 357 1470 1098 896 639 1371 1618 1686 798 1284 1506 1737 1734 432 274 766 156 1179 942 794 1563 
1575 3087 1113 2313 2452 1710 2284 1386 2692 3240 5012 2382 1636 1258 3977 1480 1190 1866 860 2468 1104 1194 1590 8506 2242 4068 4091 1134 6000 1806 1362 1320 2979 2025 3029 2793 1694 1000 2388 1756 6120 2807 4719 2336 1800 9196 6016 888 2580 1708 2300 3114 8804 3726 4611 5277 2270 4016 2448 3512 1536 1188 6311 1728 3808 3164 2280 1070 956 3430 1114 806 2672 2028 1252 4730 2742 1188 0 2294 812 3365 1510 1077 3267 826 1515 579 309 1780 2610 2070 2376 918 1380 770 15 1386 1438 2804 
1311 3175 2166 3155 2070 1101 1044 1976 1492 2418 3234 2265 1590 944 1964 1642 958 2352 1008 2086 1852 1929 1935 2453 2428 2474 1669 1498 1490 1197 432 1088 2145 1191 2621 2299 1462 380 3080 2216 858 2580 1118 1954 1384 1719 2850 3034 1937 1882 2578 1918 2295 2689 495 939 1190 960 944 2463 606 1174 1488 2756 2524 2521 1603 514 1294 2034 1398 378 2463 1098 846 1175 2625 357 2294 0 2170 1883 658 729 2764 1678 1947 1155 1371 2356 1680 2091 1353 512 778 82 2279 1038 1032 1680 
2184 2576 1722 1840 2828 1785 2668 1792 3116 2972 3328 2895 2014 1538 2280 1886 1382 2475 1266 2844 1510 1803 2199 2856 2648 2688 2044 1540 2816 1881 1650 1508 3267 2313 3403 2556 1882 1192 1900 2568 1792 2416 1812 2720 1816 2084 2316 1404 2956 2520 2172 2452 3084 2860 2020 1468 2200 2392 1464 2568 1824 1594 2108 2540 1440 2996 2200 1262 1362 2344 1520 1126 2148 2316 1440 2188 2336 1470 812 2170 0 3076 1702 1101 2872 1232 2124 1188 918 2592 2382 1809 2188 1106 1572 962 824 1668 1626 3616 
1935 4139 2757 4150 2976 1842 1740 2384 2188 3322 3555 2955 1496 1438 3035 2136 1452 2976 1424 2992 2200 2670 1953 3233 2850 2879 2740 1574 2581 1938 954 1582 2778 1932 3527 3370 1956 728 4099 2240 1605 2999 2015 1704 2455 2700 3814 4105 2756 2758 3645 2815 2337 2836 1586 2010 2664 1979 2015 3150 510 1706 2385 3980 3505 2731 2500 1008 1788 2701 1892 872 3360 1620 1340 2667 3963 1098 3365 1883 3076 0 1402 1470 1940 2172 2727 1896 2112 3415 2013 1440 2100 1006 34 708 3350 1779 1526 3168 
