0 2.62302 1.09015 2.80631 2.71457 3.09377 1.80825 3.64165 2.73562 1.68422 3.37727 1.41423 2.11378 1.93822 2.34176 2.1381 3.666 2.10159 2.31444 1.8034 3.48479 2.0155 1.24658 3.13104 1.77612 3.42778 2.97931 2.04094 3.56185 2.51129 1.24025 2.41394 2.61901 3.33639 3.83494 2.81694 2.54954 2.00927 3.82077 2.8044 3.30082 3.64972 2.96111 2.46088 1.94053 2.69789 2.50068 2.59247 2.91885 3.27357 3.40944 3.51318 2.65487 2.99439 2.83613 2.89353 3.14944 3.12785 3.10128 2.46371 3.49704 2.2473 3.39684 2.99805 2.20276 3.44437 3.20342 2.27161 3.89081 3.08267 2.29429 3.71989 3.80487 3.27397 3.81686 3.12187 2.36959 2.30528 3.50284 3.35457 3.33134 2.46338 2.39976 2.50378 2.4811 3.98685 2.94808 3.27121 2.54057 2.41221 3.62368 3.97555 3.32542 2.84329 3.27562 3.53299 2.80907 2.11147 2.46446 3.11155 
2.62302 0 2.6422 1.36922 1.61887 1.36922 1.99969 1.76951 1.36922 1.86906 1.94683 2.57066 1.79669 1.99146 2.40996 2.29784 2.08194 2.85861 2.56504 2.16083 2.30451 2.08371 2.56504 1.54829 1.61 0.932095 1.74489 1.63842 2.04054 2.03259 2.03259 2.22919 2.28839 1.39271 1.36922 2.20321 1.81051 2.35665 1.87442 1.66838 2.01677 1.6826 1.13877 1.54626 1.52702 1.54626 1.13877 1.86906 1.67402 1.92357 0.932095 1.92682 1.51933 1.49429 1.66838 1.36922 1.36579 1.89773 1.42565 1.75433 1.79821 2.42936 1.67648 1.63979 1.90895 1.63979 1.77345 2.05824 1.72864 1.13877 1.79127 2.08702 2.09291 1.93363 2.18722 1.67261 2.18722 1.94097 2.0159 1.72093 1.80684 2.06479 1.78687 1.51933 1.51933 2.38614 1.36579 1.94241 2.22608 1.9125 1.63979 2.2221 1.79821 1.72587 1.79806 2.32705 1.6792 1.81299 1.97888 1.53969 
1.09015 2.6422 0 1.68287 1.62885 1.68287 1.09015 2.28961 1.68287 1.7034 2.10753 1.41423 1.28611 1.93822 2.36094 1.09015 2.24806 2.10159 1.09015 1.8034 2.216 2.03468 1.24658 2.04094 1.77612 2.2337 1.86191 2.04094 2.24389 1.28611 1.28611 1.41423 2.6382 2.09222 2.2337 2.83612 2.54954 2.03984 2.49715 1.77447 1.96712 2.26104 1.64434 1.62885 1.24658 1.65029 1.64434 1.48511 1.7353 2.0691 2.16253 2.276 1.60827 1.97994 1.7352 1.81212 1.97785 1.88964 1.86798 1.41681 2.13507 2.2473 2.17244 1.8655 2.20276 2.17074 1.93489 2.27161 2.22835 1.81212 2.31347 2.17596 2.38755 2.07755 2.36959 1.87085 2.36959 2.32446 2.15981 1.9343 1.99953 2.46338 2.41894 1.60492 1.59596 2.46089 1.8655 2.0691 2.54057 2.41221 2.17074 2.36602 2.0861 1.81481 1.93724 2.13381 1.79084 2.11147 2.46446 2.00092 
2.80631 1.36922 1.68287 0 6.25278 1.6844 6.94896 2.31384 1.40663 1.2625 2.16366 1.63275 7.44436 1.53099 1.92971 5.25598 3.5448 2.04692 3.90512 1.69786 2.48945 1.56476 1.7754 6.19164 1.30069 4.94281 7.33541 0.850797 2.59145 5.21936 0.926383 3.37645 1.67818 3.69137 2.18462 1.82517 1.38735 1.4222 2.44397 6.97762 5.50344 3.16581 5.83912 5.76485 5.42099 4.92507 5.65271 6.52313 2.91557 4.62301 6.41011 4.55253 6.98033 7.71714 6.3723 5.19639 6.93273 3.35953 7.67547 6.98965 2.48508 2.13538 2.24373 6.27036 1.48706 7.13042 7.50413 1.62693 2.91781 6.41861 1.3461 2.72904 2.71669 7.05141 2.65962 7.65658 1.79436 1.646 2.70038 2.49814 2.48109 1.91753 1.46674 5.87927 6.14128 3.16685 6.33974 4.71881 1.93245 1.74979 4.45341 3.15306 7.6071 4.32887 2.30256 2.71802 7.29419 1.36782 1.65958 6.83132 
2.71457 1.61887 1.62885 6.25278 0 2.25331 7.65507 1.99057 1.79504 1.03378 2.28037 1.49577 5.88232 1.27032 1.16671 5.32691 3.029 1.61536 3.94024 1.23622 2.3116 0.641783 1.62885 6.45057 0.705445 5.7321 6.03993 1.21367 2.42464 5.29659 1.18541 3.32076 1.40979 4.12258 2.44191 1.78525 1.72391 1.20583 2.35389 5.76076 5.34608 3.09879 6.41791 4.71289 4.48915 4.53923 3.74833 5.98071 2.63844 3.99994 7.05351 4.28595 6.19174 5.89934 6.0153 5.32513 6.38921 3.29194 5.34172 5.81722 1.98989 1.383 1.76464 6.18735 1.14294 7.07631 7.44259 1.03654 2.23898 6.54091 1.29014 2.36651 2.01784 6.62018 2.18691 6.04228 1.13452 1.30112 1.90678 1.70274 1.7745 1.37561 1.46726 4.74017 4.9529 2.36411 5.45515 3.93494 1.47236 1.32445 4.24611 2.32372 5.85688 3.40008 1.65173 2.16432 5.95198 1.04918 1.37585 5.41767 
3.09377 1.36922 1.68287 1.6844 2.25331 0 2.05836 2.62565 1.98875 1.2625 2.50673 1.63275 2.08118 1.53099 1.99053 2.9459 3.03968 2.12295 2.96456 1.75867 3.13384 1.56476 1.83622 1.9337 1.30069 1.68471 2.49233 0.850797 2.88369 2.16118 0.926383 2.86671 1.71984 1.81116 2.37792 1.82517 1.49544 1.49823 2.81452 2.24605 2.79439 2.24029 1.95926 1.98824 2.18975 2.0549 1.62869 2.3827 2.16426 2.71798 1.9315 2.78665 1.86578 1.82666 2.3969 1.56228 2.24197 2.63977 2.11718 2.11028 2.79773 2.16952 2.57956 2.40432 1.58891 2.42451 2.73723 1.72074 3.20532 1.86214 1.3461 3.02648 3.0285 2.82956 2.97227 2.52027 1.85813 1.646 3.02059 2.77779 2.79374 1.91753 1.46674 2.00751 2.04661 3.48709 2.10782 2.71667 1.99326 1.74979 2.48754 3.46275 2.72487 2.3643 2.6228 3.03826 2.42253 1.36782 1.65958 2.23757 
1.80825 1.99969 1.09015 6.94896 7.65507 2.05836 0 2.88605 1.73709 1.22701 2.25507 1.23599 5.54651 1.37139 1.78688 4.49378 4.06857 1.82568 2.73091 1.23656 2.48652 1.46062 1.3141 7.76418 1.26288 6.6003 7.47857 1.23089 2.68286 6.19859 0.850442 2.97168 1.8713 4.73302 2.80484 2.06923 1.7395 1.25924 2.87147 6.47971 6.28062 3.82314 7.50031 6.09454 4.64148 5.50612 5.66291 7.59819 3.15932 4.9926 8.53059 5.27576 6.71051 7.6552 7.10685 6.28838 8.014 3.07532 7.6113 6.1613 2.78875 1.85117 2.56941 7.7542 1.63592 8.89687 7.96314 1.82817 3.15952 8.17982 1.71341 2.96458 3.01919 8.48793 3.06126 7.66471 1.92615 1.7244 2.74752 2.73467 2.57603 2.03196 1.81888 6.15289 6.30463 3.22074 6.6573 5.09164 2.01732 1.86941 5.50336 3.24638 7.7904 4.91343 2.5095 2.82126 7.27151 1.54464 2.01173 7.09806 
3.64165 1.76951 2.28961 2.31384 1.99057 2.62565 2.88605 0 2.52931 1.58319 3.05457 2.2395 2.37578 1.81155 1.96972 3.48555 2.87824 2.41837 3.69409 1.90315 3.23651 1.54395 2.27043 2.43067 1.35232 2.29368 2.3291 1.53775 3.02581 2.98236 1.78634 3.1049 1.8242 2.60663 2.80316 1.72189 1.71201 1.78634 2.68562 2.36545 2.81336 2.49623 2.04486 1.89005 1.93513 2.12706 1.80702 2.38592 2.70391 2.45796 2.18354 2.65774 1.94162 2.13167 2.22122 1.84172 1.98763 2.57186 2.17984 2.48695 2.41301 2.04295 2.31954 2.03312 1.42772 2.29088 2.35251 1.5199 2.84573 1.85055 1.53359 2.99389 2.62459 2.42555 2.51511 2.27113 1.68733 1.55456 2.61668 2.42607 2.46105 1.75634 1.30555 1.8471 1.97718 3.1434 1.99684 2.53639 1.83967 1.5886 2.4154 3.08646 2.26772 2.19224 2.27911 2.80477 2.03781 1.54414 1.49756 2.12634 
2.73562 1.36922 1.68287 1.40663 1.79504 1.98875 1.73709 2.52931 0 0.980662 2.19342 1.63275 1.58777 1.53099 1.83869 2.45249 2.60714 2.12295 2.63308 1.68447 2.66903 1.51243 1.79294 1.79282 1.13364 1.92177 2.13357 0.850797 2.79376 1.66777 0.926383 2.37329 1.71984 2.2128 2.42282 1.82517 1.49544 1.3965 2.69699 1.82054 2.3884 2.09953 1.75484 1.68301 1.69634 1.59882 1.48792 1.88929 2.36141 2.64353 2.05437 2.71303 1.62457 1.48839 2.09167 1.42152 2.29943 2.18149 1.97641 2.11706 2.5527 1.96733 2.50038 2.06965 1.58891 2.24893 2.38903 1.72074 3.03531 1.72138 1.3461 2.77297 2.95488 2.5476 2.72724 2.20067 1.8032 1.47894 2.77556 2.60222 2.58228 1.91753 1.46674 1.558 1.659 3.15643 2.03336 2.49397 1.99326 1.74979 2.31197 3.21773 2.47984 2.05907 2.44519 2.67246 2.07434 1.36782 1.65958 2.16312 
1.68422 1.86906 1.7034 1.2625 1.03378 1.2625 1.22701 1.58319 0.980662 0 1.27607 1.65328 0.812878 1.54594 1.84049 1.52517 1.49686 2.24842 1.68422 1.57575 1.594 1.4928 1.68422 1.2625 1.02491 1.48727 1.1416 1.2625 1.78752 1.04498 1.04498 1.31181 2.02924 1.54937 1.51358 2.21222 1.9888 1.3983 1.88342 1.11677 1.42537 1.42958 0.85788 0.978125 0.85788 0.978125 0.812878 0.812878 1.50551 1.49807 1.35978 1.78752 1.0749 1.36875 1.19345 0.980662 1.44434 1.56302 1.11677 1.27819 1.57837 1.85861 1.43499 1.29748 1.66675 1.42958 1.40137 1.71492 1.54894 0.980662 1.60961 1.64259 1.73715 1.4729 1.81289 1.24057 1.81289 1.62059 1.60312 1.3776 1.46352 1.89535 1.79504 0.85788 1.0749 1.93983 1.29748 1.49807 1.89567 1.7328 1.54683 1.80932 1.39391 1.19628 1.40387 1.46165 1.27172 1.36865 1.89643 1.29748 
3.37727 1.94683 2.10753 2.16366 2.28037 2.50673 2.25507 3.05457 2.19342 1.27607 0 2.03058 2.00401 1.64586 2.19845 3.09414 3.10503 2.34834 3.27474 1.87354 2.89702 1.84942 1.95108 2.39797 1.42905 2.54012 2.29773 1.50536 2.8591 2.08401 1.15627 2.88572 2.11314 2.82547 3.20055 2.30013 2.23166 1.49822 3.25333 2.47268 2.91924 2.70457 2.14892 2.23613 2.11492 2.14043 1.7325 2.30084 2.74881 2.86554 2.65941 3.00045 2.39407 2.41094 2.56049 1.79975 2.90752 2.56434 2.34381 2.3106 2.94903 2.26274 2.92185 2.59491 2.00512 2.6869 2.91423 2.134 3.47891 2.2368 1.76925 3.30516 3.39225 2.96813 3.26885 2.66751 2.21537 1.89111 3.21293 3.04582 3.06401 2.31443 1.88295 2.08884 2.19119 3.5938 2.55862 2.94364 2.2998 2.08434 2.8677 3.63919 2.80123 2.55338 2.88256 3.15779 2.5996 1.69614 2.0758 2.66547 
1.41423 2.57066 1.41423 1.63275 1.49577 1.63275 1.23599 2.2395 1.63275 1.65328 2.03058 0 1.23599 2.07504 2.2687 1.1135 2.02495 2.00935 1.65207 1.94021 2.13905 1.94245 1.65207 1.68867 1.64305 2.12731 1.76968 1.75372 2.16884 1.23599 1.23599 1.1135 2.52329 2.20785 2.12731 2.72121 2.44315 1.96289 2.1201 1.3009 1.83405 2.13533 1.49093 1.49577 1.1135 1.60017 1.49093 1.43499 1.87212 2.1162 1.83282 2.16884 1.48357 1.9167 1.42119 1.76201 1.84478 1.78325 1.49093 1.66731 2.00199 2.11423 1.79539 1.73243 2.07807 2.12062 1.80181 2.13854 2.04685 1.76201 2.24266 2.05126 2.24261 1.94448 2.23651 1.74615 2.23651 2.23873 2.02674 1.80122 1.87483 2.3303 2.36883 1.42119 1.48357 2.3362 1.73243 1.97294 2.37863 2.23071 2.12062 2.23295 1.81332 1.69012 1.81255 2.0837 1.73243 1.98678 2.33138 1.79539 
2.11378 1.79669 1.28611 7.44436 5.88232 2.08118 5.54651 2.37578 1.58777 0.812878 2.00401 1.23599 0 1.48688 1.51542 3.93224 3.6558 1.92336 3.16114 1.39706 2.20741 1.18916 1.30765 6.40727 0.965853 5.93545 6.4711 1.20344 2.65721 4.84123 0.850442 2.82176 1.79268 4.34301 2.62969 1.9906 1.75705 1.07323 2.63743 6.97461 5.60816 3.3783 6.24013 5.94043 5.01536 4.32706 5.29748 6.16339 2.97304 4.53342 7.21104 4.80803 7.72456 8.53413 6.11154 6.76236 8.68136 2.98814 7.96648 6.68792 2.3137 1.64032 2.22188 6.59883 1.48109 7.39816 7.38677 1.45904 2.74921 6.85711 1.46796 2.75965 2.6641 7.11333 2.55099 8.19767 1.55702 1.47894 2.41616 2.32436 2.29793 1.73333 1.57343 6.32443 6.52066 2.97533 7.27883 4.6902 1.81052 1.68216 4.75369 2.83607 8.00694 4.1797 2.25179 2.32774 7.69895 1.30959 1.73441 7.51763 
1.93822 1.99146 1.93822 1.53099 1.27032 1.53099 1.37139 1.81155 1.53099 1.54594 1.64586 2.07504 1.48688 0 2.07703 1.66954 1.7334 2.3928 1.75233 1.34812 1.84004 1.75077 1.75233 1.34446 1.26145 1.50436 1.44375 1.54982 1.42611 1.41477 1.48688 1.84725 2.25268 1.27444 1.8009 2.31556 2.19527 1.76809 1.98677 1.14671 1.58463 1.6469 0.999941 1.20649 1.09442 1.3764 0.85269 1.54594 1.12698 1.35967 1.48218 1.60448 0.999941 1.60753 1.1526 1.2504 1.67756 1.76104 1.14671 0.85269 1.79317 2.09515 1.42696 1.50056 1.60267 1.6469 1.63459 1.918 1.65229 1.2504 1.61581 1.56763 1.6847 1.7442 2.06438 1.26252 2.06438 1.85713 1.78501 1.58068 1.50056 2.09843 1.89839 0.999941 0.999941 1.96847 1.49963 1.42312 1.97583 1.83615 1.74991 2.06081 1.64489 1.20649 1.32892 2.07681 1.54425 1.29369 2.09123 1.28944 
2.34176 2.40996 2.36094 1.92971 1.16671 1.99053 1.78688 1.96972 1.83869 1.84049 2.19845 2.2687 1.51542 2.07703 0 2.08503 1.96953 2.13149 2.34176 2.00915 1.91345 1.35658 2.34176 1.80176 1.51216 2.02818 1.1552 2.00936 2.351 1.72196 1.72196 1.96935 2.37783 2.03951 2.20213 2.60388 2.51797 1.72196 2.27509 1.55382 1.7227 2.0288 1.34512 1.1552 1.1552 1.1552 1.34512 1.51542 1.68259 1.98531 1.93029 2.25729 1.37222 1.7477 1.49078 1.57988 1.74578 1.93973 1.60401 1.75545 1.89064 2.15593 1.93718 1.68987 1.96785 1.9385 1.74914 1.80947 2.05113 1.57988 2.08123 1.93991 2.00876 1.64998 1.90745 1.49206 1.90745 2.09222 1.8615 1.68987 1.76462 2.34365 2.1867 1.1552 1.36106 2.22598 1.74578 1.86159 2.29614 2.23499 1.9385 2.1216 1.7087 1.36106 1.7012 2.07273 1.68987 1.85589 2.34389 1.79967 
2.1381 2.29784 1.09015 5.25598 5.32691 2.9459 4.49378 3.48555 2.45249 1.52517 3.09414 1.1135 3.93224 1.66954 2.08503 0 4.96161 1.60385 3.54825 1.53472 3.14814 1.75877 1.24658 5.89287 1.51765 6.32203 4.95079 1.52905 3.19098 5.34579 1.1486 3.36176 2.16946 6.39425 3.41582 2.36738 2.03765 1.55739 3.25386 4.94853 6.22527 4.94279 5.9144 4.71421 3.89003 5.13157 4.71726 5.32377 4.3752 6.46725 6.29782 6.59658 5.34425 5.89779 5.24395 5.29573 6.23967 4.21854 5.91128 4.71416 3.34094 1.98883 2.96603 5.84632 1.93408 6.88584 6.30875 2.01314 3.64946 6.21475 2.01157 3.47392 3.55332 6.2593 3.66076 5.97668 2.11112 2.02256 3.29971 3.16165 3.14657 2.20491 2.11704 4.67797 4.89843 3.75486 5.57068 6.46433 2.2821 2.15374 7.02919 3.73632 5.95215 6.08868 3.04363 3.4717 5.69241 1.84279 2.20598 5.75035 
3.666 2.08194 2.24806 3.5448 3.029 3.03968 4.06857 2.87824 2.60714 1.49686 3.10503 2.02495 3.6558 1.7334 1.96953 4.96161 0 2.41818 5.18747 1.71935 3.35593 1.45917 2.12356 3.61774 1.16852 4.09223 3.74866 1.67674 3.07693 4.22695 1.6699 4.50018 1.39999 4.26892 3.28956 2.24483 2.22934 1.89154 2.9534 3.28699 3.98519 4.14851 3.44391 3.04122 2.79384 3.69109 2.56135 3.91198 4.22117 4.17413 3.68812 4.2189 3.61923 3.29697 3.46047 3.22116 3.76517 4.61346 2.93452 3.69207 2.79693 2.00221 2.40257 3.64613 1.80501 4.1223 4.1015 1.79567 3.15027 3.3538 1.75321 3.17493 2.98905 3.97179 3.22402 3.45414 1.93734 1.7642 2.98031 2.74572 2.69857 2.05391 1.9333 2.94468 3.28882 3.30686 3.37053 4.25021 2.03928 1.87106 4.28252 3.25743 3.6218 3.83015 2.58332 3.23451 3.56253 1.51225 2.05499 3.21812 
2.10159 2.85861 2.10159 2.04692 1.61536 2.12295 1.82568 2.41837 2.12295 2.24842 2.34834 2.00935 1.92336 2.3928 2.13149 1.60385 2.41818 0 2.14243 2.43057 2.25863 1.80523 2.14243 2.25041 1.96081 2.46461 1.60385 2.25231 2.69847 1.82568 1.92336 2.00935 2.82648 2.48816 2.46461 3.05253 2.92388 1.82568 2.72374 2.00247 2.17135 2.47745 1.79377 1.60385 1.60385 1.60385 1.79377 1.92336 2.13124 2.43396 2.37894 2.70594 1.82087 2.19635 1.93943 2.02853 2.19443 2.2736 2.05266 2.07122 2.33929 2.60458 2.38583 2.13852 2.4165 2.38715 2.19779 2.25812 2.49978 2.02853 2.52988 2.38856 2.45741 2.09863 2.3561 1.94071 2.3561 2.54087 2.31015 2.13852 2.21327 2.7923 2.63535 1.60385 1.80971 2.67463 2.19443 2.31024 2.74479 2.68364 2.38715 2.57025 2.15735 1.80971 2.14985 2.48066 2.13852 2.30454 2.79254 2.24832 
2.31444 2.56504 1.09015 3.90512 3.94024 2.96456 2.73091 3.69409 2.63308 1.68422 3.27474 1.65207 3.16114 1.75233 2.34176 3.54825 5.18747 2.14243 0 1.6175 3.30625 2.0155 1.24658 4.27428 1.65161 4.43936 3.97743 1.85505 3.45931 3.80204 1.24025 3.86451 2.49546 4.53422 3.63237 2.69338 2.36365 1.88339 3.69119 3.80176 4.59413 4.9147 4.23061 3.52495 2.8638 3.8081 3.40654 3.92723 4.25089 4.56556 4.72779 4.85982 3.59186 4.20917 3.86732 3.86804 4.53068 4.34268 4.43037 3.20297 3.52241 2.2473 3.24953 4.12203 2.01687 4.96158 4.45911 2.27161 3.75123 4.51611 2.23631 3.55629 3.64127 4.78156 3.91179 4.39559 2.36959 2.24729 3.33923 3.32638 3.22881 2.4129 2.39976 3.49075 3.51049 3.82325 4.02289 4.49778 2.39827 2.25035 5.16873 3.83809 4.63237 4.27352 3.11201 3.47404 4.14554 1.92558 2.41398 4.28218 
1.8034 2.16083 1.8034 1.69786 1.23622 1.75867 1.23656 1.90315 1.68447 1.57575 1.87354 1.94021 1.39706 1.34812 2.00915 1.53472 1.71935 2.43057 1.6175 0 1.85827 1.68289 1.6175 1.53701 1.24741 1.67373 1.51013 1.77751 1.65379 1.39705 1.39705 1.71242 2.25174 1.50212 1.97027 2.41917 2.28611 1.80585 2.00357 1.18437 1.4498 1.87458 1.08038 1.22472 0.959596 1.39463 1.08038 1.55533 1.14521 1.479 1.68115 1.6859 1.01817 1.59348 1.17082 1.47809 1.54273 1.62621 1.33927 0.959596 1.75361 1.96032 1.62593 1.40943 1.61266 1.78428 1.49977 1.87899 1.66228 1.47809 1.8321 1.58586 1.79746 1.69609 1.97696 1.28075 1.97696 1.84309 1.65019 1.55284 1.40943 2.00869 2.03249 1.01817 1.00586 1.87079 1.41082 1.479 1.99406 1.84614 1.78428 1.98456 1.60533 1.22472 1.34714 2.09503 1.40943 1.52138 2.00977 1.41082 
3.48479 2.30451 2.216 2.48945 2.3116 3.13384 2.48652 3.23651 2.66903 1.594 2.89702 2.13905 2.20741 1.84004 1.91345 3.14814 3.35593 2.25863 3.30625 1.85827 0 1.58719 2.05955 2.87526 1.50551 3.17293 2.39449 1.82329 3.52051 2.42444 1.32317 3.00864 2.32131 3.15288 3.48623 2.54356 2.38386 1.40851 3.68854 2.66534 2.87338 3.39569 2.48815 1.99909 2.02557 2.40066 2.19027 2.30737 2.5085 3.01716 3.25072 3.56182 2.08663 2.8926 2.50265 2.4895 2.9279 3.02439 2.94009 2.46222 3.32478 2.14125 3.0833 2.78433 1.80818 3.35133 3.01599 1.76976 3.67302 2.86519 1.80129 3.40732 3.45271 2.94477 3.51963 2.68283 1.88126 2.10119 3.13591 3.14758 3.00869 2.21834 2.12638 1.93754 2.12219 3.74542 2.79641 2.95863 2.16203 2.12043 3.47585 3.76856 2.92506 2.32513 2.91708 3.12784 2.7484 1.57263 2.21942 2.92552 
2.0155 2.08371 2.03468 1.56476 0.641783 1.56476 1.46062 1.54395 1.51243 1.4928 1.84942 1.94245 1.18916 1.75077 1.35658 1.75877 1.45917 1.80523 2.0155 1.68289 1.58719 0 2.0155 1.4755 1.1859 1.70192 0.641783 1.66034 2.02474 1.3957 1.3957 1.64309 1.88103 1.69048 1.87587 2.25649 2.17058 1.3957 1.9277 1.22756 1.39644 1.67978 1.01564 0.641783 0.828944 0.641783 0.996096 1.18916 1.35633 1.65697 1.60403 1.93103 1.04596 1.42144 1.16452 1.23086 1.40801 1.61347 1.27775 1.42919 1.56438 1.82967 1.59063 1.36361 1.6213 1.61224 1.42288 1.48321 1.70458 1.23086 1.75497 1.61365 1.66137 1.32372 1.58119 1.1658 1.58119 1.76596 1.53524 1.36361 1.43836 2.00589 1.84015 0.828944 1.0348 1.89972 1.40801 1.53533 1.94959 1.88844 1.61224 1.79534 1.38244 1.0348 1.37494 1.74647 1.36361 1.52754 2.00613 1.45312 
1.24658 2.56504 1.24658 1.7754 1.62885 1.83622 1.3141 2.27043 1.79294 1.68422 1.95108 1.65207 1.30765 1.75233 2.34176 1.24658 2.12356 2.14243 1.24658 1.6175 2.05955 2.0155 0 1.85505 1.65161 2.04781 1.84273 1.85505 2.058 1.4746 1.4746 1.65207 2.49546 1.90633 2.04781 2.69338 2.36365 1.88339 2.36459 1.58858 1.85401 2.24186 1.48458 1.62885 1.24658 1.63111 1.48458 1.46593 1.54941 1.8832 2.08536 2.09011 1.42237 1.83721 1.57503 1.79294 1.94694 1.70375 1.74347 1.3638 2.13507 2.2473 2.03014 1.81364 2.01687 2.15156 1.90397 2.27161 2.06649 1.79294 2.23631 1.99007 2.20166 2.07755 2.36959 1.68496 2.36959 2.24729 2.05439 1.9343 1.81364 2.4129 2.39976 1.42237 1.41007 2.275 1.81503 1.8832 2.39827 2.25035 2.15156 2.36602 2.00954 1.62892 1.75135 2.11463 1.77166 1.92558 2.41398 1.81503 
3.13104 1.54829 2.04094 6.19164 6.45057 1.9337 7.76418 2.43067 1.79282 1.2625 2.39797 1.68867 6.40727 1.34446 1.80176 5.89287 3.61774 2.25041 4.27428 1.53701 2.87526 1.4755 1.85505 0 0.986181 5.07521 8.20732 0.850797 2.56551 6.36455 1.34638 3.67601 1.73867 4.02693 2.21356 1.85082 1.52109 1.62759 2.23154 5.96265 5.32419 2.69066 6.05582 5.57885 4.97439 5.64636 4.45645 7.06989 3.47413 4.6264 6.19817 4.43234 5.70577 6.24583 6.54468 5.37631 6.40183 3.51641 5.59605 6.13261 2.34013 1.81987 1.88719 6.55703 1.36099 7.15358 7.79093 1.51028 2.53973 6.39717 1.46294 2.72149 2.47364 7.08969 2.71088 6.32363 1.67771 1.58186 2.54608 2.216 2.16885 1.69072 1.48928 5.2582 5.61679 2.89229 5.31095 4.80971 1.67811 1.42705 4.22133 2.79716 6.48329 4.46859 2.14829 2.84704 6.11085 1.30946 1.68129 5.61874 
1.77612 1.61 1.77612 1.30069 0.705445 1.30069 1.26288 1.35232 1.13364 1.02491 1.42905 1.64305 0.965853 1.26145 1.51216 1.51765 1.16852 1.96081 1.65161 1.24741 1.50551 1.1859 1.65161 0.986181 0 1.22822 0.984516 1.31952 1.53542 1.19796 1.19796 1.31649 1.7009 1.24647 1.5706 1.89883 1.77853 1.55127 1.57004 0.788436 1.09704 1.32375 0.529544 0.758765 0.529544 0.984516 0.529544 1.02491 1.17932 1.16974 1.13032 1.53542 0.746562 1.04265 0.865116 0.997024 1.11601 1.23468 0.788436 0.993706 1.26498 1.53027 1.12161 0.984093 1.34929 1.23345 1.07304 1.40153 1.23556 0.997024 1.28127 1.31425 1.43132 1.20747 1.49951 0.912237 1.49951 1.29226 1.28973 1.06421 1.15013 1.58197 1.48165 0.529544 0.746562 1.61149 0.984093 1.16974 1.56733 1.41941 1.23345 1.49594 1.08052 0.953111 1.07554 1.66479 0.984093 1.04031 1.58304 0.984093 
3.42778 0.932095 2.2337 4.94281 5.7321 1.68471 6.6003 2.29368 1.92177 1.48727 2.54012 2.12731 5.93545 1.50436 2.02818 6.32203 4.09223 2.46461 4.43936 1.67373 3.17293 1.70192 2.04781 5.07521 1.22822 0 6.93988 1.12071 2.65528 7.03137 1.58415 4.3109 1.9066 3.54804 1.99675 1.82142 1.19452 1.83989 2.51168 5.28198 6.29176 3.22542 5.3455 5.13064 4.96023 5.80989 3.95819 6.08746 3.19199 4.7465 4.14295 4.97713 4.98256 5.33535 5.74086 5.12341 4.72404 3.57823 5.28199 5.28845 2.22556 1.85333 2.14254 5.79061 1.33292 6.39881 6.79088 1.48221 2.59578 5.30008 1.40948 2.90136 2.52969 6.21673 2.64029 5.69417 1.64964 1.55919 2.58438 2.16066 2.35744 1.683 1.40509 4.89336 5.09684 3.05087 4.71338 4.93028 1.65005 1.45729 4.53512 2.8511 5.69707 4.59645 2.18658 2.92995 5.79275 1.4312 1.59709 5.01738 
2.97931 1.74489 1.86191 7.33541 6.03993 2.49233 7.47857 2.3291 2.13357 1.1416 2.29773 1.76968 6.4711 1.44375 1.1552 4.95079 3.74866 1.60385 3.97743 1.51013 2.39449 0.641783 1.84273 8.20732 0.984516 6.93988 0 1.30913 2.76085 5.58377 1.07323 3.62276 1.70826 4.95233 2.81599 2.08372 1.99781 1.07323 2.78589 7.07688 6.36932 3.67577 7.87066 5.99166 5.16058 5.14334 5.60717 7.17811 3.10565 4.82441 9.01514 5.36286 7.60716 8.07417 7.52197 6.82528 8.30597 3.46344 7.86006 6.98223 2.32842 1.6569 2.13485 8.02018 1.44853 8.92161 8.79101 1.31045 2.66105 8.52341 1.41616 2.76265 2.43991 8.53317 2.52544 8.00326 1.40842 1.5802 2.28172 2.25649 2.27668 1.83312 1.66738 5.96169 6.53321 2.80647 7.00866 4.95872 1.70222 1.69857 5.25471 2.7682 7.74714 4.53691 2.0941 2.60668 7.48268 1.17634 1.83336 7.52767 
2.04094 1.63842 2.04094 0.850797 1.21367 0.850797 1.23089 1.53775 0.850797 1.2625 1.50536 1.75372 1.20344 1.54982 2.00936 1.52905 1.67674 2.25231 1.85505 1.77751 1.82329 1.66034 1.85505 0.850797 1.31952 1.12071 1.30913 0 1.65765 1.27428 1.34638 1.52155 1.73867 1.26891 1.12071 1.85082 1.52109 1.62759 1.52203 1.10398 1.45101 1.17844 0.999439 1.07187 1.2143 1.22169 0.850797 1.2625 1.51335 1.51608 0.959065 1.52249 0.999439 0.975869 1.18288 0.850797 1.25929 1.57316 1.10398 1.28207 1.66055 2.21502 1.4288 1.45422 1.62163 1.17844 1.56706 1.7615 1.58476 0.850797 1.56161 1.66059 1.77766 1.64043 1.88273 1.32601 1.92893 1.72565 1.80951 1.51454 1.51951 1.95829 1.60131 0.999439 1.19475 2.06143 1.25929 1.51608 2.0121 1.76862 1.45422 2.01571 1.6003 1.29003 1.42188 1.90238 1.47811 1.38665 1.79332 1.32571 
3.56185 2.04054 2.24389 2.59145 2.42464 2.88369 2.68286 3.02581 2.79376 1.78752 2.8591 2.16884 2.65721 1.42611 2.351 3.19098 3.07693 2.69847 3.45931 1.65379 3.52051 2.02474 2.058 2.56551 1.53542 2.65528 2.76085 1.65765 0 2.73721 1.79255 3.13261 2.20685 2.46969 3.21133 2.20767 2.08738 2.07375 3.10397 1.93694 2.91278 2.82871 2.27018 2.33472 2.10034 2.46774 1.82362 2.87285 2.53662 2.48184 2.59215 2.29696 2.1126 2.72387 2.17144 2.04869 2.45358 2.99213 2.25298 2.00495 2.96886 2.18345 2.40686 2.37125 1.5561 2.79439 2.68101 1.81233 3.08932 2.32792 1.84948 2.38573 2.8558 2.90674 3.37243 2.50234 1.97976 1.94543 2.84789 2.76419 2.62952 1.99277 1.79133 2.04962 2.01081 3.31439 2.27606 2.70737 1.98017 1.7291 2.99604 3.34675 2.61534 2.53117 2.4501 3.44805 2.50712 1.59936 1.98334 2.12157 
2.51129 2.03259 1.28611 5.21936 5.29659 2.16118 6.19859 2.98236 1.66777 1.04498 2.08401 1.23599 4.84123 1.41477 1.72196 5.34579 4.22695 1.82568 3.80204 1.39705 2.42444 1.3957 1.4746 6.36455 1.19796 7.03137 5.58377 1.27428 2.73721 0 0.850442 3.46266 2.0318 5.20818 2.85263 2.22972 1.89999 1.07323 3.06635 5.55904 6.57403 3.85838 5.94563 4.28227 4.39973 4.99313 4.18018 5.61193 3.29048 5.23881 6.74979 5.5219 5.52425 6.17449 5.9114 4.5938 6.59323 3.48743 6.20873 5.51095 2.8102 1.85117 2.6172 6.00225 1.79642 6.96708 6.87923 1.82817 3.16312 6.6324 1.78265 3.10471 3.06698 6.55945 3.15757 6.22788 1.92615 1.79364 2.88766 2.73827 2.73874 2.06724 1.94256 4.64646 4.80653 3.26852 5.71941 5.39834 2.06871 1.9208 5.5307 3.24998 6.13408 4.97767 2.55729 2.79798 5.77951 1.54169 2.06832 5.9368 
1.24025 2.03259 1.28611 0.926383 1.18541 0.926383 0.850442 1.78634 0.926383 1.04498 1.15627 1.23599 0.850442 1.48688 1.72196 1.1486 1.6699 1.92336 1.24025 1.39705 1.32317 1.3957 1.4746 1.34638 1.19796 1.58415 1.07323 1.34638 1.79255 0.850442 0 1.23599 2.0318 1.64088 1.58415 2.22972 1.89999 1.07323 1.90093 1.28982 1.57099 1.60263 1.03093 1.1739 0.850442 1.07323 0.985923 1.00872 1.32896 1.66275 1.53282 1.79342 1.20192 1.27512 1.33907 1.15371 1.58172 1.24009 1.28982 1.14335 1.73893 1.85117 1.62299 1.46937 1.79642 1.60263 1.50341 1.82817 1.73694 1.15371 1.78265 1.76962 1.9327 1.66867 1.92615 1.41362 1.92615 1.79364 1.76368 1.53816 1.59319 2.06724 1.94256 1.03093 1.18962 2.05455 1.46937 1.66275 2.06871 1.9208 1.69435 1.96989 1.5819 1.36117 1.5309 1.63054 1.31445 1.54169 2.06832 1.48547 
2.41394 2.22919 1.41423 3.37645 3.32076 2.86671 2.97168 3.1049 2.37329 1.31181 2.88572 1.1135 2.82176 1.84725 1.96935 3.36176 4.50018 2.00935 3.86451 1.71242 3.00864 1.64309 1.65207 3.67601 1.31649 4.3109 3.62276 1.52155 3.13261 3.46266 1.23599 0 2.2466 4.4048 3.28889 2.44453 2.21098 1.64825 2.95752 2.93283 3.93665 4.31453 3.73259 3.0345 2.23614 3.46797 2.82773 3.30774 4.03004 4.35701 3.9823 4.33698 3.68027 3.8438 3.16731 3.54037 3.91327 4.01435 3.59503 3.35471 2.93134 1.93596 2.55826 3.68143 1.81911 4.36635 4.04694 1.91297 3.22311 3.70144 1.90118 3.06615 3.14555 3.95951 3.35222 3.75844 2.01094 1.91217 3.04658 2.79826 2.73881 2.05179 2.02735 2.85154 3.22031 3.34709 3.4385 4.21309 2.03715 1.88923 4.58754 3.30997 3.81033 3.83817 2.63586 2.88485 3.4027 1.66022 2.05286 3.64789 
2.61901 2.28839 2.6382 1.67818 1.40979 1.71984 1.8713 1.8242 1.71984 2.02924 2.11314 2.52329 1.79268 2.25268 2.37783 2.16946 1.39999 2.82648 2.49546 2.25174 2.32131 1.88103 2.49546 1.73867 1.7009 1.9066 1.70826 1.73867 2.20685 2.0318 2.0318 2.2466 0 2.13795 1.98975 2.24483 2.36002 2.25343 1.91604 1.79235 2.1 1.84891 1.53387 1.50814 1.40979 1.50814 1.39999 1.92898 2.16424 2.1413 1.67414 2.16246 1.66837 1.39999 1.83529 1.39999 1.65331 1.89372 1.58263 1.99803 2.07638 2.41051 1.78238 1.6736 2.0388 1.84891 1.76255 2.01324 2.00857 1.39999 2.03522 2.23606 2.11141 2.07579 2.16918 1.67455 2.18067 2.04621 2.13471 1.86308 1.93669 2.27148 2.1204 1.53387 1.65607 2.5084 1.65331 2.15774 2.36064 2.19243 1.89249 2.36426 1.97847 1.68776 1.93262 2.27445 1.6736 2.0377 2.27256 1.74983 
3.33639 1.39271 2.09222 3.69137 4.12258 1.81116 4.73302 2.60663 2.2128 1.54937 2.82547 2.20785 4.34301 1.27444 2.03951 6.39425 4.26892 2.48816 4.53422 1.50212 3.15288 1.69048 1.90633 4.02693 1.24647 3.54804 4.95233 1.26891 2.46969 5.20818 1.64088 4.4048 2.13795 0 2.1825 1.99221 1.48078 1.92208 2.78736 4.06915 4.9018 3.65989 3.55774 3.76932 3.6709 4.22647 3.13005 4.45506 3.1124 4.79255 3.95985 5.00332 3.54038 4.19256 4.31281 3.74644 3.91003 3.96623 4.13636 3.93104 2.53852 1.96799 2.06998 4.18525 1.38357 4.96752 4.96596 1.59687 2.72087 3.6699 1.54225 2.82799 2.51892 4.84869 2.95325 4.31185 1.7643 1.72997 2.51101 2.39714 2.29264 1.7773 1.57587 3.63853 3.82535 2.97751 3.77026 4.97633 1.7647 1.51363 4.95628 2.9783 4.45649 4.61494 2.11322 3.07513 4.28949 1.31359 1.73614 3.99382 
3.83494 1.36922 2.2337 2.18462 2.44191 2.37792 2.80484 2.80316 2.42282 1.51358 3.20055 2.12731 2.62969 1.8009 2.20213 3.41582 3.28956 2.46461 3.63237 1.97027 3.48623 1.87587 2.04781 2.21356 1.5706 1.99675 2.81599 1.12071 3.21133 2.85263 1.58415 3.28889 1.98975 2.1825 0 1.90457 1.19452 1.83989 2.85433 2.50062 3.03364 2.76204 2.18848 2.37491 2.34157 2.76173 2.07283 2.69888 2.75162 2.74772 1.9558 2.93271 2.16326 2.08724 2.53632 2.10812 1.94746 2.98882 2.33855 2.67247 2.82996 2.29804 2.60929 2.45008 1.67538 2.55669 2.76946 1.81525 3.17674 2.07712 1.75194 3.30899 2.89829 2.85412 3.14978 2.61699 1.98268 1.90408 2.99201 2.74921 2.77363 2.01204 1.65506 2.20324 2.40623 3.4585 2.18125 2.85149 2.09476 1.85216 2.62305 3.43417 2.68215 2.69122 2.59422 3.21577 2.45477 1.63773 1.84707 2.26731 
2.81694 2.20321 2.83612 1.82517 1.78525 1.82517 2.06923 1.72189 1.82517 2.21222 2.30013 2.72121 1.9906 2.31556 2.60388 2.36738 2.24483 3.05253 2.69338 2.41917 2.54356 2.25649 2.69338 1.85082 1.89883 1.82142 2.08372 1.85082 2.20767 2.22972 2.22972 2.44453 2.24483 1.99221 1.90457 0 1.97888 2.62889 1.53489 1.93421 2.22034 1.99222 1.73179 1.8836 1.60771 1.8836 1.58698 2.02582 2.27216 1.97086 1.50532 1.8792 1.75838 1.27216 1.83533 1.50532 1.27216 2.09164 1.72449 2.04782 1.84551 2.35257 1.72449 1.59216 1.86142 1.59216 1.69666 2.04925 1.62742 1.50532 2.12523 2.32607 2.04538 1.98093 2.1396 1.87247 2.1396 1.98826 2.06319 1.76822 1.75931 1.97116 1.73925 1.73179 1.75838 2.33861 1.27216 1.98944 2.27337 1.81128 1.59216 2.26939 1.84551 2.00347 1.84535 2.31806 1.60771 2.14695 1.93126 1.37596 
2.54954 1.81051 2.54954 1.38735 1.72391 1.49544 1.7395 1.71201 1.49544 1.9888 2.23166 2.44315 1.75705 2.19527 2.51797 2.03765 2.22934 2.92388 2.36365 2.28611 2.38386 2.17058 2.36365 1.52109 1.77853 1.19452 1.99781 1.52109 2.08738 1.89999 1.89999 2.21098 2.36002 1.48078 1.19452 1.97888 0 2.29916 1.65009 1.69902 2.09273 1.9803 1.46668 1.72391 1.55318 1.87372 1.46668 1.79227 1.82937 1.85057 1.42872 1.86932 1.55318 1.38735 1.65672 1.49544 1.19452 2.08176 1.6042 1.88427 1.83562 2.29804 1.6042 1.55318 1.74969 1.58228 1.64213 1.88956 1.71814 1.49544 2.11535 2.21434 1.93364 1.80232 2.05699 1.70696 2.05699 1.97838 1.88458 1.58961 1.64757 2.08635 1.72937 1.55318 1.64757 2.22688 1.38735 1.87771 2.09476 1.902 1.58228 2.09078 1.67537 1.84377 1.66674 2.14067 1.55318 2.02666 1.89459 1.46668 
2.00927 2.35665 2.03984 1.4222 1.20583 1.49823 1.25924 1.78634 1.3965 1.3983 1.49822 1.96289 1.07323 1.76809 1.72196 1.55739 1.89154 1.82568 1.88339 1.80585 1.40851 1.3957 1.88339 1.62759 1.55127 1.83989 1.07323 1.62759 2.07375 1.07323 1.07323 1.64825 2.25343 1.92208 1.83989 2.62889 2.29916 0 2.3001 1.59294 1.76182 1.95081 1.28667 1.19432 1.19432 1.07323 1.26713 1.07323 1.54263 1.91964 1.881 2.1416 1.41134 1.62331 1.52989 1.3965 1.7849 1.64889 1.64313 1.4465 1.92976 2.19505 1.9655 1.72899 2.00697 1.95081 1.78826 1.84859 2.09025 1.50189 2.02791 1.97903 2.0457 1.68909 1.94657 1.53118 1.94657 2.13134 1.90062 1.72899 1.80374 2.38277 2.22582 1.19432 1.40017 2.2651 1.7849 1.90071 2.32446 2.27411 1.97762 2.16071 1.74782 1.40017 1.74032 1.63054 1.65833 1.79858 2.38301 1.83879 
3.82077 1.87442 2.49715 2.44397 2.35389 2.81452 2.87147 2.68562 2.69699 1.88342 3.25333 2.1201 2.63743 1.98677 2.27509 3.25386 2.9534 2.72374 3.69119 2.00357 3.68854 1.9277 2.36459 2.23154 1.57004 2.51168 2.78589 1.52203 3.10397 3.06635 1.90093 2.95752 1.91604 2.78736 2.85433 1.53489 1.65009 2.3001 0 2.08948 2.93151 2.65592 2.34427 2.40718 1.97867 2.64419 1.9667 2.77062 2.96676 2.74344 2.05563 2.43824 2.24103 1.97048 2.21921 2.14453 2.07429 2.75098 1.96042 2.56512 2.71242 1.99543 2.31742 2.21224 1.53263 2.45056 2.53162 1.72046 2.93412 2.01023 1.79644 3.2933 2.86803 2.74181 3.03224 2.37437 1.81081 1.65947 2.97632 2.50659 2.59909 1.64236 1.41046 2.14651 2.28869 3.32252 1.83792 2.8358 1.91244 1.48249 2.63136 3.19155 2.40575 2.70937 2.57852 3.32189 2.21693 1.81816 1.60247 1.88602 
2.8044 1.66838 1.77447 6.97762 5.76076 2.24605 6.47971 2.36545 1.82054 1.11677 2.47268 1.3009 6.97461 1.14671 1.55382 4.94853 3.28699 2.00247 3.80176 1.18437 2.66534 1.22756 1.58858 5.96265 0.788436 5.28198 7.07688 1.10398 1.93694 5.55904 1.28982 2.93283 1.79235 4.06915 2.50062 1.93421 1.69902 1.59294 2.08948 0 4.40776 2.95841 6.09576 7.50765 6.31169 4.80013 5.67423 6.28341 2.67127 3.89443 6.25613 3.93843 8.31743 9.14997 5.46024 7.42333 7.83597 3.30743 8.58146 7.31638 2.12593 1.55239 1.67622 6.15099 1.27061 7.12566 7.20619 1.4199 2.32876 6.23188 1.34037 2.17181 2.26351 6.7813 2.54066 8.74013 1.52163 1.38412 2.23428 1.90391 1.85676 1.52374 1.57351 6.93869 6.90978 2.46505 7.56828 4.18766 1.47634 1.36119 4.61264 2.41562 8.62092 3.86879 1.74151 2.47182 8.30313 1.11171 1.52482 7.50339 
3.30082 2.01677 1.96712 5.50344 5.34608 2.79439 6.28062 2.81336 2.3884 1.42537 2.91924 1.83405 5.60816 1.58463 1.7227 6.22527 3.98519 2.17135 4.59413 1.4498 2.87338 1.39644 1.85401 5.32419 1.09704 6.29176 6.36932 1.45101 2.91278 6.57403 1.57099 3.93665 2.1 4.9018 3.03364 2.22034 2.09273 1.76182 2.93151 4.40776 0 3.67595 4.71228 4.64575 3.96432 5.79607 4.0202 5.75354 3.40191 4.92756 5.53687 5.24543 4.8317 5.47945 5.13577 5.10061 5.67374 4.09665 4.66711 5.1035 2.57384 1.72127 2.10383 5.50572 1.4085 6.40945 6.43417 1.59253 2.89223 5.83701 1.54587 2.76073 2.69111 6.17006 2.98857 4.63694 1.69051 1.69272 2.44231 2.4348 2.28437 1.80987 1.88075 3.66132 4.55044 2.89266 4.8807 4.57572 1.86149 1.75869 5.37282 2.97909 5.19834 4.22268 2.18142 3.03528 5.1804 1.31722 1.81095 4.91389 
3.64972 1.6826 2.26104 3.16581 3.09879 2.24029 3.82314 2.49623 2.09953 1.42958 2.70457 2.13533 3.3783 1.6469 2.0288 4.94279 4.14851 2.47745 4.9147 1.87458 3.39569 1.67978 2.24186 2.69066 1.32375 3.22542 3.67577 1.17844 2.82871 3.85838 1.60263 4.31453 1.84891 3.65989 2.76204 1.99222 1.9803 1.95081 2.65592 2.95841 3.67595 0 3.09186 2.96238 2.81633 3.39789 2.26292 3.53339 3.92888 3.75731 2.82678 3.55614 3.04027 3.06082 3.14391 2.51822 3.19638 4.00209 2.74512 3.45941 2.42107 2.07553 2.34506 2.87393 1.55513 2.71798 3.6838 1.60329 2.91018 2.6151 1.50502 3.10391 2.79484 3.35764 2.45511 3.47258 1.5885 1.66906 2.68497 2.39656 2.44452 1.78373 1.28927 2.83401 2.97681 3.25259 2.72765 3.95724 1.86504 1.62118 2.72385 3.0837 3.2307 3.46403 2.3883 3.13167 3.03253 1.43191 1.48211 3.00775 
2.96111 1.13877 1.64434 5.83912 6.41791 1.95926 7.50031 2.04486 1.75484 0.85788 2.14892 1.49093 6.24013 0.999941 1.34512 5.9144 3.44391 1.79377 4.23061 1.08038 2.48815 1.01564 1.48458 6.05582 0.529544 5.3455 7.87066 0.999439 2.27018 5.94563 1.03093 3.73259 1.53387 3.55774 2.18848 1.73179 1.46668 1.28667 2.34427 6.09576 4.71228 3.09186 0 4.81647 4.56354 4.65469 4.69564 6.33181 2.58933 3.91209 6.65478 4.38072 5.48102 6.17411 6.27636 5.16273 6.04667 3.55229 4.96821 5.95521 1.58789 1.44729 1.64324 5.95394 1.04151 6.79387 7.33214 1.1908 2.15826 5.82303 0.961186 2.48871 2.09301 6.29159 2.22007 5.13408 1.35823 1.12522 2.03201 1.73341 1.59889 1.41493 1.31462 4.51651 4.92243 2.55506 4.9433 4.10524 1.24725 1.25238 4.2965 2.24512 5.44901 3.61161 1.69077 2.51252 5.3401 0.73253 1.41601 5.40071 
2.46088 1.54626 1.62885 5.76485 4.71289 1.98824 6.09454 1.89005 1.68301 0.978125 2.23613 1.49577 5.94043 1.20649 1.1552 4.71421 3.04122 1.60385 3.52495 1.22472 1.99909 0.641783 1.62885 5.57885 0.758765 5.13064 5.99166 1.07187 2.33472 4.28227 1.1739 3.0345 1.50814 3.76932 2.37491 1.8836 1.72391 1.19432 2.40718 7.50765 4.64575 2.96238 4.81647 0 11.347 3.54928 10.8724 4.4218 2.23503 3.63321 6.23317 4.05298 8.06744 8.63226 5.34097 11.4712 14.0726 3.11723 7.45438 13.2148 1.88003 1.383 1.75209 4.74032 1.17463 5.78415 6.38556 1.02504 2.33394 5.46534 1.21753 2.177 2.05715 5.36364 2.07489 8.74412 1.12301 1.35444 1.6895 1.89997 1.67547 1.55922 1.46726 10.8828 12.2716 2.42371 12.4872 3.74875 1.50292 1.46131 4.05202 2.4411 8.17403 3.16509 1.58587 2.11494 9.86906 0.939079 1.55946 13.0173 
1.94053 1.52702 1.24658 5.42099 4.48915 2.18975 4.64148 1.93513 1.69634 0.85788 2.11492 1.1135 5.01536 1.09442 1.1552 3.89003 2.79384 1.60385 2.8638 0.959596 2.02557 0.828944 1.24658 4.97439 0.529544 4.96023 5.16058 1.2143 2.10034 4.39973 0.850442 2.23614 1.40979 3.6709 2.34157 1.60771 1.55318 1.19432 1.97867 6.31169 3.96432 2.81633 4.56354 11.347 0 3.71699 21.9834 4.2577 2.31302 3.17118 5.56852 3.6909 7.74021 7.22915 3.56052 12.6993 11.9515 2.41056 5.8635 9.49611 1.76816 1.00073 1.48099 4.29556 0.964564 5.51731 4.83115 1.02504 1.95028 4.82051 1.19539 1.98888 1.87273 5.20041 2.11034 6.96492 1.12301 1.12522 1.57069 1.41405 1.48466 1.2168 1.31462 9.18615 13.2053 2.05471 15.7433 3.23941 1.29399 1.16564 3.81421 2.03503 7.24129 2.63932 1.34347 2.07378 9.62272 0.873278 1.21788 15.8253 
2.69789 1.54626 1.65029 4.92507 4.53923 2.0549 5.50612 2.12706 1.59882 0.978125 2.14043 1.60017 4.32706 1.3764 1.1552 5.13157 3.69109 1.60385 3.8081 1.39463 2.40066 0.641783 1.63111 5.64636 0.984516 5.80989 5.14334 1.22169 2.46774 4.99313 1.07323 3.46797 1.50814 4.22647 2.76173 1.8836 1.87372 1.07323 2.64419 4.80013 5.79607 3.39789 4.65469 3.54928 3.71699 0 3.50796 4.68547 2.70523 4.36671 5.74268 4.8236 4.68895 5.42685 5.10718 3.99919 5.24925 3.26757 4.96226 4.60006 2.06619 1.6569 2.2035 4.8909 1.44853 5.68466 5.99922 1.31045 2.75943 5.3528 1.21753 2.57743 2.53913 5.14474 2.3234 5.15678 1.40842 1.38157 2.41877 2.31809 2.14704 1.83312 1.46726 3.27417 3.93411 2.94972 4.61396 4.68268 1.55503 1.69857 4.82059 2.91146 4.7418 4.25378 2.16308 2.31531 4.47484 1.17634 1.65927 5.02447 
2.50068 1.13877 1.64434 5.65271 3.74833 1.62869 5.66291 1.80702 1.48792 0.812878 1.7325 1.49093 5.29748 0.85269 1.34512 4.71726 2.56135 1.79377 3.40654 1.08038 2.19027 0.996096 1.48458 4.45645 0.529544 3.95819 5.60717 0.850797 1.82362 4.18018 0.985923 2.82773 1.39999 3.13005 2.07283 1.58698 1.46668 1.26713 1.9667 5.67423 4.0202 2.26292 4.69564 10.8724 21.9834 3.50796 0 4.67595 2.09069 3.13184 4.65075 3.3503 7.4989 7.65218 4.33082 12.2444 11.8432 2.90051 6.27205 9.59046 1.67606 1.44729 1.294 4.91606 1.04151 5.50369 5.72014 1.1908 2.05793 4.99472 0.961186 2.22043 1.99268 5.30182 2.1528 7.75606 1.35823 1.12522 1.96474 1.72444 1.68705 1.41493 1.1698 10.0448 12.5365 2.27991 15.522 3.43765 1.24725 1.24508 3.57981 2.23615 7.05874 3.17444 1.55188 2.16329 9.80735 0.73253 1.36265 16.1434 
2.59247 1.86906 1.48511 6.52313 5.98071 2.3827 7.59819 2.38592 1.88929 0.812878 2.30084 1.43499 6.16339 1.54594 1.51542 5.32377 3.91198 1.92336 3.92723 1.55533 2.30737 1.18916 1.46593 7.06989 1.02491 6.08746 7.17811 1.2625 2.87285 5.61193 1.00872 3.30774 1.92898 4.45506 2.69888 2.02582 1.79227 1.07323 2.77062 6.28341 5.75354 3.53339 6.33181 4.4218 4.2577 4.68547 4.67595 0 3.10698 4.5807 7.35961 4.87752 6.34812 6.59783 6.36035 5.47785 6.90425 3.45264 6.1582 6.11706 2.41366 1.64032 2.25586 6.3384 1.48109 7.09551 7.45684 1.44409 2.78319 6.84671 1.593 2.89285 2.63249 6.7369 2.56113 6.26118 1.54207 1.62059 2.33046 2.27119 2.23343 1.73333 1.60864 4.53415 5.1409 2.92416 5.36376 4.52195 1.81052 1.68216 4.76138 2.87005 6.12028 3.97822 2.20062 2.2271 5.69594 1.36865 1.73441 5.59628 
2.91885 1.67402 1.7353 2.91557 2.63844 2.16426 3.15932 2.70391 2.36141 1.50551 2.74881 1.87212 2.97304 1.12698 1.68259 4.3752 4.22117 2.13124 4.25089 1.14521 2.5085 1.35633 1.54941 3.47413 1.17932 3.19199 3.10565 1.51335 2.53662 3.29048 1.32896 4.03004 2.16424 3.1124 2.75162 2.27216 1.82937 1.54263 2.96676 2.67127 3.40191 3.92888 2.58933 2.23503 2.31302 2.70523 2.09069 3.10698 0 3.12723 3.32102 3.64152 2.23351 3.49293 2.70337 2.74149 3.00942 3.86694 3.18548 2.45418 2.68576 1.89223 2.21722 2.92216 1.38357 3.78496 3.59917 1.61269 2.744 2.9816 1.4751 2.53761 2.54205 3.38729 2.98853 3.08423 1.72419 1.775 2.50258 2.41888 2.37946 1.87933 1.85582 2.06731 2.19587 2.96907 2.77922 3.1591 1.77292 1.67014 4.02416 3.00143 3.24658 2.85737 2.10478 2.94567 3.13101 1.24644 1.87957 2.84385 
3.27357 1.92357 2.0691 4.62301 3.99994 2.71798 4.9926 2.45796 2.64353 1.49807 2.86554 2.1162 4.53342 1.35967 1.98531 6.46725 4.17413 2.43396 4.56556 1.479 3.01716 1.65697 1.8832 4.6264 1.16974 4.7465 4.82441 1.51608 2.48184 5.23881 1.66275 4.35701 2.1413 4.79255 2.74772 1.97086 1.85057 1.91964 2.74344 3.89443 4.92756 3.75731 3.91209 3.63321 3.17118 4.36671 3.13184 4.5807 3.12723 0 4.52208 4.68316 3.41198 4.44383 3.74135 4.11087 4.6658 3.80544 3.70524 3.50909 2.26269 1.83745 1.83817 3.67617 1.10002 4.68213 4.6587 1.46747 2.54582 4.06303 1.47782 2.59702 2.28521 4.34173 2.80374 3.67764 1.6349 1.70779 2.2792 2.04354 1.67969 1.53987 1.55369 3.3171 3.11155 2.40091 3.37372 4.23018 1.62716 1.45021 4.87204 2.66452 3.63468 4.12641 1.88141 2.92561 3.61513 1.1557 1.54095 3.39324 
