0 3.48866 2.56353 2.74831 2.53873 2.49705 1.80825 3.73256 2.92952 1.61712 2.02126 1.41423 2.11378 1.85195 2.34176 2.1381 3.60844 2.10159 2.31444 2.62927 3.48479 2.78701 1.24658 2.56567 1.68985 3.33217 2.80237 2.4871 3.25424 2.22022 1.24025 2.41394 2.48419 3.26241 3.67738 2.42451 2.35144 2.00927 2.63414 2.02869 3.05576 3.38275 3.3378 2.46088 1.94053 2.68225 2.4144 2.59247 2.91885 3.2112 2.80518 3.64535 2.65487 2.92064 2.71224 3.5415 2.6032 3.12785 3.37782 2.46371 3.7203 2.2473 2.22239 2.84646 2.0055 3.71116 3.04083 2.17547 3.70792 3.07998 2.21654 3.71989 2.18945 3.52333 3.94764 2.29353 2.3429 2.22752 2.2136 2.11175 1.90338 2.24655 2.43677 2.50378 2.4811 2.46089 2.66187 3.27121 2.54274 2.19539 3.74268 2.51224 2.43382 3.16189 2.16286 2.11463 2.59224 2.0252 2.24679 2.91429 
3.48866 0 3.47197 2.12466 2.49158 2.46298 2.8386 3.40766 3.14467 1.69715 1.79707 1.97424 2.7867 1.66418 2.37984 3.23037 3.20574 2.55913 3.43193 2.80853 3.60594 2.77812 2.07011 1.74736 1.56426 1.80471 2.7429 1.72519 3.09804 2.74006 1.63809 3.06111 2.14067 2.38105 2.43502 2.06599 1.81015 1.9193 1.86572 1.42129 2.96262 2.77807 2.37784 2.64485 2.56086 2.95171 1.70086 3.00526 2.58 2.89317 1.51525 3.36929 2.65917 2.45565 2.84602 2.92639 1.9349 3.56742 2.4801 2.46971 3.5018 2.26795 1.79949 2.8032 1.73812 3.17448 2.77529 1.86843 3.31188 2.16315 1.67477 3.74987 1.92291 3.42675 3.67984 2.02615 2.03586 1.69551 1.94622 1.68452 1.63601 1.81932 1.95492 2.67468 2.62303 2.33975 2.20664 3.20894 2.18497 1.66704 3.14199 2.15446 2.0421 2.98449 1.89549 2.38926 2.95849 1.60303 1.81957 2.5138 
2.56353 3.47197 0 2.60255 2.44029 2.35305 2.0445 3.63411 2.86402 1.61712 1.9272 1.3007 2.3062 1.85195 2.35524 2.19665 3.54294 2.09589 2.46083 2.48352 3.54426 2.8153 1.24658 2.54897 1.53966 3.29335 2.8119 2.40163 3.13061 2.1814 1.28611 2.14725 2.33401 3.19453 3.63462 2.41514 2.22794 2.03984 2.43996 1.92732 2.91001 3.31725 3.21417 2.54127 2.15507 2.70742 2.37157 2.53917 2.9154 3.06544 2.78848 3.4996 2.56444 2.77489 2.56648 3.39575 2.45745 3.12833 3.31232 2.30698 3.63336 2.24335 2.08058 2.7007 1.86369 3.59262 2.89508 2.02529 3.56217 3.01448 2.06635 3.62947 2.04765 3.45783 3.8492 2.15172 2.19272 2.07734 2.07179 1.96156 1.76158 2.09637 2.28659 2.50199 2.37837 2.37441 2.51612 3.18078 2.39256 2.0452 3.59693 2.36206 2.39475 3.06344 2.02106 2.13381 2.52674 1.8834 2.09661 2.87591 
2.74831 2.12466 2.60255 0 6.80447 4.26576 7.9193 2.30302 2.21123 1.34114 1.44105 1.55106 7.6729 1.4844 1.88647 5.05462 3.65691 2.04692 3.66213 1.86969 2.48945 6.38678 1.73215 7.79911 1.21197 5.00946 6.82235 1.5629 3.39585 6.68699 1.26849 3.51589 1.55099 3.879 1.86782 4.86482 1.20826 1.4222 5.93034 1.55711 4.63859 3.8031 4.01646 6.03571 5.50421 5.5152 5.7622 6.59711 2.89164 3.16157 5.93696 3.49123 6.6126 6.38272 4.16531 7.61388 6.26908 3.3575 5.82334 6.24823 2.53169 1.96507 1.5188 6.74116 1.3088 6.71771 7.417 1.44867 2.68823 5.74196 1.30062 2.84712 1.49276 5.26871 2.88735 1.59683 1.6161 1.49202 1.5169 1.48103 1.20669 1.61584 1.69446 3.72549 5.89147 1.91043 6.20541 3.7039 1.92429 1.46355 3.99511 1.95098 1.6196 4.64096 1.46617 1.82039 8.57724 1.32234 1.61608 7.20617 
2.53873 2.49158 2.44029 6.80447 0 3.92237 7.83081 1.91847 1.46819 1.03378 1.43791 1.49577 6.92481 1.14927 1.16671 4.67539 3.08466 1.61536 3.57715 1.58088 2.30521 4.89338 1.44141 7.19684 0.705445 5.28031 5.53452 1.68775 2.63229 5.94564 1.18541 3.15973 1.40979 3.51318 2.2604 5.91475 1.50684 1.20583 6.34696 1.38413 3.85103 3.21029 3.6064 5.00869 4.63875 3.97851 4.30179 5.25201 2.28671 2.59514 5.87241 3.01574 6.21932 5.82944 3.52517 7.45893 5.90193 3.34124 4.56172 5.76671 2.05943 1.30553 1.24636 5.89919 0.925876 5.48252 6.75736 0.900307 2.08928 5.03381 1.29014 2.14197 0.997641 4.46301 2.14628 1.10171 1.06774 1.30112 1.02178 1.02375 0.823763 1.15855 1.34877 3.31033 5.6437 1.45305 6.1161 2.89354 1.37593 1.10738 3.18149 1.42424 1.18725 3.59597 1.08324 1.2998 7.69971 1.04918 1.15879 6.8799 
2.49705 2.46298 2.35305 4.26576 3.92237 0 4.88086 2.0628 1.7445 1.21409 1.61822 1.57235 4.54545 1.14927 1.52872 5.04089 3.55132 1.97737 3.35197 1.56043 2.47361 4.32407 1.44141 5.06578 0.945404 4.94933 5.20832 1.48038 2.68546 5.10258 1.22096 3.16712 1.43625 3.17884 2.04751 4.41261 1.20826 1.38613 5.11179 1.38413 4.62889 3.47314 4.22129 3.88597 3.72217 5.07954 3.56165 4.91671 2.3301 2.77753 4.66688 3.27817 3.6866 5.30147 3.85829 5.49236 4.11491 3.26672 5.5842 3.92862 2.59189 1.30553 1.48632 5.50206 0.925876 6.95881 6.05698 0.900307 2.24535 5.79138 1.44844 2.30653 0.997641 5.20939 2.56345 1.10171 1.06774 1.40727 1.02178 1.02375 0.823763 1.15855 1.34877 3.69645 4.08484 1.5275 4.35888 3.27611 1.37593 1.10738 3.66845 1.42424 1.54925 4.50493 1.08324 1.48011 5.43696 1.28914 1.15879 4.79409 
1.80825 2.8386 2.0445 7.9193 7.83081 4.88086 0 2.90208 1.99473 1.27819 1.37811 1.23599 6.91911 1.41477 1.66096 4.14663 4.06857 1.69976 2.73091 1.69486 2.47582 7.18325 1.3141 8.674 1.26288 5.90116 6.28524 1.7153 3.37846 6.85598 0.850442 2.85542 1.8713 4.74105 2.60276 6.25102 1.69997 1.07505 6.53037 1.74491 4.8576 4.15687 4.54698 6.67677 5.28761 5.33374 6.47718 6.96135 3.22448 3.44584 7.17289 3.88101 7.41501 7.3609 4.34081 8.59434 7.65759 3.24359 6.4316 6.62787 2.89527 1.85117 1.78521 7.84495 1.59724 7.48239 7.53792 1.76685 3.0227 6.41896 1.64131 2.70368 1.78119 5.83217 3.32136 1.75338 1.86483 1.6523 1.67345 1.71416 1.43269 1.84896 2.03918 3.89608 7.27244 1.89406 7.33764 3.90466 2.14515 1.79779 4.35217 2.11465 1.91755 5.01994 1.7546 1.65742 9.31304 1.58802 1.8492 8.68105 
3.73256 3.40766 3.63411 2.30302 1.91847 2.0628 2.90208 0 2.82149 1.90067 2.35189 2.37555 2.68987 1.99301 2.09192 3.43861 3.3422 2.54057 3.61626 2.73083 3.37299 2.34718 2.35979 2.48467 1.6698 2.8259 2.32906 2.55189 2.60409 3.07293 1.92549 3.21794 2.25095 2.87039 3.08541 2.49339 1.88028 2.01083 2.52808 2.09929 2.98381 3.19981 2.38409 1.85261 2.0063 2.5661 2.18016 2.73062 2.56866 2.63942 2.37635 2.29358 1.94162 2.61979 2.58177 2.38911 2.02363 2.57186 2.81462 2.46119 3.27919 2.10873 1.92278 2.20027 1.42772 3.27262 2.46333 1.5199 3.20247 2.49767 2.03144 2.99389 1.61168 2.95163 3.32326 1.71575 1.68733 2.07083 1.63582 1.78868 1.32561 1.92348 2.1137 1.94208 1.97718 2.02935 2.2499 2.53639 1.99552 1.77791 3.20291 2.22744 1.97171 2.19224 1.58509 2.22501 2.35556 1.7256 1.83726 2.33242 
2.92952 3.14467 2.86402 2.21123 1.46819 1.7445 1.99473 2.82149 0 1.21409 1.61822 1.65569 1.69632 1.61726 1.60353 2.71013 2.90899 2.05218 2.84514 2.40198 2.718 1.61752 1.68662 2.27999 1.34483 2.56869 1.5994 2.32463 2.35453 2.11988 1.22942 2.40651 2.07141 2.68639 2.98124 2.22019 1.86938 1.30279 2.32115 1.85212 2.70046 2.96782 2.21777 1.50693 1.47779 1.49078 1.82947 1.82952 2.34194 2.59284 2.17167 2.5347 1.90166 2.60086 2.48376 2.87385 2.0315 2.71557 2.60994 2.11913 3.1116 1.79576 1.88575 2.10226 1.4161 2.98881 2.41014 1.40179 2.99613 2.29299 1.92952 2.82073 1.49912 2.62462 3.04929 1.60319 1.56921 1.87526 1.52326 1.51397 1.31399 1.64877 1.83899 1.75758 1.95305 2.01773 1.98765 2.57913 1.82436 1.59761 2.99313 1.91446 1.84886 2.25082 1.57347 1.48011 1.91802 1.68856 1.64902 2.28584 
1.61712 1.69715 1.61712 1.34114 1.03378 1.21409 1.27819 1.90067 1.21409 0 1.27607 1.73734 0.812878 1.54594 1.84049 1.60922 1.49686 2.24842 1.7456 1.35907 1.64965 1.20285 1.76827 1.23368 1.02491 1.50348 1.1416 1.23368 1.52553 1.04498 1.04498 1.3218 2.13379 1.5748 1.65652 1.0891 2.06734 1.3983 1.3218 1.67699 1.43169 1.65302 1.20285 1.03378 0.941935 1.03378 0.812878 0.812878 1.50765 1.49807 1.0891 1.84554 1.30184 1.64536 1.43379 1.64284 1.27374 1.70071 1.37598 1.27819 1.8197 1.94266 1.56583 1.29748 1.67763 1.70998 1.40137 1.74175 1.5252 1.0891 1.60961 1.86953 1.83992 1.85114 1.86855 1.90253 1.86855 1.62059 1.8226 1.76055 1.57552 1.89535 1.93444 1.13125 1.28954 2.01821 1.27374 1.49807 2.0322 1.70906 1.70998 2.05178 1.84054 1.3371 1.72361 1.5173 1.29748 1.36865 1.89643 1.27374 
2.02126 1.79707 1.9272 1.44105 1.43791 1.61822 1.37811 2.35189 1.61822 1.27607 0 2.04058 1.21701 1.64586 2.24462 1.70914 1.90099 2.34834 2.01247 1.53612 1.74957 1.54702 2.03514 1.3336 1.42905 1.6034 1.49822 1.3336 1.86971 1.1449 1.21701 1.72593 2.3744 1.79986 1.75644 1.18902 2.23166 1.49822 1.72593 1.80423 1.83582 1.78025 1.54702 1.48808 1.34607 1.48808 1.1449 1.27607 1.79986 1.88509 1.18902 2.18971 1.70597 1.88904 1.83793 1.92677 1.67787 1.80063 1.4759 1.37811 2.22383 2.34679 1.96997 1.71656 2.08176 2.12906 1.80551 2.18965 1.92934 1.18902 2.01374 2.27367 2.26656 2.30338 2.28763 2.32161 2.28763 2.02473 2.24168 2.17963 1.97965 2.31443 2.33857 1.53538 1.69367 2.42235 1.67787 1.9022 2.4865 2.11319 2.12906 2.47085 2.28389 1.74124 2.12774 1.9716 1.71656 1.77278 2.31551 1.67787 
1.41423 1.97424 1.3007 1.55106 1.49577 1.57235 1.23599 2.37555 1.65569 1.73734 2.04058 0 1.23599 2.08504 2.2687 1.1135 2.12499 2.00935 1.65207 1.73829 2.13905 1.7333 1.65207 1.55106 1.65304 2.17681 1.75404 1.55106 2.14688 1.23599 1.23599 1.1135 2.44739 2.20293 2.18131 1.6047 2.34132 1.96289 1.3007 2.04069 1.83405 2.01672 1.90326 1.49577 1.1135 1.60017 1.57006 1.43499 1.87212 2.1051 1.76244 2.21643 1.48357 1.78913 1.5745 2.20618 1.57235 1.78325 2.04931 1.68651 2.30075 2.11423 2.19396 1.61187 1.97707 2.23177 1.70082 2.13854 1.97472 1.76244 2.17973 2.05126 2.16103 2.25226 2.23651 2.19552 2.23651 2.19072 2.11559 2.07494 1.87483 2.20975 2.39996 1.48357 1.48357 2.3362 1.61187 1.97294 2.50594 2.15858 2.20999 2.47543 2.30075 1.69012 2.13444 2.0837 1.61187 1.99678 2.20999 1.89194 
2.11378 2.7867 2.3062 7.6729 6.92481 4.54545 6.91911 2.68987 1.69632 0.812878 1.21701 1.23599 0 1.48688 1.51542 3.93224 3.89492 1.92336 3.16114 2.01439 2.20741 6.28852 1.30765 8.00215 0.965853 5.82332 5.89509 2.01818 3.41697 6.32854 0.850442 2.81684 2.0274 4.39981 2.7331 6.22394 1.86047 1.07323 5.85968 1.64525 4.46572 3.8209 4.61973 5.94659 4.89753 4.89326 5.61004 6.00135 2.97304 3.27023 6.32713 3.95617 7.51709 6.7877 4.3223 8.81248 6.95469 3.48313 5.69993 6.41914 2.60101 1.64032 1.50677 7.0362 1.4161 6.53845 7.37056 1.45904 2.6725 5.61855 1.55055 2.81538 1.60006 5.19943 2.89164 1.591 1.55702 1.56153 1.51106 1.51397 1.27786 1.64877 1.83899 3.63582 6.62817 1.84135 6.83965 3.65711 1.92331 1.59761 3.88652 1.91446 1.60974 4.62208 1.57347 1.28829 8.70023 1.30959 1.64902 8.14085 
1.85195 1.66418 1.85195 1.4844 1.14927 1.14927 1.41477 1.99301 1.61726 1.54594 1.64586 2.08504 1.48688 0 2.07703 1.7536 1.61234 2.3928 1.83638 1.05612 1.8957 1.43047 1.83638 1.2007 1.26145 1.4705 1.43984 1.2007 1.42611 1.41477 1.48688 1.87644 2.2892 1.27444 1.67124 1.05612 2.01143 1.76809 1.37573 1.67133 1.6553 1.64736 1.43047 1.25824 1.17848 1.43206 0.85269 1.54594 1.27444 1.35967 1.05612 1.74611 1.23705 1.80384 1.39294 1.56789 1.21783 1.84509 1.343 0.85269 1.96176 2.1792 1.49088 1.4467 1.60267 1.73145 1.53565 1.79204 1.46929 1.05612 1.61581 1.80474 1.78747 1.97522 1.95947 1.8907 1.95947 1.85713 1.81077 1.78202 1.50056 1.91682 1.87853 1.23705 1.21458 2.08967 1.21783 1.42312 2.17108 1.65315 1.73145 2.1427 2.065 1.26215 1.64865 2.22816 1.4467 1.29369 1.91707 1.21783 
2.34176 2.37984 2.35524 1.88647 1.16671 1.52872 1.66096 2.09192 1.60353 1.84049 2.24462 2.2687 1.51542 2.07703 0 1.95912 1.9841 2.13149 2.28512 1.84632 1.91345 1.16818 2.28512 1.91888 1.51216 2.10987 1.1552 1.99089 1.79184 1.72196 1.72196 1.96935 2.37783 2.06204 2.34293 1.84632 2.47844 1.72196 1.91888 2.29329 1.7227 2.21217 1.49043 1.1552 1.1552 1.1552 1.42918 1.51542 1.68259 1.98531 1.84632 1.79184 1.36643 1.94471 1.81417 2.02963 1.52872 1.9804 2.03448 1.75155 1.96018 2.15593 2.05307 1.52872 1.89392 2.21217 1.61766 1.80947 1.89157 1.84632 2.09685 1.93991 1.96924 1.84941 1.90745 1.94143 1.90745 2.10784 1.8615 1.99179 1.76462 2.12659 2.31681 1.1552 1.36106 2.22598 1.52872 1.86159 2.27374 2.07543 2.12683 2.39228 1.96018 1.36106 2.05128 2.07273 1.52872 1.85589 2.12683 1.76098 
2.1381 3.23037 2.19665 5.05462 4.67539 5.04089 4.14663 3.43861 2.71013 1.60922 1.70914 1.1135 3.93224 1.7536 1.95912 0 5.08189 1.60385 3.56745 2.40903 3.14814 4.59815 1.24658 5.41116 1.53966 6.09154 4.62926 2.29362 4.49376 4.82555 1.1486 2.90322 2.16946 6.29371 3.31693 5.19505 1.99813 1.55739 4.58617 1.92732 6.21092 4.93949 6.1603 4.53821 3.89003 5.1487 4.6329 5.15264 4.2226 4.31598 5.3773 5.00303 4.93217 5.52411 5.41868 6.19948 5.09949 4.38813 6.36371 4.77572 3.56759 1.98883 2.08058 5.87359 1.86369 6.97487 5.96187 2.01314 3.49789 6.20111 1.93947 3.43495 2.04765 7.02871 3.78492 2.05154 2.11112 1.95046 1.97161 1.96156 1.73085 2.09637 2.28659 5.48311 4.53139 2.19221 5.17745 4.73721 2.39256 2.0452 5.1348 2.36205 2.17535 6.34189 2.02106 1.95558 5.6835 1.8834 2.09661 5.7067 
3.60844 3.20574 3.54294 3.65691 3.08466 3.55132 4.06857 3.3422 2.90899 1.49686 1.90099 2.12499 3.89492 1.61234 1.9841 5.08189 0 2.43275 5.12991 2.62093 3.59303 3.59881 2.12356 3.58904 1.16852 3.87517 3.62369 2.42605 4.37867 4.03926 1.6699 4.83444 1.40979 4.16053 3.0725 3.61206 2.01228 1.89154 3.69917 1.84284 4.01552 4.61591 4.25882 3.36373 3.07364 4.2241 2.83572 3.99864 4.25151 4.309 3.24368 5.08709 3.96491 3.64831 4.3728 4.18567 3.61706 5.0437 3.36756 3.81644 3.30492 2.08627 1.60448 4.27908 1.80259 4.83311 4.42748 1.79289 3.28148 4.0287 1.75321 3.6176 1.89023 4.946 3.53448 1.9943 1.96032 1.7642 1.91437 1.78287 1.70047 1.91767 1.87938 4.00016 3.68686 2.16182 3.32674 4.9049 2.1599 1.654 4.80791 2.14355 1.89445 4.61099 1.86722 2.05762 4.50237 1.51225 1.91792 3.15615 
2.10159 2.55913 2.09589 2.04692 1.61536 1.97737 1.69976 2.54057 2.05218 2.24842 2.34834 2.00935 1.92336 2.3928 2.13149 1.60385 2.43275 0 2.14243 2.29497 2.25863 1.61683 2.14243 2.09589 1.96081 2.50338 1.60385 2.188 2.10863 1.82568 1.92336 2.00935 2.82648 2.51069 2.50338 2.16137 2.70682 1.82568 2.09589 2.56652 2.17135 2.54254 1.93908 1.60385 1.60385 1.60385 1.87783 1.92336 2.13124 2.43396 2.16137 2.24049 1.81508 2.39336 2.25342 2.47828 1.97737 2.2736 2.44825 2.06731 2.40882 2.60458 2.50172 1.97737 2.34257 2.66082 2.06631 2.25812 2.34022 2.16137 2.5455 2.38856 2.41789 2.29806 2.3561 2.39008 2.3561 2.55649 2.31015 2.44044 2.21327 2.57524 2.76546 1.60385 1.80971 2.67463 1.97737 2.31024 2.72239 2.52408 2.57548 2.84093 2.40882 1.80971 2.49993 2.48066 1.97737 2.30454 2.57548 2.20963 
2.31444 3.43193 2.46083 3.66213 3.57715 3.35197 2.73091 3.61626 2.84514 1.7456 2.01247 1.65207 3.16114 1.83638 2.28512 3.56745 5.12991 2.14243 0 2.46566 3.30625 3.70752 1.24658 3.74277 1.65161 4.41174 3.85152 2.35709 4.43979 3.52897 1.24025 3.96901 2.48419 4.5026 3.5896 3.38689 2.32413 1.88339 3.6573 2.05483 4.42205 5.08315 4.60314 3.52495 2.8638 3.68219 3.38825 3.92723 4.29082 4.43026 3.94893 5.01383 3.59186 3.89894 3.74342 4.6136 3.6652 4.39511 4.67311 3.14574 3.77423 2.2473 2.19253 4.24252 1.97818 5.20659 4.15222 2.15882 3.56834 4.43714 2.18937 3.52341 2.16214 5.28521 3.97389 2.13433 2.32625 2.20035 2.05439 2.0951 1.81364 2.2299 2.42012 3.49075 3.33546 2.275 3.73668 4.74419 2.52609 2.17874 5.27846 2.49559 2.42999 4.58062 2.13555 2.11463 4.032 1.99535 2.23014 4.14688 
2.62927 2.80853 2.48352 1.86969 1.58088 1.56043 1.69486 2.73083 2.40198 1.35907 1.53612 1.73829 2.01439 1.05612 1.84632 2.40903 2.62093 2.29497 2.46566 0 2.69615 2.03354 1.6175 1.88782 1.03074 2.2058 2.09888 1.93246 2.1927 1.74265 1.13496 2.46519 1.86815 2.21781 2.69508 1.8155 1.57078 1.54375 1.97256 1.40358 2.17994 2.54053 2.1687 1.77591 1.51076 2.09444 1.45028 2.20665 1.96798 2.13913 1.7795 2.66189 1.62521 2.08135 1.85757 2.37141 1.74403 2.5925 2.19866 1.53792 2.67562 1.88922 1.42584 1.90807 1.36447 2.77714 2.12381 1.67115 2.72195 1.90082 1.30112 2.85558 1.54926 2.84859 3.16561 1.6525 1.83858 1.37604 1.57257 1.54382 1.26235 1.67862 1.81422 1.68212 1.65964 1.87079 1.6759 2.26356 2.03843 1.52634 2.78146 2.00792 1.69346 2.27165 1.52183 1.94194 2.06336 1.22938 1.67886 1.93841 
3.48479 3.60594 3.54426 2.48945 2.30521 2.47361 2.47582 3.37299 2.718 1.64965 1.74957 2.13905 2.20741 1.8957 1.91345 3.14814 3.59303 2.25863 3.30625 2.69615 0 2.31097 2.05955 2.68294 1.56116 3.14922 2.28819 2.708 3.14719 2.42444 1.32317 3.08676 2.35164 3.1407 3.55688 2.60356 2.25826 1.40851 2.72648 2.17781 2.99824 3.54823 3.03858 1.99909 2.02557 2.29436 2.42738 2.30737 2.5085 3.03425 2.73149 3.38659 2.08663 3.01582 2.7836 3.03006 2.61828 3.02439 2.96186 2.38495 3.13823 2.14125 1.82547 2.62318 1.59112 3.70497 3.022 1.76976 3.62538 2.72507 1.85694 3.31711 1.77508 3.43654 3.78817 1.87915 1.88126 2.15684 1.79922 1.95208 1.48901 2.08688 2.2771 1.93754 2.12219 2.0751 2.55016 2.95863 2.2521 1.94131 3.70598 2.36609 1.78093 2.69457 1.74849 1.8067 2.63719 1.62829 2.08712 2.73561 
2.78701 2.77812 2.8153 6.38678 4.89338 4.32407 7.18325 2.34718 1.61752 1.20285 1.54702 1.7333 6.28852 1.43047 1.16818 4.59815 3.59881 1.61683 3.70752 2.03354 2.31097 0 1.65851 7.5784 0.946797 5.69984 5.49148 1.98883 2.84156 5.88304 1.17273 3.43617 1.84242 4.07094 2.61998 6.05909 1.82198 1.07505 6.55172 1.57025 4.06789 3.72444 3.90962 7.26165 6.45613 3.81861 6.64528 5.36195 2.66174 3.07788 6.41876 3.1578 8.36705 6.7229 3.9657 7.16454 8.64478 3.40622 5.29843 7.71217 2.31277 1.62052 1.40936 6.34588 1.28016 5.89898 7.00247 1.2483 2.59181 5.45041 1.44083 1.99094 1.34564 4.84913 2.65747 1.40602 1.37204 1.54248 1.32609 1.45638 1.17804 1.59118 1.74739 3.15967 7.837 1.68591 8.46978 3.17676 1.65014 1.52201 3.8223 1.85687 1.37068 4.14733 1.43752 1.46504 10.5149 1.21218 1.59142 9.75872 
1.24658 2.07011 1.24658 1.73215 1.44141 1.44141 1.3141 2.35979 1.68662 1.76827 2.03514 1.65207 1.30765 1.83638 2.28512 1.24658 2.12356 2.14243 1.24658 1.6175 2.05955 1.65851 0 1.60687 1.65162 2.18645 1.75748 1.7751 1.82417 1.4746 1.4746 1.65207 2.48419 1.99038 2.19018 1.77207 2.32413 1.88339 1.60687 2.0775 1.85401 2.05353 1.90183 1.62502 1.24658 1.63111 1.56864 1.46593 1.54941 1.8832 1.77207 2.12078 1.42237 1.82594 1.61131 2.12668 1.60915 1.70375 2.05895 1.3638 2.39946 2.2473 2.19253 1.63203 1.97818 2.26858 1.72097 2.15882 1.99488 1.77207 2.18937 1.99007 2.16214 2.31027 2.32625 2.13433 2.32625 2.20035 2.05439 2.0951 1.81364 2.2299 2.42012 1.42237 1.41007 2.275 1.63203 1.8832 2.52609 2.17874 2.23014 2.49559 2.42999 1.62892 2.13555 2.11463 1.63203 1.99535 2.23014 1.77634 
2.56567 1.74736 2.54897 7.79911 7.19684 5.06578 8.674 2.48467 2.27999 1.23368 1.3336 1.55106 8.00215 1.2007 1.91888 5.41116 3.58904 2.09589 3.74277 1.88782 2.68294 7.5784 1.60687 0 1.1033 4.62616 7.46482 1.31734 3.3188 7.14784 1.17462 3.53831 1.67743 3.96214 2.05281 6.13712 1.36034 1.45582 6.81151 0.864115 3.97587 2.97887 4.26467 6.96687 6.18555 6.04341 5.25058 7.3392 3.19068 2.94272 4.69958 3.71532 7.07243 6.2866 4.18377 8.32104 6.47336 3.91145 5.24648 6.98353 2.67748 1.80471 1.33697 6.7994 1.37476 6.70682 7.70448 1.40519 2.48756 5.98497 1.4039 2.87042 1.50253 4.99093 2.60579 1.6066 1.57262 1.42464 1.52667 1.39517 1.27265 1.52997 1.3704 4.32399 6.74029 1.88026 6.48108 3.63704 1.78423 1.2663 3.07839 1.75585 1.68072 4.89877 1.49475 1.92921 8.90102 1.13979 1.45621 7.56582 
1.68985 1.56426 1.53966 1.21197 0.705445 0.945404 1.26288 1.6698 1.34483 1.02491 1.42905 1.65304 0.965853 1.26145 1.51216 1.53966 1.16852 1.96081 1.65161 1.03074 1.56116 0.946797 1.65162 1.1033 0 1.29429 0.984516 1.17531 1.26948 1.19796 1.19796 1.31157 1.80545 1.24647 1.52736 1.03074 1.73901 1.55127 1.1033 1.47771 1.10335 1.39659 0.946797 0.802916 0.613599 0.984516 0.613599 1.02491 1.17932 1.16974 1.03074 1.5661 0.973506 1.31702 1.10546 1.31451 0.945404 1.43879 1.2189 0.993706 1.49137 1.61432 1.2375 0.984093 1.34929 1.39659 1.07304 1.45719 1.19687 1.03074 1.28127 1.5412 1.53409 1.57091 1.55516 1.58914 1.55516 1.29226 1.50921 1.44716 1.24718 1.58197 1.60611 0.802916 0.961202 1.68988 0.945404 1.16974 1.76677 1.38073 1.39659 1.73839 1.60789 1.00877 1.39527 1.72044 0.984093 1.04031 1.58304 0.945404 
3.33217 1.80471 3.29335 5.00946 5.28031 4.94933 5.90116 2.8259 2.56869 1.50348 1.6034 2.17681 5.82332 1.4705 2.10987 6.09154 3.87517 2.50338 4.41174 2.2058 3.14922 5.69984 2.18645 4.62616 1.29429 0 6.24468 1.48533 3.53467 5.98982 1.44442 4.19881 1.98975 3.79943 1.85903 5.15924 1.19452 1.72563 5.27194 1.47086 4.81506 3.84064 4.58379 5.09503 4.89978 6.16888 3.95819 6.20735 3.16678 3.41892 3.71999 4.13179 5.0446 5.40104 4.83561 5.68748 4.20315 4.14463 6.4681 4.80954 3.01034 1.9957 1.7407 6.44312 1.58116 7.84542 6.72688 1.59618 2.73589 6.52633 1.65772 3.22821 1.69352 5.80986 3.16778 1.79759 1.76361 1.55919 1.71766 1.5482 1.47905 1.683 1.68267 4.75085 5.19586 2.07125 4.73563 4.09452 1.97522 1.45729 3.96507 1.94684 1.85185 5.34225 1.73853 2.18339 6.93667 1.54351 1.68324 5.38922 
2.80237 2.7429 2.8119 6.82235 5.53452 5.20832 6.28524 2.32906 1.5994 1.1416 1.49822 1.75404 5.89509 1.43984 1.1552 4.62926 3.62369 1.60385 3.85152 2.09888 2.28819 5.49148 1.75748 7.46482 0.984516 6.24468 0 1.9536 2.84356 6.83355 1.07323 3.42428 1.86316 4.50406 2.59892 7.40428 1.78075 1.07323 7.41677 1.57025 4.42712 3.698 4.25838 5.06765 4.58272 4.85002 5.29444 6.81754 2.68822 3.07989 7.56932 3.28373 6.6312 8.05957 4.32211 7.76168 6.59722 3.61928 6.03551 6.09671 2.30749 1.64126 1.37352 8.0694 1.23147 6.80778 8.62042 1.17421 2.60728 5.95413 1.41616 2.17282 1.27155 5.28803 2.6218 1.37562 1.34164 1.5802 1.29569 1.47712 1.12936 1.61192 1.70688 3.57577 6.32868 1.71132 6.32153 3.26383 1.57605 1.4815 3.7989 1.87761 1.37068 4.72412 1.38884 1.46504 7.62416 1.17634 1.61217 7.54226 
2.4871 1.72519 2.40163 1.5629 1.68775 1.48038 1.7153 2.55189 2.32463 1.23368 1.3336 1.55106 2.01818 1.2007 1.99089 2.29362 2.42605 2.188 2.35709 1.93246 2.708 1.98883 1.7751 1.31734 1.17531 1.48533 1.9536 0 2.36673 1.59479 1.17462 2.27898 1.67436 2.08172 1.91017 1.35853 1.35773 1.45582 1.48494 1.05649 2.20452 2.09212 1.99353 1.74368 1.69524 2.1236 1.34725 2.12053 2.0732 2.22395 1.34611 2.52397 1.75307 1.3808 1.87888 1.84495 1.34288 2.63067 1.8515 1.59636 2.70254 1.97294 1.5188 2.10983 1.44818 2.48853 2.15913 1.5973 2.68328 1.53455 1.30062 2.8812 1.63214 2.66965 2.92624 1.73621 1.76473 1.42464 1.65628 1.41365 1.34607 1.54845 1.62363 1.85128 1.6424 2.04981 1.52155 2.32699 1.9141 1.39617 2.48846 1.88359 1.6196 2.30576 1.60555 1.86808 2.26513 1.32234 1.54869 1.74354 
3.25424 3.09804 3.13061 3.39585 2.63229 2.68546 3.37846 2.60409 2.35453 1.52553 1.86971 2.14688 3.41697 1.42611 1.79184 4.49376 4.37867 2.10863 4.43979 2.1927 3.14719 2.84156 1.82417 3.3188 1.26948 3.53467 2.84356 2.36673 0 3.5514 1.5816 4.37387 2.17006 3.43545 3.02772 3.1396 2.03343 1.48392 3.57356 1.84225 3.91134 4.34264 3.20283 2.62411 2.64938 3.17989 2.4565 3.50061 3.24825 3.28497 3.11553 3.6689 2.83782 3.73026 3.47012 3.30022 2.79686 4.05475 3.70573 2.70495 3.05622 1.94962 1.73205 3.37299 1.49161 4.35536 3.85518 1.43901 2.96243 3.43886 1.76352 2.2143 1.53635 4.28308 3.05104 1.64042 1.60644 1.86516 1.56049 1.66783 1.3895 1.80263 1.95448 3.26347 2.76029 2.07746 3.01006 3.9666 1.86159 1.7291 4.37641 2.06832 1.89003 3.65279 1.64898 2.0532 3.61503 1.53487 1.75637 3.00159 
2.22022 2.74006 2.1814 6.68699 5.94564 5.10258 6.85598 3.07293 2.11988 1.04498 1.1449 1.23599 6.32854 1.41477 1.72196 4.82555 4.03926 1.82568 3.52897 1.74265 2.42444 5.88304 1.4746 7.14784 1.19796 5.98982 6.83355 1.59479 3.5514 0 0.850442 3.17361 2.0318 4.75184 2.65055 7.02956 1.86047 1.07323 7.40365 1.57314 4.78374 4.11792 4.59941 5.26628 5.14192 5.50585 4.73686 7.06277 3.29048 3.50292 7.19818 4.23384 6.30893 7.60112 4.69761 7.18604 6.69527 3.68802 6.42001 5.96657 2.84388 1.85117 1.73888 8.00752 1.7209 7.38977 8.57196 1.82817 3.08339 6.48091 1.5764 2.98932 1.90569 5.83039 3.34077 1.91388 1.92615 1.58738 1.83395 1.81877 1.59319 1.95357 2.10749 4.16795 6.00484 2.05455 6.37443 4.10547 2.23702 1.86372 4.34044 2.21926 1.85749 5.34776 1.87827 1.63054 7.8508 1.54169 1.95465 7.16606 
1.24025 1.63809 1.28611 1.26849 1.18541 1.22096 0.850442 1.92549 1.22942 1.04498 1.21701 1.23599 0.850442 1.48688 1.72196 1.1486 1.6699 1.92336 1.24025 1.13496 1.32317 1.17273 1.4746 1.17462 1.19796 1.44442 1.07323 1.17462 1.5816 0.850442 0 1.23599 2.0318 1.64088 1.59746 1.03004 1.86047 1.07323 1.29006 1.64525 1.57099 1.62127 1.38804 1.1739 0.850442 1.07323 0.985923 1.00872 1.32896 1.66275 1.03004 1.81852 1.20192 1.37355 1.40205 1.6175 1.31701 1.24009 1.31692 1.14335 1.78649 1.85117 1.73888 1.3557 1.7209 1.89797 1.44465 1.82817 1.67986 1.03004 1.5764 1.76962 1.90569 1.86811 1.92615 1.91388 1.92615 1.58738 1.83395 1.81877 1.59319 1.95357 2.10749 1.12854 1.18962 2.05455 1.31701 1.66275 2.23702 1.86372 1.89797 2.21926 1.85749 1.36117 1.87827 1.63054 1.31445 1.54169 1.95465 1.44679 
2.41394 3.06111 2.14725 3.51589 3.15973 3.16712 2.85542 3.21794 2.40651 1.3218 1.72593 1.1135 2.81684 1.87644 1.96935 2.90322 4.83444 2.00935 3.96901 2.46519 3.08676 3.43617 1.65207 3.53831 1.31157 4.19881 3.42428 2.27898 4.37387 3.17361 1.23599 0 2.10591 4.34106 3.27096 3.35132 2.08976 1.64825 3.12721 1.69922 3.89999 4.56843 4.27825 3.02958 2.5053 3.65297 2.98984 3.30283 4.02512 4.1961 3.69964 4.83308 3.52697 3.7527 3.57899 4.39904 3.23886 4.32324 4.32771 3.45921 3.19729 1.93596 1.85249 3.78793 1.6356 4.69478 3.8981 1.79719 3.18491 4.09226 1.83826 3.2785 1.81955 4.7256 3.42464 1.92363 1.96462 1.84924 1.8437 1.73347 1.53348 1.86827 2.05849 3.07772 3.09972 2.14632 3.25498 4.41991 2.16446 1.81711 4.76373 2.13396 2.06367 4.12602 1.79296 1.74222 3.46422 1.6553 1.86851 3.8507 
2.48419 2.14067 2.33401 1.55099 1.40979 1.43625 1.8713 2.25095 2.07141 2.13379 2.3744 2.44739 2.0274 2.2892 2.37783 2.16946 1.40979 2.82648 2.48419 1.86815 2.35164 1.84242 2.48419 1.67743 1.80545 1.98975 1.86316 1.67436 2.17006 2.0318 2.0318 2.10591 0 2.16349 1.98975 1.67436 2.14296 2.25343 1.67743 2.14806 2.13034 2.12409 1.98975 1.5934 1.40979 1.86316 1.67436 2.0274 2.18024 2.1413 1.67436 2.17006 1.77986 1.40979 1.8998 2.14419 1.43625 2.23498 1.85628 1.9135 2.39837 2.41051 2.24141 1.6736 2.0388 2.27103 1.76255 2.01324 1.79151 1.67436 2.30959 2.34755 2.11141 2.19641 2.18067 2.21464 2.18067 2.32058 2.13471 2.00044 1.93669 2.13524 2.32546 1.5934 1.77986 2.63248 1.43625 2.16683 2.48126 1.97537 2.13548 2.46491 2.39837 1.79925 2.18858 2.51092 1.6736 2.14919 2.13548 1.54004 
3.26241 2.38105 3.19453 3.879 3.51318 3.17884 4.74105 2.87039 2.68639 1.5748 1.79986 2.20293 4.39981 1.27444 2.06204 6.29371 4.16053 2.51069 4.5026 2.21781 3.1407 4.07094 1.99038 3.96214 1.24647 3.79943 4.50406 2.08172 3.43545 4.75184 1.64088 4.34106 2.16349 0 2.36398 4.07679 1.48078 1.92208 4.32057 1.70684 4.80026 4.13307 4.66811 3.76028 3.42395 4.44845 3.11379 4.56651 3.04327 3.33446 3.69307 4.18218 3.78446 4.66276 4.83927 4.82148 3.15177 4.30482 4.54761 3.4734 2.98845 2.03983 1.51078 4.60917 1.38357 5.73645 5.05233 1.65252 2.88829 4.43912 1.54225 3.04263 1.56753 5.78206 3.11639 1.6716 1.81995 1.72997 1.59167 1.6425 1.28146 1.7773 1.73901 4.68867 3.88563 1.9852 3.63641 3.91414 2.03156 1.51363 4.12288 2.00318 2.00472 5.00499 1.54094 2.16967 5.00924 1.31359 1.65021 4.17657 
3.67738 2.43502 3.63462 1.86782 2.2604 2.04751 2.60276 3.08541 2.98124 1.65652 1.75644 2.18131 2.7331 1.67124 2.34293 3.31693 3.0725 2.50338 3.5896 2.69508 3.55688 2.61998 2.19018 2.05281 1.52736 1.85903 2.59892 1.91017 3.02772 2.65055 1.59746 3.27096 1.98975 2.36398 0 1.93513 1.19452 1.87867 2.30359 1.59134 2.99412 2.76796 2.4118 2.27182 2.37889 2.81067 2.02735 2.84182 2.57323 2.74772 1.81809 3.04704 2.4115 2.3779 3.01318 2.81881 1.76837 3.17857 2.46303 2.35898 3.45274 2.2884 1.83491 2.65774 1.67538 3.22134 2.85911 1.81525 3.29481 2.14608 1.75194 3.55723 1.85934 3.32934 3.51043 1.96341 1.98268 1.8586 1.88348 1.84761 1.57327 1.98241 2.06104 2.48969 2.57733 2.27701 2.18125 3.09973 2.29087 1.83013 3.06795 2.31755 2.07092 2.83903 1.83275 2.34853 2.81303 1.63773 1.83403 2.26731 
2.42451 2.06599 2.41514 4.86482 5.91475 4.41261 6.25102 2.49339 2.22019 1.0891 1.18902 1.6047 6.22394 1.05612 1.84632 5.19505 3.61206 2.16137 3.38689 1.8155 2.60356 6.05909 1.77207 6.13712 1.03074 5.15924 7.40428 1.35853 3.1396 7.02956 1.03004 3.35132 1.67436 4.07679 1.93513 0 1.35773 1.31125 5.88163 1.05649 4.57021 3.43027 4.23842 5.44846 4.81601 5.60112 4.75874 7.01892 3.10385 2.94935 6.18692 3.60099 5.70717 6.31358 4.09799 6.32776 5.25075 3.46154 5.86191 5.23829 2.61013 1.88922 1.42584 7.12225 1.36447 7.04721 7.39473 1.58239 2.64085 5.93929 1.30062 2.85636 1.54926 5.33387 2.95146 1.6525 1.74982 1.37604 1.57257 1.39847 1.26235 1.53328 1.62363 3.87828 5.24925 1.96609 5.25868 3.63098 1.89892 1.38099 3.56196 1.86842 1.6196 4.84009 1.52183 1.78463 7.257 1.22938 1.53352 5.85666 
2.35144 1.81015 2.22794 1.20826 1.50684 1.20826 1.69997 1.88028 1.86938 2.06734 2.23166 2.34132 1.86047 2.01143 2.47844 1.99813 2.01228 2.70682 2.32413 1.57078 2.25826 1.82198 2.32413 1.36034 1.73901 1.19452 1.78075 1.35773 2.03343 1.86047 1.86047 2.08976 2.14296 1.48078 1.19452 1.35773 0 2.0821 1.36034 2.06656 2.0532 1.9803 1.46668 1.50684 1.61785 1.78075 1.46668 1.93521 1.7743 1.85057 1.35773 2.03343 1.55318 1.38735 1.87593 1.88028 1.19452 2.08962 1.75929 1.57078 2.2795 2.36271 2.22384 1.61785 1.74969 1.9803 1.7068 1.88956 1.71814 1.52516 2.06987 2.21434 1.93364 2.07273 2.05699 2.03772 2.05699 1.93291 1.95779 1.92192 1.64757 2.05672 2.12738 1.62157 1.64757 2.35131 1.35773 1.87771 2.36518 1.902 1.89459 2.39155 2.2795 1.73442 1.90705 2.48029 1.61785 2.02666 1.89459 1.46668 
2.00927 1.9193 2.03984 1.4222 1.20583 1.38613 1.07505 2.01083 1.30279 1.3983 1.49822 1.96289 1.07323 1.76809 1.72196 1.55739 1.89154 1.82568 1.88339 1.54375 1.40851 1.07505 1.88339 1.45582 1.55127 1.72563 1.07323 1.45582 1.48392 1.07323 1.07323 1.64825 2.25343 1.92208 1.87867 1.31125 2.0821 0 1.62153 1.92645 1.76182 1.90248 1.32838 1.19432 1.19432 1.07323 1.26713 1.07323 1.54263 1.91964 1.31125 1.83096 1.40555 1.78234 1.70729 1.87439 1.53865 1.64889 1.59813 1.4426 1.94282 2.19505 1.99576 1.56784 1.93304 2.18204 1.65678 1.84859 1.9015 1.31125 1.83214 1.97903 2.00836 1.88853 1.94657 1.98055 1.94657 1.99618 1.90062 2.03091 1.80374 2.16571 2.32912 1.19432 1.40017 2.2651 1.53865 1.90071 2.31286 2.08536 2.16595 2.4314 1.94282 1.40017 2.0904 1.63054 1.56784 1.79858 2.16595 1.66842 
2.63414 1.86572 2.43996 5.93034 6.34696 5.11179 6.53037 2.52808 2.32115 1.3218 1.72593 1.3007 5.85968 1.37573 1.91888 4.58617 3.69917 2.09589 3.6573 1.97256 2.72648 6.55172 1.60687 6.81151 1.1033 5.27194 7.41677 1.48494 3.57356 7.40365 1.29006 3.12721 1.67743 4.32057 2.30359 5.88163 1.36034 1.62153 0 1.30161 4.68479 3.60344 4.88157 5.96823 4.9759 6.10485 5.66329 7.42901 3.39947 3.15152 6.52192 3.85726 6.40298 6.70984 4.27284 7.49585 5.89705 3.96125 5.84202 5.80508 2.72102 1.80471 1.33697 7.35532 1.12008 7.12505 7.75665 1.40519 2.57878 6.034 1.4039 2.72279 1.30404 5.42947 2.7351 1.40812 1.57262 1.42464 1.32818 1.39517 1.01797 1.52997 1.3704 4.25721 5.89909 1.72171 5.44444 3.66332 1.78423 1.2663 3.79545 1.75585 1.77123 4.82255 1.27745 1.9924 7.71179 1.13979 1.45621 6.4019 
2.02869 1.42129 1.92732 1.55711 1.38413 1.38413 1.74491 2.09929 1.85212 1.67699 1.80423 2.04069 1.64525 1.67133 2.29329 1.92732 1.84284 2.56652 2.05483 1.40358 2.17781 1.57025 2.0775 0.864115 1.47771 1.47086 1.57025 1.05649 1.84225 1.57314 1.64525 1.69922 2.14806 1.70684 1.59134 1.05649 2.06656 1.92645 1.30161 0 1.66732 1.31077 1.47086 1.48874 1.47771 1.5842 0.864115 1.67699 1.82533 1.6855 1.05649 1.9223 1.55378 1.65963 1.49311 1.79424 1.30161 2.09981 1.34337 1.40358 2.15135 2.27534 1.8076 1.53048 1.88552 1.81522 1.61943 1.87582 1.55307 1.05649 1.93254 2.12147 1.97316 2.059 2.04325 2.07723 2.04325 1.95327 1.9973 1.8658 1.78341 2.0006 1.96231 1.55378 1.53131 2.35089 1.30161 1.73984 2.25486 1.73693 1.81522 2.22648 2.15135 1.57888 1.96538 2.37252 1.53048 1.61042 2.00085 1.30161 
3.05576 2.96262 2.91001 4.63859 3.85103 4.62889 4.8576 2.98381 2.70046 1.43169 1.83582 1.83405 4.46572 1.6553 1.7227 6.21092 4.01552 2.17135 4.42205 2.17994 2.99824 4.06789 1.85401 3.97587 1.10335 4.81506 4.42712 2.20452 3.91134 4.78374 1.57099 3.89999 2.13034 4.80026 2.99412 4.57021 2.0532 1.76182 4.68479 1.66732 0 4.03347 4.35466 3.89395 3.50704 4.97381 3.10317 4.68652 3.53281 3.6873 4.10195 4.30418 4.03303 4.90694 4.7072 4.82243 4.29264 4.3829 4.08645 4.11152 2.86109 1.72127 1.41303 4.82187 1.36981 5.93551 5.13502 1.59253 2.98627 4.77206 1.61655 2.81826 1.55377 5.95112 3.15171 1.52596 1.69051 1.69903 1.44603 1.67507 1.20527 1.80987 2.00009 4.74206 3.70736 1.66663 3.96934 3.88363 2.10605 1.72001 4.23633 2.07556 1.74323 5.40902 1.52718 1.85579 5.14193 1.38789 1.81095 4.1135 
3.38275 2.77807 3.31725 3.8031 3.21029 3.47314 4.15687 3.19981 2.96782 1.65302 1.78025 2.01672 3.8209 1.64736 2.21217 4.93949 4.61591 2.54254 5.08315 2.54053 3.54823 3.72444 2.05353 2.97887 1.39659 3.84064 3.698 2.09212 4.34264 4.11792 1.62127 4.56843 2.12409 4.13307 2.76796 3.43027 1.9803 1.90248 3.60344 1.31077 4.03347 0 4.35392 3.43333 3.19927 3.92444 2.88502 3.96076 4.32144 4.07265 3.30579 4.84608 3.6382 3.70852 3.97115 4.28402 2.84227 4.88148 3.94288 3.49347 3.42043 2.15959 1.78363 3.01374 1.76977 3.16213 3.93451 1.65895 2.84752 3.63923 1.90856 3.4849 1.85824 3.65084 2.51077 1.86036 1.5885 1.83752 1.78043 1.64893 1.56653 1.78373 1.28927 3.93623 3.45352 2.23514 2.56691 4.61357 1.86504 1.62118 2.75891 2.00961 2.12738 3.96076 1.92713 2.34812 3.29594 1.58645 1.48211 3.34572 
3.3378 2.37784 3.21417 4.01646 3.6064 4.22129 4.54698 2.38409 2.21777 1.20285 1.54702 1.90326 4.61973 1.43047 1.49043 6.1603 4.25882 1.93908 4.60314 2.1687 3.03858 3.90962 1.90183 4.26467 0.946797 4.58379 4.25838 1.99353 3.20283 4.59941 1.38804 4.27825 1.98975 4.66811 2.4118 4.23842 1.46668 1.32838 4.88157 1.47086 4.35466 4.35392 0 3.56847 3.45462 4.59935 3.38726 4.66701 3.08672 3.70958 4.06545 3.56011 3.63131 4.98091 5.06798 4.1571 4.01609 3.89578 4.53547 4.1122 2.82197 1.86454 1.40936 4.66582 1.52116 5.85527 5.23385 1.46856 2.82566 4.95717 1.44083 2.79704 1.56673 5.93595 2.91427 1.66997 1.63599 1.54248 1.59004 1.58616 1.41905 1.72096 1.68267 4.6496 3.79307 1.9401 4.08827 3.99966 1.77975 1.45729 4.41712 1.94684 1.56735 5.24295 1.56714 1.73051 4.97587 1.21218 1.7212 4.69132 
2.46088 2.64485 2.54127 6.03571 5.00869 3.88597 6.67677 1.85261 1.50693 1.03378 1.48808 1.49577 5.94659 1.25824 1.1552 4.53821 3.36373 1.60385 3.52495 1.77591 1.99909 7.26165 1.62502 6.96687 0.802916 5.09503 5.06765 1.74368 2.62411 5.26628 1.1739 3.02958 1.5934 3.76028 2.27182 5.44846 1.50684 1.19432 5.96823 1.48874 3.89395 3.43333 3.56847 0 11.3778 3.78477 11.311 4.43616 2.23113 2.59813 5.74617 2.82564 8.94149 6.11548 3.57081 6.46516 14.6 3.18575 4.91652 12.8671 1.90629 1.383 1.19192 5.57018 0.957567 5.05962 6.65203 0.900307 2.28431 4.65469 1.23456 1.84315 0.997642 4.27208 2.23233 1.10171 1.06774 1.3986 1.02178 1.20735 0.855455 1.34215 1.52528 2.39391 13.4204 1.44155 13.6086 2.73296 1.37593 1.29099 3.33104 1.60784 1.02269 3.72084 1.11493 1.19082 9.1232 0.994736 1.3424 9.32832 
1.94053 2.56086 2.15507 5.50421 4.63875 3.72217 5.28761 2.0063 1.47779 0.941935 1.34607 1.1135 4.89753 1.17848 1.1552 3.89003 3.07364 1.60385 2.8638 1.51076 2.02557 6.45613 1.24658 6.18555 0.613599 4.89978 4.58272 1.69524 2.64938 5.14192 0.850442 2.5053 1.40979 3.42395 2.37889 4.81601 1.61785 1.19432 4.9759 1.47771 3.50704 3.19927 3.45462 11.3778 0 3.66154 22.4985 4.25812 2.31592 2.47161 5.34425 2.86877 8.33558 5.3752 2.90148 6.38785 11.9005 2.53276 4.35054 8.98069 2.06692 1.00073 1.15452 4.78322 0.925876 5.20612 5.06636 1.02504 1.92597 4.38923 1.19829 1.88451 1.10983 4.08733 2.23411 1.08202 1.12301 1.20928 1.00209 1.02375 0.761332 1.15855 1.34877 2.69056 13.8044 1.22269 16.7987 2.43348 1.45474 1.10738 3.1295 1.42424 1.18725 3.20823 1.08324 1.28829 8.7047 0.957333 1.15879 7.29628 
2.68225 2.95171 2.70742 5.5152 3.97851 5.07954 5.33374 2.5661 1.49078 1.03378 1.48808 1.60017 4.89326 1.43206 1.1552 5.1487 4.2241 1.60385 3.68219 2.09444 2.29436 3.81861 1.63111 6.04341 0.984516 6.16888 4.85002 2.1236 3.17989 5.50585 1.07323 3.65297 1.86316 4.44845 2.81067 5.60112 1.78075 1.07323 6.10485 1.5842 4.97381 3.92444 4.59935 3.78477 3.66154 0 4.15302 4.93658 2.83865 3.42975 5.72736 3.76912 4.40063 6.34918 4.5913 6.39588 4.87071 3.90803 6.47021 4.68947 2.63805 1.64126 1.37352 5.68946 1.23147 6.58165 6.69285 1.17421 2.76822 6.40175 1.41616 2.29231 1.27155 5.23854 2.70505 1.37562 1.34164 1.5802 1.29569 1.47712 1.12936 1.61192 1.69863 3.52981 4.49088 1.71132 4.71365 3.72859 1.37593 1.4815 3.93108 1.87761 1.37068 4.63313 1.38884 1.19082 4.81024 1.17634 1.61217 5.37229 
2.4144 1.70086 2.37157 5.7622 4.30179 3.56165 6.47718 2.18016 1.82947 0.812878 1.1449 1.57006 5.61004 0.85269 1.42918 4.6329 2.83572 1.87783 3.38825 1.45028 2.42738 6.64528 1.56864 5.25058 0.613599 3.95819 5.29444 1.34725 2.4565 4.73686 0.985923 2.98984 1.67436 3.11379 2.02735 4.75874 1.46668 1.26713 5.66329 0.864115 3.10317 2.88502 3.38726 11.311 22.4985 4.15302 0 4.99604 2.3278 2.4761 4.28816 3.25419 8.42563 5.35616 3.44444 6.13162 11.8281 3.38503 4.22489 9.36545 2.13927 1.61432 1.14436 5.41381 1.25615 5.51788 5.96048 1.24646 2.25526 4.82508 1.19829 2.45754 1.34463 4.23517 2.3716 1.44786 1.41389 1.20928 1.36793 1.31979 1.15404 1.4546 1.33295 3.15431 13.2245 1.6069 16.6202 3.02306 1.61069 1.19093 3.07702 1.65541 1.34524 3.98791 1.30213 1.50841 9.3458 0.94717 1.45484 8.13222 
2.59247 3.00526 2.53917 6.59711 5.25201 4.91671 6.96135 2.73062 1.82952 0.812878 1.27607 1.43499 6.00135 1.54594 1.51542 5.15264 3.99864 1.92336 3.92723 2.20665 2.30737 5.36195 1.46593 7.3392 1.02491 6.20735 6.81754 2.12053 3.50061 7.06277 1.00872 3.30283 2.0274 4.56651 2.84182 7.01892 1.93521 1.07323 7.42901 1.67699 4.68652 3.96076 4.66701 4.43616 4.25812 4.93658 4.99604 0 3.10698 3.48147 7.47059 3.95889 6.23377 7.6527 4.46905 7.66636 6.32959 3.73232 5.82132 5.9605 2.63499 1.64032 1.56583 7.17577 1.48109 6.41735 7.95197 1.44409 2.75887 5.73993 1.60961 2.68431 1.61881 5.19821 2.85647 1.57605 1.54207 1.62059 1.49612 1.54027 1.27786 1.67508 1.8653 3.36675 5.62112 1.84135 5.55321 3.59212 1.92331 1.62391 4.0228 1.94076 1.60974 4.42966 1.63846 1.19082 6.53884 1.36865 1.67532 6.84433 
2.91885 2.58 2.9154 2.89164 2.28671 2.3301 3.22448 2.56866 2.34194 1.50765 1.79986 1.87212 2.97304 1.27444 1.68259 4.2226 4.25151 2.13124 4.29082 1.96798 2.5085 2.66174 1.54941 3.19068 1.17932 3.16678 2.68822 2.0732 3.24825 3.29048 1.32896 4.02512 2.18024 3.04327 2.57323 3.10385 1.7743 1.54263 3.39947 1.82533 3.53281 4.32144 3.08672 2.23113 2.31592 2.83865 2.3278 3.10698 0 3.07574 2.98577 3.79801 2.23351 3.71561 3.05315 3.57992 2.58659 4.0232 3.4965 2.34463 2.66105 1.89223 1.44363 3.04176 1.24832 4.22267 3.76022 1.53347 2.91142 3.22963 1.42816 2.4407 1.43228 4.01185 3.07308 1.53635 1.7009 1.72806 1.45642 1.60928 1.14621 1.74408 1.9343 2.78171 2.26976 1.8027 2.77922 3.63819 1.96702 1.59851 4.42331 2.02329 1.62386 3.25418 1.40569 1.88947 3.27172 1.24644 1.74432 2.79236 
3.2112 2.89317 3.06544 3.16157 2.59514 2.77753 3.44584 2.63942 2.59284 1.49807 1.88509 2.1051 3.27023 1.35967 1.98531 4.31598 4.309 2.43396 4.43026 2.13913 3.03425 3.07788 1.8832 2.94272 1.16974 3.41892 3.07989 2.22395 3.28497 3.50292 1.66275 4.1961 2.1413 3.33446 2.74772 2.94935 1.85057 1.91964 3.15152 1.6855 3.6873 4.07265 3.70958 2.59813 2.47161 3.42975 2.4761 3.48147 3.07574 0 3.0569 3.78963 2.6003 3.55165 3.13919 3.58885 2.83946 4.01643 3.24771 2.24777 2.89036 1.83745 1.35289 3.14691 1.10002 3.96992 3.45323 1.46747 2.71242 3.0743 1.47782 2.74232 1.28482 4.13758 2.96688 1.38805 1.6349 1.70779 1.30812 1.46098 0.997909 1.59578 1.71683 3.14481 2.45079 1.35686 2.45404 3.32251 1.94309 1.45021 4.10642 1.93092 1.90173 3.43673 1.25739 2.09408 3.29623 1.1557 1.59686 2.54357 
