0 2403 252 2298 2133 2388 1563 3513 2139 1582 1642 1026 1359 1632 2022 834 2994 1490 249 2286 3288 2646 780 1587 1598 3063 2655 1971 2826 1812 1166 1950 2342 2862 2868 2091 2100 1260 1449 1508 2589 2664 2262 2388 1836 2382 2175 1434 2220 2964 2238 3066 2265 2505 1845 3240 2199 2676 2604 1689 3420 1994 2116 2349 1542 3246 2352 1842 2739 2376 1882 2925 2114 3351 3495 2184 2256 1970 1894 1778 1880 2020 2118 2064 2349 2426 2199 2865 2296 1596 2736 2338 2370 2562 2154 1782 2451 1796 1924 2364 
2403 0 2151 1245 1935 1875 1974 2817 2397 970 1526 1576 2091 958 2104 2733 2463 2356 2652 993 2871 2145 1750 1092 924 1317 2130 918 2622 1638 1134 1953 1988 2040 1815 798 1734 1144 954 1178 2580 2013 1251 1971 1959 2079 1164 2166 2154 2286 651 2817 2238 1911 1350 2202 1650 2799 1593 1623 2256 2076 1442 1800 1176 2595 2298 1564 2190 789 1480 2676 1890 2802 3000 2018 1890 912 1528 1412 1514 1654 1752 2187 2100 2230 1650 2571 1930 1230 2187 1972 1594 2313 1788 2162 1902 1570 1558 1815 
252 2151 0 2046 1941 2172 1449 3261 2391 1476 1624 858 1611 1464 1894 582 2802 1322 501 2034 3096 2454 948 1335 1430 2811 2577 1719 2943 1785 1232 1698 2214 2889 2616 1839 1932 1242 1197 1340 2397 2412 2010 2196 1644 2304 1923 1686 2472 2979 1986 3114 2073 2253 1593 3069 1947 2484 2352 1941 3228 1866 1948 2097 1374 2994 2160 1714 2487 2124 1754 2754 2000 3099 3273 2070 2088 1802 1726 1610 1712 1852 1950 1872 2178 2312 1947 2694 2128 1428 2484 2170 2242 2391 1986 1950 2199 1682 1756 2112 
2298 1245 2046 0 3271 1848 2152 1848 1446 932 1196 1506 5056 920 1782 2790 2720 2036 2828 642 2169 4688 1428 3045 886 2446 3936 327 2996 2667 804 2464 1392 3155 570 2067 1012 814 2563 924 3575 2384 1990 3384 3978 2754 3795 4499 2404 2816 2290 3088 3128 1554 2075 3288 3212 2888 3353 3779 2199 1754 1404 3031 842 4550 4193 1096 1689 1916 1154 1887 1422 3835 2376 1492 1556 874 1194 1078 1180 1320 1418 2290 3496 1734 3212 2436 1596 896 2248 1638 1556 2540 1454 1694 3884 1104 1224 3652 
2133 1935 1941 3271 0 510 3544 1611 777 708 1414 1244 2712 696 996 2265 1148 1384 2694 1485 1191 2080 642 3624 662 3204 1587 1506 1692 3625 938 1940 920 2700 1749 3404 954 1032 2870 1356 1750 2160 1430 776 792 798 2056 2548 1832 2020 3061 2012 1936 3318 2400 4592 1498 1516 2400 2761 1741 968 1180 1470 396 3322 1897 444 1020 2292 856 1407 880 2670 1398 950 1016 1150 748 632 734 874 972 875 2216 1414 1498 1796 1150 450 1356 1192 1024 1185 1008 1042 2021 784 778 1938 
2388 1875 2172 1848 510 0 3168 1539 522 878 1584 1414 2544 866 1166 2690 1488 1554 2864 1365 1446 2070 812 2226 832 2694 1854 1251 2032 3580 1108 2280 1090 2275 1494 2742 784 1202 1950 1192 2175 2500 1855 1092 1104 1308 2052 2694 1688 1680 2448 1856 1962 2484 2285 3954 450 1856 2910 1470 1996 1138 1350 750 226 2812 1746 614 765 2724 1026 1662 940 2295 1575 1074 940 1294 578 462 564 704 802 1300 2172 1462 450 2060 980 280 1016 1022 1194 1610 838 1212 954 954 608 780 
1563 1974 1449 2152 3544 3168 0 2655 1569 1202 658 1048 3388 1318 1486 1445 2920 1512 1752 1371 1812 3344 1132 4822 1234 4008 3311 1134 2324 784 266 2284 1806 3585 1377 2744 1550 276 4380 1462 2975 3404 2985 4224 2752 3384 4552 2979 1844 2836 3087 2644 3896 3437 3420 5440 4825 1812 4266 2272 2616 1458 1760 4144 1282 5600 3612 1306 2349 2922 1346 2088 1556 4290 2691 1626 1738 1360 1376 1396 1358 1638 1858 2100 4032 1868 4825 2704 2036 1336 2884 1820 1834 2875 1604 1402 4464 1238 1542 5265 
3513 2817 3261 1848 1611 1539 2655 0 2061 1584 2330 2294 2451 1572 2018 2934 2472 2070 3459 2214 2220 1809 1692 2202 1538 2436 1701 2139 2088 2859 1894 3030 1994 2571 2418 2019 1510 1958 2064 1918 2616 2934 2028 1320 1872 1428 2085 2376 2292 2307 2166 1848 1644 2331 2256 615 1314 1911 2514 2166 2800 2018 1756 1464 952 2421 1962 1130 1854 2304 1468 2082 1552 2466 2427 1622 1666 1922 1304 1188 1290 1430 1528 1644 1506 1864 1314 2022 1706 1006 1851 1748 1710 1719 1564 1728 1566 1234 1334 1479 
2139 2397 2391 1446 777 522 1569 2061 0 1196 1256 1410 780 1214 1514 2136 1638 1738 2388 1887 1968 1038 1160 1635 1180 1869 1203 1773 1527 1233 780 1704 1438 1887 2016 1893 1132 874 1497 1540 1827 2397 1635 1068 1074 1176 1548 855 1788 1782 1746 1767 1503 1764 1893 2499 747 1914 1977 1257 2518 1486 1698 897 574 1854 1395 962 1287 1884 1374 2184 1288 1899 2097 1422 1288 1642 926 810 912 1052 1150 1302 1608 1810 747 2067 1328 628 1284 1370 1542 1488 1186 1396 999 1302 956 912 
1582 970 1476 932 708 878 1202 1584 1196 0 1134 1566 676 376 1522 1432 1060 1774 1738 764 1332 848 1168 586 342 814 838 714 1166 978 936 1292 1406 838 1184 634 1498 1030 678 1036 1200 760 252 732 724 804 194 626 1132 942 536 1326 1010 1376 942 1174 864 1284 480 778 1422 1494 860 964 940 1148 1068 982 1006 444 1382 1446 1418 1606 1470 1488 1554 830 1292 1176 1278 1418 1516 876 1062 1648 864 1132 1474 774 1222 1736 1512 1012 1332 1452 1032 988 1322 754 
1642 1526 1624 1196 1414 1584 658 2330 1256 1134 0 1626 736 1122 2014 1236 1806 2170 1534 1124 1418 1494 1660 1330 1088 1560 1408 1074 1820 434 476 1352 2152 1584 1576 994 2208 486 1422 1780 1718 1506 998 1478 1216 1418 940 786 1580 1688 1092 1980 1502 1640 1686 1920 1610 1564 1226 1226 2162 1986 1606 1710 1686 1894 1560 1728 1752 1184 1874 1956 2120 2220 2216 2190 2266 1570 1904 1922 1922 2164 2262 1368 1572 2394 1610 1878 2220 1520 1968 2348 2252 1714 2078 1612 1644 1734 2068 1500 
1026 1576 858 1506 1244 1414 1048 2294 1410 1566 1626 0 890 1606 1844 470 1818 1404 1192 1498 2014 1586 1490 1032 1572 2016 1668 1288 1912 1192 1150 274 2164 2068 1886 1368 2074 1244 940 1482 1548 1750 1482 1414 1046 1486 1424 940 1764 1936 1466 2072 1332 1644 1204 1996 1440 1606 1710 1616 2102 1816 2090 1540 1516 2138 1390 1664 1800 1558 1704 1786 1950 2074 2152 2020 2096 1944 1734 1752 1752 1994 2092 1198 1402 2262 1440 1746 2270 1570 1798 2178 2192 1544 1998 1766 1474 1632 1898 1550 
1359 2091 1611 5056 2712 2544 3388 2451 780 676 736 890 0 934 1278 2802 2504 1800 2309 1488 1929 3942 924 4576 900 4185 3157 1413 2600 2692 260 1232 1598 3490 2166 3512 1632 354 4326 1594 2455 2636 2025 3110 1920 2046 3008 175 2396 2740 3561 2920 3064 4305 3105 5720 4002 2080 3114 4556 2304 1250 1418 3416 1074 4888 2884 1004 2037 3006 1138 1830 1384 3710 2238 1454 1530 1388 1168 1188 1186 1430 1650 1580 3344 1696 4002 2360 1828 1128 2468 1612 1584 2445 1432 876 3632 1066 1334 4442 
1632 958 1464 920 696 866 1318 1572 1214 376 1122 1606 934 0 1510 1420 1048 1762 1726 752 1320 836 1156 574 330 802 826 702 1154 1094 1136 1332 1394 826 1172 622 1486 1146 666 1024 1188 748 240 720 712 792 182 984 1120 930 524 1314 998 1364 930 1162 852 1272 468 766 1410 1482 848 952 928 1136 1056 970 994 432 1370 1434 1406 1594 1458 1476 1542 818 1280 1164 1266 1406 1504 864 1050 1636 852 1120 1462 762 1210 1724 1500 1000 1320 1568 1020 976 1310 742 
2022 2104 1894 1782 996 1166 1486 2018 1514 1522 2014 1844 1278 1510 0 1506 1570 1820 1856 1590 1738 994 1242 1720 1344 1948 884 1800 1320 1580 1538 1570 1916 1944 2162 1720 1950 1632 1812 2170 1300 1894 1386 1138 798 1066 1328 1328 1516 1688 1670 1480 1084 1548 1560 1748 1316 1358 1614 1502 1854 1568 1906 1294 1392 1932 1142 1388 1676 1578 1456 1538 1702 1826 1876 1772 1848 1964 1486 1506 1504 1748 1968 950 1154 2014 1316 1498 2146 1446 1552 1930 1944 1296 1750 1986 1226 1384 1652 1426 
834 2733 582 2790 2265 2690 1445 2934 2136 1432 1236 470 2802 1420 1506 0 2960 934 1810 2238 2514 3120 1152 3307 1254 4645 3325 2001 3148 2005 844 1856 1826 4649 2244 3405 1860 854 3077 1728 3025 3608 3240 2690 1770 2870 3095 2927 2852 3196 3650 3468 2485 3645 3635 4145 3065 2536 3810 2865 2646 1478 1816 3010 1302 4605 2630 1326 2379 3720 1366 2172 1612 4340 2721 1682 1758 1874 1396 1416 1414 1658 1878 2150 2660 1924 3065 2816 2056 1356 2924 1840 1854 3015 1660 1924 2840 1294 1562 3340 
2994 2463 2802 2720 1148 1488 2920 2472 1638 1060 1806 1818 2504 1048 1570 2960 0 1958 3842 2154 2052 2188 1216 2516 1014 2972 2044 2079 2840 3108 1512 3088 346 3020 2610 2612 1528 1606 2700 1708 2548 2864 1848 1536 1544 1680 1732 2604 2980 3168 2416 3160 2116 2702 3068 3444 1788 2664 1888 2468 2602 1542 1324 1988 970 3264 2232 1018 1881 2232 1430 2268 1454 3284 2259 1524 1590 1502 1322 1206 1308 1448 1546 1848 2256 1988 1788 2944 1724 1024 2504 1766 1598 2096 1582 1616 2124 1358 1352 2008 
1490 2356 1322 2036 1384 1554 1512 2070 1738 1774 2170 1404 1800 1762 1820 934 1958 0 1656 2150 1790 1046 2002 1972 1728 2200 936 2100 1372 1736 1778 1678 2304 2224 2416 2020 2338 1788 2064 2422 2060 2146 1638 1190 1558 1118 1580 1750 1894 2146 1922 1532 1540 2308 2112 2206 1704 2118 1866 2044 2110 2328 2246 1804 1780 2442 1902 1440 2064 1830 1912 1996 1876 1920 1928 1946 2012 2216 2132 2016 1962 2258 2356 1406 1612 2472 1704 1956 2444 1834 2062 2576 2020 1470 2208 2038 1872 1842 2162 1814 
249 2652 501 2828 2694 2864 1752 3459 2388 1738 1534 1192 2309 1726 1856 1810 3842 1656 0 2070 3039 3253 614 2759 1604 4316 3431 2220 3436 2200 1142 3114 2176 3484 2691 3020 2210 1152 2667 1674 3306 3968 3204 3038 2302 3124 3088 2409 2628 3620 3216 3756 2762 3630 3004 3988 3164 3318 3660 1920 3171 1828 2152 3181 1652 4453 2990 1676 2904 3400 1716 2676 1948 4313 3246 2018 2108 2086 1746 1766 1750 2008 2228 2606 2800 2260 3164 3488 2406 1706 3697 2190 2204 3084 1996 1948 3113 1630 1912 3384 
2286 993 2034 642 1485 1365 1371 2214 1887 764 1124 1498 1488 752 1590 2238 2154 2150 2070 0 2511 1836 1236 699 718 1167 1821 315 1767 1035 732 1836 1782 1803 1212 195 1440 742 837 916 1941 1704 942 1662 1188 1770 855 1563 1161 1905 342 2007 1428 1308 1233 1599 1341 2028 1284 630 1947 1562 1236 1491 970 2286 1704 1358 1881 480 1274 1866 1408 2493 2691 1478 1684 706 1322 1206 1210 1448 1546 1416 1290 1720 1341 1806 1724 1024 1878 1766 1388 1503 1456 1868 1593 1090 1352 1506 
3288 2871 3096 2169 1191 1446 1812 2220 1968 1332 1418 2014 1929 1320 1738 2514 2052 1790 3039 2511 0 1389 1412 2295 1286 2637 1281 2436 1878 1476 1026 2610 1714 2673 2739 2316 1748 1036 2421 1980 2205 2556 1794 900 1452 1008 1707 1956 2073 2334 2220 2118 1425 2577 2283 2424 1671 2292 2136 2181 2380 1738 1774 1821 1190 2778 1968 850 2211 2082 1322 2109 1286 2211 2007 1356 1422 1774 1542 1426 1372 1668 1766 1224 1533 1882 1671 2049 1944 1244 2208 1986 1430 1320 1618 1448 1923 1252 1572 1836 
2646 2145 2454 4688 2080 2070 3344 1809 1038 848 1494 1586 3942 836 994 3120 2188 1046 3253 1836 1389 0 984 4234 802 3668 385 1761 652 3710 1102 2624 1440 3245 2292 3973 1474 1032 3983 1496 2605 2440 1490 1630 2700 876 3420 3307 2136 2548 3728 972 3240 4515 3100 5284 4644 2200 2820 5564 1969 1310 1320 3290 916 4749 3094 576 1800 2712 1020 1686 1012 2735 1596 1082 1148 1290 1228 1152 1090 1394 1492 1355 3700 1600 4644 2168 1618 970 2396 1672 1156 1515 1336 1174 4840 970 1298 5146 
780 1750 948 1428 642 812 1132 1692 1160 1168 1660 1490 924 1156 1242 1152 1216 2002 614 1236 1412 984 0 1366 990 1594 1066 1446 1310 1226 1184 1216 1562 1590 1808 1366 1596 1278 1458 1816 946 1540 1032 812 444 884 974 974 1162 1334 1316 1470 730 1194 1206 1394 962 1004 1260 1148 1500 1214 1552 940 1038 1578 788 1062 1322 1224 1102 1184 1348 1472 1550 1418 1494 1610 1132 1152 1150 1394 1614 596 800 1660 962 1144 1792 1092 1198 1576 1590 942 1396 1660 872 1030 1298 1072 
1587 1092 1335 3045 3624 2226 4822 2202 1635 586 1330 1032 4576 574 1720 3307 2516 1972 2759 699 2295 4234 1366 0 540 2966 3626 384 2728 3544 938 1516 1604 2590 1281 1672 1226 948 322 450 2480 1436 1125 3720 3688 3006 1568 4179 2480 2280 1819 2740 4052 2786 890 5238 2530 2964 2034 3679 2256 1692 1058 2422 668 3430 3584 1180 1428 1636 1320 1860 1382 3400 2300 1474 1382 912 1020 904 1006 1146 1244 2685 3828 1716 2530 2400 1422 722 1900 1464 1594 2495 1280 1778 3202 1086 1050 2933 
1598 924 1430 886 662 832 1234 1538 1180 342 1088 1572 900 330 1344 1254 1014 1728 1604 718 1286 802 990 540 0 768 792 668 1120 1060 1102 1298 1360 792 1138 588 1452 1112 632 990 1048 714 206 686 546 758 148 950 1086 896 490 1280 832 1296 896 1128 818 1106 434 732 1376 1316 814 918 894 1102 890 936 960 398 1204 1286 1372 1560 1424 1442 1508 784 1234 1130 1232 1372 1470 698 902 1602 818 1086 1428 728 1176 1678 1466 966 1286 1534 974 942 1276 708 
3063 1317 2811 2446 3204 2694 4008 2436 1869 814 1560 2016 4185 802 1948 4645 2972 2200 4316 1167 2637 3668 1594 2966 768 0 3918 1092 2968 3624 1250 3484 1832 1205 555 1944 1002 1260 3242 1434 3775 2372 1405 3526 3508 3742 1996 4335 1820 2736 1650 3052 4104 3778 3350 4546 2244 3420 2854 3597 2430 1920 1286 2544 824 4502 3540 1408 1662 1926 1596 2727 1538 3790 2570 1672 1538 1028 1176 1060 1162 1302 1400 3255 4356 2060 2244 3116 1578 878 2212 1620 1710 3595 1436 2006 2748 1414 1206 2574 
2655 2130 2577 3936 1587 1854 3311 1701 1203 838 1408 1668 3157 826 884 3325 2044 936 3431 1821 1281 385 1066 3626 792 3918 0 1746 872 3697 1016 2788 1368 3220 2220 3938 1402 922 3948 1486 2810 2420 1755 980 2191 546 2254 3032 1916 2420 3675 1192 2191 4816 2940 4519 2707 2364 2790 3897 1861 1392 1310 3057 844 4564 3395 504 1692 2682 976 1590 940 2460 1488 1010 1076 1280 1196 1080 1026 1322 1420 1175 2453 1536 2707 2040 1508 898 2252 1640 1084 1335 1272 1102 3295 906 1226 3092 
1971 918 1719 327 1506 1251 1134 2139 1773 714 1074 1288 1413 702 1800 2001 2079 2100 2220 315 2436 1761 1446 384 668 1092 1746 0 2082 960 682 1521 1610 1746 897 120 1230 692 522 706 1872 1461 867 1587 1503 1695 780 1488 1476 1902 267 2322 1500 993 918 1524 1266 2343 1209 945 1872 1772 1186 1416 920 2043 1914 1308 1806 405 1224 2181 1618 2418 2616 1688 1634 656 1272 1156 1258 1398 1496 1701 1605 1930 1266 2121 1674 974 1803 1716 1338 1818 1532 1818 1518 1300 1302 1431 
2826 2622 2943 2996 1692 2032 2324 2088 1527 1166 1820 1912 2600 1154 1320 3148 2840 1372 3436 1767 1878 652 1310 2728 1120 2968 872 2082 0 2772 1428 3276 1766 3080 2781 2616 1572 1358 2876 1814 2736 3076 1844 1304 1732 1236 1944 2500 2224 3200 2628 320 1948 3232 3132 1964 1876 2852 2516 1516 2458 1636 1638 2076 1014 3352 2420 902 1947 2444 1346 1533 1338 2840 2085 1408 1474 1608 1366 1250 1352 1492 1590 1736 2132 1926 1876 2820 1768 1068 2592 1810 1482 1864 1626 1500 2212 1296 1396 2096 
1812 1638 1785 2667 3625 3580 784 2859 1233 978 434 1192 2692 1094 1580 2005 3108 1736 2200 1035 1476 3710 1226 3544 1060 3624 3697 960 2772 0 42 1836 1900 3890 1713 1960 1774 52 3866 1346 3275 2956 2425 3954 2932 3124 3192 2867 2292 3284 2303 3092 3933 4221 3130 5236 4586 2260 3594 2772 2592 1552 1578 4668 1376 5623 4136 1306 2490 2250 1440 2283 1686 4542 2691 1756 1832 1136 1470 1490 1488 1732 1952 2400 4124 1998 4586 2964 2130 1430 3072 1914 1818 3247 1734 1178 4430 1368 1636 4971 
1166 1134 1232 804 938 1108 266 1894 780 936 476 1150 260 1136 1538 844 1512 1778 1142 732 1026 1102 1184 938 1102 1250 1016 682 1428 42 0 876 1858 1598 1184 602 1816 94 1030 1388 1242 1520 1012 1014 740 942 954 310 1188 1630 700 1588 1026 1248 1294 1538 1258 1172 1240 834 1770 1510 1620 1236 1334 1874 1084 1264 1618 792 1398 1480 1644 1744 1752 1714 1790 1178 1428 1448 1446 1690 1910 892 1096 1956 1258 1440 2088 1388 1494 1872 1844 1238 1692 1136 1168 1326 1594 1368 
1950 1953 1698 2464 1940 2280 2284 3030 1704 1292 1352 274 1232 1332 1570 1856 3088 1678 3114 1836 2610 2624 1216 1516 1298 3484 2788 1521 3276 1836 876 0 1890 3588 2418 2188 1800 970 1332 1208 2548 2952 2416 2280 1544 2424 2300 1332 2980 3324 2384 3596 2116 2740 1860 3444 2332 2664 2872 2952 2742 1542 1816 2532 1242 3728 2232 1390 2289 2568 1430 2268 1676 3600 2817 1746 1822 1670 1460 1478 1478 1720 1818 1848 2256 1988 2332 2944 1996 1296 3048 1904 1918 2540 1724 1492 2400 1358 1624 2552 
2342 1988 2214 1392 920 1090 1806 1994 1438 1406 2152 2164 1598 1394 1916 1826 346 2304 2176 1782 1714 1440 1562 1604 1360 1832 1368 1610 1766 1900 1858 1890 0 1856 1772 1652 1874 1952 1652 2054 1620 1778 1270 1114 1118 1186 1212 1648 1836 1930 1554 1926 1404 948 1880 2068 1240 1678 1290 1580 2034 1888 1670 1340 1316 1978 1462 1364 1600 1462 1776 1858 1800 1988 1852 1870 1936 1848 1668 1552 1654 1794 1892 1270 1474 2334 1240 1818 2070 1370 1598 2112 1944 1394 1928 1962 1408 1704 1698 1350 
2862 2040 2889 3155 2700 2275 3585 2571 1887 838 1584 2068 3490 826 1944 4649 3020 2224 3484 1803 2673 3245 1590 2590 792 1205 3220 1746 3080 3890 1598 3588 1856 0 1278 2710 1472 1608 2820 1486 3841 2420 1755 2955 2879 3035 1610 3615 856 2784 2465 3232 2450 3790 3480 3904 2095 3412 2325 2178 2808 1916 1310 2345 914 3940 3175 1432 1797 2235 1232 2004 1500 4015 2672 1570 1628 1280 1266 1150 1252 1392 1490 2651 2660 1812 2095 2592 1668 968 2392 1710 1962 2919 1526 2030 2515 1182 1296 2370 
2868 1815 2616 570 1749 1494 1377 2418 2016 1184 1576 1886 2166 1172 2162 2244 2610 2416 2691 1212 2739 2292 1808 1281 1138 555 2220 897 2781 1713 1184 2418 1772 1278 0 1017 632 1194 1419 1304 2715 2334 1398 1839 2046 1947 1485 2241 1920 2607 1164 2844 1743 1236 1815 1803 1677 2736 1914 1842 2769 2134 1656 1827 1194 2784 2325 1476 2217 1302 1534 2457 1802 2829 2946 1872 1908 1254 1546 1430 1532 1672 1770 1944 1881 2114 1677 2397 1948 1248 2214 1990 1936 2094 1806 2074 1929 1484 1576 1842 
2091 798 1839 2067 3404 2742 2744 2019 1893 634 994 1368 3512 622 1720 3405 2612 2020 3020 195 2316 3973 1366 1672 588 1944 3938 120 2616 1960 602 2188 1652 2710 1017 0 1310 612 1994 786 3320 2012 1245 3506 3275 3150 1684 3687 1808 2376 343 2936 3782 2815 1730 3276 2674 2964 2178 2399 1752 1692 1106 3024 840 4236 4186 1228 1686 570 1144 2061 1538 3830 2496 1608 1554 576 1192 1076 1178 1318 1416 2685 3647 1850 2674 2668 1594 894 2244 1636 1258 2830 1452 1738 3262 1220 1222 3059 
2100 1734 1932 1012 954 784 1550 1510 1132 1498 2208 2074 1632 1486 1950 1860 1528 2338 2210 1440 1748 1474 1596 1226 1452 1002 1402 1230 1572 1774 1816 1800 1874 1472 632 1310 0 1826 1134 1676 1654 1760 1362 1148 1152 1220 1304 1682 1628 1324 1300 1412 1306 1312 1398 1834 634 1712 1590 1274 2068 1922 1970 734 710 1372 1066 1398 994 1392 1678 1782 1424 1402 1508 1558 1424 1778 1062 946 1048 1188 1286 1304 1398 1946 634 1514 1464 764 992 1506 1978 1428 1322 1996 802 1628 1092 744 
1260 1144 1242 814 1032 1202 276 1958 874 1030 486 1244 354 1146 1632 854 1606 1788 1152 742 1036 1032 1278 948 1112 1260 922 692 1358 52 94 970 1952 1608 1194 612 1826 0 1040 1398 1336 1530 1022 1108 834 1036 964 404 1198 1694 710 1518 1120 1258 1304 1548 1352 1182 1250 844 1780 1604 1630 1330 1428 1918 1178 1358 1712 802 1492 1574 1738 1838 1846 1808 1884 1188 1522 1542 1540 1784 2004 986 1190 2050 1352 1534 2182 1482 1588 1966 1870 1332 1786 1230 1262 1420 1688 1462 
1449 954 1197 2563 2870 1950 4380 2064 1497 678 1422 940 4326 666 1812 3077 2700 2064 2667 837 2421 3983 1458 322 632 3242 3948 522 2876 3866 1030 1332 1652 2820 1419 1994 1134 1040 0 542 2710 1620 1355 3549 3549 3258 1694 4501 2576 2380 2141 2556 3154 2464 660 4756 1750 3148 2310 3513 2394 1784 1150 2100 576 3614 3262 1264 1290 1912 1228 1722 1290 3170 2250 1382 1290 1004 928 812 914 1054 1152 2475 2924 1624 1750 2216 1330 630 1716 1372 1686 2265 1188 1862 2338 994 958 2135 
1508 1178 1340 924 1356 1192 1462 1918 1540 1036 1780 1482 1594 1024 2170 1728 1708 2422 1674 916 1980 1496 1816 450 990 1434 1486 706 1814 1346 1388 1208 2054 1486 1304 786 1676 1398 542 0 1442 1168 900 1380 1372 1452 842 1644 1690 1590 884 1820 1398 1246 806 1722 1042 1932 1128 1336 1954 2142 1508 1142 1118 1556 1474 1630 1402 976 1770 1690 1832 1810 1916 1924 1832 1362 1470 1354 1456 1596 1694 1524 1306 2166 1042 1650 1872 1172 1400 1914 2044 1448 1730 2228 1210 1536 1500 1152 
2589 2580 2397 3575 1750 2175 2975 2616 1827 1200 1718 1548 2455 1188 1300 3025 2548 2060 3306 1941 2205 2605 946 2480 1048 3775 2810 1872 2736 3275 1242 2548 1620 3841 2715 3320 1654 1336 2710 1442 0 3144 2370 2175 1255 2355 2515 2580 2160 2548 3370 3056 1620 3130 3100 3335 2550 2124 2375 2950 2337 1272 1330 2495 1096 4090 2115 1120 2070 3140 1020 1686 1288 3825 2412 1358 1552 1642 1190 1210 1090 1452 1672 1635 1850 1600 2550 2168 1850 1150 2512 1634 1648 2205 1336 1718 2325 970 1356 2825 
2664 2013 2412 2384 2160 2500 3404 2934 2397 760 1506 1750 2636 748 1894 3608 2864 2146 3968 1704 2556 2440 1540 1436 714 2372 2420 1461 3076 2956 1520 2952 1778 2420 2334 2012 1760 1530 1620 1168 3144 0 1248 2208 2192 2352 1132 2736 3008 2628 1816 3396 2764 3028 2148 3092 2252 3312 1704 2300 2691 1866 1232 2052 1202 776 2880 1354 2067 1632 1754 2727 1790 2708 2019 1850 1430 1202 1354 1238 1340 1480 770 2496 2868 2020 2252 3008 1846 1146 1536 1798 1884 2768 1704 1952 2188 1360 868 2252 
2262 1251 2010 1990 1430 1855 2985 2028 1635 252 998 1482 2025 240 1386 3240 1848 1638 3204 942 1794 1490 1032 1125 206 1405 1755 867 1844 2425 1012 2416 1270 1755 1398 1245 1362 1022 1355 900 2370 1248 0 1490 1470 1670 145 2150 1992 1612 1000 2164 2185 3100 2015 2355 1820 2296 860 1605 1929 1358 724 2070 804 2530 2330 846 1305 770 1246 1965 1282 3675 2001 1352 1418 694 1156 1040 1142 1282 1380 1850 2315 1512 1820 1992 1338 638 2172 1600 1376 2190 1196 1444 2240 852 1186 1545 
2388 1971 2196 3384 776 1092 4224 1320 1068 732 1478 1414 3110 720 1138 2690 1536 1190 3038 1662 900 1630 812 3720 686 3526 980 1587 1304 3954 1014 2280 1114 2955 1839 3506 1148 1108 3549 1380 2175 2208 1490 0 2636 216 3766 2561 1564 1912 3230 1624 2171 3913 2305 4064 5145 1856 2472 5575 1480 1138 1174 2149 590 3876 2492 250 1311 2364 722 1209 686 2185 1107 756 822 1174 942 826 772 1068 1166 540 3004 1282 5145 1532 1344 644 1744 1386 830 700 1018 848 3581 652 972 3774 
1836 1959 1644 3978 792 1104 2752 1872 1074 724 1216 1046 1920 712 798 1770 1544 1558 2302 1188 1452 2700 444 3688 546 3508 2191 1503 1732 2932 740 1544 1118 2879 2046 3275 1152 834 3549 1372 1255 2192 1470 2636 0 1320 6360 1855 1436 1780 3126 2052 1816 2625 1905 3800 3899 1120 2448 4576 1584 770 1108 1736 594 3548 1204 618 1317 2340 658 1110 904 2570 1659 974 1050 1166 688 708 706 950 1170 380 3026 1216 5154 1400 1348 648 1508 1132 1146 1245 952 1216 2140 586 854 3257 
2382 2079 2304 2754 798 1308 3384 1428 1176 804 1418 1486 2046 792 1066 2870 1680 1118 3124 1770 1008 876 884 3006 758 3742 546 1695 1236 3124 942 2424 1186 3035 1947 3150 1220 1036 3258 1452 2355 2352 1670 216 1320 0 1830 1896 1552 2056 2856 1556 1266 3570 2485 3264 1758 2000 2688 2778 1588 1210 1246 2058 662 4092 2352 322 1419 2580 794 1317 758 2005 1215 828 894 1246 1014 898 844 1140 1238 720 1482 1354 1758 1676 1326 716 1888 1458 902 880 1090 920 2262 724 1044 2088 
2175 1164 1923 3795 2056 2052 4552 2085 1548 194 940 1424 3008 182 1328 3095 1732 1580 3088 855 1707 3420 974 1568 148 1996 2254 780 1944 3192 954 2300 1212 1610 1485 1684 1304 964 1694 842 2515 1132 145 3766 6360 1830 0 2807 1876 1496 1439 2264 4704 4143 1870 3920 4690 2180 858 3796 1842 1300 666 2695 746 3089 3059 788 1218 750 1188 1878 1224 3530 1914 1294 1360 636 1098 982 1084 1224 1322 1705 7378 1454 6358 1876 1280 580 2056 1542 1318 2045 1138 1386 4310 794 1128 2800 
1434 2166 1686 4499 2548 2694 2979 2376 855 626 786 940 175 984 1328 2927 2604 1750 2409 1563 1956 3307 974 4179 950 4335 3032 1488 2500 2867 310 1332 1648 3615 2241 3687 1682 404 4501 1644 2580 2736 2150 2561 1855 1896 2807 0 2496 2840 3736 2820 2856 4480 3230 5180 3668 2180 3264 4139 2379 1300 1468 3493 1124 4968 3059 954 2112 3156 1188 1905 1390 3585 2163 1460 1526 1438 1190 1210 1236 1452 1700 1705 3101 1746 3668 2460 1878 1178 2512 1634 1534 2460 1482 826 3255 1116 1356 4053 
2220 2154 2472 2404 1832 1688 1844 2292 1788 1132 1580 1764 2396 1120 1516 2852 2980 1894 2628 1161 2073 2136 1162 2480 1086 1820 1916 1476 2224 2292 1188 2980 1836 856 1920 1808 1628 1198 2576 1690 2160 3008 1992 1564 1436 1552 1876 2496 0 2116 2004 2544 864 2936 2048 2236 1988 2556 2448 708 2205 1488 1276 2188 1070 3464 2124 1032 2031 2188 804 1362 1072 3156 2280 1142 1604 1480 1406 1306 874 1548 1646 1132 1048 1384 1988 1736 1824 1124 2704 1850 1560 1332 1120 1630 2292 754 1452 2208 
2964 2286 2979 2816 2020 1680 2836 2307 1782 942 1688 1936 2740 930 1688 3196 3168 2146 3620 1905 2334 2548 1334 2280 896 2736 2420 1902 3200 3284 1630 3324 1930 2784 2607 2376 1324 1694 2380 1590 2548 2628 1612 1912 1780 2056 1496 2840 2116 0 2180 2936 1252 2736 2068 2256 1380 2900 2068 1700 2496 1660 1286 1580 766 2856 2244 1206 1575 1996 998 1377 1082 2916 2411 1152 1480 1384 1118 1002 884 1244 1342 1520 1068 706 1380 380 1520 820 2096 1562 1754 1352 1130 1804 1716 764 1148 1600 
2238 651 1986 2290 3061 2448 3087 2166 1746 536 1092 1466 3561 524 1670 3650 2416 1922 3216 342 2220 3728 1316 1819 490 1650 3675 267 2628 2303 700 2384 1554 2465 1164 343 1300 710 2141 884 3370 1816 1000 3230 3126 2856 1439 3736 2004 2180 0 2888 4063 3158 1975 3619 2331 2864 1884 2546 1605 1642 1008 2681 742 3942 3843 1130 1539 276 1046 2208 1456 3585 2349 1590 1456 478 1094 978 1080 1220 1318 2560 3930 1796 2331 2560 1496 796 2048 1538 1160 2900 1354 1728 2919 1136 1124 2716 
3066 2817 3114 3088 2012 1856 2644 1848 1767 1326 1980 2072 2920 1314 1480 3468 3160 1532 3756 2007 2118 972 1470 2740 1280 3052 1192 2322 320 3092 1588 3596 1926 3232 2844 2936 1412 1518 2556 1820 3056 3396 2164 1624 2052 1556 2264 2820 2544 2936 2888 0 2268 2912 3084 1644 1556 3172 2836 1836 2698 1796 1798 1756 854 3032 2420 1062 1707 2764 1506 1293 1498 3092 2325 1568 1568 1768 1206 1090 1192 1332 1430 2056 2452 2086 1556 3140 1608 908 2272 1650 1642 2184 1466 1660 1892 1456 1236 1776 
2265 2238 2073 3128 1936 1962 3896 1644 1503 1010 1502 1332 3064 998 1084 2485 2116 1540 2762 1428 1425 3240 730 4052 832 4104 2191 1500 1948 3933 1026 2116 1404 2450 1743 3782 1306 1120 3154 1398 1620 2764 2185 2171 1816 1266 4704 2856 864 1252 4063 2268 0 3626 1480 2744 3696 1692 3306 2926 1557 1056 844 2670 748 4346 2205 600 1548 3198 372 714 640 3060 1632 710 1172 1452 974 968 442 1210 1324 335 506 952 3696 872 1502 802 2028 1418 1128 585 688 1198 3680 322 1114 3910 
2505 1911 2253 1554 3318 2484 3437 2331 1764 1376 1640 1644 4305 1364 1548 3645 2702 2308 3630 1308 2577 4515 1194 2786 1296 3778 4816 993 3232 4221 1248 2740 948 3790 1236 2815 1312 1258 2464 1246 3130 3028 3100 3913 2625 3570 4143 4480 2936 2736 3158 2912 3626 0 2420 4431 2373 2620 4407 4548 2709 1520 1848 2723 754 4396 3829 1368 1542 2905 1408 2235 1468 3615 2480 1602 1468 1318 1106 990 1092 1232 1330 2255 3871 1966 2373 2900 1496 796 2072 1550 1896 3120 1354 1966 2961 1336 1136 2716 
1845 1350 1593 2075 2400 2285 3420 2256 1893 942 1686 1204 3105 930 1560 3635 3068 2112 3004 1233 2283 3100 1206 890 896 3350 2940 918 3132 3130 1294 1860 1880 3480 1815 1730 1398 1304 660 806 3100 2148 2015 2305 1905 2485 1870 3230 2048 2068 1975 3084 1480 2420 0 2735 1910 2644 2585 2280 2445 1532 1252 2160 840 3655 2335 1172 1686 2205 964 1326 1048 3830 2468 1118 1554 1268 1192 1076 850 1318 1416 1815 1250 1360 1910 1688 1594 894 2244 1636 1720 1605 1096 1770 2330 730 1222 2185 
3240 2202 3069 3288 4592 3954 5440 615 2499 1174 1920 1996 5720 1162 1748 4145 3444 2206 3988 1599 2424 5284 1394 5238 1128 4546 4519 1524 1964 5236 1538 3444 2068 3904 1803 3276 1834 1548 4756 1722 3335 3092 2355 4064 3800 3264 3920 5180 2236 2256 3619 1644 2744 4431 2735 0 5252 1728 3798 4136 2586 1720 1346 4595 1362 5726 4529 1266 2304 3378 1058 1467 1142 4725 2631 1212 1838 1512 1548 1470 944 1712 1938 2050 2376 1454 5252 1876 2004 1304 3032 2030 1814 1840 1190 1864 5408 824 1616 5136 
2199 1650 1947 3212 1498 450 4825 1314 747 864 1610 1440 4002 852 1316 3065 1788 1704 3164 1341 1671 4644 962 2530 818 2244 2707 1266 1876 4586 1258 2332 1240 2095 1677 2674 634 1352 1750 1042 2550 2252 1820 5145 3899 1758 4690 3668 1988 1380 2331 1556 3696 2373 1910 5252 0 2156 2868 4892 2221 1288 1336 350 76 2362 1512 764 540 2274 1044 1722 790 1920 1500 924 790 1144 428 312 414 554 652 1675 5348 1312 0 1760 830 130 716 872 1344 1985 688 1362 1618 994 458 550 
2676 2799 2484 2888 1516 1856 1812 1911 1914 1284 1564 1606 2080 1272 1358 2536 2664 2118 3318 2028 2292 2200 1004 2964 1106 3420 2364 2343 2852 2260 1172 2664 1678 3412 2736 2964 1712 1182 3148 1932 2124 3312 2296 1856 1120 2000 2180 2180 2556 2900 2864 3172 1692 2620 2644 1728 2156 0 2752 2528 2424 1330 1668 2112 1154 3388 1484 1178 2157 2680 1218 1950 1464 3176 2499 1534 1610 1646 1248 1268 1266 1510 1730 1424 1832 1622 2156 2520 1908 1208 2628 1692 1706 2116 1512 1776 1976 1146 1414 2376 
2604 1593 2352 3353 2400 2910 4266 2514 1977 480 1226 1710 3114 468 1614 3810 1888 1866 3660 1284 2136 2820 1260 2034 434 2854 2790 1209 2516 3594 1240 2872 1290 2325 1914 2178 1590 1250 2310 1128 2375 1704 860 2472 2448 2688 858 3264 2448 2068 1884 2836 3306 4407 2585 3798 2868 2752 0 2610 2271 1586 380 3168 1032 3947 3480 1074 1647 1608 1474 2274 1510 4245 2343 1580 1646 922 1384 1268 1370 1510 1608 2420 3418 1740 2868 2448 1566 866 2628 1828 1604 2760 1424 1672 3372 1080 1414 2538 
1689 1623 1941 3779 2761 1470 2272 2166 1257 778 1226 1616 4556 766 1502 2865 2468 2044 1920 630 2181 5564 1148 3679 732 3597 3897 945 1516 2772 834 2952 1580 2178 1842 2399 1274 844 3513 1336 2950 2300 1605 5575 4576 2778 3796 4139 708 1700 2546 1836 2926 4548 2280 4136 4892 2528 2610 0 2355 1474 1192 2590 716 4214 3668 1104 1500 2267 904 1236 988 3520 2310 1058 1430 1126 1068 952 790 1194 1292 1665 2860 1300 4892 1568 1470 770 1996 1512 1660 1455 1036 1702 4364 670 1098 3823 
3420 2256 3228 2199 1741 1996 2616 2800 2518 1422 2162 2102 2304 1410 1854 2646 2602 2110 3171 1947 2380 1969 1500 2256 1376 2430 1861 1872 2458 2592 1770 2742 2034 2808 2769 1752 2068 1780 2394 1954 2337 2691 1929 1480 1584 1588 1842 2379 2205 2496 1605 2698 1557 2709 2445 2586 2221 2424 2271 2355 0 1826 1882 2310 1510 3263 2100 1170 2761 1467 1410 2271 1606 2791 2587 1676 1742 1364 1744 1746 1480 1988 2086 1356 1695 1990 2221 2211 2264 1564 2697 2188 90 1836 1726 1768 2226 1360 1892 2386 
1994 2076 1866 1754 968 1138 1458 2018 1486 1494 1986 1816 1250 1482 1568 1478 1542 2328 1828 1562 1738 1310 1214 1692 1316 1920 1392 1772 1636 1552 1510 1542 1888 1916 2134 1692 1922 1604 1784 2142 1272 1866 1358 1138 770 1210 1300 1300 1488 1660 1642 1796 1056 1520 1532 1720 1288 1330 1586 1474 1826 0 1878 1266 1364 1904 884 1388 1648 1550 1428 1510 1674 1798 1876 1744 1820 1788 1458 1478 1476 1720 1940 922 1126 1764 1288 1470 2118 1418 1524 1902 1916 1268 1722 1986 1198 1356 1624 1398 
2116 1442 1948 1404 1180 1350 1760 1756 1698 860 1606 2090 1418 848 1906 1816 1324 2246 2152 1236 1774 1320 1552 1058 814 1286 1310 1186 1638 1578 1620 1816 1670 1310 1656 1106 1970 1630 1150 1508 1330 1232 724 1174 1108 1246 666 1468 1276 1286 1008 1798 844 1848 1252 1346 1336 1668 380 1192 1882 1878 0 1416 1412 1620 1452 1424 1478 916 1216 1136 1300 2048 1912 1370 1996 1302 1706 1628 1102 1870 1988 978 752 1612 1336 1096 1946 1246 1674 2188 1972 894 1348 2022 1484 982 1774 1226 
2349 1800 2097 3031 1470 750 4144 1464 897 964 1710 1540 3416 952 1294 3010 1988 1804 3181 1491 1821 3290 940 2422 918 2544 3057 1416 2076 4668 1236 2532 1340 2345 1827 3024 734 1330 2100 1142 2495 2052 2070 2149 1736 2058 2695 3493 2188 1580 2681 1756 2670 2723 2160 4595 350 2112 3168 2590 2310 1266 1416 0 176 2128 1862 864 690 2574 1128 1572 890 1670 1450 824 690 1244 328 212 314 454 752 1620 2606 1412 350 1960 930 230 516 772 1444 2059 788 1462 238 894 358 735 
1542 1176 1374 842 396 226 1282 952 574 940 1686 1516 1074 928 1392 1302 970 1780 1652 970 1190 916 1038 668 894 824 844 920 1014 1376 1334 1242 1316 914 1194 840 710 1428 576 1118 1096 1202 804 590 594 662 746 1124 1070 766 742 854 748 754 840 1362 76 1154 1032 716 1510 1364 1412 176 0 814 508 840 436 834 1120 1224 866 844 950 1000 866 1220 504 388 490 630 728 746 840 1388 76 956 906 206 434 948 1420 870 764 1438 244 1070 534 186 
3246 2595 2994 4550 3322 2812 5600 2421 1854 1148 1894 2138 4888 1136 1932 4605 3264 2442 4453 2286 2778 4749 1578 3430 1102 4502 4564 2043 3352 5623 1874 3728 1978 3940 2784 4236 1372 1918 3614 1556 4090 776 2530 3876 3548 4092 3089 4968 3464 2856 3942 3032 4346 4396 3655 5726 2362 3388 3947 4214 3263 1904 1620 2128 814 0 3658 1502 1647 3758 1766 2529 1528 2415 1437 1462 1042 1590 966 850 952 1092 382 3215 4240 2050 2362 3236 1490 868 760 1410 2082 3654 1426 2100 2264 1532 480 2692 
2352 2298 2160 4193 1897 1746 3612 1962 1395 1068 1560 1390 2884 1056 1142 2630 2232 1902 2990 1704 1968 3094 788 3584 890 3540 3395 1914 2420 4136 1084 2232 1462 3175 2325 4186 1066 1178 3262 1474 2115 2880 2330 2492 1204 2352 3059 3059 2124 2244 3843 2420 2205 3829 2335 4529 1512 1484 3480 3668 2100 884 1452 1862 508 3658 0 962 1188 3372 1002 1626 1222 3000 2031 1318 1222 904 860 744 846 986 1084 1240 2450 880 1512 2088 1262 562 1580 1304 1490 2105 1120 1560 2100 930 890 1897 
1842 1564 1714 1096 444 614 1306 1130 962 982 1728 1664 1004 970 1388 1326 1018 1440 1676 1358 850 576 1062 1180 936 1408 504 1308 902 1306 1264 1390 1364 1432 1476 1228 1398 1358 1264 1630 1120 1354 846 250 618 322 788 954 1032 1206 1130 1062 600 1368 1172 1266 764 1178 1074 1104 1170 1388 1424 864 840 1502 962 0 1124 1038 972 1056 936 1124 988 1006 1072 1424 1192 1076 1022 1318 1416 466 672 1532 764 1016 1594 894 1122 1636 1080 530 1268 1098 932 902 1222 874 
2739 2190 2487 1689 1020 765 2349 1854 1287 1006 1752 1800 2037 994 1676 2379 1881 2064 2904 1881 2211 1800 1322 1428 960 1662 1692 1806 1947 2490 1618 2289 1600 1797 2217 1686 994 1712 1290 1402 2070 2067 1305 1311 1317 1419 1218 2112 2031 1575 1539 1707 1548 1542 1686 2304 540 2157 1647 1500 2761 1648 1478 690 436 1647 1188 1124 0 1593 1404 1989 1150 1692 2040 1284 1150 1448 788 672 774 914 1012 1545 1413 1672 540 1860 972 272 1077 830 1704 1626 830 1722 792 1172 818 378 
2376 789 2124 1916 2292 2724 2922 2304 1884 444 1184 1558 3006 432 1578 3720 2232 1830 3400 480 2082 2712 1224 1636 398 1926 2682 405 2444 2250 792 2568 1462 2235 1302 570 1392 802 1912 976 3140 1632 770 2364 2340 2580 750 3156 2188 1996 276 2764 3198 2905 2205 3378 2274 2680 1608 2267 1467 1550 916 2574 834 3758 3372 1038 1593 0 954 2253 1474 3815 2289 1544 1548 386 1186 1070 1172 1312 1410 2330 3354 1704 2274 2376 1530 830 2232 1630 1068 2670 1388 1636 2778 1044 1216 2430 
1882 1480 1754 1154 856 1026 1346 1468 1374 1382 1874 1704 1138 1370 1456 1366 1430 1912 1716 1274 1322 1020 1102 1320 1204 1596 976 1224 1346 1440 1398 1430 1776 1232 1534 1144 1678 1492 1228 1770 1020 1754 1246 722 658 794 1188 1188 804 998 1046 1506 372 1408 964 1058 1044 1218 1474 904 1410 1428 1216 1128 1120 1766 1002 972 1404 954 0 848 1012 1596 1460 1082 1544 1340 1346 1340 814 1582 1696 506 464 1324 1044 808 1874 1174 1386 1790 1500 606 1060 1570 1086 694 1486 1154 
2925 2676 2754 1887 1407 1662 2088 2082 2184 1446 1956 1786 1830 1434 1538 2172 2268 1996 2676 1866 2109 1686 1184 1860 1286 2727 1590 2181 1533 2283 1480 2268 1858 2004 2457 2061 1782 1574 1722 1690 1686 2727 1965 1209 1110 1317 1878 1905 1362 1377 2208 1293 714 2235 1326 1467 1722 1950 2274 1236 2271 1510 1136 1572 1224 2529 1626 1056 1989 2253 848 0 932 2520 2316 1002 1628 1888 1338 1260 734 1502 1800 915 576 1244 1722 1092 1794 1094 1959 1820 1604 789 980 1654 1674 614 1406 1611 
2114 1890 2000 1422 880 940 1556 1552 1288 1418 2120 1950 1384 1406 1702 1612 1454 1876 1948 1408 1286 1012 1348 1382 1372 1538 940 1618 1338 1686 1644 1676 1800 1500 1802 1538 1424 1738 1290 1832 1288 1790 1282 686 904 758 1224 1390 1072 1082 1456 1498 640 1468 1048 1142 790 1464 1510 988 1606 1674 1300 890 866 1528 1222 936 1150 1474 1012 932 0 1558 1424 882 1508 1860 1218 1102 898 1344 1442 774 548 1408 790 892 1620 920 1148 1662 1516 406 1144 1534 958 778 1248 900 
3351 2802 3099 3835 2670 2295 4290 2466 1899 1606 2220 2074 3710 1594 1826 4340 3284 1920 4313 2493 2211 2735 1472 3400 1560 3790 2460 2418 2840 4542 1744 3600 1988 4015 2829 3830 1402 1838 3170 1810 3825 2708 3675 2185 2570 2005 3530 3585 3156 2916 3585 3092 3060 3615 3830 4725 1920 3176 4245 3520 2791 1798 2048 1670 844 2415 3000 1124 1692 3815 1596 2520 1558 0 2112 1356 1222 1912 860 880 982 1122 1348 2725 3240 2080 1920 3280 524 898 1852 1304 1704 2885 1456 1722 1500 1526 1026 2195 
3495 3000 3273 2376 1398 1575 2691 2427 2097 1470 2216 2152 2238 1458 1876 2721 2259 1928 3246 2691 2007 1596 1550 2300 1424 2570 1488 2616 2085 2691 1752 2817 1852 2672 2946 2496 1508 1846 2250 1916 2412 2019 2001 1107 1659 1215 1914 2163 2280 2411 2349 2325 1632 2480 2468 2631 1500 2499 2343 2310 2587 1876 1912 1450 950 1437 2031 988 2040 2289 1460 2316 1424 2112 0 1462 84 1912 966 986 1088 1228 1340 1431 1740 2020 1500 2256 1704 1004 1701 1410 1568 1527 1562 1586 1416 1390 1132 1665 
2184 2018 2070 1492 950 1074 1626 1622 1422 1488 2190 2020 1454 1476 1772 1682 1524 1946 2018 1478 1356 1082 1418 1474 1442 1672 1010 1688 1408 1756 1714 1746 1870 1570 1872 1608 1558 1808 1382 1924 1358 1850 1352 756 974 828 1294 1460 1142 1152 1590 1568 710 1602 1118 1212 924 1534 1580 1058 1676 1744 1370 824 1000 1462 1318 1006 1284 1544 1082 1002 882 1356 1462 0 1378 1930 1016 1036 968 1278 1576 844 618 1478 924 962 1754 1054 1082 1460 1586 476 1214 1604 756 848 1182 1034 
2256 1890 2088 1556 1016 940 1738 1666 1288 1554 2266 2096 1530 1542 1848 1758 1590 2012 2108 1684 1422 1148 1494 1382 1508 1538 1076 1634 1474 1832 1790 1822 1936 1628 1908 1554 1424 1884 1290 1832 1552 1430 1418 822 1050 894 1360 1526 1604 1480 1456 1568 1172 1468 1554 1838 790 1610 1646 1430 1742 1820 1996 690 866 1042 1222 1072 1150 1548 1544 1628 1508 1222 84 1378 0 1934 882 902 1004 1144 1424 1038 1244 2102 790 1588 1620 920 948 1326 1652 1102 1478 1670 622 1474 1048 900 
1970 912 1802 874 1150 1294 1360 1922 1642 830 1570 1944 1388 818 1964 1874 1502 2216 2086 706 1774 1290 1610 912 784 1028 1280 656 1608 1136 1178 1670 1848 1280 1254 576 1778 1188 1004 1362 1642 1202 694 1174 1166 1246 636 1438 1480 1384 478 1768 1452 1318 1268 1512 1144 1646 922 1126 1364 1788 1302 1244 1220 1590 904 1424 1448 386 1340 1888 1860 1912 1912 1930 1934 0 1572 1456 1558 1698 1796 1318 1504 1784 1144 1574 1916 1216 1502 2016 1454 1454 1774 2022 1312 1430 1602 1196 
1894 1528 1726 1194 748 578 1376 1304 926 1292 1904 1734 1168 1280 1486 1396 1322 2132 1746 1322 1542 1228 1132 1020 1234 1176 1196 1272 1366 1470 1428 1460 1668 1266 1546 1192 1062 1522 928 1470 1190 1354 1156 942 688 1014 1098 1190 1406 1118 1094 1206 974 1106 1192 1548 428 1248 1384 1068 1744 1458 1706 328 504 966 860 1192 788 1186 1346 1338 1218 860 966 1016 882 1572 0 540 642 782 1080 840 954 1740 428 1298 1258 558 586 964 1772 812 1116 1790 260 1184 686 538 
1778 1412 1610 1078 632 462 1396 1188 810 1176 1922 1752 1188 1164 1506 1416 1206 2016 1766 1206 1426 1152 1152 904 1130 1060 1080 1156 1250 1490 1448 1478 1552 1150 1430 1076 946 1542 812 1354 1210 1238 1040 826 708 898 982 1210 1306 1002 978 1090 968 990 1076 1470 312 1268 1268 952 1746 1478 1628 212 388 850 744 1076 672 1070 1340 1260 1102 880 986 1036 902 1456 540 0 526 666 964 860 876 1624 312 1192 1142 442 470 984 1656 1018 1000 1674 280 1106 570 422 
1880 1514 1712 1180 734 564 1358 1290 912 1278 1922 1752 1186 1266 1504 1414 1308 1962 1750 1210 1372 1090 1150 1006 1232 1162 1026 1258 1352 1488 1446 1478 1654 1252 1532 1178 1048 1540 914 1456 1090 1340 1142 772 706 844 1084 1236 874 884 1080 1192 442 1092 850 944 414 1266 1370 790 1480 1476 1102 314 490 952 846 1022 774 1172 814 734 898 982 1088 968 1004 1558 642 526 0 768 1066 576 350 1210 414 694 1244 544 572 1086 1570 492 946 1620 382 580 672 524 
2020 1654 1852 1320 874 704 1638 1430 1052 1418 2164 1994 1430 1406 1748 1658 1448 2258 2008 1448 1668 1394 1394 1146 1372 1302 1322 1398 1492 1732 1690 1720 1794 1392 1672 1318 1188 1784 1054 1596 1452 1480 1282 1068 950 1140 1224 1452 1548 1244 1220 1332 1210 1232 1318 1712 554 1510 1510 1194 1988 1720 1870 454 630 1092 986 1318 914 1312 1582 1502 1344 1122 1228 1278 1144 1698 782 666 768 0 1206 1102 1118 1866 554 1434 1384 684 712 1226 1898 1260 1242 1916 522 1348 812 664 
