0 2268 168 2370 2133 2364 1563 3087 2139 1582 2463 1026 1359 1766 2022 1366 2994 1490 249 1546 3288 1880 780 2964 1732 3132 2655 1798 2826 1812 1166 2061 2342 2862 2940 2720 2454 1260 3480 2481 2589 3225 2289 2388 1836 2382 2376 1434 2220 2964 2751 3066 2265 2907 2154 2472 2730 2676 2721 1689 2910 1994 3144 2580 1896 2898 2352 1842 3270 2613 1882 2925 3171 2781 3495 2262 2274 2128 2868 2829 2874 2174 2314 2064 2349 3639 2730 2865 2378 1950 2967 3492 2802 2562 2499 2673 2478 1796 2078 2895 
2268 0 2232 1104 1290 992 1642 1030 842 970 1448 2182 1362 958 1934 1844 1642 2324 2194 1780 1800 1498 1580 1168 924 878 1388 1322 1602 1664 1622 1908 1858 1360 1248 1870 1734 1716 1600 1222 1638 1292 834 1200 1136 1206 776 1412 1550 1524 434 1442 1118 910 1044 620 1100 1484 1062 1360 1504 1906 1376 1200 1176 904 1480 1450 1460 526 1480 1594 1758 1462 1862 1116 1890 912 1528 1412 1514 1654 1286 984 1210 2070 1100 1554 1930 1230 1284 1936 1484 1352 1274 2048 1268 1440 1384 1210 
168 2232 0 1504 1294 1616 966 2210 1594 1650 1624 858 1074 1638 1894 388 1868 1322 334 1714 2064 1828 948 1848 1604 1960 1718 1722 2052 1190 1232 1132 2214 2076 1884 2592 2326 1242 2192 1526 1598 2022 1398 1464 1096 1536 1456 1124 1648 1986 1798 2212 1382 1846 1308 1800 1692 1656 1686 1294 1812 1866 1968 1592 1768 2084 1440 1714 2052 1706 1754 1836 2000 1726 2202 1380 2146 2092 1784 1758 1802 2046 2344 1248 1452 2312 1692 1796 2250 1822 1850 2200 1740 1594 1538 1950 1524 1682 1950 1802 
2370 1104 1504 0 3640 168 1883 1341 393 1022 1794 1586 4039 1010 1866 2790 3228 2036 2828 1526 2169 1210 1512 2778 976 2720 4036 218 2199 2286 804 2916 1392 2660 570 1404 1012 814 1722 4475 4290 2330 3177 3384 4272 2754 3513 3476 2428 3520 2845 3515 3128 1776 3416 2561 4488 2744 4521 4528 2334 1838 2079 4277 1198 3188 4942 1096 2208 2523 1154 1887 2133 4879 2376 4192 1668 964 2325 2139 1836 1676 1150 3664 3496 2601 4488 3045 1918 1240 3120 2802 6024 2540 1809 2487 5160 1104 1248 4880 
2133 1290 1294 3640 0 1728 3101 1611 1611 708 2121 1244 2373 696 996 2265 1148 1384 2698 990 1191 558 642 3171 662 3186 1587 1162 2229 3070 938 1940 920 2895 2130 1656 1390 1032 1884 2198 2100 2160 1750 679 693 798 1799 2548 1832 2720 2996 3585 1694 3318 1435 2982 2646 1516 2758 3157 1371 968 1548 2429 832 3976 1897 444 1674 2674 856 1407 1320 2898 1398 1687 1016 1150 1329 1290 1356 1148 1408 1225 1939 2121 2646 2245 1352 886 2380 1953 2947 1185 960 1563 2191 784 1052 3031 
2364 992 1616 168 1728 0 975 1173 225 910 1800 1560 1005 898 1874 1842 2373 2076 2289 1638 2337 1250 1520 879 864 1293 1710 330 2031 1311 916 1929 1504 1365 738 1516 1124 926 1890 1554 2313 1566 1161 1437 1614 1437 1074 1080 1989 2196 837 1791 1341 834 1476 558 1836 1854 1503 1827 2166 1846 2073 1941 1300 984 2130 1208 2292 699 1266 2025 2271 2103 2421 1584 1698 852 2352 2151 1974 1748 1038 1386 1449 2739 1836 1965 1926 1296 1554 2814 2274 1662 1821 2319 1962 1196 1136 1914 
1563 1642 966 1883 3101 975 0 2148 1200 1202 987 1048 2804 1230 1486 1445 2920 1512 1752 988 1812 1308 1132 4184 1196 4128 4361 756 1989 672 266 2284 1806 3480 1377 1942 1550 276 2529 3913 3570 3228 3465 3696 2408 3384 3668 2979 1844 3545 4592 3894 3409 3437 3150 4069 4494 1812 4473 1988 2106 1458 2340 4144 1360 5063 3612 1306 2466 4270 1346 2088 2334 4613 2691 3402 1738 1502 2064 2025 2037 1638 1688 2940 3528 2802 4494 3380 1842 1414 3605 2688 4662 2875 1695 2103 3906 1238 1542 4879 
3087 1030 2210 1341 1611 1173 2148 0 948 948 1857 2042 1728 936 1912 2733 2430 2070 3258 1758 2220 1244 1558 1719 902 1719 1701 1112 2088 2181 1412 2652 1648 2097 1911 1660 1510 1506 2064 1800 2424 1623 1218 1320 1671 1428 1131 1803 2292 2253 894 1848 1644 1050 1533 615 1314 1911 1560 2007 1998 1884 1728 1464 952 1041 1962 1130 1854 756 1458 2082 2328 2160 2427 1641 1666 890 1956 1782 1935 1430 1076 1443 1506 2796 1314 2022 1706 1006 1611 2622 1890 1719 1878 2592 1566 1234 1174 1479 
2139 842 1594 393 1611 225 1200 948 0 760 1575 1410 780 748 1724 2067 2148 1926 2388 1570 2220 1100 1370 1104 714 1437 1485 480 1806 1233 780 1704 1460 1590 963 1472 1274 874 1824 1518 2142 1341 936 1320 1389 1212 849 855 2010 1971 612 1566 1362 768 1251 333 1611 1629 1278 1725 1941 1696 1848 1716 1150 759 1905 1130 2067 474 1270 1800 2046 1878 2196 1359 1548 702 2127 1926 1749 1598 888 1161 1224 2514 1611 1740 1776 1146 1329 2589 2049 1437 1596 2094 1737 1046 986 1689 
1582 970 1650 1022 708 910 1202 948 760 0 1134 1566 676 376 1352 1262 1060 1774 1612 1198 1218 948 998 586 342 814 838 842 1166 978 936 1292 1406 838 1184 1764 1498 1030 1364 640 1056 760 252 618 554 690 194 626 968 942 536 1326 536 828 462 538 864 1114 480 778 1082 1324 860 964 940 822 898 868 1006 444 908 1012 1176 880 1356 534 1440 830 1242 912 978 1418 1204 402 628 1488 864 972 1404 774 1202 1354 1010 770 692 1452 982 858 1302 754 
2463 1448 1624 1794 2121 1800 987 1857 1575 1134 0 1626 1104 1122 2014 1854 2709 2170 2301 1646 2127 1518 1660 1998 1088 2340 2112 1414 2715 651 476 2028 2066 2376 2364 2078 2208 486 2733 2079 2577 2250 1497 2046 1824 2121 1410 1179 2370 2532 1521 2475 1923 1677 1812 1242 2415 2346 1839 1839 2742 1986 2409 2565 1686 1668 2340 1614 2628 1383 1654 2637 2883 2439 3105 1920 2154 1308 2856 2487 2586 2164 1494 1722 2061 3351 2415 2577 2150 1520 2238 3150 2634 2274 2157 2418 2466 1604 1592 2250 
1026 2182 858 1586 1244 1560 1048 2042 1410 1566 1626 0 890 1588 1844 470 1818 1404 1192 1838 2014 1778 1490 1438 1554 1910 1668 1694 1954 1192 1150 274 2164 2050 1966 2542 2276 1244 1956 988 1548 1972 1348 1414 1046 1486 1406 940 1764 1936 1748 1794 1332 1796 1258 1632 1642 1606 1148 1616 1762 1816 1528 1542 1718 1916 1390 1664 1946 1656 1704 1786 1950 1676 2152 1330 2096 2042 1734 1708 1752 1996 2294 1198 1402 2262 1642 1746 2200 1714 1800 2150 1690 1544 1488 1766 1474 1632 1900 1694 
1359 1362 1074 4039 2373 1005 2804 1728 780 676 1104 890 0 934 1278 2802 2504 1800 2309 1272 1929 974 924 4004 900 4032 3174 1000 2586 1996 260 1232 1598 3490 1743 1976 1710 354 2364 3640 2946 2636 2737 3110 1920 2046 3008 175 2396 3425 3414 3910 3064 4425 2422 3499 4304 2080 4152 4556 1794 1250 2028 3416 1152 3945 2884 1004 2154 3092 1138 1830 2076 3885 2238 3056 1530 1222 1752 1713 1779 1430 1408 2528 3344 2544 4304 2950 1634 1206 3085 2376 4496 2445 1383 1314 3632 1066 1334 4744 
1766 958 1638 1010 696 898 1230 936 748 376 1122 1588 934 0 1340 1250 1048 1762 1600 1186 1206 936 986 574 330 802 826 830 1154 1094 1136 1314 1394 826 1172 1752 1486 1146 1352 628 1044 748 240 606 542 678 182 984 956 930 524 1314 524 816 450 526 852 1102 468 766 1070 1312 848 952 928 810 886 856 994 432 896 1000 1164 868 1344 522 1428 818 1230 900 966 1406 1192 390 616 1476 852 960 1392 762 1190 1342 998 758 680 1454 970 846 1290 742 
2022 1934 1894 1866 996 1874 1486 1912 1724 1352 2014 1844 1278 1340 0 1506 1570 1820 1856 1590 1738 994 1242 1550 1306 1662 884 1806 2130 1580 1538 1570 1916 1802 2032 2294 2028 1632 1894 1228 1300 1724 1100 1138 798 1066 1158 1328 1516 1688 1500 2034 1084 1548 1010 1502 1394 1358 1388 1502 1514 1568 1670 1294 1470 1786 1142 1388 1754 1408 1456 1538 1702 1428 1876 1082 1848 1794 1486 1460 1504 1748 2046 950 1154 2014 1394 1498 1952 1524 1552 1902 1442 1296 1240 1986 1226 1384 1652 1504 
1366 1844 388 2790 2265 1842 1445 2733 2067 1262 1854 470 2802 1250 1506 0 2960 934 2176 1500 2514 1440 1152 3650 1216 3930 3325 1334 2856 2005 844 1856 1826 4280 2244 2204 1938 854 2706 2845 3025 3268 2525 2690 1770 2870 2670 2927 2852 3995 3525 4860 2485 3645 2300 3530 3260 2536 3245 2865 2136 1478 2370 3010 1380 4240 2630 1326 2496 3295 1366 2172 2418 3345 2721 2480 1758 1704 2094 2055 2121 1658 1956 2150 2660 2886 3260 3520 1862 1434 3655 2718 3380 3015 1725 2886 2840 1294 1562 3535 
2994 1642 1868 3228 1148 2373 2920 2430 2148 1060 2709 1818 2504 1048 1570 2960 0 1958 3846 1564 2052 1132 1216 2516 1014 2972 2044 1514 2757 3108 1512 3088 346 3020 2784 2230 1964 1606 2745 2208 2548 2864 1848 1536 1544 1680 1732 2604 2980 3228 2416 3820 2116 2691 1968 2420 2660 2664 1888 2900 2232 1542 1986 2536 1406 2988 2232 1018 2517 2232 1430 2268 2181 2804 2259 2112 1590 1502 2190 2151 2217 1722 1876 1848 2256 2982 2660 2944 1926 1446 3052 2814 2832 2096 1821 2424 2400 1358 1626 2852 
1490 2324 1322 2036 1384 2076 1512 2070 1926 1774 2170 1404 1800 1762 1820 934 1958 0 1656 2350 1790 1046 2002 1972 1728 2118 936 2228 2552 1736 1778 1678 2304 2224 2416 2954 2774 1788 2640 1922 2060 2146 1556 1190 1558 1118 1580 1750 1894 2146 1890 2526 1540 1994 1466 1704 2140 2118 1866 2052 2092 2328 2246 2054 2216 1988 1902 1440 2392 1798 1912 1996 1876 1884 1928 1538 2012 2184 2246 1916 1962 2508 2370 1406 1612 2472 2140 1956 2408 2160 2312 2358 2020 1470 1696 2038 1986 1842 2412 2140 
249 2194 334 2828 2698 2289 1752 3258 2388 1612 2301 1192 2309 1600 1856 2176 3846 1656 0 1380 3039 1790 614 3659 1566 3965 3488 1632 2577 2200 1142 3225 2176 3484 2691 2554 2288 1152 3231 3074 3306 4031 2841 3038 2302 3124 2899 2409 2628 3620 3583 3756 2762 3641 2726 3550 3464 3318 3387 1920 2661 1828 2895 3294 1730 4118 2990 1676 3021 3399 1716 2676 2922 3562 3246 2870 2108 2054 2619 2580 2625 2008 2306 2606 2800 3390 3464 3488 2212 1784 3810 3243 3590 3084 2250 2922 3158 1630 1912 3574 
1546 1780 1714 1526 990 1638 988 1758 1570 1198 1646 1838 1272 1186 1590 1500 1564 2350 1380 0 1760 1524 1236 1396 1152 1624 1414 1652 1178 1212 1254 1564 1910 1202 1906 2288 2022 1264 1888 1144 1294 1570 1062 1160 792 1232 1004 1322 774 1270 1346 1338 952 1542 1004 1348 1388 1352 1290 420 1508 1562 1482 1288 1464 1632 1136 1410 1568 1254 1324 1244 1408 1422 1898 1076 1842 1640 1480 1454 1210 1742 2014 944 860 1720 1388 1204 1946 1336 1546 1896 1436 1002 1234 2008 1220 1090 1646 1316 
3288 1800 2064 2169 1191 2337 1812 2220 2220 1218 2127 2014 1929 1206 1738 2514 2052 1790 3039 1760 0 964 1412 2124 1172 2292 1281 1664 2994 1476 1026 2610 1714 2502 2739 2450 2184 1036 3075 1998 2205 2385 1449 900 1452 1008 1536 1956 2073 2334 2049 3120 1425 2322 1314 1887 2325 2292 1965 2193 2253 1738 2535 2196 1626 2313 1968 850 2754 1911 1322 2109 1929 1941 2007 1422 1422 1660 2484 1989 2058 1918 1924 1224 1533 2823 2325 2049 1818 1604 2583 2652 2145 1320 1659 2172 2094 1252 1822 2376 
1880 1498 1828 1210 558 1250 1308 1244 1100 948 1518 1778 974 936 994 1440 1132 1046 1790 1524 964 0 1176 1146 902 1292 110 1402 1726 1084 1126 1504 1478 1398 1590 2128 1948 1032 1814 1096 1234 1320 730 364 732 292 754 924 1068 1320 1064 1700 714 1168 640 878 1314 1292 1040 1226 1266 1502 1420 1228 1390 1162 1076 614 1566 972 1086 1170 1050 1058 1102 712 1186 1358 1420 1090 1136 1682 1544 580 786 1646 1314 1130 1582 1334 1486 1532 1194 644 870 1212 1160 1016 1586 1314 
780 1580 948 1512 642 1520 1132 1558 1370 998 1660 1490 924 986 1242 1152 1216 2002 614 1236 1412 1176 0 1196 952 1308 1066 1452 1776 1226 1184 1216 1562 1448 1678 1940 1674 1278 1540 874 946 1370 746 812 444 884 804 974 1162 1334 1146 1680 730 1194 656 1148 1040 1004 1034 1148 1160 1214 1316 940 1116 1432 788 1062 1400 1054 1102 1184 1348 1074 1550 728 1494 1440 1132 1106 1150 1394 1692 596 800 1660 1040 1144 1598 1170 1198 1548 1088 942 886 1660 872 1030 1298 1150 
2964 1168 1848 2778 3171 879 4184 1719 1104 586 1998 1438 4004 574 1550 3650 2516 1972 3659 1396 2124 1146 1196 0 540 3036 3626 256 2046 3776 1278 2328 1604 2590 1281 1816 1486 1288 2124 1575 2976 1436 1575 2856 2632 2664 1372 4179 2332 2850 2569 3140 2569 3375 2310 2576 3206 2624 2135 3416 1920 1522 1485 3556 992 3570 3836 1066 1806 2247 1106 1815 2061 3773 2331 2562 1638 1028 2016 1665 1764 1470 1402 2100 2891 2529 3206 2925 1602 972 3185 2328 4228 2420 1335 2496 3794 1056 1374 3332 
1732 924 1604 976 662 864 1196 902 714 342 1088 1554 900 330 1306 1216 1014 1728 1566 1152 1172 902 952 540 0 768 792 796 1120 1060 1102 1280 1360 792 1138 1718 1452 1112 1318 594 1010 714 206 572 508 644 148 950 922 896 490 1280 490 782 416 492 818 1068 434 732 1036 1278 814 918 894 776 852 822 960 398 862 966 1130 834 1310 488 1394 784 1196 866 932 1372 1158 356 582 1442 818 926 1358 728 1156 1308 964 724 646 1420 936 812 1256 708 
3132 878 1960 2720 3186 1293 4128 1719 1437 814 2340 1910 4032 802 1662 3930 2972 2118 3965 1624 2292 1292 1308 3036 768 0 3546 968 2388 4556 1554 3272 1832 1205 555 1648 1002 1564 1872 3198 4098 2372 1686 2784 2592 3000 1860 4182 1820 3420 1650 3815 2538 3078 2316 2208 2244 2848 2718 3612 1806 1634 1536 2544 824 3060 3540 1178 1662 1926 1218 1983 2229 3570 2455 2532 1538 1028 1764 1590 1743 1302 1400 2136 2814 2697 2244 3205 1578 878 2765 2430 3396 2700 1503 2577 2748 1168 1206 2574 
2655 1388 1718 4036 1587 1710 4361 1701 1485 838 2112 1668 3174 826 884 3325 2044 936 3488 1414 1281 110 1066 3626 792 3546 0 1292 2424 3114 1016 2788 1368 3220 2220 2018 1838 922 2556 3503 3372 2420 2211 1102 2208 546 2254 3049 1916 3025 3355 3975 2297 3813 2038 2798 4233 2364 3255 3962 1734 1392 1965 3944 1280 3792 3412 504 2184 3033 976 1590 1410 3501 1488 2290 1076 1248 1965 1470 1539 1572 1434 1828 2548 2304 4233 2550 1472 1224 3440 2133 3916 1335 1140 1653 3706 906 1476 4214 
1798 1322 1722 218 1162 330 756 1112 480 842 1414 1694 1000 830 1806 1334 1514 2228 1632 1652 1664 1402 1452 256 796 968 1292 0 1620 980 1022 1420 1610 1240 598 1622 1230 1032 1366 706 1248 974 706 1064 1008 1136 648 1050 1422 1396 888 1512 990 662 916 702 1172 1566 866 1232 1536 1778 1246 1272 1248 986 1352 1314 1460 796 1362 1466 1630 1334 1802 988 1886 1182 1600 1366 1432 1726 1368 856 1082 1942 1172 1426 1858 1228 1366 1808 1464 1224 1146 1876 1340 1312 1466 1208 
2826 1602 2052 2199 2229 2031 1989 2088 1806 1166 2715 1954 2586 1154 2130 2856 2757 2552 2577 1178 2994 1726 1776 2046 1120 2388 2424 1620 0 2325 1592 2520 2184 2310 2769 1838 1572 1602 2157 1449 2751 2307 1545 2094 1998 2202 1458 2661 1668 2412 1752 240 1935 1908 1860 1473 1407 2769 1689 1137 2091 2102 1821 1557 1014 1899 2055 1646 1947 1614 1662 1533 2592 2487 2879 1968 1728 1462 2049 1875 2028 1492 1590 1770 1797 3000 1407 2313 1768 1068 1944 2715 1983 2010 2205 2862 1659 1428 1396 1572 
1812 1664 1190 2286 3070 1311 672 2181 1233 978 651 1192 1996 1094 1580 2005 3108 1736 2200 1212 1476 1084 1226 3776 1060 4556 3114 980 2325 0 42 1836 1900 3890 1713 2166 1774 52 2817 3766 3982 2956 2910 3340 2476 3124 2736 2146 2292 4105 3714 4353 3334 3618 3112 3334 4264 2260 3594 2376 2247 1552 2367 3964 1454 4186 3508 1306 2586 3438 1440 2283 2529 4366 2691 3328 1832 1524 2205 2166 2232 1732 1710 2932 3508 2997 4264 3752 1936 1492 3905 2829 4408 3247 1836 1767 3760 1368 1636 4416 
1166 1622 1232 804 938 916 266 1412 780 936 476 1150 260 1136 1538 844 1512 1778 1142 1254 1026 1126 1184 1278 1102 1554 1016 1022 1592 42 0 876 1858 1598 1184 2208 1816 94 1836 1170 1242 1520 1012 1014 740 942 954 310 1188 1630 1188 1752 1026 1248 952 1002 1336 1172 1240 834 1456 1510 1612 1236 1412 1286 1084 1264 1696 1096 1398 1480 1644 1370 1752 1024 1790 1482 1428 1402 1446 1690 1668 892 1096 1956 1336 1440 1894 1466 1494 1844 1384 1238 1182 1136 1168 1326 1594 1446 
2061 1908 1132 2916 1940 1929 2284 2652 1704 1292 2028 274 1232 1314 1570 1856 3088 1678 3225 1564 2610 1504 1216 2328 1280 3272 2788 1420 2520 1836 876 0 1890 3552 2667 2268 2002 970 2523 1428 2548 3396 2148 2280 1544 2424 2264 1332 2980 3324 2948 3040 2116 3044 1968 2716 2736 2664 1748 2876 2232 1542 1881 2536 1444 3284 2232 1390 2508 2764 1430 2268 2514 2804 2817 2112 1822 1768 2190 2151 2217 1722 2020 1848 2256 2982 2736 2944 1926 1440 3052 2814 2832 2540 1821 2238 2400 1358 1626 2840 
2342 1858 2214 1392 920 1504 1806 1648 1460 1406 2066 2164 1598 1394 1916 1826 346 2304 2176 1910 1714 1478 1562 1604 1360 1832 1368 1610 2184 1900 1858 1890 0 1856 1772 1908 2260 1952 1652 1450 1620 1778 1270 1114 1118 1186 1212 1648 1836 1960 1424 2060 1404 948 1330 1238 1626 1678 1290 1796 1834 1888 1670 1614 1702 1522 1462 1364 1976 1332 1776 1858 1800 1748 1852 1402 1936 1718 1806 1780 1824 2068 1904 1270 1474 2334 1626 1818 2272 1744 1872 2222 1762 1394 1560 1962 1546 1704 1972 1724 
2862 1360 2076 2660 2895 1365 3480 2097 1590 838 2376 2050 3490 826 1802 4280 3020 2224 3484 1202 2502 1398 1448 2590 792 1205 3220 1240 2310 3890 1598 3552 1856 0 1278 1738 1472 1608 2007 2725 3765 2420 1755 2670 2510 2850 1610 3615 856 3480 2465 4040 2213 3195 2280 2470 2095 3128 2325 2178 1941 1774 1671 2345 914 3180 3175 1318 1797 2235 1232 2004 2250 3325 2615 2460 1628 1280 1899 1725 1878 1392 1490 2130 2443 2718 2095 3303 1668 968 2990 2565 3055 2798 1713 2712 2515 1182 1296 2370 
2940 1248 1884 570 2130 738 1377 1911 963 1184 2364 1966 1743 1172 2032 2244 2784 2416 2691 1906 2739 1590 1678 1281 1138 555 2220 598 2769 1713 1184 2667 1772 1278 0 1784 632 1194 2292 1956 2604 2304 1398 1839 1851 1947 1485 1818 1920 2607 1380 2529 1743 1236 1713 1296 1677 2592 1914 2229 2361 2004 2091 1827 1194 1722 2325 1476 2217 1437 1534 2457 2703 2340 2946 1821 1908 1344 2319 2145 2298 1672 1530 1623 1881 3171 1677 2397 1948 1248 2214 2985 2253 2094 2058 3057 1929 1484 1576 1842 
2720 1870 2592 1404 1656 1516 1942 1660 1472 1764 2078 2542 1976 1752 2294 2204 2230 2954 2554 2288 2450 2128 1940 1816 1718 1648 2018 1622 1838 2166 2208 2268 1908 1738 1784 0 1534 2218 1400 1716 1998 1922 1628 1850 1496 1836 1570 1998 2004 1590 1436 1678 1572 960 1708 1250 900 2056 1556 1906 1356 2216 1176 1000 976 1534 1332 1928 1260 1344 1944 2048 1690 1668 1774 1780 1690 1730 1328 1212 1314 1454 1552 1648 1664 1962 900 1780 1730 1030 1258 1772 1284 1806 1588 1870 1068 1894 1358 1010 
2454 1734 2326 1012 1390 1124 1550 1510 1274 1498 2208 2276 1710 1486 2028 1938 1964 2774 2288 2022 2184 1948 1674 1486 1452 1002 1838 1230 1572 1774 1816 2002 2260 1472 632 1534 0 1826 1134 1450 1732 1760 1362 1584 1230 1656 1304 1732 1738 1324 1300 1412 1306 1312 1442 1486 634 1790 1290 1640 1090 1950 910 734 710 1372 1066 1662 994 1392 1678 1782 1424 1402 1508 1514 1424 1778 1062 946 1048 1188 1286 1382 1398 1696 634 1514 1464 764 992 1506 1018 1540 1322 1604 802 1628 1092 744 
1260 1716 1242 814 1032 926 276 1506 874 1030 486 1244 354 1146 1632 854 1606 1788 1152 1264 1036 1032 1278 1288 1112 1564 922 1032 1602 52 94 970 1952 1608 1194 2218 1826 0 1930 1264 1336 1530 1022 1108 834 1036 964 404 1198 1694 1282 1762 1120 1258 1046 1096 1430 1182 1250 844 1550 1604 1630 1330 1506 1380 1178 1358 1776 1190 1492 1574 1738 1464 1846 1118 1884 1576 1522 1496 1540 1784 1762 986 1190 2050 1430 1534 1988 1544 1588 1938 1478 1332 1276 1230 1262 1420 1688 1524 
3480 1600 2192 1722 1884 1890 2529 2064 1824 1364 2733 1956 2364 1352 1894 2706 2745 2640 3231 1888 3075 1814 1540 2124 1318 1872 2556 1366 2157 2817 1836 2523 1652 2007 2292 1400 1134 1930 0 1452 2397 2439 1842 2175 1644 2283 1755 2397 2406 1785 1749 1917 1758 1056 1962 1491 750 2484 1692 2259 1434 1816 1164 900 576 1857 1398 1528 1290 1632 1544 2472 1935 1902 2468 2070 1290 1474 1392 1218 1371 1054 1152 1872 1896 2343 750 2070 1330 630 1287 2058 1326 2109 1782 2205 1002 1494 958 915 
2481 1222 1526 4475 2198 1554 3913 1800 1518 640 2079 988 3640 628 1228 2845 2208 1922 3074 1144 1998 1096 874 1575 594 3198 3503 706 1449 3766 1170 1428 1450 2725 1956 1716 1450 1264 1452 0 2796 2024 1764 3327 1935 2412 2007 3360 2156 2985 2758 2015 2958 4860 1596 3555 3930 1980 720 3258 1320 1200 810 3211 892 3759 2709 982 1437 2436 1022 1689 1935 3479 2205 2949 1480 1082 1677 1539 1638 1370 1456 2355 3361 2403 3930 2715 1426 726 2935 2202 3636 2210 1209 2349 3861 972 1274 3435 
2589 1638 1598 4290 2100 2313 3570 2424 2142 1056 2577 1548 2946 1044 1300 3025 2548 2060 3306 1294 2205 1234 946 2976 1010 4098 3372 1248 2751 3982 1242 2548 1620 3765 2604 1998 1732 1336 2397 2796 0 2856 2412 2610 1506 2826 2586 3096 2160 3185 3612 4345 1944 3756 2142 3618 3294 2124 2850 3540 1827 1272 1995 2994 1174 4470 2538 1120 2187 3336 1020 1686 1932 3396 2412 2358 1552 1498 1785 1746 1635 1452 1750 1962 2220 2400 3294 2710 1656 1228 3140 2409 3438 2205 1416 2577 2790 970 1356 3624 
3225 1292 2022 2330 2160 1566 3228 1623 1341 760 2250 1972 2636 748 1724 3268 2864 2146 4031 1570 2385 1320 1370 1436 714 2372 2420 974 2307 2956 1520 3396 1778 2420 2304 1922 1760 1530 2439 2024 2856 0 1248 1980 1852 2124 1132 2736 2680 2628 1716 2988 1816 1924 1668 1344 2252 2972 1704 2300 2073 1696 1848 2052 1202 776 2540 1240 2067 1532 1280 2076 2322 2504 2019 1812 1430 1152 2031 1857 2010 1480 770 1548 2000 2790 2252 2688 1776 1146 1536 2589 2620 2284 1596 2757 2188 1230 868 2252 
2289 834 1398 3177 1750 1161 3465 1218 936 252 1497 1348 2737 240 1100 2525 1848 1556 2841 1062 1449 730 746 1575 206 1686 2211 706 1545 2910 1012 2148 1270 1755 1398 1628 1362 1022 1842 1764 2412 1248 0 1281 1057 1314 203 2912 1432 2015 1400 2992 994 2422 735 1407 2548 1724 1204 2247 1245 1072 1086 2793 804 2401 2261 616 1305 1078 656 1140 1386 2198 1656 987 1188 694 1485 990 1089 1252 1068 525 1316 1854 2548 1800 1152 638 2640 1653 2653 1295 660 1821 2555 606 1156 2163 
2388 1200 1464 3384 679 1437 3696 1320 1320 618 2046 1414 3110 606 1138 2690 1536 1190 3038 1160 900 364 812 2856 572 2784 1102 1064 2094 3340 1014 2280 1114 2670 1839 1850 1584 1108 2175 3327 2610 1980 1281 0 2588 216 3196 2561 1564 2390 2681 3700 1750 4266 966 4826 6196 1856 3195 5643 1353 1138 1635 3024 1026 3297 2492 250 1854 2359 722 1209 1029 2429 1107 1740 822 1060 1584 1089 1158 1318 1324 1404 3004 1923 6678 1915 1218 1004 2805 1752 4150 700 759 1272 4776 652 1222 7040 
1836 1136 1096 4272 693 1614 2408 1671 1389 554 1824 1046 1920 542 798 1770 1544 1558 2302 792 1452 732 444 2632 508 2592 2208 1008 1998 2476 740 1544 1118 2510 1851 1496 1230 834 1644 1935 1506 1852 1057 2588 0 1320 5510 1855 1436 2225 2457 3090 1430 3375 742 6332 3958 1120 2655 4576 1074 770 1308 1736 672 3458 1204 618 1434 2135 658 1110 1356 2205 1659 1420 1050 996 1032 993 1059 950 1248 988 3026 1824 5553 1750 1154 726 1885 1656 3220 1245 663 1824 2568 586 854 6543 
2382 1206 1536 2754 798 1437 3384 1428 1212 690 2121 1486 2046 678 1066 2870 1680 1118 3124 1232 1008 292 884 2664 644 3000 546 1136 2202 3124 942 2424 1186 2850 1947 1836 1656 1036 2283 2412 2826 2124 1314 216 1320 0 1488 1896 1552 2570 2316 3520 1266 2628 1044 1758 3066 2000 2346 2802 1461 1210 1743 2808 1098 2610 2352 322 1962 2040 794 1317 1137 2298 1215 1260 894 1066 1692 1197 1266 1390 1252 864 1482 2031 3066 2095 1290 1076 2985 1860 2706 880 867 1380 2604 724 1294 3168 
2376 776 1456 3513 1799 1074 3668 1131 849 194 1410 1406 3008 182 1158 2670 1732 1580 2899 1004 1536 754 804 1372 148 1860 2254 648 1458 2736 954 2264 1212 1610 1485 1570 1304 964 1755 2007 2586 1132 203 3196 5510 1488 0 2807 1548 1870 1197 2847 1710 2853 938 4342 4355 1840 1287 3796 1332 1130 999 2695 746 2198 2464 674 1218 875 714 1227 1473 2401 1743 1700 1246 636 1572 1077 1176 1224 1010 2063 5208 1941 6030 1945 1210 580 2520 1740 4198 1440 747 1908 4778 664 1108 5040 
1434 1412 1124 3476 2548 1080 2979 1803 855 626 1179 940 175 984 1328 2927 2604 1750 2409 1322 1956 924 974 4179 950 4182 3049 1050 2661 2146 310 1332 1648 3615 1818 1998 1732 404 2397 3360 3096 2736 2912 2561 1855 1896 2807 0 2496 3550 3589 4035 2856 3985 2597 3126 3843 2180 3808 4139 1827 1300 2061 3493 1174 4120 3059 954 2187 3267 1188 1905 2085 4060 2163 2849 1526 1272 1785 1788 1854 1452 1458 2387 3101 2619 3843 3075 1684 1228 3140 2451 4011 2460 1458 1239 3255 1116 1356 4228 
2220 1550 1648 2428 1832 1989 1844 2292 2010 968 2370 1764 2396 956 1516 2852 2980 1894 2628 774 2073 1068 1162 2332 922 1820 1916 1422 1668 2292 1188 2980 1836 856 1920 2004 1738 1198 2406 2156 2160 2680 1432 1564 1436 1552 1548 2496 0 2116 2232 2544 864 2816 1252 2236 2208 2556 2120 708 2151 1488 1914 2376 1180 2804 2124 1032 2196 2048 804 1362 1608 2088 2280 1396 1604 1410 2109 1614 1311 1642 1756 1132 1048 2076 2208 1736 1568 1234 2892 2277 2724 1332 1284 2445 2292 754 1546 2428 
2964 1524 1986 3520 2720 2196 3545 2253 1971 942 2532 1936 3425 930 1688 3995 3228 2146 3620 1270 2334 1320 1334 2850 896 3420 3025 1396 2412 4105 1630 3324 1960 3480 2607 1590 1324 1694 1785 2985 3185 2628 2015 2390 2225 2570 1870 3550 2116 0 2725 3670 1565 3420 2050 2730 1725 2900 2585 2125 1314 1660 1449 1975 766 3440 2805 1206 1575 2495 998 1377 1623 3010 2411 2230 1480 1384 1677 1503 1326 1244 1342 1900 1335 1059 1725 475 1520 820 2620 2343 2010 1690 1575 2490 2145 764 1148 2000 
2751 434 1798 2845 2996 837 4592 894 612 536 1521 1748 3414 524 1500 3525 2416 1890 3583 1346 2049 1064 1146 2569 490 1650 3355 888 1752 3714 1188 2948 1424 2465 1380 1436 1300 1282 1749 2758 3612 1716 1400 2681 2457 2316 1197 3589 2232 2725 0 2520 2394 1666 2135 651 2331 2100 2198 3241 1605 1472 1413 2681 742 1645 3661 1016 1539 322 1046 1740 1986 3598 2142 2387 1456 478 1641 1467 1620 1220 852 1925 2716 2454 2331 2800 1496 796 2125 2253 3675 2295 1260 2421 2919 1006 950 2716 
3066 1442 2212 3515 3585 1791 3894 1848 1566 1326 2475 1794 3910 1314 2034 4860 3820 2526 3756 1338 3120 1700 1680 3140 1280 3815 3975 1512 240 4353 1752 3040 2060 4040 2529 1678 1412 1762 1917 2015 4345 2988 2992 3700 3090 3520 2847 4035 2544 3670 2520 0 3401 2780 3155 2055 1945 3372 2415 2601 1851 2006 1581 2195 854 2765 3025 1730 1707 2290 1710 1293 2352 3865 2684 3635 1568 1302 1809 1635 1788 1332 1430 3305 3171 2760 1945 4009 1608 908 2840 2475 2905 3526 2199 2622 2365 1476 1236 2220 
2265 1118 1382 3128 1694 1341 3409 1644 1362 536 1923 1332 3064 524 1084 2485 2116 1540 2762 952 1425 714 730 2569 490 2538 2297 990 1935 3334 1026 2116 1404 2213 1743 1572 1306 1120 1758 2958 1944 1816 994 1750 1430 1266 1710 2856 864 1565 2394 3401 0 4392 679 3430 3360 1692 2826 2660 1503 1056 1266 2662 748 3395 2205 600 1548 2072 372 714 960 2142 1632 1330 1172 978 1461 966 663 1210 1324 670 460 1428 3360 1090 1136 802 2535 1629 4650 585 636 1797 3570 322 1114 3910 
2907 910 1846 1776 3318 834 3437 1050 768 828 1677 1796 4425 816 1548 3645 2691 1994 3641 1542 2322 1168 1194 3375 782 3078 3813 662 1908 3618 1248 3044 948 3195 1236 960 1312 1258 1056 4860 3756 1924 2422 4266 3375 2628 2853 3985 2816 3420 1666 2780 4392 0 3157 1305 3051 2308 4140 5481 1701 1520 1413 2723 754 2009 3829 1198 1542 1344 1338 1902 2148 4620 2298 4383 1468 770 1659 1485 1638 1232 956 3789 3978 2592 3051 3070 1496 796 2385 2325 4779 2565 1698 2454 3807 1114 1054 3492 
2154 1044 1308 3416 1435 1476 3150 1533 1251 462 1812 1258 2422 450 1010 2300 1968 1466 2726 1004 1314 640 656 2310 416 2316 2038 916 1860 3112 952 1968 1330 2280 1713 1708 1442 1046 1962 1596 2142 1668 735 966 742 1044 938 2597 1252 2050 2135 3155 679 3157 0 2142 2828 1544 1939 2541 1392 982 1401 2478 884 3136 1946 526 1557 1813 566 1005 1251 1883 1521 672 1098 904 1350 855 954 1162 1278 210 1001 1719 2828 1575 1062 806 2415 1518 2996 1070 525 1686 2240 516 1066 2751 
2472 620 1800 2561 2982 558 4069 615 333 538 1242 1632 3499 526 1502 3530 2420 1704 3550 1348 1887 878 1148 2576 492 2208 2798 702 1473 3334 1002 2716 1238 2470 1296 1250 1486 1096 1491 3555 3618 1344 1407 4826 6332 1758 4342 3126 2236 2730 651 2055 3430 1305 2142 0 5886 1728 2835 6138 1608 1474 1515 3242 928 994 3668 908 1734 329 1048 1467 1713 3605 1863 3420 1326 480 1794 1593 1416 1376 666 3990 4752 2181 7338 2345 1554 924 1660 2256 5740 1840 1263 2259 5616 824 764 7637 
2730 1100 1692 4488 2646 1836 4494 1314 1611 864 2415 1642 4304 852 1394 3260 2660 2140 3464 1388 2325 1314 1040 3206 818 2244 4233 1172 1407 4264 1336 2736 1626 2095 1677 900 634 1430 750 3930 3294 2252 2548 6196 3958 3066 4355 3843 2208 1725 2331 1945 3360 3051 2828 5886 0 2312 3210 6539 684 1316 414 350 76 2731 1512 1028 540 2653 1044 1722 1185 2688 1718 4421 790 1144 642 468 621 554 652 4946 4966 1593 0 2200 830 130 895 1308 2214 2265 1032 1455 2355 994 458 715 
2676 1484 1656 2744 1516 1854 1812 1911 1629 1114 2346 1606 2080 1102 1358 2536 2664 2118 3318 1352 2292 1292 1004 2624 1068 2848 2364 1566 2769 2260 1172 2664 1678 3128 2592 2056 1790 1182 2484 1980 2124 2972 1724 1856 1120 2000 1840 2180 2556 2900 2100 3372 1692 2308 1544 1728 2312 0 2300 2528 1914 1330 2148 2112 1232 2296 1484 1178 2274 1916 1218 1950 2196 2380 2499 1688 1610 1344 1872 1833 1899 1510 1530 1424 1832 2433 2312 2520 1714 1286 2628 2496 2408 2116 1503 2664 1976 1146 1414 2532 
2721 1062 1686 4521 2758 1503 4473 1560 1278 480 1839 1148 4152 468 1388 3245 1888 1866 3387 1290 1965 1040 1034 2135 434 2718 3255 866 1689 3594 1240 1748 1290 2325 1914 1556 1290 1250 1692 720 2850 1704 1204 3195 2655 2346 1287 3808 2120 2585 2198 2415 2826 4140 1939 2835 3210 2300 0 3915 1080 1360 570 2732 732 3199 3269 960 1197 1876 1000 1656 1863 3402 2172 2817 1446 922 1626 1452 1605 1210 1296 2223 3240 2247 3210 2660 1266 566 2535 2169 2916 2155 1176 2109 3768 950 1114 2715 
1689 1360 1294 4528 3157 1827 1988 2007 1725 778 1839 1616 4556 766 1502 2865 2900 2052 1920 420 2193 1226 1148 3416 732 3612 3962 1232 1137 2376 834 2876 1796 2178 2229 1906 1640 844 2259 3258 3540 2300 2247 5643 4576 2802 3796 4139 708 2125 3241 2601 2660 5481 2541 6138 6539 2528 3915 0 2130 1474 1593 3866 1082 4242 3668 1112 1722 2919 904 1236 1482 4004 2400 3990 1684 1220 2088 1764 1185 1558 1594 4455 2860 1950 6539 1960 1616 916 3405 2427 6740 1455 1434 2565 6792 670 1462 5824 
2910 1504 1812 2334 1371 2166 2106 1998 1941 1082 2742 1762 1794 1070 1514 2136 2232 2092 2661 1508 2253 1266 1160 1920 1036 1806 1734 1536 2091 2247 1456 2232 1834 1941 2361 1356 1090 1550 1434 1320 1827 2073 1245 1353 1074 1461 1332 1827 2151 1314 1605 1851 1503 1701 1392 1608 684 1914 1080 2130 0 1486 1098 534 532 1491 1332 1152 1224 1467 1374 2046 1869 708 1814 1500 910 1364 822 852 945 810 1108 1302 1470 2277 684 1599 996 586 921 1488 108 1683 1716 2139 432 1210 714 849 
1994 1906 1866 1838 968 1846 1458 1884 1696 1324 1986 1816 1250 1312 1568 1478 1542 2328 1828 1562 1738 1502 1214 1522 1278 1634 1392 1778 2102 1552 1510 1542 1888 1774 2004 2216 1950 1604 1816 1200 1272 1696 1072 1138 770 1210 1130 1300 1488 1660 1472 2006 1056 1520 982 1474 1316 1330 1360 1474 1486 0 1592 1266 1392 1758 884 1388 1676 1380 1428 1510 1674 1400 1876 1054 1820 1766 1458 1432 1476 1720 1968 922 1126 1764 1316 1470 1924 1446 1524 1874 1414 1268 1212 1986 1198 1356 1624 1426 
3144 1376 1968 2079 1548 2073 2340 1728 1848 860 2409 1528 2028 848 1670 2370 1986 2246 2895 1482 2535 1420 1316 1485 814 1536 1965 1246 1821 2367 1612 1881 1670 1671 2091 1176 910 1630 1164 810 1995 1848 1086 1635 1308 1743 999 2061 1914 1449 1413 1581 1266 1413 1401 1515 414 2148 570 1593 1098 1592 0 564 352 1521 1062 1304 627 1374 1216 1704 1293 1566 2064 1509 1066 1302 1056 882 1035 830 928 1311 1128 1677 414 1644 886 186 951 1722 990 1341 1116 1539 666 982 734 249 
2580 1200 1592 4277 2429 1941 4144 1464 1716 964 2565 1542 3416 952 1294 3010 2536 2054 3294 1288 2196 1228 940 3556 918 2544 3944 1272 1557 3964 1236 2536 1614 2345 1827 1000 734 1330 900 3211 2994 2052 2793 3024 1736 2808 2695 3493 2376 1975 2681 2195 2662 2723 2478 3242 350 2112 2732 3866 534 1266 564 0 176 2447 1862 928 690 3003 1128 1572 1335 2338 1572 2730 690 1244 492 318 471 454 752 2268 2512 1743 350 2450 930 230 645 1158 994 2015 1182 1605 238 894 358 735 
1896 1176 1768 1198 832 1300 1360 952 1150 940 1686 1718 1152 928 1470 1380 1406 2216 1730 1464 1626 1390 1116 992 894 824 1280 1248 1014 1454 1412 1444 1702 914 1194 976 710 1506 576 892 1174 1202 804 1026 672 1098 746 1174 1180 766 742 854 748 754 884 928 76 1232 732 1082 532 1392 352 176 0 814 508 1104 436 834 1120 1224 866 844 950 956 866 1220 504 388 490 630 728 824 840 1138 76 956 906 206 434 948 460 982 764 1046 244 1070 534 186 
2898 904 2084 3188 3976 984 5063 1041 759 822 1668 1916 3945 810 1786 4240 2988 1988 4118 1632 2313 1162 1432 3570 776 3060 3792 986 1899 4186 1286 3284 1522 3180 1722 1534 1372 1380 1857 3759 4470 776 2401 3297 3458 2610 2198 4120 2804 3440 1645 2765 3395 2009 3136 994 2731 2296 3199 4242 1491 1758 1521 2447 814 0 4176 1192 1647 1323 1332 1893 2139 3381 1437 3388 1042 764 1449 1275 1428 1092 382 2926 3073 2607 2731 3055 1490 868 950 2115 3373 2550 1689 2562 2617 1108 480 3116 
2352 1480 1440 4942 1897 2130 3612 1962 1905 898 2340 1390 2884 886 1142 2630 2232 1902 2990 1136 1968 1076 788 3836 852 3540 3412 1352 2055 3508 1084 2232 1462 3175 2325 1332 1066 1178 1398 2709 2538 2540 2261 2492 1204 2352 2464 3059 2124 2805 3661 3025 2205 3829 1946 3668 1512 1484 3269 3668 1332 884 1062 1862 508 4176 0 962 1188 3339 1002 1626 1833 3409 2031 2198 1222 904 1290 1116 1269 986 1084 1736 2450 1320 1512 2610 1262 562 1975 1956 2856 2105 1179 2103 2100 930 890 1897 
1842 1450 1714 1096 444 1208 1306 1130 1130 868 1614 1664 1004 856 1388 1326 1018 1440 1676 1410 850 614 1062 1066 822 1178 504 1314 1646 1306 1264 1390 1364 1318 1476 1928 1662 1358 1528 982 1120 1240 616 250 618 322 674 954 1032 1206 1016 1730 600 1198 526 908 1028 1178 960 1112 1152 1388 1304 928 1104 1192 962 0 1388 924 972 1056 936 944 988 598 1072 1310 1256 976 1022 1382 1574 466 672 1532 1028 1016 1468 1158 1186 1418 1080 530 756 1098 996 902 1286 1138 
3270 1460 2052 2208 1674 2292 2466 1854 2067 1006 2628 1946 2154 994 1754 2496 2517 2392 3021 1568 2754 1566 1400 1806 960 1662 2184 1460 1947 2586 1696 2508 1976 1797 2217 1260 994 1776 1290 1437 2187 2067 1305 1854 1434 1962 1218 2187 2196 1575 1539 1707 1548 1542 1557 1734 540 2274 1197 1722 1224 1676 627 690 436 1647 1188 1388 0 1593 1404 1989 1422 1692 2221 1728 1150 1448 1182 1008 1161 914 1012 1530 1413 1806 540 1860 972 272 1077 1245 1116 1626 1245 1668 792 1172 818 378 
2613 526 1706 2523 2674 699 4270 756 474 444 1383 1656 3092 432 1408 3295 2232 1798 3399 1254 1911 972 1054 2247 398 1926 3033 796 1614 3438 1096 2764 1332 2235 1437 1344 1392 1190 1632 2436 3336 1532 1078 2359 2135 2040 875 3267 2048 2495 322 2290 2072 1344 1813 329 2653 1916 1876 2919 1467 1380 1374 3003 834 1323 3339 924 1593 0 954 1602 1848 3276 2004 2065 1420 386 1779 1452 1551 1312 760 1603 2394 2316 2653 2570 1460 830 1895 2115 3691 2065 1122 2283 3241 914 858 2835 
1882 1480 1754 1154 856 1266 1346 1458 1270 908 1654 1704 1138 896 1456 1366 1430 1912 1716 1324 1322 1086 1102 1106 862 1218 976 1362 1662 1440 1398 1430 1776 1232 1534 1944 1678 1492 1544 1022 1020 1280 656 722 658 794 714 1188 804 998 1046 1710 372 1338 566 1048 1044 1218 1000 904 1374 1428 1216 1128 1120 1332 1002 972 1404 954 0 848 1012 984 1460 638 1544 1340 1346 1016 814 1582 1696 506 464 1324 1044 808 1508 1174 1386 1458 1302 606 796 1570 1086 694 1486 1154 
2925 1594 1836 1887 1407 2025 2088 2082 1800 1012 2637 1786 1830 1000 1538 2172 2268 1996 2676 1244 2109 1170 1184 1815 966 1983 1590 1466 1533 2283 1480 2268 1858 2004 2457 2048 1782 1574 2472 1689 1686 2076 1140 1209 1110 1317 1227 1905 1362 1377 1740 1293 714 1902 1005 1467 1722 1950 1656 1236 2046 1510 1704 1572 1224 1893 1626 1056 1989 1602 848 0 1398 1632 2316 1113 1628 1454 2007 1680 1101 1502 1644 915 576 1866 1722 1092 1612 1094 1959 2343 1938 789 1350 2481 1674 614 1406 1611 
3171 1758 2000 2133 1320 2271 2334 2328 2046 1176 2883 1950 2076 1164 1702 2418 2181 1876 2922 1408 1929 1050 1348 2061 1130 2229 1410 1630 2592 2529 1644 2514 1800 2250 2703 1690 1424 1738 1935 1935 1932 2322 1386 1029 1356 1137 1473 2085 1608 1623 1986 2352 960 2148 1251 1713 1185 2196 1863 1482 1869 1674 1293 1335 866 2139 1833 936 1422 1848 1012 1398 0 1878 2136 1323 1508 1618 1827 1653 1347 1344 1442 1161 822 2112 1185 1338 1416 716 1722 2493 1761 609 1596 2301 1437 778 1248 1044 
2781 1462 1726 4879 2898 2103 4613 2160 1878 880 2439 1676 3885 868 1428 3345 2804 1884 3562 1422 1941 1058 1074 3773 834 3570 3501 1334 2487 4366 1370 2804 1748 3325 2340 1668 1402 1464 1902 3479 3396 2504 2198 2429 2205 2298 2401 4060 2088 3010 3598 3865 2142 4620 1883 3605 2688 2380 3402 4004 708 1400 1566 2338 844 3381 3409 944 1692 3276 984 1632 1878 0 2022 2135 1222 1322 1290 1320 1437 1122 1348 1673 2464 2346 2688 2620 524 898 2315 1956 1400 2115 1152 2313 2100 934 1026 3073 
3495 1862 2202 2376 1398 2421 2691 2427 2196 1356 3105 2152 2238 1344 1876 2721 2259 1928 3246 1898 2007 1102 1550 2331 1310 2455 1488 1802 2879 2691 1752 2817 1852 2615 2946 1774 1508 1846 2468 2205 2412 2019 1656 1107 1659 1215 1743 2163 2280 2411 2142 2684 1632 2298 1521 1863 1718 2499 2172 2400 1814 1876 2064 1572 950 1437 2031 988 2221 2004 1460 2316 2136 2022 0 1629 84 1722 1863 1718 1843 1228 1340 1431 1740 2946 1718 2256 1704 1004 1701 2363 1706 1527 1866 2379 1473 1390 1132 1845 
2262 1116 1380 4192 1687 1584 3402 1641 1359 534 1920 1330 3056 522 1082 2480 2112 1538 2870 1076 1422 712 728 2562 488 2532 2290 988 1968 3328 1024 2112 1402 2460 1821 1780 1514 1118 2070 2949 2358 1812 987 1740 1420 1260 1700 2849 1396 2230 2387 3635 1330 4383 672 3420 4421 1688 2817 3990 1500 1054 1509 2730 956 3388 2198 598 1728 2065 638 1113 1323 2135 1629 0 1170 976 1458 963 1062 1234 1350 660 1790 1827 4421 1755 1134 920 2595 1626 4640 1190 633 1794 3560 588 1138 4500 
2274 1890 2146 1668 1016 1698 1738 1666 1548 1440 2154 2096 1530 1428 1848 1758 1590 2012 2108 1842 1422 1186 1494 1638 1394 1538 1076 1886 1728 1832 1790 1822 1936 1628 1908 1690 1424 1884 1290 1480 1552 1430 1188 822 1050 894 1246 1526 1604 1480 1456 1568 1172 1468 1098 1326 790 1610 1446 1684 910 1820 1066 690 866 1042 1222 1072 1150 1420 1544 1628 1508 1222 84 1170 0 1806 882 902 1004 1144 1424 1038 1244 1852 790 1588 1620 920 948 1326 838 1102 1328 1670 622 1474 1048 900 
2128 912 2092 964 1150 852 1502 890 702 830 1308 2042 1222 818 1794 1704 1502 2184 2054 1640 1660 1358 1440 1028 784 1028 1248 1182 1462 1524 1482 1768 1718 1280 1344 1730 1778 1576 1474 1082 1498 1152 694 1060 996 1066 636 1272 1410 1384 478 1302 978 770 904 480 1144 1344 922 1220 1364 1766 1302 1244 1220 764 904 1310 1448 386 1340 1454 1618 1322 1722 976 1806 0 1572 1354 1420 1698 1146 844 1070 1784 1144 1414 1846 1216 1144 1796 1436 1212 1134 1908 1312 1300 1244 1196 
2868 1528 1784 2325 1329 2352 2064 1956 2127 1242 2856 1734 1752 1230 1486 2094 2190 2246 2619 1480 2484 1420 1132 2016 1196 1764 1965 1600 2049 2205 1428 2190 1806 1899 2319 1328 1062 1522 1392 1677 1785 2031 1485 1584 1032 1692 1572 1785 2109 1677 1641 1809 1461 1659 1350 1794 642 1872 1626 2088 822 1458 1056 492 504 1449 1290 1256 1182 1779 1346 2007 1827 1290 1863 1458 882 1572 0 810 963 782 1080 1260 1431 2235 642 1947 1258 558 879 1446 714 1218 1674 2097 390 1184 686 807 
2829 1412 1758 2139 1290 2151 2025 1782 1926 912 2487 1708 1713 900 1460 2055 2151 1916 2580 1454 1989 1090 1106 1665 866 1590 1470 1366 1875 2166 1402 2151 1780 1725 2145 1212 946 1496 1218 1539 1746 1857 990 1089 993 1197 1077 1788 1614 1503 1467 1635 966 1485 855 1593 468 1833 1452 1764 852 1432 882 318 388 1275 1116 976 1008 1452 1016 1680 1653 1320 1718 963 902 1354 810 0 789 666 964 765 1104 2061 468 1620 1142 442 705 1476 744 1317 1200 1923 420 966 570 633 
2874 1514 1802 1836 1356 1974 2037 1935 1749 978 2586 1752 1779 966 1504 2121 2217 1962 2625 1210 2058 1136 1150 1764 932 1743 1539 1432 2028 2232 1446 2217 1824 1878 2298 1314 1048 1540 1371 1638 1635 2010 1089 1158 1059 1266 1176 1854 1311 1326 1620 1788 663 1638 954 1416 621 1899 1605 1185 945 1476 1035 471 490 1428 1269 1022 1161 1551 814 1101 1347 1437 1843 1062 1004 1420 963 789 0 768 1066 864 525 1815 621 1041 1244 544 858 1629 837 738 1299 2076 573 580 672 786 
2174 1654 2046 1676 1148 1748 1638 1430 1598 1418 2164 1996 1430 1406 1748 1658 1722 2508 2008 1742 1918 1682 1394 1470 1372 1302 1572 1726 1492 1732 1690 1722 2068 1392 1672 1454 1188 1784 1054 1370 1452 1480 1252 1318 950 1390 1224 1452 1642 1244 1220 1332 1210 1232 1162 1376 554 1510 1210 1558 810 1720 830 454 630 1092 986 1382 914 1312 1582 1502 1344 1122 1228 1234 1144 1698 782 666 768 0 1206 1102 1118 1616 554 1434 1384 684 712 1226 738 1260 1242 1524 522 1348 812 664 
