0 938 1878 946 1468 1320 1430 1180 1158 1286 1346 1738 1178 1682 1494 708 984 1334 1604 1750 1092 1460 752 1518 1026 1430 1792 1200 1384 940 1554 802 1174 1888 788 1194 1586 1466 376 948 1146 554 1322 416 966 1238 1280 1198 1516 650 790 1188 1292 858 716 1192 900 568 1190 1240 1386 1370 1202 1738 972 1872 1296 1364 1220 1574 1026 1372 1112 1386 1182 654 1738 1080 1370 1230 986 1494 1488 1222 1174 1158 1380 1394 1084 1320 695 1690 1510 1158 1284 860 764 1710 650 1354 
938 0 1526 452 2130 1062 4989 604 3830 1065 3530 800 738 1341 948 2876 2575 3215 1556 1702 3690 1326 1287 2800 88 1737 1440 2808 1360 1784 1581 1362 897 1100 894 256 1194 1611 1494 1860 3863 2310 7038 3132 4072 2250 1760 2418 3024 2268 3509 2240 1580 2410 2055 2100 3834 1348 5433 4032 897 1191 1452 1170 6570 1612 6230 3810 3778 1006 2976 2956 1695 4828 1288 760 1844 1548 2214 2672 2184 1653 1440 1605 2369 3160 2968 1860 1785 1036 748 1538 5404 5663 1698 6503 4285 2283 2646 3570 
1878 1526 0 1230 2020 818 1008 1454 1544 1488 532 1444 1730 1496 680 1682 1186 1672 2156 1840 1260 1662 1798 1746 1614 1598 1290 970 2138 1492 1328 1848 1376 1706 1558 1782 1788 1852 1660 1222 1484 1324 1116 1462 1518 1512 1050 1672 1358 1648 1300 1466 1450 1500 1486 686 1452 1310 688 1408 1660 1140 1360 1906 1620 1462 1358 1522 1410 1742 1768 1478 1270 1544 1924 1246 1896 1632 2368 1388 1144 1968 2040 1732 1332 1332 2088 1198 1854 1382 774 2188 1816 1316 1782 1018 1762 1914 1420 1774 
946 452 1230 0 1128 456 902 312 402 346 742 1252 658 814 890 952 44 962 1264 1410 614 520 866 1036 540 952 1166 260 996 600 798 916 234 996 902 708 1142 710 1004 80 774 668 794 530 626 370 340 1078 1260 764 274 756 426 888 830 588 560 682 586 762 518 430 604 1260 1066 1360 648 850 700 1096 1062 1376 1102 788 1218 768 1590 740 1484 1228 984 1374 1148 706 544 1234 1120 876 1198 672 694 1174 1468 560 768 858 878 1158 764 1064 
1468 2130 2020 1128 0 2244 1762 1280 2163 2079 2232 1550 846 2367 1636 2373 1626 1503 1272 282 1140 2340 2082 2175 1508 1647 2152 1950 2020 912 1935 2157 1911 1784 1148 1676 1288 2625 1875 1572 1221 1371 1827 1578 951 1701 1872 1836 2814 1929 1971 2169 2172 1551 1614 2328 852 1392 2325 1362 1923 2007 1932 1406 2412 2324 2007 1704 1332 1242 2079 3012 2049 1629 1542 1290 2014 1122 3009 2385 2019 2280 1156 2619 1995 2502 2595 1950 2166 1314 875 2168 2214 1971 2643 1830 2100 2868 1515 1878 
1320 1062 818 456 2244 0 1143 680 1155 1071 429 1198 1026 1773 434 1692 618 1347 1566 1594 1473 1332 1860 1458 796 1980 732 294 1364 1374 1623 1935 903 932 1000 964 1510 1617 1653 672 1065 1149 1095 1356 1335 1107 414 1929 1206 1311 963 1038 1191 1413 1392 198 1392 1128 195 1629 1329 549 1059 1324 1650 904 876 1179 954 1420 1794 1380 1068 1251 1352 688 1338 1662 2391 1245 879 2373 1412 1611 1017 1167 1971 1218 1944 608 495 1414 1887 993 1512 690 1482 1890 1293 1500 
1430 4989 1008 902 1762 1143 0 1126 4932 1740 1666 436 1006 1890 624 4893 3500 1750 1352 832 3888 2001 1419 2516 1324 1887 1234 3200 1810 1376 1908 2100 1572 1378 1110 1492 1052 2286 1818 3644 1792 3066 432 4133 2648 3264 1597 1992 2604 2802 4420 1596 1464 2985 2595 1575 3132 1780 2864 3920 1446 708 963 1430 2684 1406 3430 3080 2051 1314 2830 2844 1716 3157 1288 1190 904 1362 2481 2532 2044 1440 1184 1455 1535 3190 2840 285 1821 714 713 1520 4928 2392 1671 3584 4217 1794 2730 2375 
1180 604 1454 312 1280 680 1126 0 626 570 966 1404 810 966 1114 1104 268 1146 1416 1562 838 744 1100 1260 692 1176 1390 484 1220 752 1022 1150 458 1172 1136 860 1366 934 1238 232 958 902 1018 764 778 522 564 1302 1484 998 498 980 650 1112 1064 812 712 916 810 986 670 654 828 1484 1218 1584 872 1074 924 1320 1286 1600 1326 1012 1442 1002 1814 892 1718 1452 1208 1598 1300 930 768 1458 1344 1100 1432 896 806 1398 1620 784 992 1082 1112 1382 998 1288 
1158 3830 1544 402 2163 1155 4932 626 0 990 3764 1566 972 1029 1204 4431 1790 2475 1546 1724 4170 1251 1617 2700 854 1896 764 2583 1310 1764 594 1296 822 1310 838 1022 1454 462 1410 1970 2807 2574 5834 4170 3706 3420 1635 3282 3076 3020 2940 2140 1480 2960 1915 2255 3933 1180 5100 4486 1248 1116 1377 1276 6695 1674 6412 3714 3066 1112 2780 3380 1701 4310 1204 980 1760 1581 2544 2504 2016 2085 1430 1530 2244 3395 2868 1785 1701 986 706 1488 5580 4868 1623 4845 5407 2208 2910 3100 
1286 1065 1488 346 2079 1071 1740 570 990 0 1500 1510 916 1608 1148 1815 453 1830 1522 1668 1308 1167 1809 1941 798 1815 1424 777 1254 1287 1584 1884 738 1254 1242 966 1400 1452 2016 507 1548 1512 1578 1305 1326 942 897 2004 2277 1656 798 1521 1026 1719 1755 1269 1227 1533 1266 1530 1164 1032 1293 1518 1986 1618 1359 1662 1437 1354 1980 2451 2040 1569 1476 1108 1848 1497 2736 2229 1863 2448 1406 1446 1203 2238 2067 1701 2307 930 823 1432 2589 1227 1539 1674 1827 2124 1656 1983 
1346 3530 532 742 2232 429 1666 966 3764 1500 0 912 1198 1446 148 4375 2743 2940 1624 1308 2548 1761 1899 2516 1082 1599 758 2005 1650 1920 1194 1974 1332 1218 1026 1250 1256 2013 1692 2869 3458 3158 2044 3503 3527 3718 1405 3420 1652 3480 3068 1956 1836 2420 2385 385 3220 1556 1190 3066 1758 978 1242 1374 3808 930 3502 3052 3297 1210 3122 1892 1107 3666 1392 714 1364 1650 2820 1712 1224 2154 1508 1800 2000 2000 3200 999 1983 894 508 1668 4764 2889 1893 2144 4584 2073 3441 3215 
1738 800 1444 1252 1550 1198 436 1404 1566 1510 912 0 1442 1694 1060 1554 1208 1136 1788 1268 1356 1684 1382 1694 888 1694 1670 1078 2160 1124 1708 1708 1398 1814 1546 1056 1488 1874 1648 1172 948 1312 544 1322 1098 1250 998 1100 1738 1370 1438 1234 1168 1630 1474 1066 1164 1326 1068 1416 1398 908 1078 1866 1048 1842 1126 1328 1022 1750 1568 1858 1580 1220 1724 1560 1340 1344 2090 1702 1458 1396 1620 1406 1050 1712 1856 626 1650 1150 931 1956 1784 1034 1550 1332 1484 1632 1216 1386 
1178 738 1730 658 846 1026 1006 810 972 916 1198 1442 0 732 1346 870 614 712 982 1128 470 1090 1098 1160 826 808 1736 830 1566 318 1000 1148 804 938 858 994 998 1110 960 578 524 624 928 762 344 288 910 934 1586 996 844 1156 996 744 786 1158 278 638 1156 618 436 1000 998 1116 984 1884 1048 846 598 952 1096 1718 1076 796 1252 1000 1724 458 1716 1300 1056 1230 866 1276 1040 1378 1440 1010 1154 1024 730 1744 1186 1024 1338 930 1110 1622 720 962 
1682 1341 1496 814 2367 1773 1890 966 1029 1608 1446 1694 732 0 1112 1539 1155 2166 1714 1860 1803 1869 2403 2643 982 2310 1450 1479 1722 1575 1623 2325 1440 1094 1524 1150 1730 567 2037 1101 1884 1935 2052 1899 1614 666 1599 2499 2685 2193 1500 2223 1728 2214 2178 1677 1515 1914 1680 2025 888 1734 1995 1848 1710 1894 2061 2364 1995 1684 2601 2865 2418 2271 1890 1504 2164 1785 3273 2595 2229 2943 1598 2148 1905 2646 2769 2175 2730 1398 945 1900 2877 1929 2241 2040 2364 2826 2079 2283 
1494 948 680 890 1636 434 624 1114 1204 1148 148 1060 1346 1112 0 1298 846 1324 1772 1456 876 1322 1414 1406 1036 1214 906 630 1798 1108 944 1464 1036 1366 1174 1204 1404 1490 1276 882 1136 940 732 1078 1134 1172 710 1288 974 1308 916 1126 1066 1116 1102 302 1068 926 304 1024 1320 800 976 1522 1236 1078 1018 1138 1070 1358 1384 1094 886 1160 1540 862 1512 1248 2028 1004 760 1584 1656 1348 948 948 1748 814 1470 1042 582 1816 1432 932 1410 634 1422 1530 1036 1434 
708 2876 1682 952 2373 1692 4893 1104 4431 1815 4375 1554 870 1539 1298 0 3178 3620 1718 1864 4355 2076 1713 3794 842 2316 1600 3934 1774 2108 2493 1494 1647 1232 902 498 1734 2106 498 3052 4639 3084 5096 3291 4189 2037 3010 4708 1820 3355 3983 3156 2580 3120 2075 2490 3683 1364 3646 4811 1095 1941 1974 1852 4473 1772 5544 4604 4824 1688 2996 3524 1839 5402 1296 1044 1852 1791 2640 2688 2200 2784 1602 2355 3220 3555 3540 2277 1797 1536 752 2038 6116 4604 2448 3763 4509 2805 3420 4150 
984 2575 1186 44 1626 618 3500 268 1790 453 2743 1208 614 1155 846 3178 0 2295 1220 1366 2565 714 1356 1984 496 1362 1122 972 952 1112 1131 1431 285 952 940 664 1098 999 1563 180 2571 2471 5000 4553 2656 1630 740 3102 2432 2406 1265 1424 764 2110 2170 1360 2322 1440 3731 4530 711 579 840 1216 6142 1316 4622 2696 2386 1052 2625 2664 1587 3196 1174 806 1546 1044 2283 2368 1880 1995 1104 993 1349 2975 2152 1248 1854 628 672 1130 5008 3419 1086 7130 4542 1671 2807 2550 
1334 3215 1672 962 1503 1347 1750 1146 2475 1830 2940 1136 712 2166 1324 3620 2295 0 1058 1284 1565 2091 1881 2195 1374 1008 1630 1755 1870 788 1734 1956 1662 1438 1014 1542 1154 1947 1674 2285 470 1950 1480 2295 920 2500 1555 2725 3284 2270 2870 2076 1644 2250 2355 2575 1085 1588 2570 1935 1722 1068 1098 1272 2520 1802 2447 2570 655 1108 3055 3260 1848 1150 1272 1156 1388 921 2100 2712 2224 2079 890 2067 1760 3835 2208 1011 1965 954 758 1698 2910 1720 2031 2465 1985 1929 2190 1565 
1604 1556 2156 1264 1272 1566 1352 1416 1546 1522 1624 1788 982 1714 1772 1718 1220 1058 0 1554 896 1696 1524 594 1644 946 2288 1370 2156 664 1426 1574 1410 1920 1284 1812 1424 1854 1386 1184 870 1050 1274 1188 690 1270 1290 1360 2012 1422 1450 1582 1504 1170 1212 1688 704 1064 1686 1044 1418 1380 1414 1542 1690 2460 1474 1272 944 1378 1522 2144 1502 1142 1678 1426 2070 884 2082 1726 1482 1656 1212 1882 1386 1804 1786 1356 1580 1450 943 2304 1612 1370 1898 1356 1476 1968 1146 1308 
1750 1702 1840 1410 282 1594 832 1562 1724 1668 1308 1268 1128 1860 1456 1864 1366 1284 1554 0 1042 1842 1670 1732 1790 1380 2066 1474 2302 890 1572 1720 1556 2066 1430 1958 1570 2032 1532 1330 1096 1196 940 1334 916 1416 1394 1496 2134 1568 1596 1630 1564 1316 1358 1462 850 1210 1464 1190 1564 1304 1474 1688 1444 2238 1522 1418 1170 1524 1668 2254 1648 1368 1824 1572 1736 1030 2288 1872 1628 1792 1438 1802 1446 1950 2012 1022 1726 1546 1016 2352 1758 1430 1946 1502 1682 2028 1292 1534 
1092 3690 1260 614 1140 1473 3888 838 4170 1308 2548 1356 470 1803 876 4355 2565 1565 896 1042 0 1569 1518 1780 908 507 1486 3537 1522 464 795 1593 1140 1408 772 1076 528 1851 1311 2727 1628 1883 4056 3062 1582 3687 2165 1392 2972 2730 3600 2140 1412 685 1750 2205 864 1104 4281 666 1359 1434 792 646 5404 1658 4674 2378 1813 482 2573 3264 909 2906 1166 914 1638 558 2256 2384 1912 1140 780 1848 1470 3230 2708 1386 1602 938 680 1582 3898 2940 1941 3735 4167 1755 2219 2190 
1460 1326 1662 520 2340 1332 2001 744 1251 1167 1761 1684 1090 1869 1322 2076 714 2091 1696 1842 1569 0 2070 2202 972 2076 1598 1038 1428 1548 1845 2145 429 1428 1416 1140 1574 1488 2277 768 1809 1773 1839 1566 1587 1203 1158 2265 2538 1917 1059 1782 1287 1980 2016 1530 1488 1794 1527 1791 1425 1293 1554 1692 2247 1792 1620 1923 1698 1528 2241 2712 2301 1830 1650 1282 2022 1758 2997 2490 2124 2709 1580 1707 1464 2499 2328 1962 2568 1104 910 1606 2850 1488 1800 1935 2088 2385 1917 2244 
752 1287 1798 866 2082 1860 1419 1100 1617 1809 1899 1382 1098 2403 1414 1713 1356 1881 1524 1670 1518 2070 0 2157 946 2025 1712 1680 1304 1290 2211 1083 1641 1808 708 1114 1506 2079 1215 1302 1599 711 1581 504 1329 1737 1800 1677 2154 855 1065 1380 1818 1167 954 1668 1230 732 1665 1740 1959 1869 1683 1658 1338 1792 1542 1845 1710 1494 1419 1938 1548 1959 1102 574 1658 1500 1935 1725 1359 2121 1408 1713 1641 1617 1950 1704 1506 1052 655 1610 2145 1617 1806 1170 1026 2445 855 1911 
1518 2800 1746 1036 2175 1458 2516 1260 2700 1941 2516 1694 1160 2643 1406 3794 1984 2195 594 1732 1780 2202 2157 0 1488 528 1704 1552 1944 2012 1830 2232 1773 1512 1462 1656 1218 2487 2346 2056 2257 2462 2300 2204 2064 2636 1392 2439 3552 1736 2444 2224 2432 2218 2786 2208 1972 2490 2204 2010 2199 1179 1689 1336 2380 1876 2008 2412 2112 1172 3232 3180 1944 2508 1772 1340 1946 1593 2382 3500 3012 2175 1470 2340 2196 3500 3468 1848 2637 1028 955 1834 3664 2164 2142 2760 1964 2520 2654 2840 
1026 88 1614 540 1508 796 1324 692 854 798 1082 888 826 982 1036 842 496 1374 1644 1790 908 972 946 1488 0 1246 1528 712 1448 980 1142 996 686 1188 982 344 1282 1162 1084 460 1186 748 1246 610 1006 538 792 894 1600 844 726 1208 878 1052 910 928 940 762 926 760 686 882 1056 1258 1166 1700 1100 1302 1152 1094 1220 1566 1218 1240 1376 848 1932 1120 1564 1424 1180 1190 1528 1158 996 1352 1572 1328 1278 1124 792 1626 1578 1012 1220 1054 958 1610 844 1516 
1430 1737 1598 952 1647 1980 1887 1176 1896 1815 1599 1694 808 2310 1214 2316 1362 1008 946 1380 507 2076 2025 528 1246 0 1824 1686 1860 855 1302 2100 1647 1746 1110 1414 866 2358 1818 1416 1164 1314 1770 1521 894 1644 1572 1203 2736 1830 1707 2112 1566 918 1557 1830 795 1335 1833 729 1866 1707 1299 984 2295 1996 1950 1647 1275 820 2022 2913 1416 1572 1504 1252 1976 1065 2763 2295 1941 1647 1118 2355 1389 2445 2538 1893 2109 1276 849 1920 2157 1365 2448 1752 1854 2262 1458 1821 
1792 1440 1290 1166 2152 732 1234 1390 764 1424 758 1670 1736 1450 906 1600 1122 1630 2288 2066 1486 1598 1712 1704 1528 1824 0 928 2074 1624 1160 1628 1312 1664 1472 1696 2014 1072 1574 1158 1442 1238 1342 1376 1622 1448 1008 1858 1276 1606 1214 1424 1364 1414 1400 604 1584 1224 602 1542 1596 1098 1274 2040 1572 1376 1316 1436 1368 1876 1682 1392 1184 1458 1838 1160 1810 1764 2326 1302 1058 2118 2144 1646 1246 1250 2046 1424 1768 1340 731 2114 1730 1230 1708 932 1720 1828 1334 1732 
1200 2808 970 260 1950 294 3200 484 2583 777 2005 1078 830 1479 630 3934 972 1755 1370 1474 3537 1038 1680 1552 712 1686 928 0 1168 1440 1455 1755 609 736 1156 880 1314 1323 1887 1134 2011 3227 3511 3528 2880 2439 200 3386 2000 2034 2007 992 1196 2650 2710 820 3294 1872 2565 4049 1035 255 765 1128 4538 1100 3972 2340 1766 1224 2500 2232 1263 2741 1156 884 1330 1368 2097 2052 1564 2079 1216 1317 1205 2435 2236 924 2178 412 593 1218 4725 2363 1218 3114 3892 1596 3563 2010 
1384 1360 2138 996 2020 1364 1810 1220 1310 1254 1650 2160 1566 1722 1798 1774 952 1870 2156 2302 1522 1428 1304 1944 1448 1860 2074 1168 0 1492 1706 1354 1142 1904 1340 1616 2050 1618 1442 988 1682 1106 1702 968 1518 1278 1248 1750 2068 1202 1182 1664 1334 1410 1268 1496 1452 1120 1494 1670 1426 1338 1512 2168 1524 2268 1556 1758 1608 2004 1578 1924 1664 1696 1734 1206 2290 1632 1922 1782 1538 2046 2040 1614 1452 1710 1932 1784 1636 1580 971 2082 2062 1468 1676 1412 1316 2066 1202 1906 
940 1784 1492 600 912 1374 1376 752 1764 1287 1920 1124 318 1575 1108 2108 1112 788 664 890 464 1548 1290 2012 980 855 1624 1440 1492 0 1143 1365 1119 1256 620 1148 760 1785 1083 1040 412 772 1220 1048 52 1212 1280 1392 2696 1516 1572 1836 1680 1012 1096 2048 80 800 2044 760 1131 1095 1125 878 2052 1796 1620 1216 560 714 1716 2960 1257 956 1014 762 1406 330 2127 2124 1636 1488 548 1827 1444 2280 2244 1038 1374 786 611 1640 1896 1412 1851 1384 1624 1956 964 1288 
1554 1581 1328 798 1935 1623 1908 1022 594 1584 1194 1708 1000 1623 944 2493 1131 1734 1426 1572 795 1845 2211 1830 1142 1302 1160 1455 1706 1143 0 1890 1416 1706 1176 1310 1058 1056 2004 1185 1452 1500 1881 1707 1182 1620 1575 1047 2433 1869 1476 2103 1410 1206 1743 1425 1083 1479 1428 573 1842 1710 1143 880 2139 1726 1941 1638 1563 716 2010 2613 1260 1551 1496 1376 1942 1353 2607 2151 1785 1491 1310 2124 1233 2394 2745 2004 2295 1270 797 1816 2073 1209 2217 1596 1698 2106 1644 2073 
802 1362 1848 916 2157 1935 2100 1150 1296 1884 1974 1708 1148 2325 1464 1494 1431 1956 1574 1720 1593 2145 1083 2232 996 2100 1628 1755 1354 1365 1890 0 1716 1858 758 1164 1556 1758 1290 1377 1674 786 1938 579 1404 1812 1875 1752 2229 930 1140 1737 1893 1242 1029 1743 1305 807 1740 1815 2034 2010 1758 1708 1413 1842 1899 2001 1785 1544 1494 2013 1623 2034 1152 624 1708 1575 2010 1800 1434 2196 1458 1788 1716 1692 2025 2046 1581 1290 680 1660 2220 1692 1881 1245 1101 2520 930 1986 
1174 897 1376 234 1911 903 1572 458 822 738 1332 1398 804 1440 1036 1647 285 1662 1410 1556 1140 429 1641 1773 686 1647 1312 609 1142 1119 1416 1716 0 1142 1130 854 1288 1284 1848 339 1380 1344 1410 1137 1158 774 729 1836 2109 1488 630 1353 858 1551 1587 1101 1059 1365 1098 1362 996 864 1125 1406 1818 1506 1191 1494 1269 1242 1812 2283 1872 1401 1364 996 1736 1329 2568 2061 1695 2280 1294 1278 1035 2070 1899 1533 2139 818 767 1320 2421 1059 1371 1506 1659 1956 1488 1815 
1888 1100 1706 996 1784 932 1378 1172 1310 1254 1218 1814 938 1094 1366 1232 952 1438 1920 2066 1408 1428 1808 1512 1188 1746 1664 736 1904 1256 1706 1858 1142 0 1796 1356 1936 1472 1564 940 1250 1562 1270 1472 1282 650 816 1826 1736 1414 1182 1232 1334 1682 1724 1064 1216 1576 1062 1556 798 906 1246 1864 1346 1836 1124 1326 1176 1890 1736 1852 1578 1374 1892 1620 2066 1396 2134 1762 1518 2122 1804 1614 1218 1710 1854 1352 2092 1148 961 1954 2078 1202 1548 1392 1528 1800 1658 1540 
788 894 1558 902 1148 1000 1110 1136 838 1242 1026 1546 858 1524 1174 902 940 1014 1284 1430 772 1416 708 1462 982 1110 1472 1156 1340 620 1176 758 1130 1796 0 1150 1300 1146 570 904 826 234 1002 372 646 1146 1224 1110 1196 606 746 1144 972 814 396 872 580 248 870 794 1294 1314 882 1292 928 1644 1246 1044 900 1128 706 1328 792 1066 862 610 1418 760 1326 910 666 1406 1168 1178 854 988 1336 1084 764 1222 535 1646 1190 838 1240 540 720 1436 330 1264 
1194 256 1782 708 1676 964 1492 860 1022 966 1250 1056 994 1150 1204 498 664 1542 1812 1958 1076 1140 1114 1656 344 1414 1696 880 1616 1148 1310 1164 854 1356 1150 0 1450 1330 830 628 1354 916 1414 778 1174 706 960 1062 1408 1012 894 1376 1046 1220 1078 1096 1108 930 1094 928 854 1050 1224 1426 1334 1868 1268 1470 1320 1262 1388 1734 1386 1408 1544 1016 2100 1288 1732 1592 1348 1358 1696 1326 1164 1520 1740 1496 1446 1292 876 1794 1746 1180 1388 1222 1126 1778 1012 1684 
1586 1194 1788 1142 1288 1510 1052 1366 1454 1400 1256 1488 998 1730 1404 1734 1098 1154 1424 1570 528 1574 1506 1218 1282 866 2014 1314 2050 760 1058 1556 1288 1936 1300 1450 0 1762 1402 1134 966 1066 944 1170 786 1286 1394 388 2014 936 1328 1598 1234 802 1228 1410 720 1080 1412 676 1434 1308 1056 1174 1258 2158 1490 1288 1040 1010 1538 1658 1134 1238 1694 1408 1740 900 1428 1720 1484 684 1308 1628 1116 1820 1882 1026 1596 1466 944 2110 1072 1100 1822 1358 822 1698 1162 1404 
1466 1611 1852 710 2625 1617 2286 934 462 1452 2013 1874 1110 567 1490 2106 999 1947 1854 2032 1851 1488 2079 2487 1162 2358 1072 1323 1618 1785 1056 1758 1284 1472 1146 1330 1762 0 1872 1053 1665 1368 2124 1575 1824 1233 1443 2103 2769 1926 1344 2067 1572 2238 1611 1815 1773 1347 1812 1629 1455 1578 1839 1584 2277 1982 1905 2208 1776 1420 2034 2997 2163 2073 1512 1288 2068 2043 3006 2340 1974 2547 1738 1992 1749 2499 2613 2247 2163 1294 860 1796 2802 1773 2085 1785 2097 2670 1512 2322 
376 1494 1660 1004 1875 1653 1818 1238 1410 2016 1692 1648 960 2037 1276 498 1563 1674 1386 1532 1311 2277 1215 2346 1084 1818 1574 1887 1442 1083 2004 1290 1848 1564 570 830 1402 1872 0 1509 1392 504 1656 711 1122 1371 1989 1884 1863 1062 1272 1869 1611 1374 747 1461 1023 525 1458 1533 1593 2124 1476 1520 1545 1746 2022 1719 1503 1356 1212 2145 1341 1752 964 712 1520 1293 2142 1518 1152 2328 1270 1920 1434 1635 2157 1779 1299 1324 586 1748 1938 1410 2013 963 1233 2307 648 2049 
948 1860 1222 80 1572 672 3644 232 1970 507 2869 1172 578 1101 882 3052 180 2285 1184 1330 2727 768 1302 2056 460 1416 1158 1134 988 1040 1185 1377 339 940 904 628 1134 1053 1509 0 2561 2345 4680 2660 2584 1450 830 3210 2504 2298 1330 1496 836 2200 2080 1450 2160 1368 3490 3770 657 633 894 1252 4930 1352 4802 2732 2476 1088 2679 2736 1641 3340 1210 770 1582 990 2229 2440 1952 2049 1068 1047 1439 3065 2224 1302 1800 664 690 1166 4954 3258 1140 4424 4412 1725 2681 2640 
1146 3863 1484 774 1221 1065 1792 958 2807 1548 3458 948 524 1884 1136 4639 2571 470 870 1096 1628 1809 1599 2257 1186 1164 1442 2011 1682 412 1452 1674 1380 1250 826 1354 966 1665 1392 2561 0 2167 1414 2650 630 3066 1085 2706 2908 2160 3376 1700 1268 1780 1885 2105 956 1212 3017 2146 1440 786 816 1084 2914 1614 2978 2572 259 920 2585 2884 1566 952 1084 968 1200 639 1818 2336 1848 1797 702 1785 1290 3365 1832 729 1683 766 664 1510 3416 1750 1749 2793 2121 1647 2503 1095 
554 2310 1324 668 1371 1149 3066 902 2574 1512 3158 1312 624 1935 940 3084 2471 1950 1050 1196 1883 1773 711 2462 748 1314 1238 3227 1106 772 1500 786 1344 1562 234 916 1066 1368 504 2345 2167 0 2688 483 1717 3240 2475 2760 1924 1116 1792 1820 1476 1450 405 1595 1211 28 2524 2401 1590 1620 972 1184 2429 1410 3551 2534 2352 1020 1326 2188 837 2944 628 376 1184 789 1638 1352 864 1824 934 1416 1550 1885 2204 1275 795 988 418 1412 3346 2602 1509 1715 1701 1803 336 2575 
1322 7038 1116 794 1827 1095 432 1018 5834 1578 2044 544 928 2052 732 5096 5000 1480 1274 940 4056 1839 1581 2300 1246 1770 1342 3511 1702 1220 1881 1938 1410 1270 1002 1414 944 2124 1656 4680 1414 2688 0 5291 2429 4696 1327 1668 2820 2478 6265 1380 1248 2790 2325 1845 3210 1564 4499 4859 1608 546 801 1322 3716 1404 4250 2786 1673 1206 2560 3060 1554 2725 1180 1144 796 1245 2319 2316 1828 1278 1106 1293 1265 3325 2624 123 1659 606 659 1412 4550 2695 1509 4334 4280 1632 2352 2105 
416 3132 1462 530 1578 1356 4133 764 4170 1305 3503 1322 762 1899 1078 3291 4553 2295 1188 1334 3062 1566 504 2204 610 1521 1376 3528 968 1048 1707 579 1137 1472 372 778 1170 1575 711 2660 2650 483 5291 0 2750 4110 2160 2346 2200 702 2057 1544 1752 1105 750 1940 2390 304 4323 5258 1455 1431 1179 1322 4266 1456 4805 2948 2835 1158 1671 1912 1044 3928 766 238 1322 996 1431 1628 1140 1617 1072 1209 1895 1855 1928 1467 1002 904 487 1274 3829 5253 1302 7692 2548 1941 819 2345 
966 4072 1518 626 951 1335 2648 778 3706 1326 3527 1098 344 1614 1134 4189 2656 920 690 916 1582 1587 1329 2064 1006 894 1622 2880 1518 52 1182 1404 1158 1282 646 1174 786 1824 1122 2584 630 1717 2429 2750 0 3234 1535 2166 2748 2352 3576 1888 1628 1330 1435 2555 814 852 4108 2174 1170 1056 1086 904 4097 1794 3356 2312 889 740 2356 3012 1296 2074 1040 788 1380 369 2088 2176 1688 1527 522 1866 1740 2915 2192 999 1413 812 624 1666 3591 2795 1890 3262 3200 1917 2053 1545 
1238 2250 1512 370 1701 1107 3264 522 3420 942 3718 1250 288 666 1172 2037 1630 2500 1270 1416 3687 1203 1737 2636 538 1644 1448 2439 1278 1212 1620 1812 774 650 1146 706 1286 1233 1371 1450 3066 3240 4696 4110 3234 0 1555 3683 2984 3054 2780 2076 1416 2580 2685 2175 2955 1852 4940 4875 222 1068 1329 1404 3480 1596 5996 3398 3197 1240 3380 3316 1752 4308 1500 1060 1720 1119 2607 2572 2084 2277 1154 1482 2164 3790 2804 1509 2163 954 723 1456 5399 4708 1575 5028 5380 2160 3576 2695 
1280 1760 1050 340 1872 414 1597 564 1635 897 1405 998 910 1599 710 3010 740 1555 1290 1394 2165 1158 1800 1392 792 1572 1008 200 1248 1280 1575 1875 729 816 1224 960 1394 1443 1989 830 1085 2475 1327 2160 1535 1555 0 2583 2160 1895 1315 832 1040 2850 2880 1020 1700 1952 1015 2025 1155 135 645 1048 2456 1180 1190 1614 900 1144 2300 2392 1143 1395 1076 964 1250 1290 2217 2108 1620 1959 1136 1437 1005 2635 2076 804 2280 332 607 1138 3155 965 1098 1710 2180 1476 2715 1810 
1198 2418 1672 1078 1836 1929 1992 1302 3282 2004 3420 1100 934 2499 1288 4708 3102 2725 1360 1496 1392 2265 1677 2439 894 1203 1858 3386 1750 1392 1047 1752 1836 1826 1110 1062 388 2103 1884 3210 2706 2760 1668 2346 2166 3683 2583 0 3308 1644 3468 2492 1748 1845 2705 3235 1968 1868 3888 948 2055 1380 1044 814 2610 1770 3414 3276 2928 650 3185 2540 1161 2904 1430 1020 1352 1254 1560 2736 2248 444 1244 1860 1890 3690 3492 957 2175 1162 764 1750 2932 2220 2343 2994 1302 2007 3048 2705 
1516 3024 1358 1260 2814 1206 2604 1484 3076 2277 1652 1738 1586 2685 974 1820 2432 3284 2012 2134 2972 2538 2154 3552 1600 2736 1276 2000 2068 2696 2433 2229 2109 1736 1196 1408 2014 2769 1863 2504 2908 1924 2820 2200 2748 2984 2160 3308 0 2668 2572 2296 2176 2972 2248 1344 2616 1896 1348 2676 2136 1755 1497 1780 2784 1448 2080 1676 2760 1672 2812 2928 1362 2364 1562 1232 1534 1839 3081 2052 1060 2763 1680 2577 1940 2636 3540 2238 2238 1016 467 1870 2908 1908 2196 1312 2896 2328 2116 3060 
650 2268 1648 764 1929 1311 2802 998 3020 1656 3480 1370 996 2193 1308 3355 2406 2270 1422 1568 2730 1917 855 1736 844 1830 1606 2034 1202 1516 1869 930 1488 1414 606 1012 936 1926 1062 2298 2160 1116 2478 702 2352 3054 1895 1644 2668 0 1824 2012 2212 1690 1335 2515 2154 772 3012 2592 1749 1272 1479 1362 966 1222 3246 3632 2382 1198 2256 1444 1395 2976 1000 472 1556 1347 1080 2096 1608 1266 1306 1038 2480 2440 2396 1116 1353 1090 604 1508 3792 2955 1653 2195 342 1590 1404 1760 
790 3509 1300 274 1971 963 4420 498 2940 798 3068 1438 844 1500 916 3983 1265 2870 1450 1596 3600 1059 1065 2444 726 1707 1214 2007 1182 1572 1476 1140 630 1182 746 894 1328 1344 1272 1330 3376 1792 6265 2057 3576 2780 1315 3468 2572 1824 0 1884 1224 2040 1685 1535 3357 1052 3366 5325 1056 924 1185 1446 4463 1386 4392 3308 3191 1282 2592 2660 1476 4116 1140 612 1610 1389 1992 2204 1716 2178 1334 648 1924 2790 1692 1593 1563 858 631 900 5138 4684 741 4026 4093 2016 2128 2960 
1188 2240 1466 756 2169 1038 1596 980 2140 1521 1956 1234 1156 2223 1126 3156 1424 2076 1582 1630 2140 1782 1380 2224 1208 2112 1424 992 1664 1836 2103 1737 1353 1232 1144 1376 1598 2067 1869 1496 1700 1820 1380 1544 1888 2076 832 2492 2296 2012 1884 0 1872 2428 2144 1648 1756 1848 1644 2040 1779 489 1269 848 2388 1596 216 620 1552 1354 2672 3224 843 1948 1492 1010 1486 1047 2589 2368 1880 2313 1152 2061 1636 2940 1676 1158 2160 132 672 938 2852 1604 798 1628 2240 2100 2012 2280 
1292 1580 1450 426 2172 1191 1464 650 1480 1026 1836 1168 996 1728 1066 2580 764 1644 1504 1564 1412 1287 1818 2432 878 1566 1364 1196 1334 1680 1410 1893 858 1334 972 1046 1234 1572 1611 836 1268 1476 1248 1752 1628 1416 1040 1748 2176 2212 1224 1872 0 1960 1800 1528 1760 1448 1524 1116 1284 915 267 1056 1684 1536 1656 1872 1120 892 1272 2860 1026 724 792 1114 1310 1590 2397 1604 1116 1755 1336 1566 236 2820 2916 1059 1902 852 481 1112 2132 268 1659 864 1984 1098 1668 1420 
858 2410 1500 888 1551 1413 2985 1112 2960 1719 2420 1630 744 2214 1116 3120 2110 2250 1170 1316 685 1980 1167 2218 1052 918 1414 2650 1410 1012 1206 1242 1551 1682 814 1220 802 2238 1374 2200 1780 1450 2790 1105 1330 2580 2850 1845 2972 1690 2040 2428 1960 0 1855 2035 1165 1188 2030 1055 1770 1845 1203 920 2495 1586 3133 2634 1965 756 2776 2796 1320 2460 1208 680 1764 969 2094 1836 2024 1551 1054 1872 2155 2960 2812 1797 1665 1212 708 1716 3435 2115 1965 2215 1975 2166 1690 2875 
716 2055 1486 830 1614 1392 2595 1064 1915 1755 2385 1474 786 2178 1102 2075 2170 2355 1212 1358 1750 2016 954 2786 910 1557 1400 2710 1268 1096 1743 1029 1587 1724 396 1078 1228 1611 747 2080 1885 405 2325 750 1435 2685 2880 2705 2248 1335 1685 2144 1800 1855 0 2000 1270 352 1995 2120 1833 1863 1215 1346 2140 1572 2938 2482 2070 1182 1505 2512 1080 2485 758 538 1346 1032 1881 1676 1188 2067 1096 1659 1955 2290 2528 1518 1038 1150 499 1574 2795 1915 1752 1170 1620 2046 645 2980 
1192 2100 686 588 2328 198 1575 812 2255 1269 385 1066 1158 1677 302 2490 1360 2575 1688 1462 2205 1530 1668 2208 928 1830 604 820 1496 2048 1425 1743 1101 1064 872 1096 1410 1815 1461 1450 2105 1595 1845 1940 2555 2175 1020 3235 1344 2515 1535 1648 1528 2035 2000 0 2460 1248 5 2535 1527 747 1011 1456 2430 776 1951 2131 1920 1348 2737 1584 876 2145 1238 560 1210 1746 2589 1404 916 2277 1544 1569 1615 1615 2892 1230 1752 740 431 1514 2825 1575 1662 830 2800 1842 1835 2830 
900 3834 1452 560 852 1392 3132 712 3933 1227 3220 1164 278 1515 1068 3683 2322 1085 704 850 864 1488 1230 1972 940 795 1584 3294 1452 80 1083 1305 1059 1216 580 1108 720 1773 1023 2160 956 1211 3210 2390 814 2955 1700 1968 2616 2154 3357 1756 1760 1165 1270 2460 0 720 4571 1530 1071 1155 1080 838 4693 1756 3810 2186 1141 674 2191 2880 1197 2293 974 722 1446 270 2157 2044 1556 1428 588 1767 1905 2750 2324 1098 1314 746 591 1600 3492 3384 1791 3674 3764 2016 1547 1710 
568 1348 1310 682 1392 1128 1780 916 1180 1533 1556 1326 638 1914 926 1364 1440 1588 1064 1210 1104 1794 732 2490 762 1335 1224 1872 1120 800 1479 807 1365 1576 248 930 1080 1347 525 1368 1212 28 1564 304 852 1852 1952 1868 1896 772 1052 1848 1448 1188 352 1248 720 0 1244 1400 1590 1599 951 1198 1416 1396 1996 1592 1360 1034 916 2216 816 1636 614 390 1170 810 1659 1324 836 1845 948 1437 1212 1536 2232 1296 816 974 411 1426 1940 1180 1530 584 1000 1782 220 2088 
1190 5433 688 586 2325 195 2864 810 5100 1266 1190 1068 1156 1680 304 3646 3731 2570 1686 1464 4281 1527 1665 2204 926 1833 602 2565 1494 2044 1428 1740 1098 1062 870 1094 1412 1812 1458 3490 3017 2524 4499 4323 4108 4940 1015 3888 1348 3012 3366 1644 1524 2030 1995 5 4571 1244 0 5566 1524 744 1008 1454 5335 774 4630 2584 2758 1346 2732 1580 873 3424 1236 558 1208 1743 2586 1400 912 2274 1542 1566 1610 1620 2888 1233 1749 738 430 1512 3948 3454 1659 1815 5131 1839 2860 2825 
1240 4032 1408 762 1362 1629 3920 986 4486 1530 3066 1416 618 2025 1024 4811 4530 1935 1044 1190 666 1791 1740 2010 760 729 1542 4049 1670 760 573 1815 1362 1556 794 928 676 1629 1533 3770 2146 2401 4859 5258 2174 4875 2025 948 2676 2592 5325 2040 1116 1055 2120 2535 1530 1400 5566 0 1581 1350 570 498 6619 1786 5246 2328 2331 334 2395 3172 687 2711 1114 1062 1560 780 2034 2104 1616 918 928 2070 1100 3600 3004 1431 1824 888 606 1434 3872 3432 2004 4092 3797 1533 2737 2500 
1386 897 1660 518 1923 1329 1446 670 1248 1164 1758 1398 436 888 1320 1095 711 1722 1418 1564 1359 1425 1959 2199 686 1866 1596 1035 1426 1131 1842 2034 996 798 1294 854 1434 1455 1593 657 1440 1590 1608 1455 1170 222 1155 2055 2136 1749 1056 1779 1284 1770 1833 1527 1071 1590 1524 1581 0 1290 1551 1552 1266 1744 1617 1908 1551 1388 2238 2649 1530 1422 1648 1208 1646 1341 2829 1707 1341 2499 1302 1704 1461 2496 2325 1731 2385 1102 649 1604 2349 1485 1797 1152 1920 2382 1734 1839 
1370 1191 1140 430 2007 549 708 654 1116 1032 978 908 1000 1734 800 1941 579 1068 1380 1304 1434 1293 1869 1179 882 1707 1098 255 1338 1095 1710 2010 864 906 1314 1050 1308 1578 2124 633 786 1620 546 1431 1056 1068 135 1380 1755 1272 924 489 915 1845 1863 747 1155 1599 744 1350 1290 0 780 958 1302 1270 327 630 675 1234 1515 1929 1008 972 1166 1054 1160 1212 2352 1716 1350 1824 1226 1572 738 1716 1422 669 2205 242 652 1048 2028 714 963 1161 1443 1611 1554 1221 
1202 1452 1360 604 1932 1059 963 828 1377 1293 1242 1078 998 1995 976 1974 840 1098 1414 1474 792 1554 1683 1689 1056 1299 1274 765 1512 1125 1143 1758 1125 1246 882 1224 1056 1839 1476 894 816 972 801 1179 1086 1329 645 1044 1497 1479 1185 1269 267 1203 1215 1011 1080 951 1008 570 1551 780 0 878 996 1446 1107 1269 705 714 867 2010 891 408 734 1024 1220 1350 2469 1068 702 1488 1246 1551 90 1980 2190 924 1767 762 436 1054 1464 66 1743 513 1560 963 1116 930 
1738 1170 1906 1260 1406 1324 1430 1484 1276 1518 1374 1866 1116 1848 1522 1852 1216 1272 1542 1688 646 1692 1658 1336 1258 984 2040 1128 2168 878 880 1708 1406 1864 1292 1426 1174 1584 1520 1252 1084 1184 1322 1322 904 1404 1048 814 1780 1362 1446 848 1056 920 1346 1456 838 1198 1454 498 1552 958 878 0 1542 2228 740 942 1158 832 1456 2084 956 1150 1612 1560 2058 1018 1854 1550 1306 1110 1426 1878 938 1938 1470 1404 1714 764 855 1570 1498 922 1164 1180 1248 1520 1280 1498 
972 6570 1620 1066 2412 1650 2684 1218 6695 1986 3808 1048 984 1710 1236 4473 6142 2520 1690 1444 5404 2247 1338 2380 1166 2295 1572 4538 1524 2052 2139 1413 1818 1346 928 1334 1258 2277 1545 4930 2914 2429 3716 4266 4097 3480 2456 2610 2784 966 4463 2388 1684 2495 2140 2430 4693 1416 5335 6619 1266 1302 996 1542 0 900 6130 4068 2702 1378 2924 2088 1860 3126 1028 794 1300 1830 1563 1968 1724 1749 1522 555 1810 3245 3040 633 1836 1110 633 1702 5079 4394 1944 5952 2556 1959 2765 955 
1872 1612 1462 1360 2324 904 1406 1584 1674 1618 930 1842 1884 1894 1078 1772 1316 1802 2460 2238 1658 1792 1792 1876 1700 1996 1376 1100 2268 1796 1726 1842 1506 1836 1644 1868 2158 1982 1746 1352 1614 1410 1404 1456 1794 1596 1180 1770 1448 1222 1386 1596 1536 1586 1572 776 1756 1396 774 1786 1744 1270 1446 2228 900 0 1488 1608 1540 2120 1854 1564 1356 1630 1928 1332 1982 1936 1942 1474 1230 2066 2316 1270 1418 1422 2218 1322 1940 1512 817 2286 1902 1402 1880 1104 1336 2000 1506 1282 
1296 6230 1358 648 2007 876 3430 872 6412 1359 3502 1126 1048 2061 1018 5544 4622 2447 1474 1522 4674 1620 1542 2008 1100 1950 1316 3972 1556 1620 1941 1899 1191 1124 1246 1268 1490 1905 2022 4802 2978 3551 4250 4805 3356 5996 1190 3414 2080 3246 4392 216 1656 3133 2938 1951 3810 1996 4630 5246 1617 327 1107 740 6130 1488 0 1708 2941 1246 3088 3008 681 3712 1384 1118 1378 885 2679 2152 1664 2151 1044 1899 1793 3535 1460 996 2313 24 618 830 4991 3674 636 3812 5598 1938 3887 2733 
1364 3810 1522 850 1704 1179 3080 1074 3714 1662 3052 1328 846 2364 1138 4604 2696 2570 1272 1418 2378 1923 1845 2412 1302 1647 1436 2340 1758 1216 1638 2001 1494 1326 1044 1470 1288 2208 1719 2732 2572 2534 2786 2948 2312 3398 1614 3276 1676 3632 3308 620 1872 2634 2482 2131 2186 1592 2584 2328 1908 630 1269 942 4068 1608 1708 0 2628 1044 3204 3004 378 3128 1410 1186 1382 582 2853 1748 1260 1983 842 2202 2073 3746 1864 1299 2010 178 517 1032 3534 2462 939 2010 3974 2100 2822 3094 
1220 3778 1410 700 1332 954 2051 924 3066 1437 3297 1022 598 1995 1070 4824 2386 655 944 1170 1813 1698 1710 2112 1152 1275 1368 1766 1608 560 1563 1785 1269 1176 900 1320 1040 1776 1503 2476 259 2352 1673 2835 889 3197 900 2928 2760 2382 3191 1552 1120 1965 2070 1920 1141 1360 2758 2331 1551 675 705 1158 2702 1540 2941 2628 0 994 2400 3032 1464 693 1010 1042 1274 750 1929 2188 1700 1908 776 1674 1105 3535 1980 840 1758 692 627 1436 3157 1491 1638 2534 2380 1536 2688 910 
1574 1006 1742 1096 1242 1420 1314 1320 1112 1354 1210 1750 952 1684 1358 1688 1052 1108 1378 1524 482 1528 1494 1172 1094 820 1876 1224 2004 714 716 1544 1242 1890 1128 1262 1010 1420 1356 1088 920 1020 1206 1158 740 1240 1144 650 1672 1198 1282 1354 892 756 1182 1348 674 1034 1346 334 1388 1234 714 832 1378 2120 1246 1044 994 0 1292 1920 792 986 1448 1396 1894 854 1690 1386 1142 946 1262 1714 774 1586 1836 1288 1362 1222 773 1768 1334 758 1670 1016 1084 1356 928 1334 
1026 2976 1768 1062 2079 1794 2830 1286 2780 1980 3122 1568 1096 2601 1384 2996 2625 3055 1522 1668 2573 2241 1419 3232 1220 2022 1682 2500 1578 1716 2010 1494 1812 1736 706 1388 1538 2034 1212 2679 2585 1326 2560 1671 2356 3380 2300 3185 2812 2256 2592 2672 1272 2776 1505 2737 2191 916 2732 2395 2238 1515 867 1456 2924 1854 3088 3204 2400 1292 0 3132 1503 1905 156 848 1628 1497 2346 2240 1752 2355 1406 2124 1295 3211 3148 1659 1503 1252 640 1512 3589 1335 2217 1907 2541 1698 1566 2313 
1372 2956 1478 1376 3012 1380 2844 1600 3380 2451 1892 1858 1718 2865 1094 3524 2664 3260 2144 2254 3264 2712 1938 3180 1566 2913 1392 2232 1924 2960 2613 2013 2283 1852 1328 1734 1658 2997 2145 2736 2884 2188 3060 1912 3012 3316 2392 2540 2928 1444 2660 3224 2860 2796 2512 1584 2880 2216 1580 3172 2649 1929 2010 2084 2088 1564 3008 3004 3032 1920 3132 0 1875 3048 1722 1194 1876 2430 1410 2736 2248 2349 2028 2121 2624 2876 3840 2199 2436 1528 764 2230 3592 2592 2736 1996 1672 2673 2380 2852 
1112 1695 1270 1102 2049 1068 1716 1326 1701 2040 1107 1580 1076 2418 886 1839 1587 1848 1502 1648 909 2301 1548 1944 1218 1416 1184 1263 1664 1257 1260 1623 1872 1578 792 1386 1134 2163 1341 1641 1566 837 1554 1044 1296 1752 1143 1161 1362 1395 1476 843 1026 1320 1080 876 1197 816 873 687 1530 1008 891 956 1860 1356 681 378 1464 792 1503 1875 0 1167 1158 934 1130 960 2475 933 567 1605 1094 2124 849 1845 1776 1677 1632 430 391 1284 1575 825 1317 378 1566 1722 981 1689 
1386 4828 1544 788 1629 1251 3157 1012 4310 1569 3666 1220 796 2271 1160 5402 3196 1150 1142 1368 2906 1830 1959 2508 1240 1572 1458 2741 1696 956 1551 2034 1401 1374 1066 1408 1238 2073 1752 3340 952 2944 2725 3928 2074 4308 1395 2904 2364 2976 4116 1948 724 2460 2485 2145 2293 1636 3424 2711 1422 972 408 1150 3126 1630 3712 3128 693 986 1905 3048 1167 0 918 1208 1404 1047 2226 1792 1304 1638 974 1650 610 3710 2376 1137 1461 890 528 1238 2464 912 1935 2104 3571 1239 3280 870 
1182 1288 1924 1218 1542 1352 1288 1442 1204 1476 1392 1724 1252 1890 1540 1296 1174 1272 1678 1824 1166 1650 1102 1772 1376 1504 1838 1156 1734 1014 1496 1152 1364 1892 862 1544 1694 1512 964 1210 1084 628 1180 766 1040 1500 1076 1430 1562 1000 1140 1492 792 1208 758 1238 974 614 1236 1114 1648 1166 734 1612 1028 1928 1384 1410 1010 1448 156 1722 1158 918 0 1004 1784 1154 1720 1276 1032 1726 1562 1398 674 1382 1730 1262 1158 1408 718 1668 1584 690 1634 906 1114 1288 724 646 
654 760 1246 768 1290 688 1190 1002 980 1108 714 1560 1000 1504 862 1044 806 1156 1426 1572 914 1282 574 1340 848 1252 1160 884 1206 762 1376 624 996 1620 610 1016 1408 1288 712 770 968 376 1144 238 788 1060 964 1020 1232 472 612 1010 1114 680 538 560 722 390 558 1062 1208 1054 1024 1560 794 1332 1118 1186 1042 1396 848 1194 934 1208 1004 0 1560 902 1192 1052 808 1316 1310 1044 996 980 1202 1216 906 1142 606 1512 1332 980 1106 682 586 1532 472 1176 
1738 1844 1896 1590 2014 1338 904 1814 1760 1848 1364 1340 1724 2164 1512 1852 1546 1388 2070 1736 1638 2022 1658 1946 1932 1976 1810 1330 2290 1406 1942 1708 1736 2066 1418 2100 1740 2068 1520 1582 1200 1184 796 1322 1380 1720 1250 1352 1534 1556 1610 1486 1310 1764 1346 1210 1446 1170 1208 1560 1646 1160 1220 2058 1300 1982 1378 1382 1274 1894 1628 1876 1130 1404 1784 1560 0 1626 2276 1248 1004 1648 1902 1658 1192 1856 2108 878 1714 1402 704 2186 1676 1176 1802 878 1670 1774 1280 1638 
1080 1548 1632 740 1122 1662 1362 892 1581 1497 1650 1344 458 1785 1248 1791 1044 921 884 1030 558 1758 1500 1593 1120 1065 1764 1368 1632 330 1353 1575 1329 1396 760 1288 900 2043 1293 990 639 789 1245 996 369 1119 1290 1254 1839 1347 1389 1047 1590 969 1032 1746 270 810 1743 780 1341 1212 1350 1018 1830 1936 885 582 750 854 1497 2430 960 1047 1154 902 1626 0 2427 1803 1437 1674 768 2037 1413 1920 1980 1368 1584 566 681 1420 1092 1389 1521 1248 1518 2286 933 1296 
1370 2214 2368 1484 3009 2391 2481 1718 2544 2736 2820 2090 1716 3273 2028 2640 2283 2100 2082 2288 2256 2997 1935 2382 1564 2763 2326 2097 1922 2127 2607 2010 2568 2134 1326 1732 1428 3006 2142 2229 1818 1638 2319 1431 2088 2607 2217 1560 3081 1080 1992 2589 2397 2094 1881 2589 2157 1659 2586 2034 2829 2352 2469 1854 1563 1942 2679 2853 1929 1690 2346 1410 2475 2226 1720 1192 2276 2427 0 2652 2286 2004 1914 2118 2427 2544 2877 2196 2433 1810 964 2228 1458 2403 2733 2097 909 2328 1782 1881 
1230 2672 1388 1228 2385 1245 2532 1452 2504 2229 1712 1702 1300 2595 1004 2688 2368 2712 1726 1872 2384 2490 1725 3500 1424 2295 1302 2052 1782 2124 2151 1800 2061 1762 910 1592 1720 2340 1518 2440 2336 1352 2316 1628 2176 2572 2108 2736 2052 2096 2204 2368 1604 1836 1676 1404 2044 1324 1400 2104 1707 1716 1068 1550 1968 1474 2152 1748 2188 1386 2240 2736 933 1792 1276 1052 1248 1803 2652 0 992 2334 1610 2031 1368 1984 3556 1860 1809 1052 450 1678 2336 1336 2250 740 2324 1899 1544 2488 
986 2184 1144 984 2019 879 2044 1208 2016 1863 1224 1458 1056 2229 760 2200 1880 2224 1482 1628 1912 2124 1359 3012 1180 1941 1058 1564 1538 1636 1785 1434 1695 1518 666 1348 1484 1974 1152 1952 1848 864 1828 1140 1688 2084 1620 2248 1060 1608 1716 1880 1116 2024 1188 916 1556 836 912 1616 1341 1350 702 1306 1724 1230 1664 1260 1700 1142 1752 2248 567 1304 1032 808 1004 1437 2286 992 0 1968 1366 1848 880 2208 3068 1494 1443 808 202 1434 1848 848 1884 252 1836 1533 1056 2000 
1494 1653 1968 1374 2280 2373 1440 1598 2085 2448 2154 1396 1230 2943 1584 2784 1995 2079 1656 1792 1140 2709 2121 2175 1190 1647 2118 2079 2046 1488 1491 2196 2280 2122 1406 1358 684 2547 2328 2049 1797 1824 1278 1617 1527 2277 1959 444 2763 1266 2178 2313 1755 1551 2067 2277 1428 1845 2274 918 2499 1824 1488 1110 1749 2066 2151 1983 1908 946 2355 2349 1605 1638 1726 1316 1648 1674 2004 2334 1968 0 1540 2304 1578 1752 3063 1401 2523 1458 858 2046 582 1554 2787 1779 1095 2451 1872 2067 
1488 1440 2040 1148 1156 1412 1184 1300 1430 1406 1508 1620 866 1598 1656 1602 1104 890 1212 1438 780 1580 1408 1470 1528 1118 2144 1216 2040 548 1310 1458 1294 1804 1168 1696 1308 1738 1270 1068 702 934 1106 1072 522 1154 1136 1244 1680 1306 1334 1152 1336 1054 1096 1544 588 948 1542 928 1302 1226 1246 1426 1522 2316 1044 842 776 1262 1406 2028 1094 974 1562 1310 1902 768 1914 1610 1366 1540 0 1766 1218 1688 1618 1188 1464 1020 885 1874 1496 1202 1468 1240 1308 1800 1030 1140 
