0 1407 2140 946 2202 1461 2145 1180 1737 1286 2526 2235 1178 2523 1832 1062 1476 1944 1604 1750 1638 2190 1128 2277 1026 2145 1476 1755 1384 1410 2433 802 1761 1888 788 1194 2028 2060 564 1422 1719 831 1983 624 1449 1857 1875 2070 2274 975 1185 1782 1848 1287 1074 2295 1350 852 1266 1860 2079 2010 1142 1738 1311 1084 1944 2046 1484 1574 1539 2058 1668 1305 1182 654 2235 1521 2312 1845 1479 1626 1488 1222 1671 1737 1791 1404 1626 1980 695 1830 2208 1647 1416 1290 2619 1590 975 1827 
1407 0 1594 452 2130 1416 4989 604 1915 710 4514 1200 738 1341 948 2876 2575 3860 1556 1702 3690 1326 1287 2800 88 1737 1470 2808 1360 1338 1581 908 897 1100 894 256 2419 1272 1494 1860 3484 2310 7140 3132 4782 2700 1408 2015 3244 2268 3509 2327 1580 2410 2466 4024 3834 1348 5552 3696 897 1191 968 1170 4067 1078 6798 3852 1590 1006 2976 2956 2260 6227 1288 760 2394 1932 2418 2004 2730 4332 1440 1070 2369 5870 2954 1240 2975 1554 748 1854 5139 6214 4032 6237 2673 1581 2646 3310 
2140 1594 0 1230 2020 1166 1008 1454 1544 1488 532 1444 1730 1496 680 1682 1186 1708 2156 1840 1260 1662 1954 1746 1682 1598 1928 970 2138 1492 1328 2140 1376 1706 1960 1850 1544 1874 2014 1222 1520 1726 1116 1754 1518 1512 1050 1672 1358 1648 1416 1466 1568 1534 1698 686 1452 1712 1296 1408 1660 1140 1480 1906 1414 1536 1358 1560 2024 1742 1970 2086 1644 1410 2126 1854 1912 1566 2936 1790 1546 1576 2040 1848 1452 1332 1686 1198 1910 1382 975 1394 1964 1436 1496 1420 2306 1512 1788 1758 
946 452 1230 0 1128 456 902 312 402 346 1342 972 658 814 1400 952 44 990 1264 1410 614 520 866 1036 540 952 1166 260 996 600 1144 916 234 996 902 708 834 1192 1004 80 806 668 794 530 626 370 340 996 1328 764 274 756 426 888 830 1272 560 682 586 762 518 430 604 1260 792 826 648 850 1402 1096 1062 1376 1050 788 1218 768 1408 674 2060 1168 798 700 1148 706 544 1072 810 876 1018 672 601 1010 1088 560 604 798 1418 802 764 1136 
2202 2130 2020 1128 0 1935 1762 1280 2163 1386 2232 2139 846 2367 1636 2373 1626 1503 1272 282 1140 2340 2082 2175 1508 1647 1792 1950 2020 912 1935 1438 1911 1784 1148 1676 1932 1956 1875 1572 1221 1371 1827 1578 951 1701 2016 1836 2229 1509 1659 1716 1773 1551 1614 2316 852 1392 1740 1362 1923 1881 1092 1406 1236 1400 1554 1605 1434 1242 2079 2592 1623 1230 1542 1290 2160 1023 2382 1800 1434 1581 1156 1538 1596 1620 1746 1300 1539 1590 680 1527 2115 1572 918 1245 2574 2064 1515 1752 
1461 1416 1166 456 1935 0 1733 680 1540 714 1940 774 1000 1773 1118 2640 824 1164 1426 1572 1812 1332 1860 1944 796 1866 762 392 1364 1143 1182 1290 903 932 1000 964 756 1560 1653 896 1540 1532 1625 1808 1576 1476 552 1532 2232 1592 1284 1533 1588 1884 1516 1632 1444 1504 260 2108 1329 549 706 1324 948 370 1317 1661 1050 1388 2392 1840 1424 940 1352 688 1635 1496 1860 1245 1172 1368 1310 1074 1356 2048 1588 812 2184 912 495 1626 2144 1324 1356 920 2019 519 1724 1636 
2145 4989 1008 902 1762 1733 0 1126 3074 1160 1666 654 1006 1890 624 4893 3517 2100 1352 832 3953 2001 1419 2692 1324 1887 1600 3667 1810 1032 1476 1400 1572 1378 1110 1492 1674 1638 1818 3661 1536 3066 432 4155 2648 3264 1335 1660 2604 3456 4437 1596 1464 2985 3114 1890 3437 1780 4192 3920 1446 708 642 1430 3320 1208 3013 3014 1440 1314 2830 3554 2176 3304 1288 1252 1356 1684 2098 1809 2090 2952 1184 970 1535 5014 2120 190 2965 1071 620 1767 3941 2392 3481 3344 2391 1776 2730 2935 
1180 604 1454 312 1280 680 1126 0 626 570 1566 1196 810 966 1552 1104 268 1146 1416 1562 838 744 1100 1260 692 1176 1390 484 1220 752 1368 1150 458 1172 1136 860 1058 1344 1238 232 958 902 1018 764 778 522 564 1220 1552 998 498 980 650 1112 1064 1496 712 916 810 986 670 654 828 1484 968 1050 872 1074 1578 1320 1286 1600 1226 964 1442 1002 1584 826 2284 1344 1022 924 1300 930 768 1224 1034 1100 1170 896 713 1162 1312 784 756 974 1642 1026 998 1312 
1737 1915 1544 402 2163 1540 3074 626 0 660 4140 1929 972 1692 1714 3165 895 2475 1578 1724 2320 1251 1617 2700 854 1899 764 1435 1310 1371 2187 1128 822 1310 838 1022 3024 1506 1410 985 2005 1740 2868 1947 2350 1710 1308 3316 3076 2532 1470 2324 1480 2969 2145 3965 2185 1180 2250 2690 1248 1116 918 1574 2345 1140 2773 3122 1506 1410 2784 3380 2268 2335 1204 980 2268 1976 2374 1878 2572 2581 1462 1020 2244 3409 2856 1190 2934 1479 706 1986 3551 2268 2295 2320 2598 1674 1980 3205 
1286 710 1488 346 1386 714 1160 570 660 0 1600 1230 916 1072 1658 1210 302 1248 1522 1668 872 778 1206 1294 798 1210 1424 518 1254 858 1402 1256 492 1254 1242 966 1092 1450 1344 338 1064 1008 1052 870 884 628 598 1254 1586 1104 532 1014 684 1146 1170 1530 818 1022 844 1020 776 688 862 1518 1050 1084 906 1108 1660 1354 1320 1634 1308 1046 1476 1108 1666 932 2318 1426 1056 958 1406 964 802 1330 1068 1134 1276 930 730 1268 1346 818 862 1056 1676 1060 1104 1394 
2526 4514 532 1342 2232 1940 1666 1566 4140 1600 0 1368 1198 1446 148 4375 4543 3528 1624 1308 2548 2661 2133 2994 1184 1599 1472 4009 2250 1440 1194 1718 2232 1854 1428 1352 2703 1342 2223 4669 2964 4251 2044 4734 3603 4522 2180 2850 1652 3612 5085 2548 2416 2505 3498 462 3220 2360 3242 3066 2160 1422 1118 1374 3234 1080 4081 4094 1492 1210 4020 3260 2224 3220 1764 1398 2070 2068 2472 1887 2535 3943 1508 1446 2725 3116 3055 666 3445 1785 709 1293 5301 3759 3374 3255 2661 1584 4396 3065 
2235 1200 1444 972 2139 774 654 1196 1929 1230 1368 0 1136 2541 1060 2331 1392 1647 1562 1268 999 2106 2073 2034 888 1506 1278 1068 1880 1347 822 1708 1677 1448 1438 1056 207 2072 2310 1446 1422 1806 816 1983 1386 1875 1188 789 2175 1944 1737 1812 1644 1410 1911 1599 1287 1827 969 1221 2097 1323 1006 1312 1485 886 1650 1953 1566 1148 2244 2154 1842 1479 1652 1204 2010 1458 2182 2019 1380 1233 1446 1406 1467 2055 1398 626 1974 1686 662 1962 1815 1443 1353 1464 2793 1293 1824 2001 
1178 738 1730 658 846 1000 1006 810 972 916 1198 1136 0 732 1346 870 614 712 982 1128 470 1090 1098 1160 826 808 1502 830 1566 318 1000 1148 804 938 858 994 998 1110 960 578 524 624 928 762 344 288 910 934 1196 716 816 854 892 744 786 1254 278 638 870 618 436 964 802 1116 534 1110 746 780 1144 952 1096 1438 792 530 1252 1000 1150 392 2092 910 666 764 866 1248 774 790 874 1010 736 770 535 728 1120 758 322 540 1426 1086 720 878 
2523 1341 1496 814 2367 1773 1890 966 1692 1072 1446 2541 732 0 1112 1539 1155 2166 1714 1860 1803 1869 2403 2643 982 2310 1892 1479 1722 1575 2598 1652 1440 1094 1590 1150 2340 378 2037 1101 1884 2034 2052 1899 1614 666 1599 2499 2685 2172 1500 2223 1728 2214 2148 1677 1515 2055 1968 2025 888 1734 1330 1848 1710 1552 2061 2268 1758 1684 2682 3153 2109 1716 1944 1504 2646 1686 2738 2286 1920 2067 1598 1432 1905 1752 2232 1450 2202 2097 842 1845 2649 1929 1581 1731 3060 2292 2178 2238 
1832 948 680 1400 1636 1118 624 1552 1714 1658 148 1060 1346 1112 0 1298 1356 1324 1772 1456 876 1832 1570 1566 1036 1214 1620 1266 2308 1108 944 1856 1546 2002 1576 1204 1198 1490 1630 1320 1136 1342 732 1470 1134 1398 1186 1288 974 1352 1586 1422 1356 1150 1314 302 1068 1328 988 1024 1546 1096 1266 1522 1030 1228 1314 1512 1640 1358 1756 1778 1260 1026 1912 1546 1528 1182 2620 1406 1162 1260 1656 1594 1238 948 1370 814 1526 1338 783 1010 1648 1222 1112 1036 1922 1204 1404 1374 
1062 2876 1682 952 2373 2640 4893 1104 3165 1210 4375 2331 870 1539 1298 0 3178 4525 1718 1864 4355 2076 1713 3794 842 2316 1936 3934 1774 1581 2604 996 1647 1232 902 498 4233 1404 498 3052 4105 3084 5096 3291 4760 2037 2408 3735 1820 3355 3983 3060 2580 3120 2860 2988 3683 1364 4710 4811 1095 1941 1256 1852 3748 1544 5067 4520 1598 1688 2996 3524 2452 3742 1296 1044 2406 2256 2558 2016 2750 4535 1602 1570 3070 4571 3270 1518 2995 2169 752 2052 5888 4454 3837 3727 2790 2280 3420 3330 
1476 2575 1186 44 1626 824 3517 268 895 302 4543 1392 614 1155 1356 3178 0 2838 1220 1366 2565 714 1356 1984 496 1362 1122 972 952 834 1650 954 285 952 940 664 2129 1148 1563 180 2472 2471 5125 4553 3426 2222 592 2421 2568 2406 1265 1614 764 2110 2604 3684 2322 1440 5836 4060 711 579 560 1216 3040 782 4842 2736 1358 1052 2625 2664 2012 5385 1174 806 2046 1260 2016 1686 1960 2956 1104 662 1349 5184 1998 832 2435 942 579 1449 3903 4074 2520 6317 2061 1137 2807 2742 
1944 3860 1708 990 1503 1164 2100 1146 2475 1248 3528 1647 712 2166 1324 4525 2838 0 1058 1284 2070 2133 1881 2313 1374 1008 1084 2334 1886 591 1734 1304 1704 1514 1014 1542 2497 1822 1674 2754 564 2494 1776 2908 1104 3114 1716 2725 2704 2739 2962 2020 2096 2250 2895 3414 1607 1588 1356 2514 1722 1422 958 1272 2123 692 2838 2983 1300 1108 3228 2484 1896 2111 1408 1010 1959 1096 2180 1599 2055 2460 890 1404 2325 3038 2325 674 2230 1389 613 1326 3624 2765 1695 2131 2373 1002 2782 2585 
1604 1556 2156 1264 1272 1426 1352 1416 1578 1522 1624 1562 982 1714 1772 1718 1220 1058 0 1554 896 1696 1524 594 1644 946 1928 1370 2156 664 1426 1574 1410 1920 1284 1812 1424 2092 1386 1184 870 1050 1274 1188 690 1270 1290 1360 1622 1142 1242 1280 1318 1170 1212 1680 704 1064 1296 1044 1418 1380 1228 1542 960 1536 1172 1206 1570 1378 1522 1864 1218 956 1678 1426 1576 818 2518 1336 1092 1190 1212 1674 1200 1216 1300 1356 1162 1196 748 1154 1546 1184 748 966 1852 1512 1146 1304 
1750 1702 1840 1410 282 1572 832 1562 1724 1668 1308 1268 1128 1860 1456 1864 1366 1284 1554 0 1042 1842 1670 1732 1790 1380 2074 1474 2302 890 1572 1720 1556 2066 1430 1958 1406 2238 1532 1330 1096 1196 940 1334 916 1416 1394 1496 1768 1288 1388 1426 1464 1316 1358 1462 850 1210 1442 1190 1564 1304 1374 1688 1106 1682 1318 1352 1716 1524 1668 2010 1364 1102 1824 1572 1722 964 2664 1482 1238 1336 1438 1802 1346 1362 1446 1022 1308 1342 821 1300 1692 1330 894 1112 1998 1658 1292 1450 
1638 3690 1260 614 1140 1812 3953 838 2320 872 2548 999 470 1803 876 4355 2565 2070 896 1042 0 1569 1518 1780 908 507 1416 3537 1522 348 795 1062 1140 1408 772 1076 1320 1580 1311 2727 1694 1883 4145 3062 2514 3687 1732 1160 2220 1890 3285 1536 1412 685 2100 2646 864 1104 3528 666 1359 1317 528 646 1792 1024 2970 2164 1058 482 2573 2704 1212 1998 1166 914 1596 612 2006 1236 1450 2746 780 1162 1470 3489 1970 924 1625 1026 492 963 3651 2724 1062 2043 2010 1500 2219 1980 
2190 1326 1662 520 2340 1332 2001 744 1251 778 2661 2106 1090 1869 1832 2076 714 2133 1696 1842 1569 0 2070 2202 972 2076 1598 1038 1428 1548 2364 1430 429 1428 1416 1140 1899 992 2277 768 1857 1773 1839 1566 1587 1203 1158 2142 2640 1917 1059 1782 1287 1980 2016 2556 1488 1794 1527 1791 1425 1293 1036 1692 1836 1258 1620 1923 1834 1528 2241 2712 2223 1830 1650 1282 2760 1659 2492 2400 1845 1698 1580 1138 1464 2256 1863 1308 2175 1656 817 2163 2280 1488 1554 1845 2775 1851 1917 2352 
1128 1287 1954 866 2082 1860 1419 1100 1617 1206 2133 2073 1098 2403 1570 1713 1356 1881 1524 1670 1518 2070 0 2157 946 2025 1742 1680 1304 1290 2313 722 1641 1808 708 1114 2280 1980 1215 1302 1599 711 1581 504 1329 1737 1800 1950 2154 855 1065 1380 1728 1167 954 2271 1230 732 1665 1740 1959 1869 1062 1658 1191 1350 1542 1845 1404 1494 1419 1938 1548 1185 1102 574 2115 1401 2232 1725 1359 1506 1408 1142 1551 1617 1671 1136 1506 1578 655 1710 2088 1527 1296 1170 2499 1989 855 1707 
2277 2800 1746 1036 2175 1944 2692 1260 2700 1294 2994 2034 1160 2643 1566 3794 1984 2313 594 1732 1780 2202 2157 0 1488 528 1734 1552 1944 1383 1830 1488 1773 1512 1462 1656 2502 2140 2346 2056 2424 2462 2491 2204 2064 2636 1392 2490 3625 1736 2444 2397 2432 2218 2786 3252 1972 2490 2204 2010 2199 1179 1126 1336 2302 1342 2181 2501 1748 1172 3232 3180 2672 2298 1772 1340 2631 2160 2530 2271 2565 2444 1470 1654 2196 2956 2664 1232 2848 1542 837 1998 3220 2164 2020 2318 3045 1977 2654 2994 
1026 88 1682 540 1508 796 1324 692 854 798 1184 888 826 982 1036 842 496 1374 1644 1790 908 972 946 1488 0 1246 1558 712 1448 980 1142 996 686 1188 982 344 1026 1360 1084 460 1186 748 1246 610 1006 538 792 894 1710 844 726 1208 878 1052 910 1338 940 762 926 760 686 882 1056 1258 1068 1166 1100 1302 1678 1094 1220 1566 1218 1064 1376 848 1684 1054 2506 1424 1180 1152 1528 1158 996 1262 1262 1328 1278 1124 792 1324 1540 1012 984 1054 1870 1142 844 1412 
2145 1737 1598 952 1647 1866 1887 1176 1899 1210 1599 1506 808 2310 1214 2316 1362 1008 946 1380 507 2076 2025 528 1246 0 1754 1686 1860 855 1302 1400 1647 1746 1110 1414 1299 1918 1818 1416 1164 1314 1770 1521 894 1644 1572 1203 2172 1452 1602 1659 1566 918 1557 1830 795 1335 1683 729 1866 1707 866 984 1179 1362 1497 1548 1396 820 2022 2535 1416 1173 1504 1252 2103 966 2344 1743 1377 1524 1118 1500 1389 1563 1689 1262 1482 1533 661 1470 2058 1365 861 1188 2517 2007 1458 1695 
1476 1470 1928 1166 1792 762 1600 1390 764 1424 1472 1278 1502 1892 1620 1936 1122 1084 1928 2074 1416 1598 1742 1734 1558 1754 0 958 2074 1264 1550 1792 1312 1694 1502 1726 1140 2270 1604 1158 1272 1268 1492 1406 1290 1448 1038 1482 1618 1298 1244 1454 1334 1444 1260 1318 1224 1254 632 1564 1596 1128 1244 2062 976 872 1346 1466 1552 1898 1712 1422 1214 972 1868 1190 1592 1250 2362 1332 1088 1186 1812 1676 1216 1526 1296 1574 1594 1360 746 1586 1574 1200 1180 962 1848 848 1364 1320 
1755 2808 970 260 1950 392 3667 484 1435 518 4009 1068 830 1479 1266 3934 972 2334 1370 1474 3537 1038 1680 1552 712 1686 958 0 1168 1158 1476 1170 609 736 1156 880 1756 1364 1887 1134 2856 3227 4059 3528 3672 2439 160 2255 2468 2034 2007 1337 1196 2650 2862 3036 3294 1872 2529 4071 1035 255 510 1128 2708 566 3816 2625 1246 1224 2500 2232 1717 3039 1156 884 1929 1692 1966 1539 1760 2690 1320 878 1205 5415 1790 616 2975 618 554 1773 3612 2496 3492 3024 2193 813 3563 2535 
1384 1360 2138 996 2020 1364 1810 1220 1310 1254 2250 1880 1566 1722 2308 1774 952 1886 2156 2302 1522 1428 1304 1944 1448 1860 2074 1168 0 1492 2052 1354 1142 1904 1340 1616 1742 2100 1442 988 1698 1106 1702 968 1518 1278 1248 1904 2068 1202 1182 1664 1334 1410 1268 2146 1452 1120 1494 1670 1426 1338 1512 2168 1426 1734 1556 1758 2036 2004 1578 1924 1664 1422 1734 1206 2042 1566 2864 1782 1538 1608 2040 1614 1452 1710 1718 1784 1636 1580 971 1772 1996 1468 1496 1412 2298 1710 1202 1770 
1410 1338 1492 600 912 1143 1032 752 1371 858 1440 1347 318 1575 1108 1581 834 591 664 890 348 1548 1290 1383 980 855 1264 1158 1492 0 1143 910 1119 1256 620 1148 1140 1428 1083 780 309 579 915 786 39 909 1224 1044 1437 717 867 924 981 759 822 1524 60 600 948 570 1131 1089 564 878 444 872 762 813 906 714 1287 1800 831 438 1014 762 1368 231 1854 1008 642 789 548 1010 804 828 954 692 747 798 416 735 1323 780 126 453 1782 1272 723 960 
2433 1581 1328 1144 1935 1182 1476 1368 2187 1402 1194 822 1000 2598 944 2604 1650 1734 1426 1572 795 2364 2313 1830 1142 1302 1550 1476 2052 1143 0 1592 1935 1720 1176 1310 615 2110 2106 1704 1452 1602 1638 1809 1182 1932 1596 1047 2361 1740 1890 1947 1410 1206 1845 1425 1083 1623 1377 573 2154 1731 762 880 1467 1158 1785 1638 1588 716 2010 2562 1260 1461 1496 1444 2391 1254 2306 2031 1566 1419 1310 1692 1233 1728 1584 1174 1770 1821 724 1758 2001 1209 1149 1476 2703 1701 1746 1983 
802 908 2140 916 1438 1290 1400 1150 1128 1256 1718 1708 1148 1652 1856 996 954 1304 1574 1720 1062 1430 722 1488 996 1400 1792 1170 1354 910 1592 0 1144 1858 758 1164 1590 2030 860 918 1116 524 1292 386 936 1208 1250 1350 1486 620 760 1158 1202 828 686 1564 870 538 1160 1210 1356 1340 1112 1708 844 1400 1266 1334 1454 1544 996 1342 1082 840 1152 624 1460 984 2282 1200 956 1054 1458 1192 1084 1128 1164 1374 1054 1290 680 1190 1442 1068 914 830 1716 1376 620 1188 
1761 897 1376 234 1911 903 1572 458 822 492 2232 1677 804 1440 1546 1647 285 1704 1410 1556 1140 429 1641 1773 686 1647 1312 609 1142 1119 1935 1144 0 1142 1130 854 1470 1278 1848 339 1428 1344 1410 1137 1158 774 729 1713 2211 1488 630 1353 858 1551 1587 2127 1059 1365 1098 1362 996 864 750 1406 1407 972 1191 1494 1548 1242 1812 2283 1794 1401 1364 996 2331 1230 2206 1971 1416 1269 1294 852 1035 1827 1434 1022 1746 1227 674 1734 1851 1059 1125 1416 2346 1422 1488 1923 
1888 1100 1706 996 1784 932 1378 1172 1310 1254 1854 1448 938 1094 2002 1232 952 1514 1920 2066 1408 1428 1808 1512 1188 1746 1694 736 1904 1256 1720 1858 1142 0 1796 1356 1310 1472 1564 940 1462 1562 1270 1472 1282 650 816 1638 1970 1414 1182 1232 1334 1682 1638 1748 1216 1576 1062 1556 798 906 1246 1864 1346 1302 1124 1326 1964 1890 1736 1852 1578 1350 1892 1620 1970 1330 2702 1730 1440 1342 1804 1614 1218 1374 1452 1352 1674 1148 922 1436 1730 1202 1260 1360 2198 1278 1658 1698 
788 894 1960 902 1148 1000 1110 1136 838 1242 1428 1438 858 1590 1576 902 940 1014 1284 1430 772 1416 708 1462 982 1110 1502 1156 1340 620 1176 758 1130 1796 0 1150 1300 1968 570 904 826 234 1002 372 646 1146 1164 1060 1196 606 746 1096 912 814 396 1274 580 248 870 794 1294 1206 822 1292 554 1110 988 1044 1164 1128 706 1328 792 550 862 610 1170 694 2124 910 666 764 1168 1178 794 988 874 1084 764 1012 535 1030 1152 778 624 540 1426 1086 330 898 
1194 256 1850 708 1676 964 1492 860 1022 966 1352 1056 994 1150 1204 498 664 1542 1812 1958 1076 1140 1114 1656 344 1414 1726 880 1616 1148 1310 1164 854 1356 1150 0 1194 1528 830 628 1354 916 1414 778 1174 706 960 1062 1408 1012 894 1376 1046 1220 1078 1494 1108 930 1094 928 854 1050 1224 1426 1236 1334 1268 1470 1846 1262 1388 1734 1386 1232 1544 1016 1852 1222 2674 1592 1348 1320 1696 1326 1164 1430 1430 1496 1446 1292 876 1492 1708 1180 1152 1222 2038 1310 1012 1580 
2028 2419 1544 834 1932 756 1674 1058 3024 1092 2703 207 998 2340 1198 4233 2129 2497 1424 1406 1320 1899 2280 2502 1026 1299 1140 1756 1742 1140 615 1590 1470 1310 1300 1194 0 1938 2103 2219 2415 2665 1836 3010 1965 2875 1308 970 2624 2895 2669 2253 1916 2005 2875 2990 1800 2160 1635 1690 1896 1116 868 1174 2165 748 2631 2968 1428 1010 3395 2596 2180 2155 1514 1066 2202 1668 2044 1812 1955 1710 1308 1452 2100 3080 1985 764 2945 1479 593 1755 2680 2060 1910 2130 2586 1086 2905 3025 
2060 1272 1874 1192 1956 1560 1638 1344 1506 1450 1342 2072 1110 378 1490 1404 1148 1822 2092 2238 1580 992 1980 2140 1360 1918 2270 1364 2100 1428 2110 2030 1278 1472 1968 1528 1938 0 1736 1112 1634 1734 1746 1644 1454 822 1444 2044 2168 1826 1378 1860 1530 1854 1810 1496 1388 1748 1690 1728 970 1534 1708 2226 1518 1930 1752 1890 2136 2062 2166 2480 1784 1522 2322 1882 2142 1502 3116 1902 1658 1756 1976 1810 1648 1546 1866 1828 1846 1776 1031 1608 2144 1664 1432 1532 2418 1906 1830 1870 
564 1494 2014 1004 1875 1653 1818 1238 1410 1344 2223 2310 960 2037 1630 498 1563 1674 1386 1532 1311 2277 1215 2346 1084 1818 1604 1887 1442 1083 2106 860 1848 1564 570 830 2103 1736 0 1509 1392 504 1656 711 1122 1371 1899 1743 1863 1062 1272 1797 1521 1374 747 1992 1023 525 1458 1533 1593 1962 924 1520 984 1212 1635 1719 1266 1356 1212 2145 1341 978 964 712 1908 1194 2226 1518 1152 1299 1270 1280 1344 1635 1464 1186 1299 1671 586 1698 1881 1320 1089 963 2292 1782 648 1500 
1422 1860 1222 80 1572 896 3661 232 985 338 4669 1446 578 1101 1320 3052 180 2754 1184 1330 2727 768 1302 2056 460 1416 1158 1134 988 780 1704 918 339 940 904 628 2219 1112 1509 0 2378 2345 4805 2660 3324 1450 664 2511 2640 2298 1330 1650 836 2200 2496 3792 2160 1368 3490 3770 657 633 596 1252 2944 818 4278 2736 1346 1088 2679 2736 1988 3684 1210 770 2028 1188 2052 1668 2014 3100 1068 698 1439 5004 2088 868 2345 996 597 1395 4029 3258 2358 3734 2115 1191 2681 2700 
1719 3484 1520 806 1221 1540 1536 958 2005 1064 2964 1422 524 1884 1136 4105 2472 564 870 1096 1694 1857 1599 2424 1186 1164 1272 2856 1698 309 1452 1116 1428 1462 826 1354 2415 1634 1392 2378 0 2061 1212 2475 540 2694 1810 2255 2328 2306 2586 1644 1720 1780 2462 3426 1174 1212 1920 2063 1440 1152 770 1084 1690 880 2278 2464 1112 920 2758 2812 1520 1678 1220 968 1677 720 1992 1317 1585 1896 702 1216 1855 2605 1855 486 1760 1107 519 1044 3060 2201 1262 1698 2091 1284 2258 2115 
831 2310 1726 668 1371 1532 3066 902 1740 1008 4251 1806 624 2034 1342 3084 2471 2494 1050 1196 1883 1773 711 2462 748 1314 1268 3227 1106 579 1602 524 1344 1562 234 916 2665 1734 504 2345 2061 0 2688 483 2372 3240 1860 2065 1924 1116 1792 1724 1356 1450 486 3187 1211 28 2380 2401 1590 1458 588 1184 1254 876 2699 2449 930 1020 1326 2188 1116 1240 628 376 1404 920 1890 1014 1080 2076 934 944 1400 2639 1600 850 1325 1167 418 1194 3251 2038 1365 1225 1788 1278 336 1660 
1983 7140 1116 794 1827 1625 432 1018 2868 1052 2044 816 928 2052 732 5096 5125 1776 1274 940 4145 1839 1581 2491 1246 1770 1492 4059 1702 915 1638 1292 1410 1270 1002 1414 1836 1746 1656 4805 1212 2688 0 5439 2429 5234 1119 1390 2516 3132 6285 1380 1248 2790 2790 2214 3565 1564 5480 4859 1608 546 534 1322 2888 1100 4273 2720 1332 1206 2560 3338 1960 3949 1180 1144 1194 1528 1990 1647 1820 2520 1106 862 1265 6135 1850 82 2765 909 566 1650 3563 2695 3587 4004 2229 1614 2352 2665 
624 3132 1754 530 1578 1808 4155 764 1947 870 4734 1983 762 1899 1470 3291 4553 2908 1188 1334 3062 1566 504 2204 610 1521 1406 3528 968 786 1809 386 1137 1472 372 778 3010 1644 711 2660 2475 483 5439 0 3496 5007 1728 2410 2200 702 2057 1544 1632 1105 900 3587 2272 304 6867 4713 1455 1431 726 1322 1979 1014 4864 2863 1068 1158 1671 1912 1392 3683 766 238 1611 1196 1896 1221 1425 2995 1072 806 1745 3710 1945 988 1670 1356 487 1206 3734 4463 2426 4600 1995 1485 819 2005 
1449 4782 1518 626 951 1576 2648 778 2350 884 3603 1386 344 1614 1134 4760 3426 1104 690 916 2514 1587 1329 2064 1006 894 1290 3672 1518 39 1182 936 1158 1282 646 1174 1965 1454 1122 3324 540 2372 2429 3496 0 3797 1702 1805 1968 1946 3658 1284 1360 1330 2102 3251 2112 852 2875 3079 1170 1128 590 904 2380 898 2598 1942 932 740 2308 2452 1160 2364 1040 788 1407 360 1880 1047 1135 2598 522 1036 1405 3845 1655 666 1310 837 429 774 3470 2793 2156 2374 1821 1311 2526 1665 
1857 2700 1512 370 1701 1476 3264 522 1710 628 4522 1875 288 666 1398 2037 2222 3114 1270 1416 3687 1203 1737 2636 538 1644 1448 2439 1278 909 1932 1208 774 650 1146 706 2875 822 1371 1450 2694 3240 5234 5007 3797 0 1244 3055 2732 3019 3058 2128 1416 2580 2964 4110 2955 1852 5364 5436 222 1068 886 1404 2784 1108 5687 3236 1314 1240 3380 3316 1924 4318 1500 1060 1980 1360 2294 1620 2090 3784 1154 988 2124 3620 2610 1006 2560 1431 620 1179 4651 5396 3153 4378 2394 1626 3576 2620 
1875 1408 1050 340 2016 552 1335 564 1308 598 2180 1188 910 1599 1186 2408 592 1716 1290 1394 1732 1158 1800 1392 792 1572 1038 160 1248 1224 1596 1250 729 816 1164 960 1308 1444 1899 664 1810 1860 1119 1728 1702 1244 0 1644 2308 1516 1052 1204 1040 2280 1804 2184 1570 1832 812 1620 1155 135 430 1048 1236 646 988 1329 1228 1144 1840 2392 1581 1228 1076 964 1851 1649 1886 1491 1248 1052 1352 958 804 2205 1272 536 2337 498 514 1704 1828 772 1509 1248 2073 933 2052 1924 
2070 2015 1672 996 1836 1532 1660 1220 3316 1254 2850 789 934 2499 1288 3735 2421 2725 1360 1496 1160 2142 1950 2490 894 1203 1482 2255 1904 1044 1047 1350 1713 1638 1060 1062 970 2044 1743 2511 2255 2065 1390 2410 1805 3055 1644 0 1848 2140 2961 2152 1140 1845 2045 3135 1640 1624 2125 790 1932 1368 480 814 1335 1090 2420 2560 1144 650 2425 3036 1544 1325 1126 1202 1725 1540 1656 1335 985 740 1244 1418 1130 2710 1015 638 2785 1488 399 1659 1710 1090 1750 1300 2109 1551 2305 2195 
2274 3244 1358 1328 2229 2232 2604 1552 3076 1586 1652 2175 1196 2685 974 1820 2568 2704 1622 1768 2220 2640 2154 3625 1710 2172 1618 2468 2068 1437 2361 1486 2211 1970 1196 1408 2624 2168 1863 2640 2328 1924 2516 2200 1968 2732 2308 1848 0 1984 2736 2296 1804 2768 1908 1344 1836 1896 1972 2384 2136 1866 812 1690 1340 1226 2080 1676 1280 1526 2604 3308 1816 1332 1458 1338 1929 1888 1988 1539 1060 1256 1506 1800 1568 2440 1476 1340 2576 1524 467 1920 2032 1536 1748 1312 2313 1803 2116 2028 
975 2268 1648 764 1509 1592 3456 998 2532 1104 3612 1944 716 2172 1352 3355 2406 2739 1142 1288 1890 1917 855 1736 844 1452 1298 2034 1202 717 1740 620 1488 1414 606 1012 2895 1826 1062 2298 2306 1116 3132 702 1946 3019 1516 2140 1984 0 1824 1744 1376 1690 1602 3150 1314 772 1998 2334 1656 1272 598 1276 966 906 2292 2526 940 1112 2232 1444 1176 978 1000 472 1419 928 1662 1059 1155 1680 1026 1040 1425 2586 1675 1126 2020 1182 433 1200 2844 1662 1182 1008 1833 1323 1404 1685 
1185 3509 1416 274 1659 1284 4437 498 1470 532 5085 1737 816 1500 1586 3983 1265 2962 1242 1388 3285 1059 1065 2444 726 1602 1244 2007 1182 867 1890 760 630 1182 746 894 2669 1378 1272 1330 2586 1792 6285 2057 3658 3058 1052 2961 2736 1824 0 1921 1224 2040 2022 3894 2421 1052 3366 5010 1056 924 790 1376 2824 852 4883 2898 1316 1212 2592 2660 1928 3881 1140 612 1983 1128 2246 1623 2095 3644 1126 432 1924 5118 2115 1062 2270 1287 621 1350 4486 4693 2223 3926 2397 1242 2128 2625 
1782 2327 1466 756 1716 1533 1596 980 2324 1014 2548 1812 854 2223 1422 3060 1614 2020 1280 1426 1536 1782 1380 2397 1208 1659 1454 1337 1664 924 1947 1158 1353 1232 1096 1376 2253 1860 1797 1650 1644 1724 1380 1544 1284 2128 1204 2152 2296 1744 1921 0 1816 2084 1668 2540 1152 1696 1663 1832 1779 489 818 848 1100 1062 216 620 1160 1250 2612 3108 1124 1092 1462 1010 1749 1204 2140 1389 1364 1560 1152 1374 1580 1748 1676 772 1892 198 543 1404 2336 1548 1064 1112 2163 1557 1916 1788 
1848 1580 1568 426 1773 1588 1464 650 1480 684 2416 1644 892 1728 1356 2580 764 2096 1318 1464 1412 1287 1728 2432 878 1566 1334 1196 1334 981 1410 1202 858 1334 912 1046 1916 1530 1521 836 1720 1356 1248 1632 1360 1416 1040 1140 1804 1376 1224 1816 0 1960 1300 2172 1228 1328 1404 1116 1284 915 178 1056 732 942 1600 1752 976 892 1272 2740 1248 724 792 1054 1473 1280 1634 1113 744 548 1202 1044 236 1872 768 706 1968 1236 388 1464 1324 268 1140 744 1488 1098 1548 1420 
1287 2410 1534 888 1551 1884 2985 1112 2969 1146 2505 1410 744 2214 1150 3120 2110 2250 1170 1316 685 1980 1167 2218 1052 918 1444 2650 1410 759 1206 828 1551 1682 814 1220 2005 1854 1374 2200 1780 1450 2790 1105 1330 2580 2280 1845 2768 1690 2040 2084 1960 0 1855 2890 1165 1188 2030 1055 1770 1728 802 920 1805 1052 2335 2420 1332 756 2776 2796 1760 1795 1208 680 2007 1160 2280 1377 2135 2380 1054 1248 2155 2445 2655 1198 2310 1437 629 1374 3270 2115 1275 1820 2421 1542 1690 2665 
1074 2466 1698 830 1614 1516 3114 1064 2145 1170 3498 1911 786 2148 1314 2860 2604 2895 1212 1358 2100 2016 954 2786 910 1557 1260 2862 1268 822 1845 686 1587 1638 396 1078 2875 1810 747 2496 2462 486 2790 900 2102 2964 1804 2045 1908 1602 2022 1668 1300 1855 0 3036 1524 352 1884 2544 1599 1416 560 1346 876 868 2178 2469 902 1182 1505 2512 1100 864 758 538 1362 1132 1882 1002 1060 1566 1096 1106 1330 2586 1580 1012 1730 1125 414 1353 2730 1548 1488 894 1776 1266 774 1590 
2295 4024 686 1272 2316 1632 1890 1496 3965 1530 462 1599 1254 1677 302 2988 3684 3414 1680 1462 2646 2556 2271 3252 1338 1830 1318 3036 2146 1524 1425 1564 2127 1748 1274 1494 2990 1496 1992 3792 3426 3187 2214 3587 3251 4110 2184 3135 1344 3150 3894 2540 2172 2890 3036 0 2928 2052 2058 3090 2253 1653 996 1528 2184 926 3486 3707 1338 1364 3711 2952 1916 2172 1640 1244 2016 2004 2318 1656 2150 2874 1564 1600 2420 1938 2670 820 3205 1779 632 1062 4038 2856 2796 2202 2430 1353 3475 2680 
1350 3834 1452 560 852 1444 3437 712 2185 818 3220 1287 278 1515 1068 3683 2322 1607 704 850 864 1488 1230 1972 940 795 1224 3294 1452 60 1083 870 1059 1216 580 1108 1800 1388 1023 2160 1174 1211 3565 2272 2112 2955 1570 1640 1836 1314 2421 1152 1228 1165 1524 2928 0 720 2664 1530 1071 1029 524 838 1024 832 2106 1590 866 674 2143 2320 1028 1134 974 722 1308 228 1814 948 970 2078 588 970 1240 2775 1490 732 1145 738 396 675 2979 2160 198 1179 1722 1212 1547 1500 
852 1348 1712 682 1392 1504 1780 916 1180 1022 2360 1827 638 2055 1328 1364 1440 1588 1064 1210 1104 1794 732 2490 762 1335 1254 1872 1120 600 1623 538 1365 1576 248 930 2160 1748 525 1368 1212 28 1564 304 852 1852 1832 1624 1896 772 1052 1696 1328 1188 352 2052 720 0 1244 1400 1590 1437 574 1198 612 862 1480 1592 916 1034 916 2216 1088 604 614 390 1383 948 1876 993 836 1032 948 958 1092 1536 1252 864 1088 1146 411 1215 1808 1060 808 584 1767 1257 220 1300 
1266 5552 1296 586 1740 260 4192 810 2250 844 3242 969 870 1968 988 4710 5836 1356 1296 1442 3528 1527 1665 2204 926 1683 632 2529 1494 948 1377 1160 1098 1062 870 1094 1635 1690 1458 3490 1920 2380 5480 6867 2875 5364 812 2125 1972 1998 3366 1663 1404 2030 1884 2058 2664 1244 0 5186 1524 744 612 1430 1376 240 4092 2538 920 1266 2711 1580 1164 2380 1236 558 1440 1236 1730 1050 1140 2370 1180 1044 1460 4617 1660 942 2405 1092 430 1431 3348 3408 2466 2805 1824 324 2716 1720 
1860 3696 1408 762 1362 2108 3920 986 2690 1020 3066 1221 618 2025 1024 4811 4060 2514 1044 1190 666 1791 1740 2010 760 729 1564 4071 1670 570 573 1210 1362 1556 794 928 1690 1728 1533 3770 2063 2401 4859 4713 3079 5436 1620 790 2384 2334 5010 1832 1116 1055 2544 3090 1530 1400 5186 0 1581 1350 380 498 2384 1172 4548 2196 1206 334 2395 3000 916 3316 1114 1062 1818 908 1924 1458 1655 2304 928 1310 1100 3973 1685 954 1995 1248 533 1185 3356 3152 1728 3371 2130 1533 2737 2350 
2079 897 1660 518 1923 1329 1446 670 1248 776 2160 2097 436 888 1546 1095 711 1722 1418 1564 1359 1425 1959 2199 686 1866 1596 1035 1426 1131 2154 1356 996 798 1294 854 1896 970 1593 657 1440 1590 1608 1455 1170 222 1155 1932 2136 1656 1056 1779 1284 1770 1599 2253 1071 1590 1524 1581 0 1290 1034 1552 1173 1256 1617 1824 1392 1388 2238 2649 1530 1167 1648 1208 2097 1242 2352 1707 1341 1488 1302 1136 1461 1308 1653 1154 1758 1653 649 1401 2070 1485 1137 1152 2481 1848 1734 1689 
2010 1191 1140 430 1881 549 708 654 1116 688 1422 1323 964 1734 1096 1941 579 1422 1380 1304 1317 1293 1869 1179 882 1707 1128 255 1338 1089 1731 1340 864 906 1206 1050 1116 1534 1962 633 1152 1458 546 1431 1128 1068 135 1368 1866 1272 924 489 915 1728 1416 1653 1029 1437 744 1350 1290 0 520 958 990 736 327 630 1270 1234 1515 1929 1008 984 1166 1054 1740 1068 1976 1554 1071 924 1262 1048 738 1476 1089 446 1584 363 559 1569 1506 714 963 999 2208 1068 1554 1506 
1142 968 1480 604 1092 706 642 828 918 862 1118 1006 802 1330 1266 1256 560 958 1228 1374 528 1036 1062 1126 1056 866 1244 510 1512 564 762 1112 750 1246 822 1224 868 1708 924 596 770 588 534 726 590 886 430 480 812 598 790 818 178 802 560 996 524 574 612 380 1034 520 0 878 276 852 710 786 886 714 578 1280 534 272 734 964 892 550 1544 652 282 184 1112 1222 60 846 294 616 894 734 343 886 572 44 480 282 1040 642 684 620 
1738 1170 1906 1260 1406 1324 1430 1484 1574 1518 1374 1312 1116 1848 1522 1852 1216 1272 1542 1688 646 1692 1658 1336 1258 984 2062 1128 2168 878 880 1708 1406 1864 1292 1426 1174 2226 1520 1252 1084 1184 1322 1322 904 1404 1048 814 1690 1276 1376 848 1056 920 1346 1528 838 1198 1430 498 1552 958 878 0 1094 1670 740 942 1704 832 1456 1998 956 1090 1612 1560 1710 952 2422 1470 1160 1062 1426 1808 938 1268 1172 1404 1296 764 782 1288 1450 922 882 1100 1918 1520 1280 1438 
1311 4067 1414 792 1236 948 3320 968 2345 1050 3234 1485 534 1710 1030 3748 3040 2123 960 1106 1792 1836 1191 2302 1068 1179 976 2708 1426 444 1467 844 1407 1346 554 1236 2165 1518 984 2944 1690 1254 2888 1979 2380 2784 1236 1335 1340 966 2824 1100 732 1805 876 2184 1024 612 1376 2384 1173 990 276 1094 0 584 1768 1617 618 930 1911 2024 532 16 920 696 936 564 1598 576 350 1086 844 1138 620 2363 870 804 1565 699 272 927 2232 928 848 56 1350 840 1590 880 
1084 1078 1536 826 1400 370 1208 1050 1140 1084 1080 886 1110 1552 1228 1544 782 692 1536 1682 1024 1258 1350 1342 1166 1362 872 566 1734 872 1158 1400 972 1302 1110 1334 748 1930 1212 818 880 876 1100 1014 898 1108 646 1090 1226 906 852 1062 942 1052 868 926 832 862 240 1172 1256 736 852 1670 584 0 954 1074 1160 1506 1320 1030 822 580 1476 798 1200 858 1970 940 696 794 1420 1284 824 1134 904 1182 1202 968 550 1194 1182 808 788 570 1456 456 972 928 
1944 6798 1358 648 1554 1317 3013 872 2773 906 4081 1650 746 2061 1314 5067 4842 2838 1172 1318 2970 1620 1542 2181 1100 1497 1346 3816 1556 762 1785 1266 1191 1124 988 1268 2631 1752 1635 4278 2278 2699 4273 4864 2598 5687 988 2420 2080 2292 4883 216 1600 2335 2178 3486 2106 1480 4092 4548 1617 327 710 740 1768 954 0 1286 1052 1142 2996 2892 908 2409 1354 1118 1587 988 2032 1227 1435 2822 1044 1266 1705 4208 1825 664 2095 36 489 1242 3751 3663 1908 2464 2001 1395 3035 1965 
2046 3852 1560 850 1605 1661 3014 1074 3122 1108 4094 1953 780 2268 1512 4520 2736 2983 1206 1352 2164 1923 1845 2501 1302 1548 1466 2625 1758 813 1638 1334 1494 1326 1044 1470 2968 1890 1719 2736 2464 2449 2720 2863 1942 3236 1329 2560 1676 2526 2898 620 1752 2420 2469 3707 1590 1592 2538 2196 1824 630 786 942 1617 1074 1286 0 1128 1044 3146 3004 504 1605 1410 1186 1701 776 2088 1311 1575 2257 842 1384 1895 1873 2095 866 2180 267 517 939 3348 2284 1458 1585 2085 1575 2737 2155 
1484 1590 2024 1402 1434 1050 1440 1578 1506 1660 1492 1566 1144 1758 1640 1598 1358 1300 1570 1716 1058 1834 1404 1748 1678 1396 1552 1246 2036 906 1588 1454 1548 1964 1164 1846 1428 2136 1266 1346 1112 930 1332 1068 932 1314 1228 1144 1280 940 1316 1160 976 1332 902 1338 866 916 920 1206 1392 1270 886 1704 618 1160 1052 1128 0 1540 1374 1622 876 614 1530 1306 1234 892 2208 994 750 848 1454 1748 858 1188 958 1414 1236 1076 577 1228 1236 842 822 624 1510 1136 1026 962 
1574 1006 1742 1096 1242 1388 1314 1320 1410 1354 1210 1148 952 1684 1358 1688 1052 1108 1378 1524 482 1528 1494 1172 1094 820 1898 1224 2004 714 716 1544 1242 1890 1128 1262 1010 2062 1356 1088 920 1020 1206 1158 740 1240 1144 650 1526 1112 1212 1250 892 756 1182 1364 674 1034 1266 334 1388 1234 714 832 930 1506 1142 1044 1540 0 1292 1834 792 926 1448 1396 1546 788 2258 1306 996 898 1262 1644 774 1104 1008 1288 1132 1166 700 1124 1286 758 718 936 1754 1356 928 1274 
1539 2976 1970 1062 2079 2392 2830 1286 2784 1320 4020 2244 1096 2682 1756 2996 2625 3228 1522 1668 2573 2241 1419 3232 1220 2022 1712 2500 1578 1287 2010 996 1812 1736 706 1388 3395 2166 1212 2679 2758 1326 2560 1671 2308 3380 1840 2425 2604 2232 2592 2612 1272 2776 1505 3711 2143 916 2711 2395 2238 1515 578 1456 1911 1320 2996 3146 1374 1292 0 3132 2004 1901 156 848 2070 1864 2034 1680 1930 1685 1406 1416 1295 3120 1960 1106 2651 1833 588 1902 2655 1335 2209 1886 2295 1698 1566 2311 
2058 2956 2086 1376 2592 1840 3554 1600 3380 1634 3260 2154 1438 3153 1778 3524 2664 2484 1864 2010 2704 2712 1938 3180 1566 2535 1422 2232 1924 1800 2562 1342 2283 1852 1328 1734 2596 2480 2145 2736 2812 2188 3338 1912 2452 3316 2392 3036 3308 1444 2660 3108 2740 2796 2512 2952 2320 2216 1580 3000 2649 1929 1280 1998 2024 1030 2892 3004 1622 1834 3132 0 2500 2016 1722 1194 2442 2372 940 2052 2248 2444 1748 1762 2504 3124 2664 1732 3060 2205 764 2283 3220 2472 2232 1996 2826 1509 2380 2712 
1668 2260 1644 1050 1623 1424 2176 1226 2268 1308 2224 1842 792 2109 1260 2452 2012 1896 1218 1364 1212 2223 1548 2672 1218 1416 1214 1717 1664 831 1260 1082 1794 1578 792 1386 2180 1784 1341 1988 1520 1116 1960 1392 1160 1924 1581 1544 1816 1176 1928 1124 1248 1760 1100 1916 1028 1088 1164 916 1530 1008 534 956 532 822 908 504 876 792 2004 2500 0 524 1158 934 1323 1080 1836 933 756 952 1094 1396 1012 624 1172 1062 1768 645 391 561 1728 980 940 504 1707 1197 1308 1220 
1305 6227 1410 788 1230 940 3304 964 2335 1046 3220 1479 530 1716 1026 3742 5385 2111 956 1102 1998 1830 1185 2298 1064 1173 972 3039 1422 438 1461 840 1401 1350 550 1232 2155 1522 978 3684 1678 1240 3949 3683 2364 4318 1228 1325 1332 978 3881 1092 724 1795 864 2172 1134 604 2380 3316 1167 984 272 1090 16 580 2409 1605 614 926 1901 2016 524 0 916 692 930 556 1594 570 340 1070 840 1134 610 3023 860 800 1555 693 270 921 2218 1368 936 70 1344 834 1576 870 
1182 1288 2126 1218 1542 1352 1288 1442 1204 1476 1764 1652 1252 1944 1912 1296 1174 1408 1678 1824 1166 1650 1102 1772 1376 1504 1868 1156 1734 1014 1496 1152 1364 1892 862 1544 1514 2322 964 1210 1220 628 1180 766 1040 1500 1076 1126 1458 1000 1140 1462 792 1208 758 1640 974 614 1236 1114 1648 1166 734 1612 920 1476 1354 1410 1530 1448 156 1722 1158 916 0 1004 1536 1088 2190 1276 928 830 1562 1572 674 1382 940 1262 1158 1378 666 1424 1218 690 1018 906 1686 1288 724 646 
654 760 1854 768 1290 688 1252 1002 980 1108 1398 1204 1000 1504 1546 1044 806 1010 1426 1572 914 1282 574 1340 848 1252 1190 884 1206 762 1444 624 996 1620 610 1016 1066 1882 712 770 968 376 1144 238 788 1060 964 1202 1338 472 612 1010 1054 680 538 1244 722 390 558 1062 1208 1054 964 1560 696 798 1118 1186 1306 1396 848 1194 934 692 1004 0 1312 836 2134 1052 808 906 1310 1044 936 980 1016 1226 906 1142 606 1042 1294 920 766 682 1568 774 472 1040 
2235 2394 1912 1408 2160 1635 1356 1584 2268 1666 2070 2010 1150 2646 1528 2406 2046 1959 1576 1722 1596 2760 2115 2631 1684 2103 1592 1929 2042 1368 2391 1460 2331 1970 1170 1852 2202 2142 1908 2028 1677 1404 1194 1611 1407 1980 1851 1725 1929 1419 1983 1749 1473 2007 1362 2016 1308 1383 1440 1818 2097 1740 892 1710 936 1200 1587 1701 1234 1546 2070 2442 1323 930 1536 1312 0 1347 2214 1500 1134 1281 1460 1658 1296 1791 1446 878 1863 1623 580 1851 1863 1272 1242 945 2274 1764 1548 1452 
1521 1932 1566 674 1023 1496 1684 826 1976 932 2068 1458 392 1686 1182 2256 1260 1096 818 964 612 1659 1401 2160 1054 966 1250 1692 1566 231 1254 984 1230 1330 694 1222 1668 1502 1194 1188 720 920 1528 1196 360 1360 1649 1540 1888 928 1128 1204 1280 1160 1132 2004 228 948 1236 908 1242 1068 550 952 564 858 988 776 892 788 1864 2372 1080 556 1088 836 1347 0 1700 987 828 1024 702 996 1044 1076 1244 846 968 777 409 714 1456 1012 140 576 1761 1251 1112 1252 
2312 2418 2936 2060 2382 1860 2098 2284 2374 2318 2472 2182 2092 2738 2620 2558 2016 2180 2518 2664 2006 2492 2232 2530 2506 2344 2362 1966 2864 1854 2306 2282 2206 2702 2124 2674 2044 3116 2226 2052 1992 1890 1990 1896 1880 2294 1886 1656 1988 1662 2246 2140 1634 2280 1882 2318 1814 1876 1730 1924 2352 1976 1544 2422 1598 1970 2032 2088 2208 2258 2034 940 1836 1594 2190 2134 2214 1700 0 1954 1458 1360 2402 2678 1516 1752 1470 2072 2184 2056 931 1814 972 1500 1770 1584 2470 1946 1832 1942 
1845 2004 1790 1168 1800 1245 1809 1344 1878 1426 1887 2019 910 2286 1406 2016 1686 1599 1336 1482 1236 2400 1725 2271 1424 1743 1332 1539 1782 1008 2031 1200 1971 1730 910 1592 1812 1902 1518 1668 1317 1014 1647 1221 1047 1620 1491 1335 1539 1059 1623 1389 1113 1377 1002 1656 948 993 1050 1458 1707 1554 652 1470 576 940 1227 1311 994 1306 1680 2052 933 570 1276 1052 1500 987 1954 0 744 891 1220 1514 936 1401 1056 1180 1503 1263 450 1491 1473 912 882 555 1884 1374 1158 1092 
1479 2730 1546 798 1434 1172 2090 1022 2572 1056 2535 1380 666 1920 1162 2750 1960 2055 1092 1238 1450 1845 1359 2565 1180 1377 1088 1760 1538 642 1566 956 1416 1440 666 1348 1955 1658 1152 2014 1585 1080 1820 1425 1135 2090 1248 985 1060 1155 2095 1364 744 2135 1060 2150 970 836 1140 1655 1341 1071 282 1160 350 696 1435 1575 750 996 1930 2248 756 340 928 808 1134 828 1458 744 0 245 976 1270 635 1725 520 810 1895 897 202 1125 1215 595 860 315 1518 1008 1320 1210 
1626 4332 1576 700 1581 1368 2952 924 2581 958 3943 1233 764 2067 1260 4535 2956 2460 1190 1336 2746 1698 1506 2444 1152 1524 1186 2690 1608 789 1419 1054 1269 1342 764 1320 1710 1756 1299 3100 1896 2076 2520 2995 2598 3784 1052 740 1256 1680 3644 1560 548 2380 1566 2874 2078 1032 2370 2304 1488 924 184 1062 1086 794 2822 2257 848 898 1685 2444 952 1070 830 906 1281 1024 1360 891 245 0 1074 1318 390 3357 275 712 2140 1044 251 1272 1358 560 1902 1050 1665 1107 2412 1455 
1488 1440 2040 1148 1156 1310 1184 1300 1462 1406 1508 1446 866 1598 1656 1602 1104 890 1212 1438 780 1580 1408 1470 1528 1118 1812 1320 2040 548 1310 1458 1294 1804 1168 1696 1308 1976 1270 1068 702 934 1106 1072 522 1154 1352 1244 1506 1026 1126 1152 1202 1054 1096 1564 588 948 1180 928 1302 1262 1112 1426 844 1420 1044 842 1454 1262 1406 1748 1094 840 1562 1310 1460 702 2402 1220 976 1074 0 1558 1084 1100 1184 1188 1046 1020 690 1038 1430 1068 632 850 1736 1396 1030 1188 
