0 2.04408 2.19601 1.1913 3.24517 2.22942 2.57736 1.45291 2.4103 1.54019 2.7882 2.63107 1.38124 3.61143 1.86077 2.35339 1.90161 2.34255 1.94064 2.08876 2.13466 3.46192 2.94347 2.7086 1.56605 2.71816 1.7017 2.05133 1.86397 2.78808 3.02405 1.25489 2.75013 1.90099 1.49383 1.20281 2.45418 2.28664 1.95089 1.95831 2.25879 1.37525 2.37476 1.45473 2.31394 2.1498 2.25381 2.42287 2.67217 1.83303 1.92502 2.41312 2.28233 2.02209 1.99199 2.41762 1.89996 1.98817 1.70466 2.39388 2.60419 2.3551 1.46452 1.96971 1.99753 1.43188 2.16565 2.34302 1.62585 1.6587 2.2298 2.51353 2.36066 1.66558 1.65939 1.02916 2.91428 2.2145 2.46131 2.89474 2.31862 2.14729 1.93046 1.78631 2.3136 2.18642 2.48439 1.81049 2.2479 2.3002 0.696182 2.58111 2.52043 2.03466 1.77366 1.59297 3.34069 2.41657 2.40508 2.2612 
2.04408 0 1.61267 0.754109 2.69594 2.13975 6.59931 0.801234 3.88556 1.1058 6.13034 1.8658 0.936232 2.60733 1.32306 5.6101 10.0848 4.91857 1.83419 1.88741 7.13207 2.38948 2.54647 3.43322 0.822659 2.44165 1.50199 6.80173 1.42677 2.67862 2.14927 1.33213 1.93463 1.23237 1.18302 0.834868 3.09815 1.577 1.89308 7.89815 5.01298 5.00595 10.7732 10.1387 7.94674 10.7547 3.10195 3.168 3.63922 4.9091 10.441 3.47553 3.28842 4.03197 4.6954 5.2146 7.1207 2.79348 11.1851 10.138 2.1974 2.06652 1.01371 1.46521 6.74099 1.48211 10.3686 5.56197 1.67608 1.34789 4.46431 4.31758 2.65846 10.929 1.69837 1.07939 2.79037 3.07692 2.42552 2.7613 3.23607 6.86429 1.8317 1.64088 3.9684 9.48845 4.18678 1.65796 4.2475 2.08698 0.749425 2.30297 7.28723 11.438 7.36843 10.5249 2.86837 2.30119 6.25343 4.38917 
2.19601 1.61267 0 1.816 2.1648 1.33599 1.31246 1.81095 1.92693 1.86187 1.31246 1.56594 1.76905 1.729 1.61267 1.89215 1.50972 1.73101 2.25199 2.19877 1.50972 2.22954 2.02514 1.85131 1.80932 1.85131 2.15913 1.31246 2.48866 1.72287 1.64409 2.41321 2.04069 2.09256 2.1681 2.01901 1.56594 2.26739 2.12487 1.57958 1.73101 1.81273 1.31246 1.81273 1.72287 1.67115 1.31246 1.77465 1.78531 1.6954 1.70229 1.91968 1.65739 1.82331 1.87977 1.33599 1.57958 1.81273 1.33599 1.63735 1.92865 1.31246 1.63735 2.00564 1.6954 1.92896 1.60668 1.73323 2.12293 2.33297 2.07478 2.25614 1.73323 1.52701 2.26973 1.96388 2.0879 1.72869 3.02193 2.16467 1.61445 1.61445 2.22678 1.91588 1.65739 1.73323 1.92646 1.87254 2.06929 1.73323 0.977425 1.77765 2.04211 1.52331 1.64353 1.52701 2.37295 1.81432 1.89183 1.89533 
1.1913 0.754109 1.816 0 1.49758 0.948799 1.24335 0.837618 0.839314 1.14218 1.60516 1.41612 0.978574 1.82444 1.70811 1.14755 0.572742 1.22286 1.6788 1.80357 0.912349 1.29256 1.27592 1.33806 1.16805 1.47122 1.55465 0.853338 1.24867 1.22286 1.49512 1.43589 0.800696 1.50299 1.23238 1.27441 1.28851 1.84762 1.14755 0.572742 1.22286 0.7891 1.11972 0.572742 1.22286 0.939054 0.972591 1.29057 1.66509 0.853338 0.590825 1.03305 0.889384 0.932056 0.902233 1.49441 0.7891 0.839314 0.948799 1.17406 1.13315 1.03305 1.17406 1.62556 0.942823 1.36189 1.03305 1.16947 1.55586 1.39725 1.10517 1.43478 1.16947 0.889384 1.54385 0.959173 1.60151 0.93821 2.24742 1.53403 0.953028 0.953028 1.65359 1.50112 0.889384 1.17576 1.15549 1.5253 1.11269 1.16947 0.604333 1.17576 1.36078 0.889384 0.883597 0.889384 1.6422 1.31105 1.00096 1.2577 
3.24517 2.69594 2.1648 1.49758 0 2.47914 2.15757 1.4907 2.8384 1.79526 2.40901 2.61865 1.41529 3.67652 2.02056 3.23401 2.21474 2.5235 1.67833 1.20759 1.88828 3.81996 2.97083 2.86692 1.96971 2.77209 2.14478 2.41921 2.17024 2.58113 2.70806 2.24053 3.33502 2.05399 1.44499 1.97899 2.31573 2.39863 3.20318 2.33796 2.22112 2.23517 2.13223 2.44365 2.22844 2.38166 2.39132 2.19994 3.15507 2.49326 2.58282 2.97038 2.81644 2.62733 2.67669 2.82651 1.7017 2.59288 2.56762 2.26017 3.10084 2.30096 1.21132 1.61153 2.49408 1.90186 2.30447 2.37062 2.09583 1.60986 2.854 3.53547 2.37745 2.20203 1.89248 1.71841 2.97667 2.12732 2.77145 3.19536 2.69145 2.23726 1.74845 1.81448 2.69309 2.59723 2.93179 1.66705 2.85468 2.73249 0.68289 2.76381 2.83507 2.0685 2.00366 2.23753 3.46603 3.0654 2.39681 2.85319 
2.22942 2.13975 1.33599 0.948799 2.47914 0 2.61074 0.99555 3.07902 1.04647 2.84078 1.6533 1.01993 2.902 1.38751 3.22984 1.99206 2.75218 1.50287 1.62764 2.17267 2.90151 2.38217 3.47085 0.962667 1.9165 1.15116 2.29639 1.62146 2.17952 2.0163 1.80868 2.35575 1.31871 1.42793 1.39572 2.45727 1.88064 2.30369 2.19686 2.71045 2.46564 2.52284 2.36463 2.81668 2.31142 2.89647 2.27951 3.59697 2.34257 2.31866 3.46591 3.34654 2.8868 2.85853 3.24187 2.23919 2.8516 2.51991 2.31453 2.18715 1.44993 1.07452 1.44282 2.78028 1.08555 2.57878 2.93171 1.27952 1.5928 3.25767 4.19055 2.73711 2.25882 1.41368 0.955908 2.35758 2.93073 2.01559 2.64338 3.21153 2.43125 1.47766 1.38732 2.95516 2.99091 3.14069 1.23631 3.25332 1.62968 0.496397 2.16162 3.32129 2.1036 2.32913 2.16703 2.67079 2.00007 3.17097 3.25031 
2.57736 6.59931 1.31246 1.24335 2.15757 2.61074 0 1.17923 4.32405 1.23015 6.65329 1.84901 1.05889 2.7079 1.40509 6.96913 6.19745 4.89637 1.60611 1.20759 5.7359 2.91462 2.11099 3.69881 1.4514 2.38209 1.81187 7.16036 1.91601 2.27565 1.81253 1.90152 2.6228 1.4256 1.49192 1.69795 3.22727 1.98753 2.47978 6.52078 5.02547 5.69599 6.97129 6.56055 8.21756 6.90468 2.92658 3.44834 3.50374 5.44738 7.34428 3.42332 3.57738 4.43393 5.32367 5.55291 5.62974 3.08244 6.57083 7.17175 2.25548 1.58874 1.04975 1.50233 7.51178 1.52961 7.16306 5.57478 1.72358 1.55901 4.80763 4.5782 2.85226 6.26804 1.63742 1.44961 2.3793 3.03984 2.45965 2.79973 3.0085 7.43092 1.4614 1.26413 4.33058 7.41009 4.38678 1.19115 4.47397 1.97338 0.621783 2.06821 7.80681 6.53616 6.66178 6.53073 2.8754 2.25949 6.6706 4.65415 
1.45291 0.801234 1.81095 0.837618 1.4907 0.99555 1.17923 0 0.864206 0.870669 1.62014 1.33561 0.971694 1.57611 1.66671 1.3033 0.30123 1.21598 1.67192 1.79669 0.905468 1.02105 1.53753 1.43084 1.08754 1.43084 1.45239 0.653465 1.51028 1.21598 1.45474 1.6975 1.02105 1.23148 1.49399 1.3033 1.24813 1.57611 1.40916 0.30123 1.21598 1.05071 1.17923 0.837618 1.21598 0.858545 0.9032 1.29775 1.77214 1.11495 0.852436 1.29466 0.9032 1.19367 1.16384 1.6298 0.905468 1.10092 0.99555 1.13368 1.26692 1.06346 1.13368 1.58518 1.15382 1.49728 1.06346 1.18295 1.69125 1.65886 1.36678 1.69639 1.316 1.02477 1.73877 1.22078 1.7369 1.01246 2.4509 1.72469 1.09956 1.09956 1.64671 1.44173 0.9032 1.30734 1.22421 1.53248 1.3743 1.18295 0.715986 1.30734 1.47036 0.9032 0.908973 1.06584 1.78874 1.24166 1.26257 1.39309 
2.4103 3.88556 1.92693 0.839314 2.8384 3.07902 4.32405 0.864206 0 1.16877 5.12816 2.51067 1.10366 3.24377 1.81904 5.21573 3.13974 3.84934 1.80389 1.92866 4.00385 2.98743 2.67089 3.78887 1.38563 2.42857 1.15116 3.51586 1.51198 2.3101 2.91494 1.6992 2.10779 1.52958 1.35747 1.39949 4.73244 1.87421 2.33752 3.12999 3.81988 3.65992 3.9998 3.46899 4.42496 3.92625 3.30105 4.42291 4.38139 4.2275 3.76152 3.72634 3.66385 4.66292 3.96838 5.18377 3.20474 2.76669 3.32308 4.27924 2.37328 1.9367 1.29915 1.75065 4.14833 1.47282 3.97834 4.71678 1.66679 1.52233 4.83969 4.75837 3.2314 3.50553 1.65478 1.22248 2.74678 3.21255 2.51073 2.96996 3.66381 4.08128 1.76036 1.54669 4.55794 4.35954 4.55564 1.63622 4.81594 2.33768 0.707235 2.39444 4.85468 3.5664 3.52164 3.45673 3.01377 2.52165 4.63506 4.91445 
1.54019 1.1058 1.86187 1.14218 1.79526 1.04647 1.23015 0.870669 1.16877 0 1.67106 1.42288 1.34021 1.88067 1.77401 1.71699 0.569439 1.32468 1.75919 1.88396 1.21003 1.28926 1.6248 1.48176 1.17481 1.48176 1.5033 0.569439 1.81485 1.31526 1.50566 2.00533 1.28926 1.31875 1.77749 1.7355 1.29905 1.88067 1.71699 0.740736 1.31526 1.29768 1.23015 1.14218 1.31526 1.24945 0.954117 1.42131 1.82306 1.20222 1.04647 1.38193 0.954117 1.45376 1.37586 1.69459 1.15074 1.29768 1.04647 1.2678 1.4136 1.15074 1.2678 1.63609 1.31165 1.57178 1.15074 1.27022 1.76576 1.94235 1.55334 1.78366 1.3905 1.16984 1.88383 1.30806 1.8114 1.25422 2.50182 1.8586 1.23348 1.23348 1.73399 1.49265 0.954117 1.55784 1.35834 1.5834 1.63548 1.27022 0.732524 1.55784 1.64084 0.954117 1.15074 1.16984 1.88099 1.29257 1.4686 1.53815 
2.7882 6.13034 1.31246 1.60516 2.40901 2.84078 6.65329 1.62014 5.12816 1.67106 0 2.07833 1.39174 2.92594 1.32306 8.06709 5.84749 5.83125 1.9234 1.54044 5.95813 3.2065 2.75744 4.02934 1.61851 2.56272 1.94829 6.07675 2.27782 2.51153 1.75962 1.97124 3.12315 1.92527 1.55257 1.5024 3.57913 2.05655 2.68803 6.15357 5.91242 6.52724 6.69652 6.40211 7.80587 5.77775 3.11907 3.62477 3.82415 6.13729 6.96557 4.03666 4.12863 4.94326 6.24349 6.27279 6.02352 3.49547 6.45818 6.03184 2.61439 1.95069 1.1895 1.64207 7.06251 1.58205 6.95917 6.20114 1.77602 1.69875 5.26473 4.95677 2.90987 5.94419 1.82188 1.52191 2.47408 3.43903 2.57571 2.70141 3.34578 7.14519 1.86158 1.6674 4.83343 6.71427 5.29819 1.37561 5.07556 2.18422 0.710908 2.16299 8.8355 5.91941 6.38682 6.13624 3.1411 2.47033 7.56154 5.27275 
2.63107 1.8658 1.56594 1.41612 2.61865 1.6533 1.84901 1.33561 2.51067 1.42288 2.07833 0 1.34002 3.17813 1.40509 2.63614 1.73609 2.17577 1.87368 1.49072 1.82602 3.3261 2.59095 2.7437 1.26738 2.68821 1.80671 1.61224 2.08879 2.72117 2.05806 2.14327 2.93 1.67709 1.58195 1.69795 1.75828 2.23902 2.70535 1.84411 2.07159 1.99301 1.79636 2.08183 2.1465 1.88328 1.93008 1.6182 2.83269 2.22594 2.20479 2.6291 2.39621 2.39058 2.41112 2.45331 1.84174 2.38074 2.14592 1.85495 2.6814 2.02987 1.13978 1.59235 2.20004 1.52961 2.32707 2.4428 1.72358 1.64903 2.65094 2.99704 2.37567 2.07091 1.85774 1.3841 2.80031 2.26736 2.45965 3.23843 2.4759 1.99785 1.81349 1.50241 2.28421 2.53343 2.53961 1.20934 2.65766 2.43446 0.663826 2.70002 2.80182 1.86431 2.13114 2.01189 3.24257 2.66057 2.26771 2.68603 
1.38124 0.936232 1.76905 0.978574 1.41529 1.01993 1.05889 0.971694 1.10366 1.34021 1.39174 1.34002 0 1.44959 1.51821 1.084 0.830066 1.11888 1.59652 1.53478 0.830066 1.54989 1.57752 1.38894 1.38652 1.38894 1.62578 0.988061 1.65124 1.05889 1.41284 1.51056 1.20326 1.34552 1.45209 1.38099 1.20623 1.69015 1.084 0.670463 1.07451 0.938954 1.07451 0.938954 1.05889 0.670463 0.988061 1.23271 1.49443 1.01382 0.833571 1.37275 0.949372 1.15177 1.03469 1.46051 0.670463 0.96765 1.01993 1.01707 0.876384 0.988061 1.09178 1.54328 0.763291 1.42188 0.988061 1.10754 1.61585 1.61696 1.36952 1.69777 1.06313 0.763291 1.62212 1.36174 1.51851 0.819573 2.48726 1.46171 1.02416 1.02416 1.57131 1.53872 0.949372 0.904034 1.28816 1.51835 1.19568 1.10754 0.538517 0.904034 1.37181 0.949372 0.763291 0.876384 1.71334 1.37104 1.19809 1.1257 
3.61143 2.60733 1.729 1.82444 3.67652 2.902 2.7079 1.57611 3.24377 1.88067 2.92594 3.17813 1.44959 0 1.47816 3.08014 2.44297 3.25321 2.34958 2.06878 2.65977 2.92345 3.74136 3.77243 1.99094 3.67761 2.16757 2.70659 2.4971 3.6455 3.27692 2.35642 2.87795 1.94994 2.11625 1.88449 3.19782 1.31123 3.53596 2.49465 3.10073 3.03954 2.9105 2.99763 3.17565 2.44045 2.91578 3.292 3.43644 3.13955 3.02611 3.7049 3.32933 3.44188 3.21641 3.00848 2.63307 3.16082 2.78328 3.1027 3.38233 2.92814 1.77987 2.23137 2.95026 2.04405 3.11301 3.25719 2.24394 2.28112 3.6878 4.06496 3.20359 2.79448 2.39617 1.93596 3.80047 3.12451 3.14294 3.95181 3.10905 3.14833 2.38992 1.92431 3.26885 2.90905 3.61538 1.99191 3.48433 3.35795 0.844914 3.32171 3.64907 2.89231 2.84395 2.94307 4.15437 3.64514 3.35282 3.52769 
1.86077 1.32306 1.61267 1.70811 2.02056 1.38751 1.40509 1.66671 1.81904 1.77401 1.32306 1.40509 1.51821 1.47816 0 1.5024 1.40183 1.78253 2.33533 2.05452 1.32306 2.12165 1.68989 1.96071 1.61851 1.96071 2.05124 1.42186 2.38077 1.57862 1.47425 2.07796 1.9328 2.02822 1.83285 1.5024 1.61746 2.1595 1.78962 1.40183 1.59425 1.47749 1.42186 1.47749 1.57862 1.4203 1.42186 1.52194 1.77506 1.53093 1.5944 1.83424 1.5495 1.53253 1.54453 1.38751 1.43533 1.47749 1.38751 1.32306 1.67781 1.42186 1.63573 2.0883 1.53093 1.98047 1.71608 1.84263 2.17445 1.99772 1.92137 2.10424 1.67242 1.47749 2.13195 1.62864 2.03838 1.58444 2.99846 2.11515 1.64064 1.64064 2.33618 1.80799 1.5495 1.53644 1.90464 1.89873 1.83641 1.84263 0.784925 1.6334 2.0683 1.5495 1.54227 1.47749 2.32982 1.84051 1.55658 1.84581 
2.35339 5.6101 1.89215 1.14755 3.23401 3.22984 6.96913 1.3033 5.21573 1.71699 8.06709 2.63614 1.084 3.08014 1.5024 0 5.99459 6.52392 2.11212 2.05039 6.45844 3.19401 3.13507 4.47658 1.45236 3.15275 1.98797 6.7269 1.82021 3.27155 2.89786 1.09586 2.70634 1.67713 1.5651 0.834868 4.80389 2.02176 2.12057 6.05588 6.4118 6.38488 7.08871 5.65508 8.31451 6.17648 3.98658 4.67689 3.3571 6.54152 6.90002 4.12238 4.11543 5.31838 5.86645 5.34771 6.08396 3.52591 6.2928 6.80742 2.50407 2.52347 1.53579 2.04754 7.04507 1.79521 7.13586 6.46038 1.98919 1.72997 5.22167 5.1467 3.37173 6.07116 1.79109 1.53071 3.14746 3.74742 2.79581 3.145 3.30635 7.23662 2.03375 1.93917 5.05285 6.75693 5.36025 1.88054 5.14618 2.75542 0.753223 2.75153 8.68508 6.45526 6.39935 6.13691 3.41547 2.93469 7.95385 5.34338 
1.90161 10.0848 1.50972 0.572742 2.21474 1.99206 6.19745 0.30123 3.13974 0.569439 5.84749 1.73609 0.830066 2.44297 1.40183 5.99459 0 3.74008 1.40705 1.53181 6.47668 1.79171 2.19271 2.87865 0.822659 1.93914 1.15116 6.03863 1.24541 2.07891 2.23663 1.43589 1.42126 0.9666 1.22911 1.16606 3.17993 1.31123 1.84692 5.65076 3.75484 4.3574 9.06593 13.2271 6.51259 9.9103 2.2318 2.97456 3.44585 4.11498 8.97469 2.79856 2.71249 3.41493 3.65919 5.07902 5.72679 2.11825 15.9397 9.36135 1.90978 1.48157 0.832446 1.28395 5.75587 1.21963 8.90346 4.63875 1.41361 1.39398 3.71429 3.80701 2.3013 12.5253 1.47389 0.955908 2.2907 2.237 2.14967 2.45981 2.83608 5.85801 1.38184 1.1405 3.34724 8.56388 3.20549 1.23125 3.68417 1.70417 0.581506 1.87283 6.54851 9.64311 6.03095 15.7559 2.36455 1.84234 5.4814 3.71234 
2.34255 4.91857 1.73101 1.22286 2.5235 2.75218 4.89637 1.21598 3.84934 1.32468 5.83125 2.17577 1.11888 3.25321 1.78253 6.52392 3.74008 0 1.34107 1.61978 4.37543 3.09227 2.76385 3.30966 1.54621 1.77833 1.42173 4.50821 1.89553 1.88743 2.44558 2.03408 2.55926 1.58807 1.45135 1.75124 4.03082 2.12392 2.47133 4.21182 4.89953 4.74801 4.7925 4.4686 4.71102 4.63964 2.67979 3.87104 4.09665 5.04772 4.83862 3.8871 3.70686 4.11104 5.28241 6.20557 4.03836 3.0737 4.54802 4.88869 2.28861 1.72793 1.11577 1.59636 5.16055 1.14694 4.71229 5.68212 1.34092 1.61622 4.88172 4.45966 2.96927 4.51433 1.60382 1.08681 2.39209 2.98963 2.18535 2.65456 3.45595 4.66967 1.51274 1.47786 4.55969 5.44505 4.3724 1.32685 4.76229 1.94292 0.617883 2.34851 6.01579 4.04967 4.36907 4.24024 2.95689 2.18696 5.64857 4.74841 
1.94064 1.83419 2.25199 1.6788 1.67833 1.50287 1.60611 1.67192 1.80389 1.75919 1.9234 1.87368 1.59652 2.34958 2.33533 2.11212 1.40705 1.34107 0 2.12315 1.0931 2.12687 2.08034 1.0931 1.97606 1.0931 2.32601 1.40705 2.35147 1.0931 1.82878 2.40243 1.90349 2.01793 1.75976 2.23898 1.68916 2.57985 1.94064 1.40705 1.34107 1.44478 1.51331 1.44478 1.34107 1.59652 1.38992 1.62474 2.13808 1.3052 1.5338 1.81445 1.6496 1.59766 1.61982 1.92818 1.0931 1.55278 1.50287 1.52609 1.90451 1.38992 1.52609 1.9263 1.3772 1.90481 1.38992 1.5094 2.09879 1.92463 1.87067 2.07894 1.56088 1.3772 2.16451 1.84468 2.06336 1.24221 2.82624 1.91232 1.50923 1.50923 1.93203 2.14572 1.6496 1.71545 1.82124 1.99829 1.76332 1.5094 0.751908 1.71545 1.88002 1.43444 1.24221 1.47551 2.26773 1.85397 1.76332 1.73961 
2.08876 1.88741 2.19877 1.80357 1.20759 1.62764 1.20759 1.79669 1.92866 1.88396 1.54044 1.49072 1.53478 2.06878 2.05452 2.05039 1.53181 1.61978 2.12315 0 1.41748 2.25164 1.72622 1.91557 2.10083 1.79509 2.45078 1.53181 2.47623 1.20759 1.69733 2.47695 2.02826 2.1427 1.96782 2.34698 1.49072 2.65655 2.05039 1.53181 1.22321 1.45469 1.22321 1.6874 1.20759 1.53479 1.53181 1.50397 1.95609 1.63968 1.65857 1.84755 1.65945 1.80572 1.63478 1.64737 1.20759 1.56774 1.62764 1.50397 1.84278 1.42301 1.52565 1.97823 1.51534 2.02958 1.42301 1.54249 2.22356 2.03491 1.81948 2.30547 1.67555 1.38325 2.11332 1.96944 1.73212 1.3567 2.94428 2.14025 1.45803 1.45803 2.00626 1.81448 1.65945 1.7385 1.84997 1.66705 1.68049 1.54249 0.823956 1.7385 1.82883 1.38325 1.3567 1.42432 2.21654 1.84893 1.45469 1.75156 
2.13466 7.13207 1.50972 0.912349 1.88828 2.17267 5.7359 0.905468 4.00385 1.21003 5.95813 1.82602 0.830066 2.65977 1.32306 6.45844 6.47668 4.37543 1.0931 1.41748 0 2.72499 2.4002 2.78721 1.31463 1.78168 1.55956 7.81164 1.58501 1.7303 1.4982 1.65531 2.1358 1.46877 0.859763 1.39376 2.99382 1.8134 2.1009 6.95452 4.34244 5.08097 7.50962 6.90463 7.0501 7.34024 2.09799 3.01122 3.38391 4.14919 7.98133 3.21065 2.85152 3.5242 4.64696 5.16224 6.18741 2.35658 6.61868 7.63669 2.0147 1.61546 0.626094 1.0263 6.78777 1.31663 7.77187 5.08196 1.51061 1.02463 4.16364 3.99023 2.34097 6.67572 1.35617 1.15289 2.38634 2.58118 2.18712 1.96985 2.75397 6.58398 1.24406 1.47249 3.70004 7.90358 3.83424 1.30619 3.98807 1.74795 0.495225 1.85007 7.23139 6.95075 7.38722 6.71405 2.43291 1.95488 5.98114 4.10637 
3.46192 2.38948 2.22954 1.29256 3.81996 2.90151 2.91462 1.02105 2.98743 1.28926 3.2065 3.3261 1.54989 2.92345 2.12165 3.19401 1.79171 3.09227 2.12687 2.25164 2.72499 0 3.78272 3.68951 1.54248 3.59709 1.87098 2.60474 1.96523 3.7322 3.43955 2.15571 2.4568 1.68642 1.94893 1.88588 3.2694 1.31123 3.29265 2.07477 3.18382 2.92132 2.97284 2.63092 3.31908 2.34907 2.90466 3.25304 3.7723 2.98191 2.76984 3.48702 3.1278 3.33102 3.02573 3.3169 2.55255 2.96687 2.78279 3.02218 3.32695 3.07158 1.55227 2.00377 2.88211 1.93945 2.99721 3.15583 2.13343 2.1138 3.49385 3.91545 3.18505 2.7391 2.19371 1.67573 3.88356 2.92074 2.86949 3.93327 3.24195 3.02104 2.10166 1.86033 3.03097 3.16562 3.36115 1.95107 3.4214 3.35746 0.820847 3.25552 3.53683 2.69535 2.68236 2.83238 3.95741 3.49563 3.31715 3.45954 
2.94347 2.54647 2.02514 1.27592 2.97083 2.38217 2.11099 1.53753 2.67089 1.6248 2.75744 2.59095 1.57752 3.74136 1.68989 3.13507 2.19271 2.76385 2.08034 1.72622 2.4002 3.78272 0 3.01839 1.65066 3.03317 2.11433 2.32235 1.94858 2.89907 3.08772 2.03483 3.0445 1.9856 1.67464 1.97431 2.53247 2.48292 2.96701 2.30073 2.42652 2.04387 1.95725 1.99766 2.18694 2.49792 2.23917 2.53874 2.88158 2.2434 2.34599 1.88902 2.51071 2.66527 2.48539 2.74954 2.00081 2.40158 2.40843 2.51972 2.94123 1.98249 1.56838 1.71673 2.20066 1.84451 1.94996 2.35311 2.03848 1.83951 2.6627 3.24204 2.45541 2.01808 1.78525 1.44179 2.80092 2.21101 2.64174 3.32458 2.5157 2.28264 1.74476 1.53219 2.37461 2.53684 2.42999 1.55636 2.79262 2.58528 0.656271 2.78161 2.84162 2.14725 2.0725 2.05358 3.51865 2.97296 2.30367 2.84242 
2.7086 3.43322 1.85131 1.33806 2.86692 3.47085 3.69881 1.43084 3.78887 1.48176 4.02934 2.7437 1.38894 3.77243 1.96071 4.47658 2.87865 3.30966 1.0931 1.91557 2.78721 3.68951 3.01839 0 1.65621 2.20945 2.06348 3.01772 2.01072 1.97664 2.93264 2.19485 2.81815 1.81035 1.55723 2.0314 3.56725 2.37228 2.85311 3.01032 3.1552 3.0561 3.32981 2.93245 3.52645 3.34408 3.0324 3.50668 4.67386 2.83646 3.26704 4.06712 4.15752 3.34655 3.581 3.87784 2.50467 3.66258 3.19272 3.38197 2.77089 2.27484 1.17616 1.54445 3.47443 1.69724 3.03864 3.42931 1.89121 1.7221 3.85814 4.88298 3.1791 2.80107 1.95693 1.50393 2.90009 3.31986 2.56023 3.11883 3.91929 3.10949 1.76559 1.93815 3.76889 3.6629 3.84112 1.79071 3.92478 2.43692 0.841433 2.63706 3.83962 2.82279 2.59103 3.01163 3.28706 2.76117 3.73383 3.81499 
1.56605 0.822659 1.80932 1.16805 1.96971 0.962667 1.4514 1.08754 1.38563 1.17481 1.61851 1.26738 1.38652 1.99094 1.61851 1.45236 0.822659 1.54621 1.97606 2.10083 1.31463 1.54248 1.65066 1.65621 0 1.65621 1.75652 0.822659 1.84071 1.53213 1.53142 1.97342 1.39273 1.42901 1.80335 1.45236 1.26738 1.99094 1.68508 0.822659 1.53213 1.32355 1.4514 1.16478 1.53213 1.0076 1.20734 1.36554 1.96372 1.22808 1.18286 1.4078 1.20734 1.52409 1.40173 1.64204 1.3676 1.32355 1.29969 1.29356 1.52387 1.3676 1.29356 1.66186 1.38813 1.73664 1.3676 1.48708 1.93061 1.96822 1.57921 1.80953 1.50007 1.34734 1.98916 1.33392 1.97626 1.47109 2.70537 1.96819 1.41098 1.36554 1.95085 1.74587 1.20734 1.67775 1.61156 1.83662 1.70472 1.48708 0.793644 1.72216 1.81873 1.20734 1.3676 1.32355 2.13421 1.54579 1.49447 1.71566 
2.71816 2.44165 1.85131 1.47122 2.77209 1.9165 2.38209 1.43084 2.42857 1.48176 2.56272 2.68821 1.38894 3.67761 1.96071 3.15275 1.93914 1.77833 1.0931 1.79509 1.78168 3.59709 3.03317 2.20945 1.65621 0 1.89668 1.85658 2.14389 1.62805 2.81856 2.19485 3.06407 1.81035 1.48858 2.02257 2.26332 2.37228 3.03084 2.00547 1.77737 2.07909 2.06726 2.05485 1.92399 2.30454 1.94366 2.25121 3.16733 1.99627 2.19574 2.79111 2.67956 2.2263 2.48671 2.65553 1.65314 2.43111 1.85825 2.20621 2.89498 1.99724 1.17616 1.54445 2.26941 1.53044 2.12183 2.19135 1.72441 1.65344 2.75902 2.83018 2.19818 1.90405 1.93607 1.4703 2.95597 1.94805 2.60493 3.04313 2.45891 2.04912 1.72307 1.81767 2.55622 2.54399 2.50249 1.67023 2.64522 2.22921 0.665076 2.66883 2.74008 1.97352 1.77943 1.99678 3.37104 2.59961 2.53005 2.5667 
1.7017 1.50199 2.15913 1.55465 2.14478 1.15116 1.81187 1.45239 1.15116 1.5033 1.94829 1.80671 1.62578 2.16757 2.05124 1.98797 1.15116 1.42173 2.32601 2.45078 1.55956 1.87098 2.11433 2.06348 1.75652 1.89668 0 1.15116 2.22731 1.52503 1.88948 2.41453 1.77934 1.90046 1.98753 2.11483 1.68287 2.46239 1.78056 1.32245 1.42173 1.39917 1.73567 1.46957 1.52503 1.50315 1.50674 1.80513 2.15 1.52378 1.30017 1.87147 1.42354 1.69901 1.39917 1.85243 1.43631 1.30682 1.15116 1.73722 1.6673 1.5594 1.73722 2.21781 1.52378 1.71991 1.5594 1.70362 1.91389 2.1524 1.7782 1.94518 1.70362 1.39917 1.97243 1.46957 2.06204 1.53979 2.75552 2.10385 1.48718 1.48718 2.27301 2.07437 1.42354 1.82992 1.75118 2.05945 1.75236 1.5594 0.748094 1.84441 1.92625 1.42354 1.43631 1.30682 2.17636 1.54628 1.75236 1.76748 
2.05133 6.80173 1.31246 0.853338 2.41921 2.29639 7.16036 0.653465 3.51586 0.569439 6.07675 1.61224 0.988061 2.70659 1.42186 6.7269 6.03863 4.50821 1.40705 1.53181 7.81164 2.60474 2.32235 3.01772 0.822659 1.85658 1.15116 0 1.526 1.99635 2.11278 1.71322 1.9818 0.9666 1.42534 1.39066 3.5929 1.66347 2.18011 6.64233 4.51612 5.55078 8.4963 6.81062 8.39962 7.35296 2.42117 3.27911 3.41983 4.31625 8.29716 2.91801 2.81917 3.80176 4.38735 5.30628 7.68242 2.32423 7.5152 8.35938 1.88434 1.52789 0.915653 1.28395 6.94185 1.08555 8.20537 5.20929 1.27952 1.59021 4.02746 3.7034 2.49566 7.12768 1.41368 0.955908 2.2287 2.52481 2.01559 2.58346 2.7961 7.25956 1.38184 1.1405 3.63611 8.63045 3.73147 1.23125 3.99951 1.44651 0.556068 1.97845 7.34343 7.31462 7.67837 7.24398 2.30255 1.8169 6.67009 3.87825 
1.86397 1.42677 2.48866 1.24867 2.17024 1.62146 1.91601 1.51028 1.51198 1.81485 2.27782 2.08879 1.65124 2.4971 2.38077 1.82021 1.24541 1.89553 2.35147 2.47623 1.58501 1.96523 1.94858 2.01072 1.84071 2.14389 2.22731 1.526 0 1.89553 2.16779 2.10856 1.47336 2.17565 1.90504 1.94707 1.96117 2.52029 1.82021 1.24541 1.89553 1.46176 1.79238 1.24541 1.89553 1.61172 1.64526 1.96324 2.33775 1.526 1.26349 1.70571 1.56205 1.60472 1.5749 2.16708 1.46176 1.51198 1.62146 1.84672 1.80581 1.70571 1.84672 2.29822 1.61549 2.03455 1.70571 1.84213 2.22853 2.06991 1.77784 2.10745 1.84213 1.56205 2.21651 1.63184 2.27418 1.61087 2.92008 2.2067 1.62569 1.62569 2.32626 2.17378 1.56205 1.84842 1.82816 2.19796 1.78535 1.84213 0.971967 1.84842 2.03344 1.56205 1.55626 1.56205 2.31487 1.98371 1.67362 1.93037 
2.78808 2.67862 1.72287 1.22286 2.58113 2.17952 2.27565 1.21598 2.3101 1.31526 2.51153 2.72117 1.05889 3.6455 1.57862 3.27155 2.07891 1.88743 1.0931 1.20759 1.7303 3.7322 2.89907 1.97664 1.53213 1.62805 1.52503 1.99635 1.89553 0 2.81058 1.9422 3.19919 1.574 1.39486 1.75124 2.32233 2.12392 3.14761 2.07538 1.92514 2.13263 2.02117 2.16634 2.01886 2.35064 1.94174 2.20966 3.13522 2.0097 2.26566 2.68433 2.63201 2.0977 2.54923 2.69667 1.76105 2.35474 1.92817 2.25032 2.90841 1.87877 0.896348 1.24692 2.17265 1.14694 1.82551 2.20578 1.34092 1.46621 2.80312 2.9001 2.22455 1.91748 1.48402 1.08681 2.8375 1.97443 2.17476 3.0679 2.34555 1.93065 0.970115 1.24579 2.45902 2.63726 2.38402 1.09835 2.71009 2.29913 0.41924 2.71293 2.64042 1.92597 1.88734 2.01022 3.3235 2.66952 2.40653 2.63662 
3.02405 2.14927 1.64409 1.49512 2.70806 2.0163 1.81253 1.45474 2.91494 1.50566 1.75962 2.05806 1.41284 3.27692 1.47425 2.89786 2.23663 2.44558 1.82878 1.69733 1.4982 3.43955 3.08772 2.93264 1.53142 2.81856 1.88948 2.11278 2.16779 2.81058 0 2.27111 3.3562 1.83425 1.44675 1.88058 1.66009 2.35642 2.91486 2.35603 2.161 2.3786 2.0188 2.54898 2.20494 2.45821 2.05118 1.71888 2.64314 2.41814 2.47548 3.05126 2.823 2.55689 2.62017 2.13137 2.12366 2.61018 1.94009 1.58678 3.03394 2.16021 1.02294 1.50074 2.55723 1.52324 2.34509 2.4512 1.71722 1.61162 2.90041 3.14221 2.13015 1.95964 1.88035 1.4631 2.9545 2.37838 2.48226 2.96981 2.23503 1.98014 1.83105 1.82833 2.5954 2.20185 2.8963 1.54693 2.69242 2.45601 0.726627 2.53433 2.71792 1.95911 2.15563 2.00239 3.37299 2.77533 2.59752 2.62821 
1.25489 1.33213 2.41321 1.43589 2.24053 1.80868 1.90152 1.6975 1.6992 2.00533 1.97124 2.14327 1.51056 2.35642 2.07796 1.09586 1.43589 2.03408 2.40243 2.47695 1.65531 2.15571 2.03483 2.19485 1.97342 2.19485 2.41453 1.71322 2.10856 1.9422 2.27111 0 1.66058 2.07133 1.95563 1.33213 2.14327 2.41596 1.09586 1.39627 1.97759 1.09586 1.90152 1.09586 1.9422 1.39627 1.83248 1.95775 1.69951 1.46672 1.45071 1.84556 1.74927 1.65531 1.48032 1.7816 1.51056 1.46672 1.7443 1.82032 1.66513 1.89293 1.92632 2.43151 1.46672 2.15739 1.84556 1.92848 2.35137 2.1205 1.71587 2.15731 1.83483 1.46672 2.12118 1.7443 2.21079 1.64048 2.9231 2.04678 1.69951 1.75873 2.39225 2.2481 1.74927 1.71738 1.83118 2.27228 1.76608 1.97541 0.680829 1.82915 2.03646 1.72501 1.53699 1.46672 2.50209 2.10655 1.74321 1.82913 
2.75013 1.93463 2.04069 0.800696 3.33502 2.35575 2.6228 1.02105 2.10779 1.28926 3.12315 2.93 1.20326 2.87795 1.9328 2.70634 1.42126 2.55926 1.90349 2.02826 2.1358 2.4568 3.0445 2.81815 1.39273 3.06407 1.77934 1.9818 1.47336 3.19919 3.3562 1.66058 0 1.68642 1.45707 1.49909 2.76163 1.31123 2.68062 1.70431 2.65081 2.11982 2.46906 1.70927 2.79528 2.21504 2.33435 2.73032 3.42531 2.18041 1.96834 2.73317 2.22879 2.45966 2.24975 3.06952 2.01954 2.21302 2.21899 2.53252 2.83 2.56455 1.39875 1.85025 2.30377 1.58658 2.37579 2.52983 1.78055 1.62193 2.71909 3.1616 2.60769 2.12424 1.76854 1.18386 3.25756 2.38773 2.47211 3.39532 2.62186 2.39504 1.87828 1.72581 2.30432 2.63145 2.54239 1.74999 2.75533 2.80408 0.677496 2.77352 2.89065 2.08049 2.09473 2.15974 3.33141 2.82513 2.55616 2.85059 
1.90099 1.23237 2.09256 1.50299 2.05399 1.31871 1.4256 1.23148 1.52958 1.31875 1.92527 1.67709 1.34552 1.94994 2.02822 1.67713 0.9666 1.58807 2.01793 2.1427 1.46877 1.68642 1.9856 1.81035 1.42901 1.81035 1.90046 0.9666 2.17565 1.574 1.83425 2.07133 1.68642 0 2.11436 1.67713 1.62764 1.94993 1.78298 0.9666 1.574 1.61401 1.4256 1.50299 1.574 0.9666 1.35128 1.76047 2.06163 1.53773 1.44363 1.74274 1.35128 1.78235 1.71274 1.88711 1.34552 1.63456 1.31871 1.59639 1.48286 1.40947 1.59639 1.96469 1.38091 1.77695 1.40947 1.52895 1.97683 2.27923 1.89022 2.11004 1.60158 1.38091 2.12364 1.66886 2.02248 1.49463 2.87583 2.06819 1.46835 1.46835 1.99272 1.88981 1.35128 1.63674 1.7555 1.95741 1.89421 1.52895 0.924656 1.68116 1.89628 1.35128 1.40947 1.38091 2.22686 1.68973 1.80548 1.74332 
1.49383 1.18302 2.1681 1.23238 1.44499 1.42793 1.49192 1.49399 1.35747 1.77749 1.55257 1.58195 1.45209 2.11625 1.83285 1.5651 1.22911 1.45135 1.75976 1.96782 0.859763 1.94893 1.67464 1.55723 1.80335 1.48858 1.98753 1.42534 1.90504 1.39486 1.44675 1.95563 1.45707 2.11436 0 1.5651 1.40306 2.47178 1.49383 1.22911 1.39486 0.859763 1.33808 1.01769 1.39486 1.45209 1.42534 1.0893 1.77352 1.09248 1.21359 1.43178 1.34213 1.01769 1.03986 1.55257 0.859763 0.972817 1.42793 0.859763 1.58273 1.45562 1.00179 1.51354 1.16447 1.70656 1.30012 1.29826 1.90053 1.19597 1.23366 1.86621 1.02544 0.972817 1.62728 1.45321 1.71689 1.00887 2.49805 1.52557 1.06544 1.06544 1.76203 1.8577 1.23366 1.28085 1.40612 1.709 1.18335 1.35176 0.536427 1.32267 1.47319 1.00179 0.972817 0.972817 1.82394 1.45633 1.18335 1.34114 
1.20281 0.834868 2.01901 1.27441 1.97899 1.39572 1.69795 1.3033 1.39949 1.7355 1.5024 1.69795 1.38099 1.88449 1.5024 0.834868 1.16606 1.75124 2.23898 2.34698 1.39376 1.88588 1.97431 2.0314 1.45236 2.02257 2.11483 1.39066 1.94707 1.75124 1.88058 1.33213 1.49909 1.67713 1.5651 0 1.70044 2.02176 1.04378 1.00207 1.75124 1.04378 1.6799 1.04378 1.75124 0.895471 1.53277 1.53119 1.64743 1.41464 1.28922 1.73145 1.44956 1.55169 1.42606 1.5024 1.31293 1.39949 1.45109 1.39376 1.55038 1.59979 1.53579 2.04754 1.41464 1.86418 1.59979 1.72965 2.05816 1.72997 1.66379 2.0753 1.55944 1.41464 2.0691 1.59969 2.15871 1.46204 2.87102 1.9947 1.51321 1.51321 2.21377 2.06603 1.44956 1.6653 1.77721 2.08548 1.63651 1.72965 0.878325 1.71663 1.92096 1.44956 1.42598 1.41464 2.20238 1.81334 1.56114 1.77705 
2.45418 3.09815 1.56594 1.28851 2.31573 2.45727 3.22727 1.24813 4.73244 1.29905 3.57913 1.75828 1.20623 3.19782 1.61746 4.80389 3.17993 4.03082 1.68916 1.49072 2.99382 3.2694 2.53247 3.56725 1.26738 2.26332 1.68287 3.5929 1.96117 2.32233 1.66009 2.14327 2.76163 1.62764 1.40306 1.70044 0 2.18956 2.58137 3.52672 3.4591 3.42164 2.9154 3.56023 3.73348 3.64171 2.46477 3.07316 3.92852 3.93522 3.80395 3.67861 3.72521 4.20488 4.3176 4.15482 3.2982 3.10084 3.56818 2.63043 2.43937 1.60497 0.965013 1.44282 3.91531 1.28942 3.49349 4.04838 1.48339 1.56793 4.62541 4.29332 2.69733 3.21194 1.68298 1.25649 2.37204 2.84623 2.14467 2.70335 3.00469 3.22633 1.66396 1.50241 4.42081 4.00847 4.58915 1.20934 4.31507 1.96862 0.594689 2.24151 4.32714 2.73571 3.44567 2.84598 2.89151 2.07997 4.1064 4.40293 
2.28664 1.577 2.26739 1.84762 2.39863 1.88064 1.98753 1.57611 1.87421 1.88067 2.05655 2.23902 1.69015 1.31123 2.1595 2.02176 1.31123 2.12392 2.57985 2.65655 1.8134 1.31123 2.48292 2.37228 1.99094 2.37228 2.46239 1.66347 2.52029 2.12392 2.35642 2.41596 1.31123 1.94993 2.47178 2.02176 2.18956 0 2.12762 1.31123 2.12392 1.95864 1.98753 1.84762 2.12392 1.31123 1.9132 2.23919 2.46622 2.05314 1.81691 2.30467 1.87228 2.17146 2.07831 2.10011 1.69015 2.01127 1.88064 2.06897 1.98537 1.9714 2.07511 2.52661 1.87228 2.33888 1.9714 2.09088 2.53876 2.63665 2.35285 2.67197 2.16351 1.87228 2.58627 2.23079 2.58441 1.83926 3.43776 2.5707 1.94707 1.94707 2.55465 2.37366 1.87228 2.02579 2.21107 2.4644 2.28223 2.09088 1.03436 2.02579 2.37499 1.87228 1.81691 1.91335 2.63624 2.25166 2.24171 2.23469 
1.95089 1.89308 2.12487 1.14755 3.20318 2.30369 2.47978 1.40916 2.33752 1.71699 2.68803 2.70535 1.084 3.53596 1.78962 2.12057 1.84692 2.47133 1.94064 2.05039 2.1009 3.29265 2.96701 2.85311 1.68508 3.03084 1.78056 2.18011 1.82021 3.14761 2.91486 1.09586 2.68062 1.78298 1.49383 1.04378 2.58137 2.12762 0 1.81066 2.52115 1.54965 2.44119 1.44033 2.59607 1.89288 2.39832 2.49994 2.56298 1.96707 1.93344 2.55763 2.20955 2.45165 2.06786 2.30842 1.81746 2.10206 1.99231 2.34566 2.39114 2.49961 1.46452 1.96971 1.81147 1.51073 2.31016 2.49493 1.7047 1.6587 2.38732 2.98606 2.44369 1.82803 1.65939 1.24623 3.06852 2.29967 2.46131 2.90152 2.18498 2.32089 1.93046 1.78631 2.33852 2.13496 2.52978 1.81049 2.44331 2.57741 0.586987 2.66413 2.73632 2.14462 1.90771 1.91271 3.36561 2.74747 2.43118 2.58094 
1.95831 7.89815 1.57958 0.572742 2.33796 2.19686 6.52078 0.30123 3.12999 0.740736 6.15357 1.84411 0.670463 2.49465 1.40183 6.05588 5.65076 4.21182 1.40705 1.53181 6.95452 2.07477 2.30073 3.01032 0.822659 2.00547 1.32245 6.64233 1.24541 2.07538 2.35603 1.39627 1.70431 0.9666 1.22911 1.00207 3.52672 1.31123 1.81066 0 4.24566 4.45365 8.39015 6.68471 7.30952 8.24946 2.57192 3.28737 3.54589 4.4145 8.35178 2.94627 2.84416 3.67025 3.85507 5.19617 6.06175 2.31921 7.54072 8.74139 1.84496 1.58958 0.902302 1.3538 6.20126 1.2324 8.22592 4.99303 1.42638 1.39398 3.70357 3.93868 2.45865 7.61879 1.47389 0.955908 2.40037 2.48029 2.24415 2.46405 2.91131 6.28079 1.38184 1.3118 3.46095 9.28045 3.62022 1.40255 3.72618 1.70827 0.599683 1.77353 6.73615 7.58511 6.45096 7.18099 2.51767 1.99546 5.78266 3.86785 
2.25879 5.01298 1.73101 1.22286 2.22112 2.71045 5.02547 1.21598 3.81988 1.31526 5.91242 2.07159 1.07451 3.10073 1.59425 6.4118 3.75484 4.89953 1.34107 1.22321 4.34244 3.18382 2.42652 3.1552 1.53213 1.77737 1.42173 4.51612 1.89553 1.92514 2.161 1.97759 2.65081 1.574 1.39486 1.75124 3.4591 2.12392 2.52115 4.24566 0 4.35308 4.0944 4.47842 4.3883 4.53953 2.45275 3.35912 3.73736 5.24049 4.24174 3.55313 3.5028 4.22565 5.11779 5.50804 4.07662 2.52048 4.28363 4.46936 2.26551 1.42555 0.896348 1.40953 4.64703 1.14694 4.18151 5.2668 1.34092 1.46621 4.23046 3.95807 2.70536 3.88712 1.48402 1.08681 2.03322 2.51477 2.17476 2.68203 2.77787 3.64838 1.36861 1.24579 4.06673 4.98842 3.59041 1.04378 4.17196 1.65907 0.52369 2.04613 5.34528 3.53736 4.22096 3.54975 2.59916 1.88458 5.1547 4.04108 
1.37525 5.00595 1.81273 0.7891 2.23517 2.46564 5.69599 1.05071 3.65992 1.29768 6.52724 1.99301 0.938954 3.03954 1.47749 6.38488 4.3574 4.74801 1.44478 1.45469 5.08097 2.92132 2.04387 3.0561 1.32355 2.07909 1.39917 5.55078 1.46176 2.13263 2.3786 1.09586 2.11982 1.61401 0.859763 1.04378 3.42164 1.95864 1.54965 4.45365 4.35308 0 4.89504 4.18838 6.13585 4.54181 2.53461 3.16177 3.04395 4.34752 4.46721 2.68041 2.68415 3.31376 4.17651 4.46529 3.91869 1.90158 4.84365 4.35014 1.77011 1.59792 0.830454 1.34221 5.08717 1.11819 4.77495 4.59211 1.31217 1.02463 3.15922 3.4293 2.06267 3.80822 1.03892 0.786658 1.91234 2.07493 1.96546 1.96398 2.46787 4.66784 1.29639 1.29046 3.14052 4.81365 3.39261 1.17641 2.98317 1.65697 0.418572 1.58837 6.03166 4.24198 3.78783 4.0135 2.45543 1.74643 5.63348 3.4285 
2.37476 10.7732 1.31246 1.11972 2.13223 2.52284 6.97129 1.17923 3.9998 1.23015 6.69652 1.79636 1.07451 2.9105 1.42186 7.08871 9.06593 4.7925 1.51331 1.22321 7.50962 2.97284 1.95725 3.32981 1.4514 2.06726 1.73567 8.4963 1.79238 2.02117 2.0188 1.90152 2.46906 1.4256 1.33808 1.6799 2.9154 1.98753 2.44119 8.39015 4.0944 4.89504 0 9.47161 6.16057 10.3465 2.43572 2.92054 3.32619 4.89516 9.10752 3.01263 3.22764 3.95313 4.61384 5.0745 6.75423 2.59448 9.47321 9.87287 2.21689 1.339 0.895914 1.34849 6.1891 1.3656 9.19037 4.6292 1.55957 1.40517 4.01111 4.17948 2.42049 8.1835 1.54462 1.28559 1.96816 2.49179 2.29564 2.73403 2.76603 5.10452 1.36861 1.1405 3.60447 9.37448 3.66459 0.840128 3.92493 1.86933 0.567572 2.00251 6.61693 8.60064 6.78481 8.03164 2.63348 2.0531 5.81557 3.97354 
1.45473 10.1387 1.81273 0.572742 2.44365 2.36463 6.56055 0.837618 3.46899 1.14218 6.40211 2.08183 0.938954 2.99763 1.47749 5.65508 13.2271 4.4686 1.44478 1.6874 6.90463 2.63092 1.99766 2.93245 1.16478 2.05485 1.46957 6.81062 1.24541 2.16634 2.54898 1.09586 1.70927 1.50299 1.01769 1.04378 3.56023 1.84762 1.44033 6.68471 4.47842 4.18838 9.47161 0 7.1335 9.82178 2.46606 3.38558 3.46944 4.16987 8.47875 2.26523 2.59241 3.41345 4.11904 4.83061 6.00698 2.29791 16.4568 9.07937 1.84955 1.66648 0.98838 1.47386 5.96199 1.19975 8.15833 4.83075 1.39372 1.18256 3.86045 3.68371 2.20896 12.2257 1.16354 0.786658 2.31347 2.5003 1.96546 1.95684 2.81064 5.98166 1.49919 1.29046 3.2207 8.29195 3.18078 1.37922 3.35726 1.78072 0.487682 1.76833 6.21322 9.15217 5.65559 16.0423 2.53248 1.95053 5.4521 3.72115 
2.31394 7.94674 1.72287 1.22286 2.22844 2.81668 8.21756 1.21598 4.42496 1.31526 7.80587 2.1465 1.05889 3.17565 1.57862 8.31451 6.51259 4.71102 1.34107 1.20759 7.0501 3.31908 2.18694 3.52645 1.53213 1.92399 1.52503 8.39962 1.89553 2.01886 2.20494 1.9422 2.79528 1.574 1.39486 1.75124 3.73348 2.12392 2.59607 7.30952 4.3883 6.13585 6.16057 7.1335 0 7.54881 2.84331 3.8344 3.64783 5.38716 7.20525 3.39792 3.76902 3.92581 5.81397 5.89954 6.54037 2.92434 6.82007 7.2608 2.35687 1.49414 0.896348 1.24692 7.80007 1.14694 6.25575 4.7356 1.34092 1.46621 4.64891 4.33603 2.674 6.5279 1.48402 1.08681 2.21656 2.58818 2.17476 2.44088 3.01271 6.87501 0.970115 1.24579 4.32732 7.73195 4.01063 1.09835 4.48485 1.587 0.433152 2.08238 7.78792 6.05696 6.88686 6.078 2.78249 2.12852 7.10146 4.4665 
2.1498 10.7547 1.67115 0.939054 2.38166 2.31142 6.90468 0.858545 3.92625 1.24945 5.77775 1.88328 0.670463 2.44045 1.4203 6.17648 9.9103 4.63964 1.59652 1.53479 7.34024 2.34907 2.49792 3.34408 1.0076 2.30454 1.50315 7.35296 1.61172 2.35064 2.45821 1.39627 2.21504 0.9666 1.45209 0.895471 3.64171 1.31123 1.89288 8.24946 4.53953 4.54181 10.3465 9.82178 7.54881 0 2.73902 3.35793 3.41329 4.68581 9.9322 3.31849 3.22408 3.90196 4.57337 4.77803 6.23685 2.67196 10.2022 10.0341 1.70258 1.63328 1.09178 1.54328 6.17493 1.35554 9.89817 5.07871 1.55543 1.61696 4.10279 4.22314 2.38419 10.0083 1.60294 1.27155 2.37996 2.68873 2.45443 2.37875 2.8173 6.35071 1.57131 1.39032 3.72701 8.83922 4.1033 1.45792 3.7645 1.93268 0.622442 1.81723 6.55968 10.9328 6.55554 10.03 2.67705 2.21986 5.84557 3.97615 
2.25381 3.10195 1.31246 0.972591 2.39132 2.89647 2.92658 0.9032 3.30105 0.954117 3.11907 1.93008 0.988061 2.91578 1.42186 3.98658 2.2318 2.67979 1.38992 1.53181 2.09799 2.90466 2.23917 3.0324 1.20734 1.94366 1.50674 2.42117 1.64526 1.94174 2.05118 1.83248 2.33435 1.35128 1.42534 1.53277 2.46477 1.9132 2.39832 2.57192 2.45275 2.53461 2.43572 2.46606 2.84331 2.73902 0 2.3696 3.78956 2.20081 2.60537 3.34544 3.31363 3.11146 2.886 3.18866 2.12893 2.81363 2.30348 2.47142 1.93462 1.35728 0.915653 1.1818 2.63401 1.08555 2.29042 2.54842 1.27952 1.59021 3.26134 4.03998 2.64501 1.97749 1.41227 1.13847 2.05408 2.62283 2.01559 2.56671 3.0428 2.3995 1.38184 1.1405 2.59264 3.10946 2.90156 1.01609 3.32516 1.39217 0.515528 1.90505 3.16959 2.05818 2.10658 2.14841 2.35283 1.79469 3.06348 3.02241 
2.42287 3.168 1.77465 1.29057 2.19994 2.27951 3.44834 1.29775 4.42291 1.42131 3.62477 1.6182 1.23271 3.292 1.52194 4.67689 2.97456 3.87104 1.62474 1.50397 3.01122 3.25304 2.53874 3.50668 1.36554 2.25121 1.80513 3.27911 1.96324 2.20966 1.71888 1.95775 2.73032 1.76047 1.0893 1.53119 3.07316 2.23919 2.49994 3.28737 3.35912 3.16177 2.92054 3.38558 3.8344 3.35793 2.3696 0 3.62065 3.85556 3.60557 3.61113 3.58031 4.07642 4.12857 4.21972 3.0877 3.00567 3.48389 2.69821 2.28163 1.59286 0.590782 1.26547 3.70767 1.28942 3.55283 4.17465 1.48339 1.25416 4.51436 4.19815 2.54509 3.14029 1.48379 1.33119 2.14545 2.72717 2.14467 2.54509 3.01794 3.31736 1.56144 1.51949 4.29757 4.01325 4.32929 0.951252 4.42606 1.91681 0.400459 2.08325 4.31387 2.69813 3.31794 2.90008 2.66378 2.04866 3.96536 4.40076 
2.67217 3.63922 1.78531 1.66509 3.15507 3.59697 3.50374 1.77214 4.38139 1.82306 3.82415 2.83269 1.49443 3.43644 1.77506 3.3571 3.44585 4.09665 2.13808 1.95609 3.38391 3.7723 2.88158 4.67386 1.96372 3.16733 2.15 3.41983 2.33775 3.13522 2.64314 1.69951 3.42531 2.06163 1.77352 1.64743 3.92852 2.46622 2.56298 3.54589 3.73736 3.04395 3.32619 3.46944 3.64783 3.41329 3.78956 3.62065 0 3.50605 3.6061 4.20919 4.46616 4.04835 3.72892 3.0153 3.00565 3.833 3.2329 3.39791 2.68865 2.14399 1.37488 1.74037 3.50355 1.58807 3.27249 3.23603 1.78204 1.93839 3.90622 5.05266 3.18366 2.79117 1.90813 1.62984 2.86131 3.38332 2.54319 3.03769 3.31848 3.50491 1.59879 2.04146 3.64199 3.14733 3.9666 1.54647 3.71591 2.11974 0.467968 2.43699 3.81027 3.14202 2.97147 2.65028 3.37801 2.74433 3.77896 3.96285 
1.83303 4.9091 1.6954 0.853338 2.49326 2.34257 5.44738 1.11495 4.2275 1.20222 6.13729 2.22594 1.01382 3.13955 1.53093 6.54152 4.11498 5.04772 1.3052 1.63968 4.14919 2.98191 2.2434 2.83646 1.22808 1.99627 1.52378 4.31625 1.526 2.0097 2.41814 1.46672 2.18041 1.53773 1.09248 1.41464 3.93522 2.05314 1.96707 4.4145 5.24049 4.34752 4.89516 4.16987 5.38716 4.68581 2.20081 3.85556 3.50605 0 4.30635 2.82681 2.84121 3.72265 5.23124 5.89803 3.76237 2.34627 4.03742 4.86594 1.9348 1.64832 0.882529 1.39428 4.87777 1.20511 4.35404 5.56878 1.405 1.25735 4.02055 3.48365 2.32599 3.5902 1.16354 0.851242 2.19132 2.35684 1.79596 2.08208 2.80125 4.68706 1.35961 1.47681 3.88014 5.02883 4.03226 1.35479 3.98838 1.76477 0.435226 1.70472 5.34648 4.06621 3.91171 3.76542 2.58099 2.00795 5.61556 3.8712 
