0 1.20281 2.10798 1.20681 1.77874 1.44139 1.61286 1.47169 1.3319 1.69139 1.66601 1.88533 1.38124 1.7927 1.77274 1.20281 1.20681 1.69375 1.94064 2.08876 1.19351 1.92663 1.64664 1.73306 1.79885 1.73306 1.95014 1.44139 1.87948 1.34049 1.67088 1.25489 1.4315 1.94201 1.49383 1.20281 1.68538 1.7927 0.634071 1.20681 1.34049 0.634071 1.48137 0.634071 1.34049 1.26695 1.4951 1.45984 1.57019 1.336 1.22163 1.51362 1.4119 1.19351 1.25408 1.45168 1.19351 1.25408 1.28251 1.45984 1.53581 1.61231 1.49445 1.96971 1.48137 2.00022 1.51362 1.49901 1.43451 1.6587 1.25408 1.69552 1.48817 1.48585 1.67308 1.28251 2.01056 1.49901 2.0083 1.58499 1.49077 1.77937 1.93046 1.5022 1.4119 1.31479 1.72795 1.48137 1.80484 1.51362 0.696182 2.01232 1.66668 1.4119 1.7209 1.26335 1.336 1.8154 1.28142 1.55215 
1.20281 0 1.56274 0.754109 2.69594 1.45808 6.54938 0.801234 9.25307 2.01739 5.78143 1.2532 0.936232 2.15564 1.04613 5.50004 9.90531 4.11488 1.83419 1.88741 7.38487 2.38948 2.54647 3.43322 0.822659 2.51925 1.48671 6.86749 1.42677 3.5403 2.00667 2.14811 1.93463 1.23237 1.18302 0.834868 1.27312 2.24261 1.89308 7.83295 6.00704 5.00595 10.6714 9.90602 8.0142 8.38668 3.95388 4.75999 3.43498 4.81304 11.3581 3.47819 2.88334 4.13392 3.97431 4.12938 7.61681 2.79615 10.9632 12.0102 2.22098 2.06652 1.88583 1.46521 12.6014 1.7971 10.0907 5.51768 5.41542 1.34789 4.478 4.06246 1.91418 7.3078 1.68555 1.07939 1.90347 2.51101 3.25758 3.97467 2.57568 2.66299 1.8317 2.36678 4.25974 4.77557 3.57983 2.40941 2.92485 1.30342 0.749425 1.82626 7.2091 10.5345 2.67536 11.1318 9.41175 2.86827 6.81883 4.23436 
2.10798 1.56274 0 1.6154 2.1648 0.994612 1.31246 1.64808 1.63673 1.56405 0.994612 1.92171 1.76905 1.729 1.61267 1.89215 1.36092 1.92222 2.25199 2.19877 1.50972 2.08074 2.02514 1.85131 1.75939 1.85131 1.80247 0.994612 2.28806 1.59517 1.63673 2.13216 1.84008 1.96121 2.11248 2.01901 2.12125 1.86563 2.04872 1.3832 1.50405 1.61213 1.31246 1.61213 1.59517 1.67115 1.31246 1.89571 1.82458 1.67544 1.36092 1.71907 1.51421 1.76821 1.8034 0.994612 1.57958 1.61213 0.994612 1.63735 1.72805 1.31246 1.63735 2.00564 1.79752 2.16944 1.54708 1.54708 1.50405 2.27735 1.87418 1.92734 1.54708 1.58013 2.17716 1.6225 2.10298 1.79533 2.39698 2.16467 1.82458 2.26371 2.22678 1.91588 1.51421 1.91732 2.12139 1.79752 2.22317 1.54708 0.776822 2.26396 2.06836 1.38013 1.79313 1.38013 1.83702 2.31641 1.8036 1.8376 
1.20681 0.754109 1.6154 0 1.49758 0.948799 1.24335 0.837618 0.839314 1.14218 1.34267 1.60014 0.978574 1.39003 1.4494 1.14755 0.572742 1.22286 1.6788 1.80357 0.912349 1.29256 1.27592 1.33806 1.16805 1.47122 1.53936 0.853338 1.24867 1.02198 1.27047 1.09277 0.800696 1.50299 1.23238 1.27441 1.42393 1.39003 1.14755 0.572742 1.02198 0.7891 1.11972 0.572742 1.02198 0.939054 1.00252 1.19839 1.4506 0.853338 0.590825 1.03305 0.919309 0.932056 0.902233 1.25762 0.7891 0.839314 0.948799 1.17406 1.13315 1.03305 1.17406 1.62556 1.07873 1.67688 1.03305 1.16947 1.02198 1.39725 1.10517 1.43478 1.16947 1.16545 1.50744 0.959173 1.72537 1.22214 1.90442 1.56396 1.4506 1.69832 1.65359 1.08352 0.919309 1.25762 1.30927 1.19619 1.48444 1.16947 0.697325 1.67584 1.55031 0.919309 1.24033 0.919309 1.13174 1.49501 1.00096 1.26883 
1.77874 2.69594 2.1648 1.49758 0 2.8527 2.17082 1.4907 2.77666 3.13348 2.41276 1.88741 1.41529 3.27413 2.02056 3.23401 2.21474 2.5235 1.67833 1.20759 1.90153 3.76357 3.12262 2.86692 1.96971 2.77209 2.24671 2.45833 2.17024 2.51116 2.77799 3.77087 3.33502 2.05399 1.44499 1.97899 1.47032 3.67245 3.20318 2.33796 1.93637 2.28004 2.13223 2.42562 2.01128 2.38166 2.29844 2.36029 3.34093 2.57491 2.69352 3.15625 2.81644 2.56388 3.08715 2.97553 1.7017 2.77495 2.59228 2.39397 3.25898 2.45276 2.54163 1.76333 2.66433 2.47892 2.52508 2.40294 2.1422 1.60986 3.02787 3.58771 2.53146 2.47074 1.93503 1.76576 2.06034 2.91296 4.11837 3.14806 3.41079 2.84939 1.78076 3.04878 2.75375 3.16015 3.35547 2.93189 3.53639 1.57481 0.876105 2.27887 3.01565 2.2023 3.41606 2.43075 2.64355 3.61578 2.55812 2.63361 
1.44139 1.45808 0.994612 0.948799 2.8527 0 1.77686 0.99555 2.00175 2.17212 1.7059 1.35516 1.21315 2.15887 1.04613 1.96154 1.25275 2.34737 1.69608 1.69011 1.76609 2.79764 2.44958 2.51048 0.962667 2.59248 1.13587 1.3806 1.62146 2.21897 2.0099 2.69294 2.35575 1.37238 1.44589 1.29816 1.61259 2.65077 2.33997 1.40587 1.90115 1.70859 1.8395 1.56135 1.97607 1.64088 1.81501 2.13433 2.38672 1.88366 1.49785 2.05459 1.95373 1.93895 2.06329 2.03508 1.82001 1.75173 1.67539 1.80919 2.16281 1.96964 2.11995 1.4868 2.06525 1.50284 1.93697 1.94672 1.78773 1.61075 2.16071 2.53673 1.80115 1.89908 1.51056 0.955908 1.43639 2.45795 3.28196 2.80638 2.54047 2.62351 1.61379 2.42604 1.86696 2.31776 2.5535 2.56033 2.95038 0.88048 0.496397 1.59736 2.50231 1.53134 2.5184 1.55158 2.12461 2.95949 2.1581 2.25612 
1.61286 6.54938 1.31246 1.24335 2.17082 1.77686 0 1.17923 7.67057 2.37017 6.75177 1.2532 1.05889 2.30613 1.40509 7.06212 6.16223 4.12737 1.60611 1.20759 6.43897 2.91462 2.11099 3.74853 1.4514 2.36598 1.61165 7.24184 1.91601 3.3876 2.1436 2.95975 2.6228 1.4256 1.49192 1.69795 1.25361 2.76775 2.47978 6.25848 6.49711 5.82423 7.15149 6.28458 8.36163 6.83018 3.8271 5.50099 3.65776 5.4948 8.05056 3.28411 3.35949 4.36838 4.31326 4.59258 6.1138 2.89429 7.49163 7.49636 2.21839 1.66619 2.02169 1.50233 7.60217 1.46187 7.94234 5.76313 6.10587 1.55901 4.59623 4.2805 1.95024 8.29293 1.61101 1.22429 1.37508 2.34607 3.31923 4.03575 2.41133 2.50037 1.4614 2.20731 4.72881 5.12225 3.70111 2.39158 2.96018 1.09891 0.714776 1.81819 8.0015 7.20127 2.7077 7.13454 8.85952 3.10756 7.59 4.53515 
1.47169 0.801234 1.64808 0.837618 1.4907 0.99555 1.17923 0 0.864206 0.870669 1.30229 1.51963 0.971694 1.17435 1.36889 1.3033 0.30123 1.21348 1.67192 1.79669 0.905468 1.02105 1.53753 1.43084 1.08754 1.43084 1.4371 0.653465 1.51028 1.0151 1.23009 1.35438 1.02105 1.23148 1.49399 1.3033 1.59746 1.17435 1.40916 0.30123 1.0151 1.05071 1.17923 0.837618 1.0151 0.858545 0.9032 1.39122 1.65065 1.11495 0.852436 1.29466 0.9032 1.19367 1.16384 1.30229 0.905468 1.10092 0.99555 1.13368 1.29684 1.17547 1.13368 1.58518 1.29452 1.88788 1.17547 1.21526 1.0151 1.65886 1.36678 1.69639 1.36951 1.10321 1.72594 1.22078 1.92542 1.21526 2.16603 1.7782 1.65065 1.84022 1.64671 1.29452 0.9032 1.51923 1.50921 1.40719 1.74606 1.21526 0.808979 1.61646 1.70425 0.9032 1.18095 1.14884 1.39335 1.75662 1.26257 1.36067 
1.3319 9.25307 1.63673 0.839314 2.77666 2.00175 7.67057 0.864206 0 1.55662 6.10472 1.66094 1.08999 1.98884 1.52884 7.01223 7.2197 3.83902 1.74908 1.91498 8.17025 1.96941 2.67089 3.48336 1.38563 2.31999 1.13587 7.99095 1.51198 2.752 1.95258 2.13144 1.85762 1.52958 1.20814 1.39949 1.47216 2.02844 2.29457 7.54567 5.83698 5.42637 9.462 8.01282 8.36268 9.28893 3.86832 5.37002 4.0222 5.62207 10.3335 3.75446 3.10546 4.33576 4.19587 4.8946 7.50317 2.73609 9.34873 9.43269 2.25704 2.06656 2.02419 1.49338 10.0223 1.94019 10.3234 5.55381 5.51277 1.37301 4.39658 4.37115 1.90015 7.6856 1.54878 1.22248 1.8363 2.4802 3.54453 4.26763 2.80486 2.75523 1.72387 2.38278 4.45924 5.15011 3.52222 2.63987 2.74589 1.28039 0.707235 1.84279 7.45975 9.40408 2.77984 8.79722 10.1137 2.89902 7.19852 4.44005 
1.69139 2.01739 1.56405 1.14218 3.13348 2.17212 2.37017 0.870669 1.55662 0 2.33812 1.6069 1.29185 2.30401 1.45616 2.60666 1.13666 2.3412 1.75919 1.88396 2.06199 2.32737 3.0199 2.79356 1.17481 2.70186 1.48802 1.41661 1.81485 1.93212 2.23955 2.82542 2.46574 1.31875 1.71695 1.70819 1.75171 2.42275 2.7351 1.53036 1.89198 2.04921 2.222 1.90196 2.25149 2.24473 1.96108 2.55182 2.94775 2.35095 1.99396 2.68404 2.2042 2.43506 2.30423 2.6434 1.96636 1.98127 2.04201 2.04542 2.70787 2.4004 2.53021 1.63609 2.53254 1.97515 2.41088 2.38517 1.94872 1.88182 2.61302 3.11247 2.42803 2.30118 1.77686 1.30806 1.97633 2.83702 3.90997 3.34433 3.0656 3.24716 1.73399 2.71659 2.12735 2.67565 2.80279 3.06268 3.19671 1.30253 0.825517 1.76667 3.01658 1.93344 2.7517 2.0294 2.6348 3.26015 2.40038 2.64067 
1.66601 5.78143 0.994612 1.34267 2.41276 1.7059 6.75177 1.30229 6.10472 2.33812 0 1.35516 1.26039 2.16108 1.04613 7.98126 5.22022 4.67559 1.74333 1.54044 6.03744 2.88865 2.53682 3.8947 1.30066 2.26766 1.35987 5.72075 2.01534 3.36564 1.75763 3.00055 2.87587 1.5839 1.35197 1.5024 1.39335 2.51003 2.68803 5.63565 7.05705 6.43033 6.33729 6.06768 7.641 5.71852 4.06241 5.44719 3.97817 5.72888 7.13433 3.88379 3.76029 4.63181 4.91748 5.10938 5.98484 2.96016 6.48962 5.94764 2.51431 1.76111 1.92336 1.49698 6.7375 1.46187 7.16533 6.23346 6.39772 1.51684 4.97179 4.53822 1.85192 7.24595 1.73672 1.18053 1.37508 2.44085 3.41401 4.01267 2.49876 2.40204 1.67543 2.45575 5.23733 5.44646 4.09446 2.33886 3.12392 1.18351 0.510304 1.88008 8.61919 6.02354 2.79065 6.19588 7.59903 3.2033 8.09447 4.96358 
1.88533 1.2532 1.92171 1.60014 1.88741 1.35516 1.2532 1.51963 1.66094 1.6069 1.35516 0 1.49439 1.78719 1.40509 1.69795 1.25475 1.62552 2.29644 1.88741 1.49235 1.97457 1.52278 2.00723 1.4514 1.88675 2.00361 1.25475 2.2728 1.41152 1.78328 2.1169 1.82483 1.86111 1.91079 1.69795 1.82117 1.97772 1.77155 1.25475 1.42714 1.38947 1.25475 1.38947 1.41152 1.2532 1.25475 1.35483 2.08409 1.46594 1.56206 1.66714 1.38239 1.70182 1.77175 1.35516 1.41152 1.55232 1.35516 1.44693 1.75264 1.25475 1.46862 1.92119 1.46594 2.18295 1.66714 1.75941 1.44634 1.97788 1.75426 2.0719 1.75941 1.58981 2.06466 1.59629 1.99513 1.77874 2.52007 2.08856 1.90426 1.74961 2.21019 1.64088 1.38239 1.8911 2.07269 1.46594 2.09651 1.75941 0.933527 2.19494 2.10491 1.38239 1.74442 1.55232 1.60498 2.12802 1.38947 1.82604 
1.38124 0.936232 1.76905 0.978574 1.41529 1.21315 1.05889 0.971694 1.08999 1.29185 1.26039 1.49439 0 1.28839 1.51821 1.084 0.830066 1.11888 1.59652 1.53478 0.830066 1.54989 1.57752 1.38894 1.38652 1.38894 1.80371 0.939702 1.65124 0.939702 1.18819 1.49534 1.20326 1.34552 1.45209 1.38099 1.46826 1.28839 1.084 0.670463 0.939702 0.938954 1.07451 0.938954 0.939702 0.670463 0.939702 1.24272 1.68764 1.1534 0.993391 1.43562 1.08317 1.15177 1.13023 1.26039 0.670463 1.0696 1.21315 1.01707 1.0696 1.13986 1.09178 1.54328 1.1534 1.96295 1.13986 1.13986 0.939702 1.61696 1.36952 1.83735 1.2708 1.08317 1.63581 1.36174 1.90834 1.13986 2.09569 1.62224 1.4535 1.71103 1.57131 1.40856 1.08317 1.59821 1.56987 1.21262 1.74879 1.13986 0.731732 1.89572 1.59809 1.08317 1.41083 1.0696 1.27911 1.85954 1.26531 1.16824 
1.7927 2.15564 1.729 1.39003 3.27413 2.15887 2.30613 1.17435 1.98884 2.30401 2.16108 1.78719 1.28839 0 1.47816 2.55384 1.74339 2.90523 2.17809 2.06878 2.25738 2.62563 3.28376 3.33172 1.58918 3.24002 1.58878 1.98698 2.0627 2.37845 2.29175 2.93173 2.67734 1.54817 1.83961 1.62 1.9543 2.47876 2.85178 1.89651 2.35393 2.35537 2.48586 2.31019 2.42885 2.03868 2.50097 2.79636 2.98103 2.62978 2.27268 3.04671 2.72855 2.6452 2.66355 2.37021 2.23131 2.1997 2.16506 2.4386 2.76523 2.67817 2.72666 2.0441 2.59213 1.97014 2.8486 2.70159 2.41702 2.00448 2.90116 3.33158 2.73575 2.64447 2.0331 1.59459 2.25063 3.21282 4.06876 3.37348 3.01278 3.49622 2.15288 2.81775 2.6517 2.91438 3.40952 3.12227 3.74943 1.72143 0.946862 2.2247 3.2148 2.38829 3.35843 2.19406 2.99545 3.76521 2.78787 2.89232 
1.77274 1.04613 1.61267 1.4494 2.02056 1.04613 1.40509 1.36889 1.52884 1.45616 1.04613 1.40509 1.51821 1.47816 0 1.5024 1.10401 1.79262 2.25741 2.05452 1.32306 1.82384 1.68989 1.93757 1.30066 1.93757 1.69458 1.10401 2.12206 1.57862 1.47425 1.96616 1.67409 1.71037 1.7982 1.5024 1.77426 1.75774 1.65896 1.10401 1.59425 1.27689 1.42186 1.27689 1.57862 1.28896 1.42186 1.52194 1.77506 1.50944 1.25303 1.68915 1.40632 1.51669 1.5999 1.04613 1.43533 1.27689 1.04613 1.32306 1.47721 1.42186 1.49255 1.94321 1.63305 2.00497 1.65648 1.65648 1.6006 1.96307 1.76777 1.76287 1.48627 1.68823 2.16355 1.28726 2.16224 1.75806 2.2325 1.92153 1.77506 1.91672 2.18951 1.80799 1.40632 1.58207 2.0947 1.63305 2.14138 1.65648 0.584322 2.21887 1.93932 1.40632 1.76644 1.27689 1.67255 2.15194 1.55658 1.92493 
1.20281 5.50004 1.89215 1.14755 3.23401 1.96154 7.06212 1.3033 7.01223 2.60666 7.98126 1.69795 1.084 2.55384 1.5024 0 5.7462 5.28908 2.11212 2.05039 6.7315 3.17362 3.12192 4.37175 1.45236 3.13642 1.81975 6.49179 1.82021 4.31589 2.67833 2.16327 2.70634 1.6506 1.5651 0.834868 1.84496 2.81347 2.12057 5.90772 7.88318 6.38488 6.99316 5.45471 8.40285 6.26218 5.0712 6.25287 3.38942 6.41993 6.85313 4.01289 3.73618 4.97701 4.74196 4.06215 6.37528 3.4074 6.58037 6.75813 2.64385 2.63954 2.5381 2.05888 7.13906 1.97899 7.40919 6.30654 7.05685 1.72997 5.11685 4.63428 2.54719 7.72875 1.80478 1.30303 2.08061 2.91528 3.76576 4.44698 2.34428 3.21841 2.03375 2.89219 5.48801 5.43642 4.39276 3.02648 3.44643 1.60279 0.753223 2.16518 8.41119 6.92168 3.2384 6.05396 7.84984 3.31653 8.68852 5.19357 
1.20681 9.90531 1.36092 0.572742 2.21474 1.25275 6.16223 0.30123 7.2197 1.13666 5.22022 1.25475 0.830066 1.74339 1.10401 5.7462 0 3.1643 1.40705 1.53181 6.8287 1.54946 2.19271 2.87865 0.822659 1.93914 1.13587 6.03863 1.24541 2.63285 1.67893 2.04751 1.42126 0.9666 1.22911 1.16606 1.33258 1.64484 1.84692 5.77107 4.36374 4.3574 9.0045 13.0698 6.59134 7.39198 2.9085 4.47198 3.23573 4.51755 9.83731 2.82848 2.33562 3.44485 3.04742 4.01388 6.1156 2.16163 9.63779 10.1748 1.90978 1.55722 1.67695 1.28395 11.2868 1.62301 8.51287 4.68113 4.49915 1.39398 3.67274 3.76791 1.65798 6.55833 1.42471 0.955908 1.62419 2.04038 3.10455 3.57689 2.29287 2.47711 1.38184 1.83879 3.42511 4.20376 2.82089 2.29263 2.50774 0.950386 0.674499 1.31523 6.38513 8.75091 1.83233 16.0773 8.67126 2.52793 5.98016 3.54681 
1.69375 4.11488 1.92222 1.22286 2.5235 2.34737 4.12737 1.21348 3.83902 2.3412 4.67559 1.62552 1.11888 2.90523 1.79262 5.28908 3.1643 0 1.34107 1.61978 3.49332 2.82713 2.95506 3.40985 1.51762 1.86686 1.85253 3.90513 1.89553 2.97757 2.61003 3.14589 2.55926 1.66156 1.48858 1.76134 1.5139 2.88616 2.78899 3.27552 3.52106 4.13941 3.93565 3.60353 3.65104 3.95228 3.64982 4.50579 4.40357 4.23207 4.62178 4.22048 3.58036 4.77232 4.80055 5.56469 2.9749 3.42555 4.1159 4.19056 2.53367 2.07079 2.36328 1.66709 4.50107 2.08855 4.36668 4.57326 3.55523 1.65344 5.05523 4.78035 2.27087 4.27005 1.55327 1.58443 1.88822 2.5394 3.68168 4.60801 3.1032 2.78586 1.58008 2.61284 5.01622 5.73113 3.87431 2.81424 3.03006 1.28147 0.759939 1.88998 5.11477 3.60527 2.89495 4.03241 4.45347 3.18319 4.97851 5.01082 
1.94064 1.83419 2.25199 1.6788 1.67833 1.69608 1.60611 1.67192 1.74908 1.75919 1.74333 2.29644 1.59652 2.17809 2.25741 2.11212 1.40705 1.34107 0 2.12315 1.0931 2.12687 2.08034 1.0931 1.97606 1.0931 2.3089 1.40705 2.35147 1.0931 1.88199 2.19557 1.90349 2.01793 1.75976 2.23898 1.78509 2.17809 1.94064 1.40705 1.30042 1.44478 1.51331 1.44478 1.30042 1.59652 1.30042 1.68985 2.19789 1.44478 1.69362 1.83747 1.71065 1.59766 1.86681 1.74333 1.0931 1.66872 1.69608 1.57684 2.08174 1.51331 1.57684 1.94513 1.74102 2.5361 1.54172 1.54172 1.30042 1.92463 1.87067 2.27215 1.7126 1.5271 2.16592 1.84468 2.39158 1.54172 2.38708 2.10553 2.06741 2.02785 1.93203 2.02247 1.71065 2.08115 2.06182 1.7854 2.2055 1.54172 0.945123 2.41093 2.02785 1.5271 1.98839 1.66872 1.52936 2.25041 1.78593 1.74102 
2.08876 1.88741 2.19877 1.80357 1.20759 1.69011 1.20759 1.79669 1.91498 1.88396 1.54044 1.88741 1.53478 2.06878 2.05452 2.05039 1.53181 1.61978 2.12315 0 1.41748 2.25164 1.72622 1.91557 2.10083 1.79509 2.28067 1.53181 2.47623 1.20759 1.84031 2.32033 2.02826 2.1427 1.96782 2.34698 1.72951 2.25478 2.05039 1.53181 1.22321 1.45469 1.22321 1.66937 1.20759 1.53479 1.46633 1.50397 2.1493 1.66937 1.81839 1.87057 1.65945 1.79893 1.94054 1.65113 1.20759 1.61753 1.65113 1.50397 2.03423 1.46633 1.52565 1.97823 1.66937 2.47892 1.57481 1.57481 1.31724 2.03491 1.81948 2.27533 1.81644 1.51705 2.12987 1.79972 2.06034 1.57481 2.61167 2.15378 1.96947 1.89874 2.00626 1.91794 1.65945 2.03256 2.13604 1.66937 2.16172 1.57481 1.01717 2.45079 1.97227 1.51705 2.02148 1.61753 1.79508 2.29342 1.45469 1.68422 
1.19351 7.38487 1.50972 0.912349 1.90153 1.76609 6.43897 0.905468 8.17025 2.06199 6.03744 1.49235 0.830066 2.25738 1.32306 6.7315 6.8287 3.49332 1.0931 1.41748 0 2.47479 2.5105 2.78721 1.31463 1.78168 1.59099 8.28687 1.58501 2.63631 1.69138 2.55166 2.1358 1.46877 0.859763 1.39376 0.691987 2.43175 2.1009 6.97342 5.36478 5.08566 7.43542 7.03901 6.92838 7.93921 2.93399 4.16481 3.52125 4.49206 8.59998 3.24536 2.69101 3.45645 3.93713 4.23988 6.51739 2.57781 7.99807 7.56216 2.1567 1.72813 1.72895 1.1781 8.157 1.87837 8.54131 5.1956 5.03363 1.02463 4.08826 3.82272 1.5203 6.93367 1.39871 1.18053 1.6774 1.97874 3.09966 3.55719 2.55853 2.30878 1.24406 2.25575 4.27082 4.41504 3.24287 2.17844 2.53961 1.07363 0.681091 1.645 6.84049 7.5396 2.34162 7.16773 9.3534 2.54294 6.592 4.04475 
1.92663 2.38948 2.08074 1.29256 3.76357 2.79764 2.91462 1.02105 1.96941 2.32737 2.88865 1.97457 1.54989 2.62563 1.82384 3.17362 1.54946 2.82713 2.12687 2.25164 2.47479 0 3.64999 3.42365 1.54248 3.33195 1.8461 2.39884 1.96523 2.56221 2.86964 3.23822 2.15872 1.68642 1.94893 1.88588 2.0524 2.12532 3.14789 2.07309 2.52207 2.46201 2.85209 2.31476 2.88158 2.34907 2.59117 3.18191 3.66394 2.98104 2.62405 3.31413 2.83429 3.06515 2.71702 3.19393 2.47314 2.58187 2.66088 2.5923 3.28311 3.03049 3.07709 2.00377 3.04996 2.34283 3.04097 3.01526 2.57881 2.1138 3.14382 3.74256 3.05812 2.93127 2.14453 1.67573 2.34401 3.46711 4.54006 3.88508 3.69569 3.87725 2.10166 3.3026 2.75744 3.30574 3.43288 3.69277 3.8268 1.67021 0.91384 2.03505 3.59182 2.56353 3.38179 2.65949 3.22193 3.84372 3.03047 3.22669 
1.64664 2.54647 2.02514 1.27592 3.12262 2.44958 2.11099 1.53753 2.67089 3.0199 2.53682 1.52278 1.57752 3.28376 1.68989 3.12192 2.19271 2.95506 2.08034 1.72622 2.5105 3.64999 0 3.02166 1.65066 3.03317 2.01486 2.22715 1.94858 2.69091 3.01329 3.46577 3.0445 1.9856 1.71803 1.97431 1.77224 3.54367 2.98991 2.30073 2.15343 2.17372 1.95725 1.99766 2.18694 2.52127 2.21991 2.49819 2.88158 2.27758 2.34599 1.88902 2.51071 2.72305 2.91964 2.52892 2.15261 2.53143 2.22191 2.51972 3.15622 1.98249 2.73846 1.71673 2.44524 2.07531 2.07982 2.38543 2.21017 1.8829 2.79256 3.20217 2.45541 2.54491 1.82597 1.3576 1.75644 2.82311 3.96518 3.17851 2.96764 3.13157 1.74476 2.74305 2.37461 2.93402 2.7199 2.94369 3.42628 1.26063 0.656271 1.97752 3.04209 2.17717 2.81393 2.18343 2.55687 3.47413 2.56506 2.67091 
1.73306 3.43322 1.85131 1.33806 2.86692 2.51048 3.74853 1.43084 3.48336 2.79356 3.8947 2.00723 1.38894 3.33172 1.93757 4.37175 2.87865 3.40985 1.0931 1.91557 2.78721 3.42365 3.02166 0 1.65621 2.0898 2.04756 3.05684 2.01072 3.11199 2.76509 3.30451 2.81815 1.81035 1.55723 2.0314 1.51471 3.45046 2.85311 3.01032 2.70241 3.22596 3.21992 2.93245 3.36065 3.34408 2.9429 3.34991 4.74987 3.028 3.68547 4.25299 3.76293 3.34655 4.15707 4.23249 2.59822 3.94347 3.43587 3.2873 3.06301 2.36524 2.10448 1.54445 3.51417 1.98756 3.39219 3.63264 2.89445 1.7221 4.02313 4.79233 2.28369 3.39104 1.96607 1.50393 2.17665 2.75124 3.59932 4.57002 3.01022 3.052 1.76559 2.75384 3.79802 4.29309 4.26668 2.63695 3.33371 1.33414 0.957371 2.05999 4.10874 3.08495 3.04724 3.36643 3.36204 3.10296 4.05759 3.66496 
1.79885 0.822659 1.75939 1.16805 1.96971 0.962667 1.4514 1.08754 1.38563 1.17481 1.30066 1.4514 1.38652 1.58918 1.30066 1.45236 0.822659 1.51762 1.97606 2.10083 1.31463 1.54248 1.65066 1.65621 0 1.65621 1.74124 0.822659 1.84071 1.31924 1.52406 1.68481 1.39273 1.42901 1.80335 1.45236 1.76582 1.58918 1.68508 0.822659 1.31924 1.32355 1.4514 1.16478 1.31924 1.0076 1.20734 1.45982 1.82535 1.22808 1.18286 1.4078 1.20734 1.52409 1.49427 1.30066 1.31924 1.32355 1.29969 1.29356 1.52387 1.4078 1.29356 1.66186 1.57093 2.05163 1.4078 1.50007 1.31924 1.96822 1.57921 1.80953 1.50007 1.40735 1.88219 1.33392 2.10012 1.5194 2.27916 1.96819 1.82535 1.8546 1.95085 1.67556 1.20734 1.63236 1.81335 1.57093 1.91404 1.50007 0.793644 2.01989 1.92804 1.20734 1.48508 1.32355 1.50648 1.95296 1.49447 1.64357 
1.73306 2.51925 1.85131 1.47122 2.77209 2.59248 2.36598 1.43084 2.31999 2.70186 2.26766 1.88675 1.38894 3.24002 1.93757 3.13642 1.93914 1.86686 1.0931 1.79509 1.78168 3.33195 3.03317 2.0898 1.65621 0 2.04756 2.18739 2.14389 1.62805 2.67339 3.45935 3.06407 1.81035 1.48858 2.02257 1.5139 3.35876 3.03084 2.00547 1.56448 2.22114 2.06726 2.05485 1.8632 2.30454 1.77746 2.20014 3.19953 2.02785 2.59229 2.93317 2.56063 2.26408 2.88473 2.77376 1.70895 2.57317 2.27049 2.11496 2.91954 2.14904 2.24335 1.54445 2.3809 2.22342 2.27685 2.22367 1.62122 1.65344 2.71511 3.30549 2.34023 2.12571 1.72858 1.6371 2.05618 2.61751 3.6878 3.04865 3.25503 2.94303 1.75539 2.80972 2.44995 3.06256 2.92616 2.69283 3.19137 1.33414 0.850942 2.05999 2.86966 1.85728 3.1014 2.31196 2.02275 3.24183 2.69137 2.33533 
1.95014 1.48671 1.80247 1.53936 2.24671 1.13587 1.61165 1.4371 1.13587 1.48802 1.35987 2.00361 1.80371 1.58878 1.69458 1.81975 1.13587 1.85253 2.3089 2.28067 1.59099 1.8461 2.01486 2.04756 1.74124 2.04756 0 1.13587 2.21203 1.63865 1.35987 1.69737 1.76405 1.88518 1.90819 1.94661 2.13429 1.58878 1.82206 1.30717 1.5075 1.45429 1.61165 1.45429 1.65209 1.65202 1.5075 1.88197 1.79334 1.67647 1.28488 1.85618 1.43817 1.68372 1.6287 1.35987 1.61423 1.29153 1.13587 1.58081 1.65202 1.61165 1.60254 2.0532 1.81996 2.172 1.68833 1.68833 1.5075 2.07306 1.78241 1.9299 1.59626 1.6518 2.17819 1.45429 2.24424 1.82627 2.39953 2.08856 1.79334 2.14141 2.241 1.86632 1.43817 1.69076 2.12656 1.95801 2.17019 1.68833 0.732806 2.25072 2.03203 1.43817 1.79829 1.29153 1.83958 2.28094 1.69076 1.90927 
1.44139 6.86749 0.994612 0.853338 2.45833 1.3806 7.24184 0.653465 7.99095 1.41661 5.72075 1.25475 0.939702 1.98698 1.10401 6.49179 6.03863 3.90513 1.40705 1.53181 8.28687 2.39884 2.22715 3.05684 0.822659 2.18739 1.13587 0 1.526 3.01949 1.76651 2.53382 1.9818 0.9666 1.42534 1.35605 1.39956 2.37228 2.23536 6.67582 5.72948 5.55078 8.32415 6.70499 8.43503 7.51711 3.33334 4.83197 3.22166 4.70061 8.34871 2.91801 2.51381 3.83169 3.45034 4.25932 8.17184 2.32423 8.11408 8.34821 1.85598 1.59166 1.74864 1.28395 8.31707 1.50284 8.97498 5.29654 5.30655 1.59021 3.93342 3.48481 1.57883 7.69718 1.42471 0.955908 1.43639 2.04452 2.88875 3.53994 2.14727 2.48045 1.38184 1.82727 3.78352 4.55619 3.23316 2.28112 2.63694 0.88048 0.595343 1.41452 7.16398 7.85848 2.06862 7.76678 10.1259 2.54574 7.10751 3.83525 
1.87948 1.42677 2.28806 1.24867 2.17024 1.62146 1.91601 1.51028 1.51198 1.81485 2.01534 2.2728 1.65124 2.0627 2.12206 1.82021 1.24541 1.89553 2.35147 2.47623 1.58501 1.96523 1.94858 2.01072 1.84071 2.14389 2.21203 1.526 0 1.69465 1.94314 1.76544 1.47336 2.17565 1.90504 1.94707 2.09659 2.0627 1.82021 1.24541 1.69465 1.46176 1.79238 1.24541 1.69465 1.61172 1.67518 1.87105 2.12327 1.526 1.26349 1.70571 1.59197 1.60472 1.5749 1.93028 1.46176 1.51198 1.62146 1.84672 1.80581 1.70571 1.84672 2.29822 1.7514 2.34955 1.70571 1.84213 1.69465 2.06991 1.77784 2.10745 1.84213 1.83812 2.18011 1.63184 2.39804 1.89481 2.57708 2.23662 2.12327 2.37099 2.32626 1.75618 1.59197 1.93028 1.98193 1.86885 2.15711 1.84213 0.971967 2.34851 2.22298 1.59197 1.913 1.59197 1.8044 2.16767 1.67362 1.94149 
1.34049 3.5403 1.59517 1.02198 2.51116 2.21897 3.3876 1.0151 2.752 1.93212 3.36564 1.41152 0.939702 2.37845 1.57862 4.31589 2.63285 2.97757 1.0931 1.20759 2.63631 2.56221 2.69091 3.11199 1.31924 1.62805 1.63865 3.01949 1.69465 0 2.00493 2.67642 2.48218 1.36111 1.20382 1.58217 1.16081 2.51917 2.58378 2.84978 2.42434 2.88161 3.17406 3.07236 3.22387 3.27672 2.63398 3.49086 4.61404 2.97896 3.50769 4.30637 3.60734 3.37927 3.88654 4.29123 2.29654 3.25912 3.34082 3.02127 2.30685 1.82241 2.13255 1.24692 3.49469 1.86584 3.16845 3.37478 2.59675 1.36869 3.71037 4.74328 2.09559 3.20835 1.15669 1.18786 1.49164 2.29088 3.43315 4.7188 2.85467 2.64045 1.00243 2.41843 3.43398 4.25018 3.96735 2.63359 2.78153 0.843499 0.612455 1.68504 3.84515 2.81257 2.66893 3.27029 3.40681 2.93467 3.78407 3.52918 
1.67088 2.00667 1.63673 1.27047 2.77799 2.0099 2.1436 1.23009 1.95258 2.23955 1.75763 1.78328 1.18819 2.29175 1.47425 2.67833 1.67893 2.61003 1.88199 1.84031 1.69138 2.86964 3.01329 2.76509 1.52406 2.67339 1.35987 1.76651 1.94314 2.00493 0 2.90197 2.85947 1.82689 1.20814 1.73983 1.47216 2.70927 2.81165 1.90191 1.98041 1.98185 2.07418 2.07067 2.05533 2.23355 2.04382 2.28134 2.74865 2.29345 2.06927 2.77624 2.39774 2.07858 2.49649 2.32641 1.96848 1.82618 1.82642 1.87874 2.63766 2.20449 2.31738 1.49338 2.50648 2.02955 2.37491 2.32807 2.0435 1.37301 2.44704 2.95371 2.10167 2.21623 1.81914 1.44649 2.06112 2.8393 3.57131 2.98421 2.92713 2.88939 1.86321 2.7321 2.25286 2.65514 3.06415 2.77404 3.27922 1.33159 0.797896 1.85443 2.71735 1.83488 2.90431 1.81619 2.39949 3.31474 2.40027 2.6474 
1.25489 2.14811 2.13216 1.09277 3.77087 2.69294 2.95975 1.35438 2.13144 2.82542 3.00055 2.1169 1.49534 2.93173 1.96616 2.16327 2.04751 3.14589 2.19557 2.32033 2.55166 3.23822 3.46577 3.30451 1.68481 3.45935 1.69737 2.53382 1.76544 2.67642 2.90197 0 2.88644 2.01975 1.59982 1.33213 1.94006 3.00244 2.15837 2.02607 2.63628 1.83093 2.89033 1.99222 2.86674 2.24661 2.86857 2.84646 2.92224 2.67063 2.41386 3.00902 2.69087 2.85432 2.79116 2.68746 2.38085 2.30898 2.46527 2.64233 3.11034 2.95101 2.97531 2.0757 2.73955 2.19365 2.89141 2.97864 2.77261 1.76469 2.83871 3.43745 3.0128 2.98637 1.95462 1.47594 2.24214 3.41633 4.22078 3.56621 3.06063 3.75455 2.17036 3.25126 2.91273 2.98647 3.4163 3.55579 3.81167 1.68623 0.680829 2.19261 3.45106 2.7334 3.60284 2.60168 2.93489 3.52445 2.98315 3.07546 
1.4315 1.93463 1.84008 0.800696 3.33502 2.35575 2.6228 1.02105 1.85762 2.46574 2.87587 1.82483 1.20326 2.67734 1.67409 2.70634 1.42126 2.55926 1.90349 2.02826 2.1358 2.15872 3.0445 2.81815 1.39273 3.06407 1.76405 1.9818 1.47336 2.48218 2.85947 2.88644 0 1.68642 1.45707 1.49909 1.64862 2.2541 2.68062 1.70431 2.36394 2.11023 2.46906 1.70927 2.5944 2.21504 2.32329 2.65466 3.21083 2.37555 2.01856 2.7631 2.22879 2.45966 2.24975 2.83273 2.01954 2.23336 2.21899 2.51964 2.83 2.56455 2.57935 1.85025 2.44447 1.90157 2.45144 2.56215 2.31094 1.62193 2.71909 3.19153 2.60769 2.47815 1.73213 1.18386 1.95006 2.99983 3.95307 3.38465 3.19526 3.4486 1.87828 2.74118 2.30432 2.83847 2.82739 3.19503 3.35953 1.39416 0.770489 1.90053 3.12454 2.11042 3.04147 2.20638 2.66841 3.37645 2.56319 2.66527 
1.94201 1.23237 1.96121 1.50299 2.05399 1.37238 1.4256 1.23148 1.52958 1.31875 1.5839 1.86111 1.34552 1.54817 1.71037 1.6506 0.9666 1.66156 2.01793 2.1427 1.46877 1.68642 1.9856 1.81035 1.42901 1.81035 1.88518 0.9666 2.17565 1.36111 1.82689 2.01975 1.68642 0 2.11436 1.67713 2.0803 1.54817 1.78298 0.9666 1.36111 1.61401 1.4256 1.50299 1.36111 0.9666 1.35128 1.85476 1.94423 1.54339 1.44363 1.74274 1.35128 1.78235 1.80528 1.5839 1.34552 1.63456 1.44363 1.59639 1.48286 1.4256 1.59639 1.96469 1.54339 2.04442 1.56127 1.56127 1.36111 2.27923 1.89022 2.12484 1.70353 1.55129 2.13733 1.66886 2.25944 1.56127 2.59447 2.05107 1.86676 2.24953 1.99272 1.66834 1.35128 1.96731 1.95729 1.56372 2.22505 1.56127 0.963932 2.16383 2.10511 1.35128 1.62902 1.48286 1.80302 2.26827 1.80548 1.63636 
1.49383 1.18302 2.11248 1.23238 1.44499 1.44589 1.49192 1.49399 1.20814 1.71695 1.35197 1.91079 1.45209 1.83961 1.7982 1.5651 1.22911 1.48858 1.75976 1.96782 0.859763 1.94893 1.71803 1.55723 1.80335 1.48858 1.90819 1.42534 1.90504 1.20382 1.20814 1.59982 1.45707 2.11436 0 1.5651 1.40306 1.83961 1.49383 1.22911 1.20382 0.859763 1.33808 1.01769 1.20382 1.45209 1.42534 1.13533 1.77352 1.13533 1.24719 1.48341 1.34213 1.01769 1.333 1.35197 0.859763 1.00999 1.35197 0.859763 1.58273 1.53573 1.03172 1.6434 1.38602 2.19556 1.48341 1.33058 1.20382 1.19597 1.23366 1.90339 1.02544 1.27786 1.65626 1.49038 1.94374 1.33058 2.05043 1.52557 1.68612 1.49705 1.76203 1.69754 1.23366 1.6787 1.82179 1.55277 1.59685 1.48341 0.536427 1.94255 1.49705 1.03172 1.69069 1.00999 1.13533 1.7076 1.19597 1.53533 
1.20281 0.834868 2.01901 1.27441 1.97899 1.29816 1.69795 1.3033 1.39949 1.70819 1.5024 1.69795 1.38099 1.62 1.5024 0.834868 1.16606 1.76134 2.23898 2.34698 1.39376 1.88588 1.97431 2.0314 1.45236 2.02257 1.94661 1.35605 1.94707 1.58217 1.73983 1.33213 1.49909 1.67713 1.5651 0 1.84496 1.62 1.04378 1.00207 1.58217 1.04378 1.6799 1.04378 1.58217 0.895471 1.5627 1.57722 1.59179 1.55174 1.28922 1.73145 1.47949 1.55169 1.42606 1.29816 1.31293 1.39949 1.29816 1.39376 1.55038 1.6799 1.56571 2.09491 1.55864 2.257 1.72965 1.72965 1.58217 1.72997 1.66379 2.0149 1.55944 1.72564 2.06762 1.53929 2.28555 1.78232 2.41801 1.9947 1.64743 1.93894 2.21377 1.74017 1.47949 1.7245 2.00767 1.85284 2.04463 1.72965 0.878325 2.29204 1.93894 1.47949 1.93873 1.45109 1.57722 2.15537 1.56114 1.92548 
1.68538 1.27312 2.12125 1.42393 1.47032 1.61259 1.25361 1.59746 1.47216 1.75171 1.39335 1.82117 1.46826 1.9543 1.77426 1.84496 1.33258 1.5139 1.78509 1.72951 0.691987 2.0524 1.77224 1.51471 1.76582 1.5139 2.13429 1.39956 2.09659 1.16081 1.47216 1.94006 1.64862 2.0803 1.40306 1.84496 0 1.9543 1.68538 1.33258 1.16081 1.18953 1.16081 1.18953 1.16081 1.46826 1.39956 0.691987 2.06606 1.18953 1.43875 1.77513 1.37574 1.20924 1.70496 1.56789 1.16081 1.38195 1.56789 0.691987 1.79865 1.39956 1.27015 1.7214 1.49218 2.17574 1.51241 1.3559 1.25484 1.56793 1.60562 1.93364 1.3559 1.30319 1.90952 1.69211 1.99059 1.3534 2.0177 1.74149 1.80481 1.3534 1.78736 1.69736 1.37574 1.84102 2.01334 1.55559 1.96881 1.51241 0.945625 2.18829 1.3534 1.27015 1.88923 1.38195 1.18953 1.73767 1.39229 1.44195 
1.7927 2.24261 1.86563 1.39003 3.67245 2.65077 2.76775 1.17435 2.02844 2.42275 2.51003 1.97772 1.28839 2.47876 1.75774 2.81347 1.64484 2.88616 2.17809 2.25478 2.43175 2.12532 3.54367 3.45046 1.58918 3.35876 1.58878 2.37228 2.0627 2.51917 2.70927 3.00244 2.2541 1.54817 1.83961 1.62 1.9543 0 2.91211 1.86724 2.47903 2.4157 2.74576 2.37379 2.82718 2.2022 2.68655 3.13434 3.43143 2.74852 2.62163 3.34992 2.92967 3.06273 2.77605 2.91807 2.30685 2.5632 2.51401 2.61297 3.05059 3.00036 2.84457 2.0441 2.81744 2.20458 3.02668 2.97222 2.53577 2.00448 3.17892 3.74013 3.03945 2.76238 2.0331 1.67539 2.30894 3.42407 4.51552 3.65256 3.46317 3.8342 2.15288 3.15573 2.85282 3.29968 3.52827 3.46026 3.87548 1.72143 0.861468 2.2247 3.54877 2.65891 3.47718 2.61133 3.239 3.88311 3.04777 3.01023 
0.634071 1.89308 2.04872 1.14755 3.20318 2.33997 2.47978 1.40916 2.29457 2.7351 2.68803 1.77155 1.084 2.85178 1.65896 2.12057 1.84692 2.78899 1.94064 2.05039 2.1009 3.14789 2.98991 2.85311 1.68508 3.03084 1.82206 2.23536 1.82021 2.58378 2.81165 2.15837 2.68062 1.78298 1.49383 1.04378 1.68538 2.91211 0 1.81066 2.3018 1.54965 2.4025 1.44033 2.53225 1.89288 2.41718 2.40775 2.40647 2.30381 2.00934 2.55763 2.23948 2.26693 2.30342 2.24613 1.93578 2.23302 1.9495 2.34098 2.61377 2.49961 2.57264 1.96971 2.28792 2.00022 2.44001 2.52725 2.38579 1.6587 2.38732 2.75837 2.61013 2.49301 1.67308 1.28251 2.01056 2.91177 3.54171 2.8844 2.37882 3.22507 1.93046 2.77871 2.46134 2.30376 2.96491 3.03315 3.37501 1.51362 0.586987 2.01232 2.86394 2.36725 3.15144 2.09624 2.5016 3.07306 2.53176 2.57888 
1.20681 7.83295 1.3832 0.572742 2.33796 1.40587 6.25848 0.30123 7.54567 1.53036 5.63565 1.25475 0.670463 1.89651 1.10401 5.90772 5.77107 3.27552 1.40705 1.53181 6.97342 2.07309 2.30073 3.01032 0.822659 2.00547 1.30717 6.67582 1.24541 2.84978 1.90191 2.02607 1.70431 0.9666 1.22911 1.00207 1.33258 1.86724 1.81066 0 4.8223 4.45365 8.27218 6.79126 7.3297 8.18537 3.3604 4.61711 3.28623 4.67101 9.04296 3.13949 2.64866 3.77219 3.31853 4.19723 6.46667 2.53715 8.64267 8.15661 1.96003 1.74138 1.72863 1.3538 8.84939 1.62301 9.14979 4.9949 4.87381 1.39398 3.83501 3.9299 1.80758 6.69774 1.50418 0.955908 1.72211 2.12987 3.08311 3.6682 2.37261 2.54809 1.38184 1.99191 3.90436 4.48055 2.95257 2.34431 2.58129 0.950386 0.692676 1.58582 6.75576 8.05591 2.28668 7.60643 9.06339 2.58462 6.66525 3.72263 
1.34049 6.00704 1.50405 1.02198 1.93637 1.90115 6.49711 1.0151 5.83698 1.89198 7.05705 1.42714 0.939702 2.35393 1.59425 7.88318 4.36374 3.52106 1.30042 1.22321 5.36478 2.52207 2.15343 2.70241 1.31924 1.56448 1.5075 5.72948 1.69465 2.42434 1.98041 2.63628 2.36394 1.36111 1.20382 1.58217 1.16081 2.47903 2.3018 4.8223 0 5.63938 5.12939 5.02438 5.29606 5.73393 3.03629 4.53572 3.80462 4.71108 5.78413 3.281 2.73094 4.03849 4.28164 4.78401 4.76078 2.49464 5.67774 5.30477 2.07674 1.26916 1.5469 1.28832 5.65821 1.71476 5.43984 5.42013 5.43321 1.36869 4.05251 3.79141 1.77481 6.26855 1.15669 1.18786 1.44048 1.85898 2.89764 3.69711 2.42702 2.01328 1.24739 1.94565 4.35376 4.82597 3.07256 1.95201 2.34857 0.884901 0.665746 1.66643 7.22285 5.00096 2.41273 5.46327 6.12354 2.30464 6.99002 3.40249 
0.634071 5.00595 1.61213 0.7891 2.28004 1.70859 5.82423 1.05071 5.42637 2.04921 6.43033 1.38947 0.938954 2.35537 1.27689 6.38488 4.3574 4.13941 1.44478 1.45469 5.08566 2.46201 2.17372 3.22596 1.32355 2.22114 1.45429 5.55078 1.46176 2.88161 1.98185 1.83093 2.11023 1.61401 0.859763 1.04378 1.18953 2.4157 1.54965 4.45365 5.63938 0 4.99887 4.53015 6.54059 4.82001 3.28961 4.5401 2.95722 4.99269 5.25086 2.89017 2.76465 3.55859 3.5074 3.53542 4.70752 2.28055 5.2043 4.53685 2.00307 1.72877 1.53986 1.47206 5.41782 1.50437 5.51854 5.10276 5.37326 1.02463 3.46906 3.61279 1.59197 5.43347 1.15669 0.786658 1.37649 1.70875 2.6353 2.92066 2.05138 2.26705 1.29639 2.08643 3.89361 3.64104 3.13389 2.12035 2.20369 1.01777 0.418572 1.51647 6.13062 4.72827 2.28986 4.59218 6.05077 1.99862 6.46424 3.29109 
1.48137 10.6714 1.31246 1.11972 2.13223 1.8395 7.15149 1.17923 9.462 2.222 6.33729 1.25475 1.07451 2.48586 1.42186 6.99316 9.0045 3.93565 1.51331 1.22321 7.43542 2.85209 1.95725 3.21992 1.4514 2.06726 1.61165 8.32415 1.79238 3.17406 2.07418 2.89033 2.46906 1.4256 1.33808 1.6799 1.16081 2.74576 2.4025 8.27218 5.12939 4.99887 0 9.48385 6.08912 9.01978 2.86003 4.25226 3.41918 4.47846 9.77218 3.04256 2.79437 3.92176 4.10324 4.18889 6.41255 2.67114 10.2217 9.78564 2.13058 1.38427 1.48068 1.34849 8.75525 1.46187 9.08265 4.76945 4.17671 1.40517 3.80936 3.7063 1.70859 6.21462 1.33713 1.22429 1.23306 1.99172 3.11971 3.50951 2.11416 1.83672 1.36861 1.57905 4.15013 4.35114 3.29392 1.65143 2.33787 1.00611 0.660565 1.45901 6.15915 9.23366 2.32244 8.39818 8.33224 2.45669 6.16397 3.24401 
0.634071 9.90602 1.61213 0.572742 2.42562 1.56135 6.28458 0.837618 8.01282 1.90196 6.06768 1.38947 0.938954 2.31019 1.27689 5.45471 13.0698 3.60353 1.44478 1.66937 7.03901 2.31476 1.99766 2.93245 1.16478 2.05485 1.45429 6.70499 1.24541 3.07236 2.07067 1.99222 1.70927 1.50299 1.01769 1.04378 1.18953 2.37379 1.44033 6.79126 5.02438 4.53015 9.48385 0 7.09789 7.93603 3.25624 4.49199 3.26907 4.61975 8.79326 2.35366 2.07695 3.63228 3.70195 3.84523 6.60702 2.5652 9.49645 10.3347 2.18193 1.66648 1.62868 1.47386 10.9006 1.50437 7.89137 5.11599 4.89638 1.18256 3.88261 3.55794 1.68079 6.71725 1.17723 0.786658 1.59117 2.1696 2.77738 2.72801 1.99779 2.45664 1.5019 1.75461 3.69155 3.8462 2.72555 2.20916 2.54188 1.01777 0.487682 1.51647 6.13942 8.81561 2.16987 16.9818 8.69653 2.23992 6.08148 3.61942 
1.34049 8.0142 1.59517 1.02198 2.01128 1.97607 8.36163 1.0151 8.36268 2.25149 7.641 1.41152 0.939702 2.42885 1.57862 8.40285 6.59134 3.65104 1.30042 1.20759 6.92838 2.88158 2.18694 3.36065 1.31924 1.8632 1.65209 8.43503 1.69465 3.22387 2.05533 2.86674 2.5944 1.36111 1.20382 1.58217 1.16081 2.82718 2.53225 7.3297 5.29606 6.54059 6.08912 7.09789 0 7.84566 3.40594 5.21693 3.74459 5.45036 7.63375 3.36797 3.27163 4.00458 4.88993 4.88456 6.52245 3.0542 7.2021 7.12775 2.2559 1.44811 1.73024 1.24692 7.63161 1.86584 7.17416 4.75335 5.62243 1.36869 4.39927 4.24254 1.70274 8.34858 1.15669 1.18786 1.49164 1.78691 3.18763 3.83612 2.56519 2.19661 1.00243 2.12899 4.5417 5.06431 3.35784 2.13535 2.5319 0.843499 0.626367 1.68489 7.55246 6.50794 2.34066 6.63351 8.32449 2.68503 7.61722 4.12322 
1.26695 8.38668 1.67115 0.939054 2.38166 1.64088 6.83018 0.858545 9.28893 2.24473 5.71852 1.2532 0.670463 2.03868 1.28896 6.26218 7.39198 3.95228 1.59652 1.53479 7.93921 2.34907 2.52127 3.34408 1.0076 2.30454 1.65202 7.51711 1.61172 3.27672 2.23355 2.24661 2.21504 0.9666 1.45209 0.895471 1.46826 2.2022 1.89288 8.18537 5.73393 4.82001 9.01978 7.93603 7.84566 0 3.58449 4.83475 3.30007 5.05265 9.59513 3.4833 3.07267 4.05458 4.07764 4.23789 7.30548 2.83641 9.24084 8.93946 2.05238 1.78508 1.77233 1.54328 9.35642 1.62301 10.4509 5.42174 5.13829 1.61696 4.11648 4.09654 1.96721 7.11329 1.61663 1.32222 1.75995 2.36304 3.39872 3.72216 2.31545 2.69866 1.57131 1.92465 4.73584 4.89678 3.65966 2.30993 2.89604 1.13986 0.72439 1.84451 7.23247 8.84736 2.72879 8.47851 9.70356 2.90023 7.00821 3.95443 
1.4951 3.95388 1.31246 1.00252 2.29844 1.81501 3.8271 0.9032 3.86832 1.96108 4.06241 1.25475 0.939702 2.50097 1.42186 5.0712 2.9085 3.64982 1.30042 1.46633 2.93399 2.59117 2.21991 2.9429 1.20734 1.77746 1.5075 3.33334 1.67518 2.63398 2.04382 2.86857 2.32329 1.35128 1.42534 1.5627 1.39956 2.68655 2.41718 3.3604 3.03629 3.28961 2.86003 3.25624 3.40594 3.58449 0 3.72077 3.19801 3.06585 3.54152 3.0593 2.70508 4.04306 4.3572 4.75806 2.67287 2.49425 3.19156 3.13067 1.86916 1.33222 1.72843 1.1818 3.18859 1.52317 3.35805 3.57109 2.69232 1.59021 4.20161 3.74007 1.51722 3.35001 1.22563 1.16839 1.40902 1.90891 3.04084 3.56463 2.12705 2.29267 1.24739 1.87421 4.18077 4.74396 2.93188 2.21951 2.44177 0.853118 0.608521 1.27064 4.38285 2.45159 1.78244 2.93091 3.59102 2.58351 4.23882 3.74364 
1.45984 4.75999 1.89571 1.19839 2.36029 2.13433 5.50099 1.39122 5.37002 2.55182 5.44719 1.35483 1.24272 2.79636 1.52194 6.25287 4.47198 4.50579 1.68985 1.50397 4.16481 3.18191 2.49819 3.34991 1.45982 2.20014 1.88197 4.83197 1.87105 3.49086 2.28134 2.84646 2.65466 1.85476 1.13533 1.57722 0.691987 3.13434 2.40775 4.61711 4.53572 4.5401 4.25226 4.49199 5.21693 4.83475 3.72077 0 4.09966 5.53831 5.39463 3.66917 3.15666 4.50394 4.80876 4.93228 4.19051 3.21846 5.11386 4.22416 2.66291 1.88748 1.664 1.34849 4.79621 1.92343 5.34942 6.01958 4.34047 1.3002 4.7019 3.98078 1.9275 4.70773 1.5842 1.43979 1.61636 1.99424 2.82038 3.84827 2.68078 1.93067 1.71832 2.18201 4.93659 4.75799 3.86891 1.59868 2.91034 1.1867 0.765623 1.86403 5.44375 4.30251 2.69105 4.35532 5.06787 2.60838 5.25186 4.07561 
1.57019 3.43498 1.82458 1.4506 3.34093 2.38672 3.65776 1.65065 4.0222 2.94775 3.97817 2.08409 1.68764 2.98103 1.77506 3.38942 3.23573 4.40357 2.19789 2.1493 3.52125 3.66394 2.88158 4.74987 1.82535 3.19953 1.79334 3.22166 2.12327 4.61404 2.74865 2.92224 3.21083 1.94423 1.77352 1.59179 2.06606 3.43143 2.40647 3.28623 3.80462 2.95722 3.41918 3.26907 3.74459 3.30007 3.19801 4.09966 0 3.84905 3.32877 3.98944 4.30957 3.73929 4.02065 2.97063 3.26229 3.66849 2.97276 3.44832 2.77893 2.12596 2.6243 1.81164 3.68293 1.8733 3.24902 3.05104 3.42816 1.93839 3.8803 4.78813 2.07727 3.66736 2.01237 1.28846 1.87326 2.62914 3.69861 4.6591 2.25699 3.23739 1.79201 2.98874 3.53177 4.10688 4.4852 3.22189 3.55736 1.21942 0.467968 1.9222 4.02899 3.23555 2.81473 2.44968 4.02244 3.62126 4.1386 4.17974 
1.336 4.81304 1.67544 0.853338 2.57491 1.88366 5.4948 1.11495 5.62207 2.35095 5.72888 1.46594 1.1534 2.62978 1.50944 6.41993 4.51755 4.23207 1.44478 1.66937 4.49206 2.98104 2.27758 3.028 1.22808 2.02785 1.67647 4.70061 1.526 2.97896 2.29345 2.67063 2.37555 1.54339 1.13533 1.55174 1.18953 2.74852 2.30381 4.67101 4.71108 4.99269 4.47846 4.61975 5.45036 5.05265 3.06585 5.53831 3.84905 0 4.75622 3.44668 2.38429 4.2175 4.65612 4.92424 4.5445 2.74756 4.31445 4.86048 2.27934 1.68921 1.62928 1.58887 4.87612 1.50284 5.38851 5.98628 4.44117 1.3002 4.30931 2.93005 1.89313 5.16602 1.17723 1.01921 1.59117 2.2643 2.34422 3.46456 2.10293 2.13948 1.71363 1.85307 4.64491 4.8688 3.30566 1.89201 2.4102 1.22951 0.604721 1.77729 5.88276 4.49293 2.5254 4.15264 4.78455 2.21151 5.97661 3.56697 
