0 2.46964 1.76033 2.09517 3.7731 1.36265 2.22331 2.37473 2.27617 3.32943 3.49237 2.38379 1.65753 4.09635 3.80347 3.25753 1.57399 1.9826 1.87104 3.24727 1.76867 2.28487 2.14067 2.91322 1.76112 2.73432 1.36404 2.64275 1.63174 2.67068 1.86513 1.74776 1.44937 4.26673 2.5847 3.04738 2.71633 2.15528 1.81405 2.35662 2.33394 2.79404 3.81076 3.00071 2.55825 4.30699 3.42491 3.58305 3.49225 2.45541 3.31952 3.20291 3.36132 3.89032 2.85329 2.49685 2.89108 3.02418 2.868 2.37783 1.9807 1.77007 1.5084 4.44912 1.8193 4.15893 2.03768 3.05911 1.23396 3.73762 2.64158 2.2558 1.65909 3.13642 3.65374 3.21399 2.51637 2.02648 2.8186 2.59457 1.48245 3.97151 2.08 1.93937 3.80464 2.87178 2.15331 1.70385 4.10023 2.86779 3.68189 3.63512 2.58011 2.95789 2.04054 3.67153 2.42267 3.55046 3.64186 4.60199 
2.46964 0 1.60933 1.40087 5.89296 1.17766 2.1239 2.02509 2.35501 3.05639 4.40481 1.73344 1.28731 3.12638 2.94078 2.95906 1.36364 1.60307 1.4619 6.52454 1.45428 2.06347 1.9065 2.39921 1.27066 4.98015 1.29911 9.60171 0.779485 2.21694 1.28881 1.51446 1.26438 3.00098 8.43905 8.64119 7.70583 1.81929 1.5583 1.91654 8.11019 7.6766 4.12368 2.69937 7.14479 3.35518 2.20822 2.91243 5.8008 6.61934 7.75616 7.32926 8.05899 6.97798 5.97701 6.23234 2.16322 6.84699 7.81642 7.54338 1.44978 1.33604 1.29848 3.61519 1.39934 5.13738 1.39893 8.17421 0.713341 3.12741 1.7925 1.82789 1.48743 4.19415 9.85036 9.79011 2.05897 1.28172 2.31687 2.21272 0.843703 2.99186 1.7287 1.52723 8.44338 1.97834 1.86141 0.996349 3.35199 7.5565 3.07305 5.4097 6.12637 2.3373 1.06852 8.95186 1.7385 5.17983 10.2272 3.77833 
1.76033 1.60933 0 1.58643 2.15588 1.04217 1.89569 2.32768 2.48502 3.22216 2.1577 2.11712 1.28731 2.32328 1.97998 3.08906 1.5492 1.47357 1.25916 1.70244 1.28582 2.24226 1.63077 2.78283 1.27066 1.58461 1.36986 1.98796 1.24413 2.36556 1.01308 1.6162 1.12889 2.49097 1.30004 1.63139 1.44231 1.79449 1.47822 2.01703 1.9621 1.88745 2.66607 2.13678 1.20843 2.6137 1.75429 2.30586 1.95661 1.34231 2.19323 2.24063 2.21631 2.53115 1.71277 1.22281 1.65976 1.75273 1.49378 1.58518 1.5835 1.37287 1.2829 3.08686 1.37966 2.59883 1.58513 1.95359 0.784082 3.6766 2.58105 1.89863 1.48743 2.39571 2.40145 1.97679 2.45126 1.62928 2.81417 2.24954 1.0299 2.37258 1.7287 1.50755 2.35059 2.71422 1.86141 1.18254 2.60215 1.9096 2.36366 2.35128 1.87084 2.90967 1.97543 2.3098 1.76918 2.22785 2.48372 2.84261 
2.09517 1.40087 1.58643 0 1.36517 2.24799 3.03028 2.07131 2.02037 2.67633 1.89642 2.14118 1.87409 2.38232 1.36517 2.64254 2.28437 2.09545 2.21392 1.40087 1.97108 1.95391 2.76586 1.94711 1.51105 1.91019 2.17893 1.95666 2.05894 2.44048 2.35986 2.66056 2.02037 1.36517 1.58643 1.90696 1.81809 1.89015 2.09517 1.85056 1.70452 1.59078 2.09096 2.09526 1.51105 2.15718 1.81789 1.68628 1.51105 1.40087 1.6337 1.51105 1.36517 1.6733 1.42084 1.73916 1.59078 1.66519 1.58643 1.59078 2.14298 2.00232 2.39612 2.21787 2.40594 1.96262 2.49384 1.78452 1.76684 2.23839 2.18141 2.39555 1.9791 2.14654 1.8056 1.6733 2.29226 2.36237 2.13035 2.84355 1.9241 2.02491 2.37029 2.53383 1.93557 2.11614 2.416 1.9241 1.42084 1.73057 1.61252 1.9241 1.42084 2.1022 1.61252 1.68628 2.57961 1.93557 2.01597 1.92906 
3.7731 5.89296 2.15588 1.36517 0 1.48077 2.19969 2.91162 2.38475 3.3895 5.92864 2.67527 1.60181 4.50676 3.04876 3.67301 1.66763 1.00892 1.25916 6.29053 1.59152 2.64399 2.16001 3.15465 1.27518 7.41183 1.60311 6.06396 1.30873 2.91241 1.54233 2.14171 1.0918 3.28024 5.76435 6.05212 6.06809 2.3465 2.29193 2.60098 6.35571 5.82217 6.01451 4.1251 4.83216 4.7322 3.37013 3.69465 6.74384 4.28464 6.72529 5.93575 5.79463 7.35811 6.5535 5.45405 3.41914 6.16903 5.41703 5.91984 1.87069 1.73004 1.7215 5.04457 1.90891 6.70692 1.92818 6.48556 1.24259 4.02351 2.88959 2.14501 1.80193 5.78414 6.69243 6.17333 2.7926 1.81097 3.17523 2.60671 1.37295 4.5657 2.19049 2.0368 7.26716 3.00378 2.2362 1.47292 4.52972 5.94771 4.60138 7.43949 6.48075 3.31801 2.18983 6.82354 2.21508 7.53998 7.06374 5.126 
1.36265 1.17766 1.04217 2.24799 1.48077 0 2.68791 1.75518 1.48077 2.13207 1.65423 1.61868 1.81035 1.74228 1.53433 2.17207 2.15585 2.014 1.90244 1.41751 1.80007 1.43379 2.17207 2.06659 1.91394 1.17766 2.01313 1.64086 1.78456 1.7064 1.89653 2.05499 1.48077 1.91394 1.04217 1.40369 1.17021 1.25641 1.27194 1.17021 1.43379 1.30186 1.99512 1.68685 1.09912 2.00119 1.00508 1.60872 1.53979 1.00508 1.73579 1.64331 1.57565 1.85288 1.30186 1.00508 1.30186 1.25527 1.09912 1.30186 2.22677 2.01614 1.63478 2.22215 2.02293 1.85338 2.22841 1.51909 1.42736 2.27395 1.91597 2.54191 2.01047 1.83794 1.69888 1.46478 1.57207 2.27256 2.01096 2.89282 1.67318 1.68311 2.37197 2.15083 1.90957 1.8507 2.50469 1.82582 1.71704 1.42736 1.30186 1.67318 1.30186 1.9185 1.30186 1.79522 2.57172 1.63478 1.74807 1.85338 
2.22331 2.1239 1.89569 3.03028 2.19969 2.68791 0 2.69183 2.19969 1.89569 2.59088 2.18455 2.93568 2.49782 2.41007 3.11789 2.41069 2.88975 2.90753 2.37611 2.76668 2.37044 3.14847 2.80754 2.65813 2.32818 2.25819 1.89569 2.67518 2.80837 2.75006 3.00633 2.71086 2.65813 1.89569 1.95384 1.98789 2.0741 2.22331 2.17731 1.9455 2.1239 2.63654 2.17957 1.9455 2.69458 2.29894 2.27204 2.67493 1.89569 2.52927 2.20641 2.59765 2.67491 2.1239 2.17731 1.9455 2.23167 1.9455 1.9455 3.04881 2.83818 2.8321 3.04418 2.84497 2.56938 3.05312 2.3438 2.24939 3.00801 2.74068 3.28811 2.81163 2.39305 2.52091 2.28682 2.86593 3.09459 2.63654 3.62688 2.49789 2.48708 3.1123 2.9548 2.60271 2.67542 3.18562 2.65053 2.68057 2.24939 2.1239 2.49789 2.1239 2.74053 2.1239 2.52927 3.36275 2.49789 2.57011 2.56938 
2.37473 2.02509 2.32768 2.07131 2.91162 1.75518 2.69183 0 3.0165 4.06976 2.23562 2.74681 2.06914 2.86403 2.96873 3.62055 1.82072 2.36802 2.16242 2.15003 1.96148 2.65233 2.35996 3.13496 1.72035 2.01274 1.88429 2.67778 2.01716 3.03268 2.08443 1.83898 1.8419 2.94626 2.02385 2.40592 2.39057 2.5183 2.54079 2.77342 2.06461 2.3081 2.91341 2.75117 1.91809 3.40343 2.30362 2.85981 2.68922 2.06612 2.62136 2.65008 2.76586 3.0807 2.1894 1.97124 2.18963 2.30228 2.0302 1.92203 2.18227 1.97164 1.59961 3.4916 1.98402 3.00357 2.19324 2.43249 1.43553 4.10064 3.0046 2.34701 1.7503 2.87651 2.94269 2.52582 2.87939 2.22805 3.18162 2.68578 1.63801 2.74404 2.17121 2.09386 3.03712 3.2348 2.24452 1.8956 3.03028 2.34507 2.78646 2.89625 2.33368 3.33247 2.40356 2.85243 2.61638 2.71133 2.8025 3.24735 
2.27617 2.35501 2.48502 2.02037 2.38475 1.48077 2.19969 3.0165 0 3.61838 2.84653 2.90415 1.89707 3.02136 2.67676 3.77789 1.66763 1.78185 1.67029 2.71558 1.88679 2.91141 2.25879 3.48797 1.60073 2.2915 1.60311 2.2264 1.87128 3.18261 1.98325 2.14171 1.0918 2.93626 2.18119 2.5774 2.11653 2.63099 2.32081 2.77631 2.32369 2.46827 3.27958 2.42121 2.08958 3.56077 2.62331 2.9393 2.80633 2.01494 2.90012 2.59006 2.88297 3.23804 2.46816 2.11013 2.34697 2.45962 2.34624 2.20079 2.30575 2.09512 1.7215 3.77036 2.10191 3.28233 2.31006 2.65858 1.50634 4.3794 3.28336 2.61914 2.09719 2.98853 3.03049 2.68368 3.15815 2.35154 3.46038 2.9718 1.75483 2.97012 2.43289 2.21175 3.26321 3.41652 2.58367 1.90748 3.30904 2.61191 3.06522 3.05359 2.43898 3.61123 2.68232 3.06851 2.6507 2.93742 3.08126 3.51222 
3.32943 3.05639 3.22216 2.67633 3.3895 2.13207 1.89569 4.06976 3.61838 0 3.89979 2.99956 2.3772 3.64835 3.50244 4.6131 2.41069 2.39951 2.34906 3.34233 2.26118 3.70686 2.72066 4.21153 2.36056 3.34475 2.25819 2.94875 2.11965 4.17386 2.10298 2.47637 2.21879 3.88188 2.49435 2.57885 2.90785 2.99396 3.36347 3.7649 2.92491 3.13104 3.94236 3.47447 2.86024 3.8149 3.67657 3.44337 3.89718 2.71569 3.69307 3.39564 3.79244 3.94584 2.91396 3.09871 2.68256 3.27677 2.61763 2.86356 2.49789 2.36368 2.35761 4.43314 2.37047 3.91436 2.57594 3.32135 1.77489 4.95829 3.94614 2.87083 2.33714 3.49259 3.69327 3.37447 4.21141 2.54146 4.03927 3.20961 2.02071 3.6329 2.71951 2.49837 3.78608 4.0793 2.76835 2.17336 4.03689 3.26194 3.728 3.71636 3.10175 4.274 3.25221 3.59149 2.85908 3.74341 3.74404 4.15814 
3.49237 4.40481 2.1577 1.89642 5.92864 1.65423 2.59088 2.23562 2.84653 3.89979 0 2.57684 1.89426 4.18109 3.78595 2.75009 1.64584 2.19314 1.98753 4.95075 1.86054 2.00787 1.717 2.15678 1.54547 4.79397 1.78334 5.14848 1.84228 2.86271 1.98348 1.73803 1.74095 4.03171 4.17027 4.82383 4.3309 2.34833 2.37081 2.60345 4.25665 4.40635 5.16221 3.85332 4.3099 4.20945 3.45701 3.50431 5.14436 4.23994 4.74566 5.15142 4.75768 5.10416 4.75725 3.92479 3.10478 4.47273 4.3557 3.83865 2.00739 1.54021 1.49866 4.4302 1.82023 6.37471 2.02838 4.64749 1.22465 3.41111 2.77072 1.7453 1.57482 6.00475 5.21829 4.71173 2.70942 2.05317 2.23556 2.20701 1.47315 4.12991 1.7748 1.93006 5.23961 2.95483 1.76575 1.58305 4.15809 4.30196 3.9689 5.53571 4.74301 2.86704 2.04608 4.95055 2.16667 5.19668 5.35943 4.32248 
2.38379 1.73344 2.11712 2.14118 2.67527 1.61868 2.18455 2.74681 2.90415 2.99956 2.57684 0 1.80687 2.3254 2.39717 3.31877 1.8906 1.99313 1.77872 2.24016 1.63787 2.38391 2.20867 2.88858 1.79023 2.0218 1.70636 2.376 1.65315 2.89679 1.65654 1.85085 1.7054 2.81983 1.22121 1.2559 1.96194 2.04805 2.41783 2.50235 1.79619 1.88622 2.61941 2.76024 1.53729 2.49195 2.35362 2.21147 2.57687 1.61006 2.37012 2.42927 2.46949 2.62289 1.59101 1.90002 1.35961 2.00051 1.29468 1.54061 1.92 1.70937 1.70329 3.11018 1.71616 2.59141 1.92431 1.9984 1.12058 3.63534 2.62318 2.14096 1.68282 2.52258 2.4467 2.05152 2.88846 1.96578 2.71632 2.47973 1.36908 2.30995 1.96516 1.82599 2.46313 2.75635 2.03847 1.52172 2.71394 1.93899 2.40505 2.39341 1.92761 2.95105 1.92926 2.26854 2.23394 2.42046 2.42108 2.83519 
1.65753 1.28731 1.28731 1.87409 1.60181 1.81035 2.93568 2.06914 1.89707 2.3772 1.89426 1.80687 0 2.05683 1.35328 2.58837 2.2822 2.29186 2.09062 1.6053 1.54758 1.74835 2.58837 2.12541 1.98071 1.47254 2.20132 1.88863 1.94537 2.01232 2.10068 2.32624 1.89707 1.87409 1.28731 1.60783 1.5865 1.67159 1.65753 1.5865 1.72754 1.36863 2.07772 1.99549 1.28731 2.01236 1.42138 1.7969 1.28731 1.28731 1.66816 1.8315 1.32317 1.70369 1.34314 1.42138 1.36863 1.43948 1.28731 1.36863 2.06527 1.8575 1.98233 2.14017 2.08045 1.83953 2.08005 1.37073 1.48993 2.11531 1.74683 2.33959 1.63657 1.90132 1.74522 1.51112 1.86695 2.19747 2.07772 2.73417 1.52482 1.748 2.40475 2.20835 1.79192 1.70235 2.38334 1.74621 1.34314 1.37073 1.36863 1.52482 1.34314 1.98527 1.36863 1.63657 2.57635 1.52482 1.74683 1.92015 
4.09635 3.12638 2.32328 2.38232 4.50676 1.74228 2.49782 2.86403 3.02136 3.64835 4.18109 2.3254 2.05683 0 4.34416 3.62541 2.24542 2.36223 2.15468 3.88054 1.94858 2.50113 2.34706 3.14426 2.12699 2.74686 1.87139 4.01613 2.0291 2.72965 2.03249 1.16149 1.82899 4.95821 2.89575 3.15578 3.24039 2.34639 2.53505 2.6015 3.42524 3.66297 4.43163 4.34415 2.9615 4.61062 3.98687 4.05142 4.09946 3.02618 3.93002 4.26339 4.085 4.45763 3.2527 2.64553 3.07202 3.68962 3.15291 2.74518 2.29595 2.00608 1.58671 5.19314 1.97112 4.76377 2.18033 3.55612 1.43026 4.12498 3.11282 2.33411 1.7374 4.45043 4.29035 3.91667 2.98761 2.34173 3.07304 2.67288 1.6251 4.60757 2.17637 2.09902 4.28441 3.24598 2.23162 1.8827 4.9728 3.58239 4.79614 4.39871 3.76353 3.44069 2.51178 4.07956 2.60989 4.11622 4.34529 5.13333 
3.80347 2.94078 1.97998 1.36517 3.04876 1.53433 2.41007 2.96873 2.67676 3.50244 3.78595 2.39717 1.35328 4.34416 0 3.57778 1.87801 1.2193 1.46954 3.2914 1.34299 2.45257 2.16001 2.8243 1.48557 3.34253 1.80297 3.45106 1.30873 3.0476 1.5268 2.12992 1.30218 3.14955 2.54735 2.75537 2.73828 2.03598 2.42712 2.70235 3.59891 2.63803 3.89449 4.03306 2.51235 3.7708 3.54266 3.48611 3.14795 1.72059 3.21849 3.50773 2.71488 3.41818 2.78742 2.72627 2.96897 3.15423 2.48409 2.86578 1.62216 1.48151 1.77506 4.26114 1.89338 4.14144 1.92818 3.0797 1.2172 3.58552 2.56596 1.89648 1.5534 4.10295 3.38099 2.85764 2.92277 1.81097 2.77498 2.35819 1.37295 4.04317 1.94196 2.02127 3.34234 2.69913 1.98767 1.47292 3.86656 2.7989 3.79988 3.52606 2.60176 2.88002 1.91977 3.2496 2.10162 3.61798 3.58839 4.46751 
3.25753 2.95906 3.08906 2.64254 3.67301 2.17207 3.11789 3.62055 3.77789 4.6131 2.75009 3.31877 2.58837 3.62541 3.57778 0 2.439 2.63969 2.63267 3.00637 2.49182 3.34222 1.39742 3.48189 2.48886 2.89554 2.18232 3.12171 2.41025 3.75054 2.16672 2.45445 2.25879 3.79268 2.59582 2.99203 2.45111 2.96223 3.30217 3.34424 2.7545 2.79586 3.28654 3.59647 2.69363 3.88524 3.14257 3.37592 3.2485 2.68397 3.3346 3.27599 3.32119 3.33114 3.07221 2.67806 2.70626 2.4278 2.66152 2.61192 2.77395 2.56331 2.09439 4.11177 2.31257 3.69347 2.52072 2.94421 1.717 4.79039 3.53853 2.89743 2.36578 3.38823 3.36312 2.88521 3.54652 2.73324 3.69079 3.30126 1.96549 3.25576 2.71669 2.4224 3.37581 3.6717 2.86 2.22415 3.66952 2.82535 3.46297 3.30876 2.81397 4.0844 2.8942 3.42359 2.90571 3.22306 3.51953 3.87818 
1.57399 1.36364 1.5492 2.28437 1.66763 2.15585 2.41069 1.82072 1.66763 2.41069 1.64584 1.8906 2.2822 2.24542 1.87801 2.439 0 2.35769 2.37548 1.36364 2.37919 1.91888 2.61641 2.07626 1.67251 1.68475 1.69269 1.36364 2.0217 2.28755 2.36257 2.42804 2.24257 1.67251 1.5492 1.74063 1.61455 1.68661 1.77174 1.72575 1.47042 1.47042 2.07626 1.5261 1.55801 2.33956 1.72575 1.8987 2.16892 1.36364 1.94029 1.67251 2.06559 2.14286 1.47042 1.72575 1.55801 1.69962 1.5492 1.47042 2.39533 2.1847 2.32784 2.39071 2.24416 2.00388 2.45231 1.74299 1.64859 2.44251 2.11316 2.72261 2.42414 1.91797 1.98886 1.75476 2.21246 2.44111 2.15629 3.06138 1.89708 1.88628 2.52247 2.354 2.11274 2.07461 2.67325 2.11848 2.08237 1.64859 1.47042 1.89708 1.47042 2.08706 1.47042 1.96377 2.8373 1.89708 1.91663 2.00388 
1.9826 1.60307 1.47357 2.09545 1.00892 2.014 2.88975 2.36802 1.78185 2.39951 2.19314 1.99313 2.29186 2.36223 1.2193 2.63969 2.35769 0 1.94922 1.64805 2.28158 2.05374 2.63969 2.54761 1.96524 1.79761 2.29317 1.8427 1.78841 2.33739 2.022 2.62513 1.78185 1.7233 1.47357 1.57717 1.72289 1.80909 1.89189 1.79016 1.99313 1.66751 2.36077 2.12658 1.47357 2.12666 1.66212 1.98316 2.0213 1.00892 2.13737 1.96524 1.69722 2.13389 1.60307 1.66212 1.66751 1.60307 1.47357 1.66751 2.4587 2.38179 2.25473 2.56586 2.38858 2.21903 2.40786 1.85263 1.72226 2.6396 2.06764 2.83506 2.49198 2.20945 1.77756 1.62204 2.19202 2.29064 2.37661 3.25847 1.85263 1.98034 2.73762 2.51648 2.06242 2.03015 2.87034 1.9526 1.83861 1.60307 1.66751 1.85263 1.60307 2.28415 1.66751 2.16086 2.69475 1.85263 1.94424 2.21903 
1.87104 1.4619 1.25916 2.21392 1.25916 1.90244 2.90753 2.16242 1.67029 2.34906 1.98753 1.77872 2.09062 2.15468 1.46954 2.63267 2.37548 1.94922 0 1.69858 2.08034 1.84814 2.68045 2.34201 1.75964 1.67623 2.1583 1.84561 2.03865 2.21479 2.07253 2.41952 1.67029 1.75964 1.25916 1.57969 1.67859 1.64344 1.78032 1.67859 1.77872 1.4619 2.15516 2.14436 1.25916 2.20962 1.51347 1.76876 1.8157 1.25916 1.93177 1.75964 1.8157 2.01117 1.4619 1.51347 1.4619 1.5874 1.25916 1.4619 2.38681 2.17618 2.14317 2.38219 2.18298 2.01342 2.38845 1.67913 1.5874 2.43399 2.07601 2.7002 2.29075 1.99798 1.85892 1.62482 2.08046 2.4326 2.171 3.05286 1.83322 1.84315 2.53201 2.31087 2.06962 2.01074 2.66473 1.98586 1.97835 1.5874 1.4619 1.83322 1.4619 2.07854 1.4619 1.95526 2.73176 1.83322 1.90811 2.01342 
3.24727 6.52454 1.70244 1.40087 6.29053 1.41751 2.37611 2.15003 2.71558 3.34233 4.95075 2.24016 1.6053 3.88054 3.2914 3.00637 1.36364 1.64805 1.69858 0 1.71644 2.48435 1.9678 2.59672 1.25652 6.31614 1.69269 6.68394 1.29719 2.64864 1.4525 1.9342 1.50423 3.52836 6.32539 6.90682 6.55441 1.89307 2.13918 2.31115 5.69936 6.67822 5.05865 3.60822 6.07961 4.33202 2.94791 3.3627 7.99183 5.71095 7.42538 6.8013 7.13551 8.25928 7.64414 5.58074 2.85333 7.50935 6.63437 6.32052 1.9015 1.69086 1.58949 4.62372 1.75033 6.1624 1.91664 7.39089 1.15475 3.79317 2.65691 2.22877 1.80543 5.3355 7.81031 7.43518 2.65045 1.79943 2.69357 2.56754 1.36141 4.09082 2.04669 1.87822 8.12709 2.84275 2.17941 1.51406 4.29001 6.74794 4.20518 6.69224 7.67823 3.025 1.934 7.74335 2.2086 6.66295 8.1712 4.73678 
1.76867 1.45428 1.28582 1.97108 1.59152 1.80007 2.76668 1.96148 1.88679 2.26118 1.86054 1.63787 1.54758 1.94858 1.34299 2.49182 2.37919 2.28158 2.08034 1.71644 0 1.6401 2.57808 2.01716 2.02746 1.57977 2.19104 1.87835 2.06531 1.99079 1.92415 2.32306 1.88679 1.97108 1.28582 1.43883 1.41751 1.46272 1.66735 1.41751 1.63787 1.4721 2.00129 2.09287 1.07731 2.00208 1.4111 1.62791 1.07731 1.28582 1.5599 1.82122 1.31289 1.63273 1.45428 1.28947 1.46462 1.42919 1.07731 1.47103 2.17641 1.96863 2.01191 2.24456 1.9722 1.8217 2.13851 1.42919 1.4721 2.09748 1.82608 2.32176 1.56561 1.79307 1.73493 1.50084 1.97809 2.30861 1.98943 2.71634 1.58328 1.72785 2.2965 2.1001 1.73403 1.76081 2.27508 1.73593 1.45428 1.42919 1.47976 1.58328 1.45428 2.0964 1.47976 1.56561 2.53577 1.58328 1.85797 1.85526 
2.28487 2.06347 2.24226 1.95391 2.64399 1.43379 2.37044 2.65233 2.91141 3.70686 2.00787 2.38391 1.74835 2.50113 2.45257 3.34222 1.91888 2.05374 1.84814 2.48435 1.6401 0 2.03857 2.22299 1.81851 1.92732 1.56291 2.45499 1.72256 2.60692 1.76304 1.51759 1.52051 2.98077 1.89963 2.19392 2.12676 2.39408 2.42509 2.50961 1.64278 1.75154 2.25504 2.47393 1.78345 2.64493 2.36088 1.92093 1.94367 1.9807 1.50924 2.31183 2.02031 2.15705 1.92105 1.5508 1.76083 2.19719 2.01301 1.27977 1.9422 1.3348 1.27823 2.70136 1.66264 2.00346 1.87185 1.99985 1.12178 3.2471 2.61113 1.66282 1.36941 2.44281 2.251 1.99878 2.56974 1.95057 2.12837 2.0016 1.31662 2.35633 1.48702 1.77247 2.1562 2.74197 1.56034 1.47297 2.30476 1.95736 2.07741 2.21258 2.00743 2.62341 2.00777 1.89584 1.96126 2.07513 2.37897 2.24724 
2.14067 1.9065 1.63077 2.76586 2.16001 2.17207 3.14847 2.35996 2.25879 2.72066 1.717 2.20867 2.58837 2.34706 2.16001 1.39742 2.61641 2.63969 2.68045 1.9678 2.57808 2.03857 0 2.08612 2.48886 1.95568 2.35898 2.10142 2.41025 2.41415 2.16672 2.72154 2.25879 2.48886 1.63077 1.99228 1.39742 1.71697 2.04995 1.7831 1.717 1.717 2.08612 2.34779 1.87714 2.49963 1.7831 2.21677 2.15156 1.63077 2.21021 2.10292 2.14761 2.15604 1.9065 1.7831 1.81394 1.39742 1.71697 1.717 2.83141 2.58668 2.09439 2.58493 2.31257 2.25045 2.52072 1.8114 1.717 2.68909 2.20829 2.90413 2.59012 2.13344 2.15956 1.83299 2.263 2.73324 2.22745 3.30795 1.96549 1.95469 2.71669 2.4224 2.18115 2.14302 2.91969 2.22415 2.25149 1.717 1.8724 1.96549 1.8724 2.48904 1.83299 2.21021 2.90571 1.96549 2.35612 2.25045 
2.91322 2.39921 2.78283 1.94711 3.15465 2.06659 2.80754 3.13496 3.48797 4.21153 2.15678 2.88858 2.12541 3.14426 2.8243 3.48189 2.07626 2.54761 2.34201 2.59672 2.01716 2.22299 2.08612 0 1.95783 2.53316 1.80152 3.0695 2.19676 3.25005 2.11591 2.05321 2.15331 2.99795 2.4431 2.69858 2.66893 2.95485 3.01401 3.05537 1.57626 1.83966 1.61737 3.08223 2.29411 3.00385 2.8556 2.286 2.45182 2.38235 1.80412 2.60697 2.24518 1.82441 2.36172 2.19394 2.25554 2.69084 2.50733 1.4872 2.12935 1.52195 1.86778 2.90068 1.82023 2.12852 2.02838 2.06301 1.22465 2.99712 2.69563 1.72704 1.55657 2.68488 2.17088 1.91704 3.09581 1.9842 1.64243 2.01995 1.47315 2.36934 1.7746 1.93006 2.23802 2.70353 1.74749 1.58305 2.44726 1.87615 2.32094 2.29708 2.24696 2.94931 2.12836 1.57719 2.13939 2.19803 2.51047 2.24936 
1.76112 1.27066 1.27066 1.51105 1.27518 1.91394 2.65813 1.72035 1.60073 2.36056 1.54547 1.79023 1.98071 2.12699 1.48557 2.48886 1.67251 1.96524 1.75964 1.25652 2.02746 1.81851 2.48886 1.95783 0 1.56631 1.94013 1.60073 1.92873 2.11591 1.97356 2.3096 1.68631 1.25652 1.27066 1.59119 1.6886 1.65495 1.76112 1.69009 1.46573 1.35199 1.95783 1.77354 1.25652 2.1234 1.48383 1.50656 1.51105 1.27066 1.6337 1.25652 1.51105 1.6733 1.35198 1.48383 1.35199 1.29304 1.25652 1.35199 2.09732 2.04603 2.08592 2.27227 2.12573 1.90351 2.21364 1.62188 1.52804 2.23839 1.87342 2.39555 1.9791 1.90775 1.47701 1.39902 1.97054 1.92926 2.05592 2.84355 1.64389 1.78591 2.37029 2.25363 1.92551 1.83593 2.416 1.64389 1.6737 1.40885 1.35199 1.64389 1.35199 1.96862 1.35199 1.68628 2.48156 1.65841 1.58286 1.90351 
2.73432 4.98015 1.58461 1.91019 7.41183 1.17766 2.32818 2.01274 2.2915 3.34475 4.79397 2.0218 1.47254 2.74686 3.34253 2.89554 1.68475 1.79761 1.67623 6.31614 1.57977 1.92732 1.95568 2.53316 1.56631 0 1.50258 5.86152 1.44676 1.73494 1.68015 1.16149 1.26438 3.92044 4.46661 4.87046 4.71946 1.77523 1.81578 1.34336 5.52551 5.32639 5.15135 3.09528 4.82945 3.89837 3.00283 3.37144 6.0848 4.58088 5.62643 6.29787 5.70953 6.55856 5.70836 3.68458 2.48246 5.82348 4.80077 4.11093 1.69609 1.48546 1.2179 4.05857 1.54492 5.98605 1.75307 5.20311 0.949344 3.35757 2.26153 1.9653 1.36859 5.03732 6.3235 5.87772 2.13632 1.74187 2.45661 2.30407 1.19784 3.52566 1.80756 1.67282 6.3365 2.49172 1.86281 1.41923 3.90745 5.02695 3.60685 6.70969 5.78568 2.5894 1.66049 6.17638 2.13806 6.21628 6.47578 4.37227 
1.36404 1.29911 1.36986 2.17893 1.60311 2.01313 2.25819 1.88429 1.60311 2.25819 1.78334 1.70636 2.20132 1.87139 1.80297 2.18232 1.69269 2.29317 2.1583 1.69269 2.19104 1.56291 2.35898 1.80152 1.94013 1.50258 0 0.939472 1.95718 1.97209 2.11928 2.11257 1.94484 1.94013 1.36986 1.53833 1.4113 1.50726 1.45729 1.4113 0.939472 0.939472 1.63051 1.26975 1.36986 2.07042 1.62416 1.63252 1.80473 1.29911 1.43283 1.38345 1.77287 1.70672 1.29911 1.4113 1.33378 1.42461 1.36986 0.939472 2.17475 1.86363 1.91609 2.06964 1.83241 1.47293 2.04056 1.33124 1.33124 1.91156 1.72813 2.19166 1.95138 1.38703 1.66387 1.35284 1.95611 2.22053 1.63051 2.53043 1.48533 1.47453 2.10628 1.94225 1.70099 1.66286 2.1423 1.74293 1.82602 1.33124 1.26975 1.48533 1.26975 1.88639 1.26975 1.43283 2.42555 1.48533 1.77167 1.47293 
2.64275 9.60171 1.98796 1.95666 6.06396 1.64086 1.89569 2.67778 2.2264 2.94875 5.14848 2.376 1.88863 4.01613 3.45106 3.12171 1.36364 1.8427 1.84561 6.68394 1.87835 2.45499 2.10142 3.0695 1.60073 5.86152 0.939472 0 1.73491 2.65529 1.87054 1.93318 1.57257 3.82367 8.75827 9.35405 9.55721 2.01946 1.98209 2.26004 9.21327 9.25069 5.28862 3.02176 8.78041 4.24133 3.4614 3.24026 7.66416 7.86509 9.16 8.08029 10.1704 8.35495 6.89436 8.40066 2.98125 7.11929 9.56053 9.0469 2.00176 1.76176 1.69382 4.48249 1.66485 6.04366 2.00607 10.2299 1.20234 3.76175 2.68083 2.19166 1.84451 4.64454 11.281 11.0116 2.79006 2.04754 2.93315 2.53043 1.45084 3.85917 2.09953 1.90775 9.66568 2.81399 2.1423 1.57122 4.13936 9.45873 3.67752 5.95073 6.96632 2.92108 1.91098 10.9096 2.3467 6.40671 11.475 4.64564 
1.63174 0.779485 1.24413 2.05894 1.30873 1.78456 2.67518 2.01716 1.87128 2.11965 1.84228 1.65315 1.94537 2.0291 1.30873 2.41025 2.0217 1.78841 2.03865 1.29719 2.06531 1.72256 2.41025 2.19676 1.92873 1.44676 1.95718 1.73491 0 1.98653 1.79257 2.27427 1.87128 1.69131 1.24413 1.29731 1.49345 1.57966 1.63174 1.56072 1.65315 1.31665 2.02575 1.79059 1.24413 1.89722 1.43268 1.64319 1.83209 0.779485 1.78652 1.77952 1.52798 1.85006 1.25221 1.43268 1.31665 1.25221 1.24413 1.31665 2.10784 2.03093 1.95655 2.215 2.0574 1.86817 2.057 1.50177 1.37141 2.28874 1.71679 2.48596 2.14549 1.87241 1.54812 1.32385 1.84117 1.93978 2.02575 2.90761 1.50177 1.62948 2.38676 2.1853 1.76424 1.6793 2.51948 1.65441 1.52798 1.25221 1.31665 1.50177 1.25221 1.93329 1.31665 1.81 2.39657 1.50177 1.59338 1.86817 
2.67068 2.21694 2.36556 2.44048 2.91241 1.7064 2.80837 3.03268 3.18261 4.17386 2.86271 2.89679 2.01232 2.72965 3.0476 3.75054 2.28755 2.33739 2.21479 2.64864 1.99079 2.60692 2.41415 3.25005 2.11591 1.73494 1.97209 2.65529 1.98653 0 2.07039 1.70126 1.79312 3.37323 2.11868 2.51099 2.09741 2.523 2.75544 1.63167 2.37318 2.5232 3.04656 2.91727 2.00721 3.60002 2.67364 2.93477 2.6988 2.104 2.66465 2.90918 2.84562 3.18945 2.50741 1.25433 2.2646 2.4286 2.22229 2.01017 2.42874 2.17705 1.75767 3.75182 2.12653 3.05391 2.33468 2.55934 1.53096 4.28972 3.26319 2.50507 1.90837 3.00336 3.13057 2.65267 3.13799 2.47452 3.17883 2.84384 1.77945 2.88895 2.34733 2.25443 3.18203 3.36164 2.40259 2.03811 3.30817 2.51267 3.06968 3.0593 2.54131 3.61569 2.62153 2.92291 2.71967 2.83818 3.13857 3.29769 
1.86513 1.28881 1.01308 2.35986 1.54233 1.89653 2.75006 2.08443 1.98325 2.10298 1.98348 1.65654 2.10068 2.03249 1.5268 2.16672 2.36257 2.022 2.07253 1.4525 1.92415 1.76304 2.16672 2.11591 1.97356 1.68015 2.11928 1.87054 1.79257 2.07039 0 2.42957 1.98325 1.97356 1.01308 1.33361 1.24992 1.29513 1.77442 1.43934 1.5348 1.27904 1.84681 2.10809 1.27801 1.88195 1.50756 1.64657 1.66387 1.01308 1.77226 1.495 1.77172 1.78314 1.28881 1.43934 1.27904 1.01308 1.01308 1.27904 2.21373 2.14873 1.81885 2.14697 1.87462 1.83056 2.08009 1.37077 1.27904 2.25113 1.75339 2.47217 2.10774 1.69549 1.54188 1.30778 1.98747 2.11556 1.9449 2.87 1.52486 1.5348 2.29679 2.00251 1.54846 1.70239 2.48173 1.63834 1.84549 1.27904 1.40801 1.52486 1.28881 1.97017 1.39504 1.77226 2.34272 1.52486 1.75339 1.83056 
1.74776 1.51446 1.6162 2.66056 2.14171 2.05499 3.00633 1.83898 2.14171 2.47637 1.73803 1.85085 2.32624 1.16149 2.12992 2.45445 2.42804 2.62513 2.41952 1.9342 2.32306 1.51759 2.72154 2.05321 2.3096 1.16149 2.11257 1.93318 2.27427 1.70126 2.42957 0 2.14171 2.3096 1.60616 1.60207 1.57397 1.7794 1.74776 1.57397 1.51759 1.51446 1.8822 1.97917 1.36598 2.35553 1.66602 1.93269 1.80665 1.6162 1.75687 1.99172 2.06325 2.03077 1.51446 1.16149 1.36598 1.76138 1.60616 1.1731 2.43937 2.18768 1.96119 2.35797 2.1554 1.81504 2.36461 1.65529 1.65529 2.23561 2.05218 2.51571 2.11188 1.91192 2.0329 1.77129 2.00121 2.48516 1.8822 2.85448 1.80938 1.81664 2.35797 2.28329 2.0431 1.98691 2.41322 2.06698 2.12641 1.65529 1.51446 1.80938 1.51446 2.1311 1.51446 1.75687 2.80314 1.80938 1.96067 1.81504 
1.44937 1.26438 1.12889 2.02037 1.0918 1.48077 2.71086 1.8419 1.0918 2.21879 1.74095 1.7054 1.89707 1.82899 1.30218 2.25879 2.24257 1.78185 1.67029 1.50423 1.88679 1.52051 2.25879 2.15331 1.68631 1.26438 1.94484 1.57257 1.87128 1.79312 1.98325 2.14171 0 1.68631 1.12889 1.49041 1.25692 1.34313 1.35865 1.25692 1.52051 1.38858 2.08184 1.61857 1.18584 2.08791 1.0918 1.69544 1.62214 1.0918 1.8225 1.68631 1.62214 1.93785 1.38858 1.0918 1.38858 1.34199 1.18584 1.38858 2.31349 2.10286 1.7215 2.30887 2.10965 1.9401 2.31512 1.6058 1.51408 2.36067 2.00269 2.62688 2.09719 1.92466 1.7856 1.5515 1.65879 2.35927 2.09768 2.97954 1.75989 1.76983 2.45869 2.23755 1.99629 1.93742 2.59141 1.91254 1.80376 1.51408 1.38858 1.75989 1.38858 2.00522 1.38858 1.88193 2.65843 1.7215 1.83479 1.9401 
4.26673 3.00098 2.49097 1.36517 3.28024 1.91394 2.65813 2.94626 2.93626 3.88188 4.03171 2.81983 1.87409 4.95821 3.14955 3.79268 1.67251 1.7233 1.75964 3.52836 1.97108 2.98077 2.48886 2.99795 1.25652 3.92044 1.94013 3.82367 1.69131 3.37323 1.97356 2.3096 1.68631 0 3.35602 3.65639 3.58327 2.6801 2.75275 3.07283 3.78685 3.19265 4.42039 4.51021 2.99479 4.55044 3.80438 3.58323 3.77853 2.67606 3.7361 3.67268 3.23259 3.95582 3.36533 3.38447 3.59955 3.35503 3.12473 3.31785 2.09732 2.00232 2.08592 4.83905 2.12573 4.64952 2.21364 3.65761 1.52804 4.01319 2.91271 2.39555 1.9791 4.68086 3.60748 3.25091 3.25342 1.92926 3.21774 2.84355 1.64389 4.62108 2.37029 2.25363 4.04156 3.02691 2.416 1.64389 4.39862 3.2728 4.37779 3.87191 3.17967 3.32794 2.31004 3.75005 2.48156 4.07833 4.07437 5.04542 
2.5847 8.43905 1.30004 1.58643 5.76435 1.04217 1.89569 2.02385 2.18119 2.49435 4.17027 1.22121 1.28731 2.89575 2.54735 2.59582 1.5492 1.47357 1.25916 6.32539 1.28582 1.89963 1.63077 2.4431 1.27066 4.46661 1.36986 8.75827 1.24413 2.11868 1.01308 1.60616 1.12889 3.35602 0 6.24777 7.29474 0.877595 1.69488 1.64853 8.36851 8.26495 4.4873 2.94565 7.40696 3.00004 2.56388 2.62871 5.80621 6.79512 7.38964 7.1373 8.64082 6.85486 5.31726 6.87792 1.85101 5.78251 7.27276 7.05625 1.5835 1.37287 1.2829 3.75714 1.37966 5.06654 1.58513 8.4072 0.784082 3.08138 2.1342 1.88002 1.40355 4.34871 10.0187 9.65097 2.14744 1.62928 2.27085 2.21879 1.0299 3.3622 1.7287 1.50755 7.68765 2.26736 1.77753 1.18254 3.52256 7.78642 3.22306 5.24978 6.42035 2.44871 1.4558 8.73986 1.76918 5.11564 10.3019 3.93411 
3.04738 8.64119 1.63139 1.90696 6.05212 1.40369 1.95384 2.40592 2.5774 2.57885 4.82383 1.2559 1.60783 3.15578 2.75537 2.99203 1.74063 1.57717 1.57969 6.90682 1.43883 2.19392 1.99228 2.69858 1.59119 4.87046 1.53833 9.35405 1.29731 2.51099 1.33361 1.60207 1.49041 3.65639 6.24777 0 10.0264 1.45935 2.09109 2.15754 10.4438 9.74929 4.77324 3.39457 9.57381 3.09118 3.00189 2.95782 6.46677 8.03989 7.79848 7.95376 8.6265 7.31824 5.54428 8.35541 1.99469 6.51303 10.0973 8.47072 1.67555 1.54134 1.53526 3.95949 1.54813 5.34587 1.7536 10.2106 0.952553 3.39476 2.21073 2.04849 1.51479 4.66177 9.57246 9.55708 2.46081 1.71911 2.52633 2.38726 1.19837 3.42658 1.89717 1.67603 8.10554 2.39656 1.946 1.35102 3.61043 8.79923 3.52583 5.29933 6.86762 2.75927 1.49049 10.3766 2.06591 5.60131 9.7967 4.19444 
2.71633 7.70583 1.44231 1.81809 6.06809 1.17021 1.98789 2.39057 2.11653 2.90785 4.3309 1.96194 1.5865 3.24039 2.73828 2.45111 1.61455 1.72289 1.67859 6.55441 1.41751 2.12676 1.39742 2.66893 1.6886 4.71946 1.4113 9.55721 1.49345 2.09741 1.24992 1.57397 1.25692 3.58327 7.29474 10.0264 0 1.30211 1.86162 1.70216 9.21126 9.2649 4.58478 3.07728 8.68781 3.60139 2.73712 3.16009 6.06337 7.60684 7.58474 7.32527 8.60705 7.03266 5.88584 7.81134 2.18433 5.62891 9.41304 8.16736 1.91461 1.7923 1.17759 4.04057 1.56574 5.3866 1.77121 10.0214 0.970167 3.5964 2.31853 2.14486 1.64552 4.40287 9.76981 9.52391 2.19332 1.81644 2.69867 2.56113 1.21598 3.50767 1.98792 1.69364 8.21658 2.4517 2.14333 1.33923 3.74679 9.40363 3.58886 5.58096 5.94314 2.86708 1.67687 10.4122 2.08139 5.40375 10.0603 4.19407 
2.15528 1.81929 1.79449 1.89015 2.3465 1.25641 2.0741 2.5183 2.63099 2.99396 2.34833 2.04805 1.67159 2.34639 2.03598 2.96223 1.68661 1.80909 1.64344 1.89307 1.46272 2.39408 1.71697 2.95485 1.65495 1.77523 1.50726 2.01946 1.57966 2.523 1.29513 1.7794 1.34313 2.6801 0.877595 1.45935 1.30211 0 2.18933 2.01495 1.98521 1.76062 2.77719 2.48708 1.39905 2.60242 1.94491 2.34067 2.14723 1.46567 2.32346 2.24866 2.12115 2.51572 1.85607 1.34876 1.72634 1.6259 1.10347 1.73887 1.96778 1.75715 1.49714 3.07652 1.66171 2.78426 1.86718 2.08366 1.06613 3.78458 2.50061 2.24082 1.69073 2.57126 2.32787 1.84996 2.64189 1.90265 2.93264 2.60307 1.31195 2.37731 2.08389 1.7896 2.35862 2.63378 2.16182 1.42544 2.58672 1.7901 2.42772 2.27084 1.77872 3.04915 1.85895 2.41778 2.12981 2.27041 2.48428 2.9813 
1.81405 1.5583 1.47822 2.09517 2.29193 1.27194 2.22331 2.54079 2.32081 3.36347 2.37081 2.41783 1.65753 2.53505 2.42712 3.30217 1.77174 1.89189 1.78032 2.13918 1.66735 2.42509 2.04995 3.01401 1.76112 1.81578 1.45729 1.98209 1.63174 2.75544 1.77442 1.74776 1.35865 2.75275 1.69488 2.09109 1.86162 2.18933 0 2.44444 1.83737 2.01792 2.80387 2.13091 1.60326 3.08505 2.01607 2.53083 2.37084 1.44643 2.42441 2.38947 2.40123 2.76232 1.99244 1.69399 1.86066 1.98391 1.88862 1.72507 2.07395 1.86332 1.5084 3.29464 1.89281 2.80662 2.10203 2.18286 1.30524 3.90368 2.7812 2.2558 1.65909 2.46351 2.6001 2.18323 2.65599 2.11973 2.98466 2.59457 1.5468 2.49441 2.08 2.00265 2.78749 2.94081 2.15331 1.70371 2.83332 2.07069 2.57355 2.57787 1.92455 3.13551 2.06097 2.59454 2.4496 2.4617 2.60554 3.03825 
2.35662 1.91654 2.01703 1.85056 2.60098 1.17021 2.17731 2.77342 2.77631 3.7649 2.60345 2.50235 1.5865 2.6015 2.70235 3.34424 1.72575 1.79016 1.67859 2.31115 1.41751 2.50961 1.7831 3.05537 1.69009 1.34336 1.4113 2.26004 1.56072 1.63167 1.43934 1.57397 1.25692 3.07283 1.64853 2.15754 1.70216 2.01495 2.44444 0 2.10281 2.12795 2.80315 2.52202 1.66972 3.25745 2.33038 2.59729 2.26093 1.76651 2.4741 2.51393 2.45037 2.82212 2.20701 1.3258 1.92613 2.03335 1.71424 1.76484 2.00293 1.7923 1.17759 3.36707 1.56574 2.9314 1.77121 2.16408 0.970167 4.00271 2.86794 2.14486 1.64552 2.60811 2.73532 2.25741 2.74273 1.96878 3.07978 2.56113 1.21598 2.49369 1.98792 1.69364 2.78678 2.96639 2.14333 1.47732 2.95405 2.11741 2.79505 2.66404 2.14605 3.35008 2.22628 2.63591 2.15888 2.44293 2.83818 3.09768 
2.33394 8.11019 1.9621 1.70452 6.35571 1.43379 1.9455 2.06461 2.32369 2.92491 4.25665 1.79619 1.72754 3.42524 3.59891 2.7545 1.47042 1.99313 1.77872 5.69936 1.63787 1.64278 1.717 1.57626 1.46573 5.52551 0.939472 9.21327 1.65315 2.37318 1.5348 1.51759 1.52051 3.78685 8.36851 10.4438 9.21126 1.98521 1.83737 2.10281 0 10.0021 3.33088 2.61713 10.4393 3.65041 3.10514 2.7744 6.58741 14.9292 6.77698 6.64696 8.47772 5.67887 5.32505 14.0207 2.19857 6.33022 9.8309 11.5562 1.35452 1.3348 1.27823 3.18404 1.23912 4.21756 1.35562 15.4655 0.643541 2.74486 1.76158 1.50725 1.36941 4.11627 7.88276 7.85637 2.25212 1.4003 1.57501 1.84602 0.892036 2.81813 1.18487 1.11019 7.34071 2.1307 1.56034 1.1507 3.38429 12.9509 3.18579 4.81611 5.9928 2.35018 1.58974 15.5731 1.63004 4.75084 8.64221 3.1955 
2.79404 7.6766 1.88745 1.59078 5.82217 1.30186 2.1239 2.3081 2.46827 3.13104 4.40635 1.88622 1.36863 3.66297 2.63803 2.79586 1.47042 1.66751 1.4619 6.67822 1.4721 1.75154 1.717 1.83966 1.35199 5.32639 0.939472 9.25069 1.31665 2.5232 1.27904 1.51446 1.38858 3.19265 8.26495 9.74929 9.2649 1.76062 2.01792 2.12795 10.0021 0 3.31926 2.8366 9.45761 2.82612 2.55383 2.42959 5.40613 9.21713 5.87373 6.27383 6.94508 4.93566 4.52064 10.0439 1.98807 6.49752 9.36255 10.209 1.3257 0.977292 1.12662 2.67121 0.983363 3.58979 1.19151 9.96269 0.413365 2.22382 1.51645 1.30532 1.10232 3.74453 7.39375 7.15319 1.80858 1.37148 1.66741 1.64409 0.636281 2.02812 1.32036 1.11126 6.00308 1.47985 1.29325 0.80452 2.67774 8.64143 2.40546 3.89832 5.05479 1.90842 0.964334 9.9326 1.48608 4.38132 7.30217 2.68268 
3.81076 4.12368 2.66607 2.09096 6.01451 1.99512 2.63654 2.91341 3.27958 3.94236 5.16221 2.61941 2.07772 4.43163 3.89449 3.28654 2.07626 2.36077 2.15516 5.05865 2.00129 2.25504 2.08612 1.61737 1.95783 5.15135 1.63051 5.28862 2.02575 3.04656 1.84681 1.8822 2.08184 4.42039 4.4873 4.77324 4.58478 2.77719 2.80387 2.80315 3.33088 3.31926 0 3.96428 4.26496 4.03663 3.81374 3.41838 4.64726 3.91437 4.22979 4.29339 4.28846 3.74684 4.19492 4.20189 3.24148 4.66835 4.71332 3.06489 1.92385 1.45026 1.69438 3.86366 1.55113 4.79915 1.75928 3.39376 0.955552 2.85345 2.34644 1.72704 1.48487 4.93347 3.84056 3.40772 2.82515 1.79155 1.51681 2.01995 1.20405 3.4811 1.70291 1.67902 3.96881 2.49642 1.6758 1.27177 3.63803 3.25557 3.46024 3.93286 4.36113 2.73394 1.92691 3.18384 2.0677 4.39206 4.08694 3.69103 
3.00071 2.69937 2.13678 2.09526 4.1251 1.68685 2.17957 2.75117 2.42121 3.47447 3.85332 2.76024 1.99549 4.34415 4.03306 3.59647 1.5261 2.12658 2.14436 3.60822 2.09287 2.47393 2.34779 3.08223 1.77354 3.09528 1.26975 3.02176 1.79059 2.91727 2.10809 1.97917 1.61857 4.51021 2.94565 3.39457 3.07728 2.48708 2.13091 2.52202 2.61713 2.8366 3.96428 0 2.82706 4.60906 3.71612 3.85075 3.66957 2.81636 3.53988 3.50592 3.70851 4.05547 3.24678 2.85781 3.23827 3.38513 3.22896 2.36952 1.99767 1.76176 1.68078 4.51323 1.60688 4.23481 2.02938 3.0508 1.22565 3.85198 2.76186 2.29967 1.8905 3.12811 3.72985 3.29729 2.701 2.12956 2.90997 2.63844 1.47415 3.98032 2.09953 1.93106 3.81677 2.91907 2.25031 1.73281 4.46134 2.96186 3.84304 3.56247 2.71495 2.99637 2.1077 3.7805 2.41437 3.70845 3.803 4.67788 
2.55825 7.14479 1.20843 1.51105 4.83216 1.09912 1.9455 1.91809 2.08958 2.86024 4.3099 1.53729 1.28731 2.9615 2.51235 2.69363 1.55801 1.47357 1.25916 6.07961 1.07731 1.78345 1.87714 2.29411 1.25652 4.82945 1.36986 8.78041 1.24413 2.00721 1.27801 1.36598 1.18584 2.99479 7.40696 9.57381 8.68781 1.39905 1.60326 1.66972 10.4393 9.45761 4.26496 2.82706 0 3.10109 2.43194 2.3575 5.07763 7.45538 6.84889 6.44343 7.02055 6.62377 4.76956 8.81508 1.90034 4.98187 8.58599 9.17245 1.5835 1.37287 1.12662 3.67062 1.3159 4.9571 1.52137 9.17406 0.720325 3.17966 1.98216 1.80534 1.04919 3.73535 7.98808 7.78484 2.05582 1.62928 2.36465 2.19993 0.966141 3.12528 1.7216 1.4438 7.07412 2.11533 1.75867 1.18254 3.21671 8.86007 3.20072 4.57259 5.88014 2.51423 1.33448 10.5506 1.85644 4.74732 8.33146 3.919 
4.30699 3.35518 2.6137 2.15718 4.7322 2.00119 2.69458 3.40343 3.56077 3.8149 4.20945 2.49195 2.01236 4.61062 3.7708 3.88524 2.33956 2.12666 2.20962 4.33202 2.00208 2.64493 2.49963 3.00385 2.1234 3.89837 2.07042 4.24133 1.89722 3.60002 1.88195 2.35553 2.08791 4.55044 3.00004 3.09118 3.60139 2.60242 3.08505 3.25745 3.65041 2.82612 4.03663 4.60906 3.10109 0 4.06003 3.73359 3.699 2.84131 3.57484 3.86727 3.57691 3.61211 2.96398 3.49384 2.93545 3.49524 3.18688 2.95781 2.1523 1.60962 1.89161 4.35317 1.94047 4.2188 1.99207 3.28528 1.3076 3.66763 2.69397 2.06643 1.68737 4.28432 3.46665 2.99978 3.16281 2.06669 2.8316 2.4052 1.43684 4.17858 2.08148 2.06836 3.40797 2.84372 2.05437 1.58028 4.29139 2.95147 3.81909 3.54526 3.10012 2.92749 2.12606 3.31933 2.10172 3.6123 3.731 4.60965 
3.42491 2.20822 1.75429 1.81789 3.37013 1.00508 2.29894 2.30362 2.62331 3.67657 3.45701 2.35362 1.42138 3.98687 3.54266 3.14257 1.72575 1.66212 1.51347 2.94791 1.4111 2.36088 1.7831 2.8556 1.48383 3.00283 1.62416 3.4614 1.43268 2.67364 1.50756 1.66602 1.0918 3.80438 2.56388 3.00189 2.73712 1.94491 2.01607 2.33038 3.10514 2.55383 3.81374 3.71612 2.43194 4.06003 0 3.77738 3.19278 2.14148 3.48328 3.22518 3.31442 3.76406 2.79898 2.68581 2.68709 2.87564 2.58043 2.61258 1.8378 1.62717 1.22292 4.37026 1.51561 4.40624 1.72482 2.70373 1.0155 3.71383 2.23632 2.15294 1.6215 3.74806 3.21077 2.86983 2.20284 1.88358 2.86767 2.50385 1.16959 3.70861 1.93779 1.64351 3.44468 2.36948 2.11572 1.38258 4.18883 2.45792 4.01401 3.38056 2.8891 2.78112 1.68639 3.5415 2.18274 3.20666 3.36635 4.6209 
3.58305 2.91243 2.30586 1.68628 3.69465 1.60872 2.27204 2.85981 2.9393 3.44337 3.50431 2.21147 1.7969 4.05142 3.48611 3.37592 1.8987 1.98316 1.76876 3.3627 1.62791 1.92093 2.21677 2.286 1.50656 3.37144 1.63252 3.24026 1.64319 2.93477 1.64657 1.93269 1.69544 3.58323 2.62871 2.95782 3.16009 2.34067 2.53083 2.59729 2.7744 2.42959 3.41838 3.85075 2.3575 3.73359 3.77738 0 3.30022 2.65013 2.99049 2.74728 3.07677 3.06537 2.72757 2.75836 2.62508 2.84776 2.73168 2.13575 1.87545 1.26804 1.69333 3.95665 1.67302 3.59323 1.91434 2.81749 1.11062 3.0147 2.47831 1.59607 1.30266 3.75782 2.6965 2.45304 2.82845 1.88382 2.11374 1.93484 1.30561 3.78206 1.5207 1.83409 2.9618 2.62807 1.49358 1.40622 3.74597 2.55495 3.42256 2.98426 2.70359 2.47 1.77199 2.6955 1.8945 3.21845 3.04392 4.07493 
3.49225 5.8008 1.95661 1.51105 6.74384 1.53979 2.67493 2.68922 2.80633 3.89718 5.14436 2.57687 1.28731 4.09946 3.14795 3.2485 2.16892 2.0213 1.8157 7.99183 1.07731 1.94367 2.15156 2.45182 1.51105 6.0848 1.80473 7.66416 1.83209 2.6988 1.66387 1.80665 1.62214 3.77853 5.80621 6.46677 6.06337 2.14723 2.37084 2.26093 6.58741 5.40613 4.64726 3.66957 5.07763 3.699 3.19278 3.30022 0 4.9487 6.19118 7.14569 5.88351 7.31065 6.20722 5.48646 2.58927 7.5099 5.80712 5.47902 1.77338 1.53313 1.39122 3.7387 1.45579 4.82586 1.665 5.80745 0.955681 2.94814 2.38164 1.80534 0.890905 4.79794 6.77338 6.36303 2.46488 1.97359 2.35126 2.04817 1.10977 3.61679 1.78008 1.58368 6.79054 2.4774 1.75867 1.36737 3.2689 5.54188 3.30009 5.79329 6.64669 2.72287 1.72032 5.85139 2.01774 5.63396 6.94039 3.71938 
2.45541 6.61934 1.34231 1.40087 4.28464 1.00508 1.89569 2.06612 2.01494 2.71569 4.23994 1.61006 1.28731 3.02618 1.72059 2.68397 1.36364 1.00892 1.25916 5.71095 1.28582 1.9807 1.63077 2.38235 1.27066 4.58088 1.29911 7.86509 0.779485 2.104 1.01308 1.6162 1.0918 2.67606 6.79512 8.03989 7.60684 1.46567 1.44643 1.76651 14.9292 9.21713 3.91437 2.81636 7.45538 2.84131 2.14148 2.65013 4.9487 0 6.22835 5.46684 6.30772 6.09356 4.4856 15.9702 1.71166 5.67688 7.20873 11.4285 1.44978 1.37287 1.24581 3.46878 1.37966 4.70605 1.39893 15.3543 0.713341 3.14357 1.65077 1.82789 1.48743 3.81534 7.58381 7.17455 1.94709 1.28172 2.33304 2.24954 0.843703 2.79603 1.7287 1.50755 6.43771 1.76497 1.86141 0.943676 3.07421 12.0578 2.96905 4.28744 5.34711 2.36654 1.09776 15.4459 1.68583 4.4278 7.81405 3.63667 
3.31952 7.75616 2.19323 1.6337 6.72529 1.73579 2.52927 2.62136 2.90012 3.69307 4.74566 2.37012 1.66816 3.93002 3.21849 3.3346 1.94029 2.13737 1.93177 7.42538 1.5599 1.50924 2.21021 1.80412 1.6337 5.62643 1.43283 9.16 1.78652 2.66465 1.77226 1.75687 1.8225 3.7361 7.38964 7.79848 7.58474 2.32346 2.42441 2.4741 6.77698 5.87373 4.22979 3.53988 6.84889 3.57484 3.48328 2.99049 6.19118 6.22835 0 7.98649 6.65511 5.68387 5.73276 6.48145 2.7989 7.60739 7.61434 5.75225 1.62198 1.01458 1.54248 3.30956 1.41956 3.90687 1.67831 5.95369 0.881001 2.30045 2.22325 1.34261 0.900447 4.9365 7.67208 7.30991 2.49912 1.63036 1.70356 1.54832 1.05215 3.47413 1.18487 1.59699 8.011 2.36156 1.24012 1.15276 2.85517 6.06729 2.43287 5.27797 5.67891 2.13258 1.51693 6.58615 1.64104 5.4214 7.58422 2.58133 
