0 1468 1296 2032 2344 1230 1618 1905 1968 2979 2496 1929 1606 2631 2268 2595 1308 1700 1722 2132 1530 1446 1802 2517 1470 1760 1124 1308 1320 1521 1686 1584 676 3280 2012 2544 1872 1815 405 816 1600 1816 2856 768 1732 3412 1500 2680 2492 1708 2532 2744 3041 2940 1628 1384 1644 2344 2092 1636 1798 1472 1056 3704 1576 2588 1772 2596 998 2808 2532 1934 1374 2416 3124 2568 1737 1804 2217 2184 1316 2588 1458 1528 3260 2355 1770 1496 2252 2408 1976 2860 1848 2310 1413 2696 2208 2560 2668 1900 
1468 0 195 1298 1314 756 1932 1845 867 1890 2667 1386 972 2533 800 2532 1100 966 1280 1162 804 1341 1068 2118 1222 1662 678 4356 586 1911 960 1480 936 1812 2166 2727 3621 726 1407 1206 3171 2703 3107 2044 2610 1944 1352 1776 3978 540 4115 4394 3816 4187 280 3303 1209 1533 2226 3090 1064 738 1272 2830 1310 2328 1090 2910 552 2139 1449 1488 1034 2557 3726 2943 1413 1070 1872 1844 634 1224 1228 1298 3945 1332 1504 814 784 2487 508 2286 665 1209 642 4940 1578 1794 3033 1541 
1296 195 0 1390 492 646 1822 1953 702 1695 1635 1191 1102 1932 435 2337 1230 856 1170 693 674 1449 958 2226 1092 1026 808 1287 476 1746 830 1610 826 1554 222 621 927 531 1242 1041 963 888 1851 1692 666 1293 849 1137 1506 15 1608 1446 1107 1704 315 936 930 492 282 936 1194 868 1206 2232 1364 1467 1118 966 682 2334 1551 1618 1164 1521 1077 816 1608 1200 1980 1974 662 960 1300 1370 1464 1374 1576 842 783 825 576 1164 480 1404 837 1707 1468 939 1095 1188 
2032 1298 1390 0 1110 2016 2698 1912 1250 2520 1774 2052 1474 2212 1160 2526 1734 1962 1952 966 1858 1890 2260 1686 798 1852 1674 1734 1846 2218 2220 2536 1880 392 1538 1804 1586 1744 1882 1748 1566 1458 1936 2004 1446 2038 1736 1606 1010 1380 1186 926 652 1126 1378 1678 1552 1630 1578 1548 1916 1896 2260 1772 2306 1812 2168 1694 1548 1786 2096 2040 1274 1938 1608 1624 2100 2268 1928 2084 1712 1770 2224 2294 1662 1966 2242 1892 1146 1680 1412 1826 1348 1964 1492 1248 2548 1756 1898 1716 
2344 1314 492 1110 0 954 2100 2445 210 2187 3545 1683 1410 3232 916 2829 1538 852 842 2310 1002 1941 1266 2718 1124 2976 1116 3438 784 2208 1158 1918 1044 1436 1428 2226 2838 1023 1704 1503 2910 2913 3905 2812 2316 2340 1748 2172 3976 954 4200 3816 2938 4322 1554 2796 1896 1908 1548 2856 1502 1176 1514 3666 1672 3357 1426 2856 990 2796 2013 1926 1472 3355 3078 2556 2070 1508 2472 2282 970 1896 1628 1698 3852 1836 1904 1150 1660 2574 1384 3294 1884 1866 1299 4392 1776 2802 3114 2240 
1230 756 646 2016 954 0 2448 1552 1094 1776 1562 1440 1728 1542 916 2012 1856 1482 1796 1088 1320 1246 1584 1992 1738 1040 1434 1484 1102 1296 1476 1866 958 1662 794 1060 1072 1000 960 826 1288 1218 1880 1614 1090 1488 814 1404 1424 636 1718 1610 1364 1762 836 756 1266 954 834 1270 1820 1494 1338 2114 1990 1604 1744 1270 1308 2182 1660 2244 1790 1660 1344 1170 1440 1826 1966 2600 1288 1266 1946 2016 1602 1542 2222 1468 1148 1176 1010 1402 946 1562 1184 1764 2094 1252 1356 1438 
1618 1932 1822 2698 2100 2448 0 2232 1960 836 2020 2058 2794 2254 2092 2624 1618 2658 2670 2264 2344 1896 2760 2450 1900 2018 1896 964 2278 2400 2500 2578 2202 2306 1818 1764 1684 2024 1888 1930 1572 1680 2200 1234 1770 2664 2058 2112 2330 1812 2038 1772 2486 2242 2012 2000 1594 2130 1858 1590 2900 2372 2582 2624 2348 2066 2544 2070 1770 2644 2460 2706 2146 1980 2350 2056 2684 2906 2250 2956 2088 2066 2230 2300 2402 2342 2542 2268 2154 1976 1888 2202 1952 2440 1714 2120 2980 2052 2436 1722 
1905 1845 1953 1912 2445 1552 2232 0 2655 3204 1662 1719 1882 2013 2388 3078 1714 2158 1758 1419 1600 1476 1916 2307 1506 1620 984 1902 1778 2004 1756 1666 998 2280 1731 1839 1668 1920 1500 1299 990 1152 1932 2307 1287 2997 1281 1800 2127 1968 1689 2067 2361 1995 1725 1194 1023 1929 1671 1017 1988 1460 1378 2568 1436 1731 1632 1737 858 2598 2322 1794 1234 1602 2157 1716 2220 1994 2007 2044 1176 1731 1318 1388 2235 2145 1630 1356 1863 1596 1464 1935 1560 2292 1203 1812 2068 1710 2286 1215 
1968 867 702 1250 210 1094 1960 2655 0 2397 2337 1893 1550 2634 897 3039 1650 992 982 1365 1142 2151 1406 2928 1264 1698 1256 1494 924 2418 1298 2058 904 1287 924 1323 1629 1233 1914 1713 1665 1560 2553 1899 1368 1965 1521 1839 2196 687 2310 2088 1659 2370 987 1608 1632 1164 984 1638 1642 1316 1654 2904 1812 2139 1566 1638 1130 3006 2223 2066 1612 2223 1749 1488 2280 1648 2682 2422 1110 1632 1768 1838 2136 2046 2044 1290 1455 1497 1248 1836 1152 2076 1509 2379 1916 1611 1767 1890 
2979 1890 1695 2520 2187 1776 836 3204 2397 0 2886 2202 2232 2850 2130 3588 2360 1986 2178 2388 1508 2700 2088 3477 1926 2694 1764 2794 1606 3078 1664 2224 1714 3249 1473 1392 2178 1782 2574 2373 2214 2322 3102 3199 1917 2826 2355 2388 2757 1710 2859 2697 2802 3165 2010 2268 2181 2187 1533 2187 2324 1998 2094 3738 2216 2901 2248 2661 1638 3768 3246 2574 2014 2772 2772 2511 3294 2330 3231 2824 1792 2655 2134 2204 2937 3069 2410 1972 2478 2520 2271 2859 2175 3099 2373 2982 2598 2634 2790 2439 
2496 2667 1635 1774 3545 1562 2020 1662 2337 2886 0 1401 1670 2260 2760 1473 1576 1946 1546 2020 1388 1158 1704 645 1294 2235 772 2640 1566 2019 1544 1454 1008 2764 2355 2535 2805 1602 1515 1314 1120 1390 1898 2652 1615 3572 1728 1976 3015 2750 2285 2915 3405 2539 2627 2015 940 2685 2255 1165 1776 1248 1388 3000 1224 2355 1420 2365 646 2280 2004 1582 1022 2140 3065 2330 2235 1782 1182 1832 964 1884 1106 1176 3195 1827 1418 1144 2238 2130 1770 2716 2426 1974 885 2490 1856 2320 3280 1196 
1929 1386 1191 2052 1683 1440 2058 1719 1893 2202 1401 0 1708 1752 1626 2874 1748 1650 1584 1884 1172 1215 1742 2046 1332 1398 810 1641 1270 2358 1328 1492 1234 2607 969 810 1674 1278 1854 1653 729 891 1671 2046 1026 2244 1635 1539 1866 1206 1428 1806 2100 1734 1464 1548 762 1668 1029 756 1814 1286 1614 2307 1262 1470 1458 1476 684 2337 2061 1620 1060 1341 1896 1455 2427 1820 1746 1870 1002 1470 1144 1214 1974 1884 1456 1182 1602 1335 1203 1674 1299 2031 942 1551 1894 1449 2025 954 
1606 972 1102 1474 1410 1728 2794 1882 1550 2232 1670 1708 0 1868 1330 2388 2072 1938 1924 1304 1312 1546 2040 1856 1672 1416 1510 1830 1558 1672 1922 2192 1334 1866 1250 1516 1448 1446 1336 1202 1222 1294 1814 1990 1024 1944 1190 1726 464 1092 1356 1544 822 1296 1052 1132 1200 1410 1280 1204 2036 1710 1714 1942 1868 1680 1622 1148 1384 1824 1550 2210 1260 1594 1686 1392 1816 2042 1900 2122 1166 1332 1880 1950 1656 1420 2156 1346 1316 1242 1226 1280 1162 1778 1328 1286 2316 1318 1572 1372 
2631 2533 1932 2212 3232 1542 2254 2013 2634 2850 2260 1752 1868 0 3156 3063 1944 2144 1744 3184 1586 1509 1902 2286 1492 2140 970 2580 1764 1989 1742 324 988 3908 2280 1944 2204 1899 1485 1284 1364 1508 2548 3120 1688 3856 1688 2372 2808 2596 2224 2728 3120 2632 2450 1572 1336 2544 2200 1328 1974 1446 1368 3396 1422 2280 1618 2288 844 2577 2301 1780 1220 2108 2848 2260 2205 1980 2040 2030 1162 2280 1340 1410 2952 2124 1616 1342 2634 2100 2166 2552 2230 2271 1182 2388 2054 2252 3020 1664 
2268 800 435 1160 916 916 2092 2388 897 2130 2760 1626 1330 3156 0 2772 1500 1126 1300 1464 964 1884 1228 2313 1382 1908 1078 2256 746 2151 1120 1880 1096 2352 876 1408 1816 966 1647 1446 1864 1795 3048 2796 1468 2264 1672 2096 1732 560 2084 2508 1016 1964 960 1788 1820 1196 956 1828 1464 1138 1476 3256 1634 2567 1388 1828 952 2463 1956 1888 1130 2608 1976 1628 2013 1470 2415 1940 932 1820 1590 1660 2492 1779 1866 1112 1584 1640 1308 2092 1180 1809 1242 2208 1738 1792 2000 2164 
2595 2532 2337 2526 2829 2012 2624 3078 3039 3588 1473 2874 2388 3063 2772 0 2314 2414 2504 2685 1936 2619 740 2118 2202 2310 1754 2490 2034 2484 2092 2366 1458 3546 2115 2514 1410 2061 2190 1779 2145 2307 2493 2895 2406 3630 1971 2955 2886 2352 2844 3136 2811 2958 2652 1884 2178 2080 2175 2172 2752 2230 1838 3723 2206 2886 2160 2554 1628 3753 3139 2564 2004 2757 3079 2638 2910 2696 2655 2814 1704 2548 2088 2158 3052 2962 2400 1884 3018 2413 2619 2752 2715 3447 2358 2967 2666 2527 3432 2370 
1308 1100 1230 1734 1538 1856 1618 1714 1650 2360 1576 1748 2072 1944 1500 2314 0 2066 2360 768 1878 1586 2168 2006 1590 1654 1586 654 1686 2090 2034 2268 1892 1342 1378 1644 1374 1558 1578 1620 1262 1370 1890 924 1460 2072 1696 1802 2020 1220 1728 1462 1948 1932 1180 1690 1284 1538 1392 1280 2164 1838 2272 2314 2038 1756 2190 1716 1460 2334 2066 2396 1836 1670 1928 1746 2042 2170 1940 2646 1734 1712 1920 1990 2048 1988 2232 1914 1492 1622 1354 1848 1290 1906 1404 1810 2670 1698 1700 1412 
1700 966 856 1962 852 1482 2658 2158 992 1986 1946 1650 1938 2144 1126 2414 2066 0 1694 1298 1530 1822 1794 2340 1948 1520 1644 1694 1312 2000 1686 2446 1662 1570 1004 1270 1474 1210 1664 1530 1498 1428 2090 1964 1300 1698 1402 1614 1860 846 1928 1820 1574 1972 1046 1460 1476 1164 1044 1480 2030 1704 2042 2324 2200 1814 1954 1480 1518 2392 1870 2454 2000 1870 1554 1380 1908 2036 2176 2810 1498 1476 2156 2226 1812 1752 2432 1678 1358 1386 1220 1612 1156 1772 1394 1974 2304 1462 1566 1648 
1722 1280 1170 1952 842 1796 2670 1758 982 2178 1546 1584 1924 1744 1300 2504 2360 1694 0 1612 1642 1422 2108 1940 1548 1508 1386 1706 1626 1788 1798 2068 1450 1560 1196 1462 1564 1322 1452 1318 1098 1170 1690 1976 900 2012 1306 1602 1460 1160 1528 1420 1808 1732 1360 1248 1076 1478 1156 1080 2344 1862 1830 2114 1838 1556 2030 1556 1260 2134 1950 2196 1636 1470 1840 1546 1932 2350 1776 2446 1574 1556 1756 1826 1892 1828 2032 1754 1644 1466 1378 1688 1442 1930 1204 1610 2470 1542 1880 1248 
2132 1162 693 966 2310 1088 2264 1419 1365 2388 2020 1884 1304 3184 1464 2685 768 1298 1612 0 1110 1839 1400 1857 980 2658 1010 4550 918 2289 1266 1812 1188 1148 2162 3093 3807 1185 1785 1584 3509 3195 3723 2708 3080 2608 1856 2440 5040 1582 4754 4462 4130 5349 1442 3531 1860 2695 2184 3446 1396 1070 1568 3494 1642 3158 1422 3318 884 2637 1947 1820 1366 3361 4060 3451 1911 1402 2370 2176 966 1888 1560 1630 4480 1830 1836 1146 1448 2989 1172 3282 1827 1707 1140 4930 1910 2790 3262 2192 
1530 804 674 1858 1002 1320 2344 1600 1142 1508 1388 1172 1312 1586 964 1936 1878 1530 1642 1110 0 1264 1632 1782 1390 1340 1228 1532 1150 1596 1128 1910 1258 1684 526 792 996 652 1260 1126 940 1012 1532 1802 742 1536 1114 1136 848 684 1370 1262 1206 1574 884 1056 918 1002 486 922 1868 1542 1638 1956 1680 1398 1792 1318 1102 1976 1708 2038 1478 1312 1392 1218 1740 1874 1618 2288 1336 1314 1598 1668 1422 1590 1874 1516 1196 1224 1058 1450 994 1610 1046 1452 2142 1300 1404 1090 
1446 1341 1449 1890 1941 1246 1896 1476 2151 2700 1158 1215 1546 1509 1884 2619 1586 1822 1422 1839 1264 0 1580 1803 1170 1155 648 1398 1442 1545 1420 1330 692 2364 1227 1335 1209 1416 1041 840 486 648 1428 1803 783 2424 822 1296 1623 1464 1116 1563 1857 1422 1221 735 519 1425 1167 513 1652 1124 1072 1995 1100 1227 1296 1233 522 2046 1818 1458 852 1098 1653 1212 1761 1658 1503 1662 840 1227 982 1052 1731 1641 1294 1020 1359 1092 960 1431 1056 1788 699 1239 1732 1206 1782 711 
1802 1068 958 2260 1266 1584 2760 1916 1406 2088 1704 1742 2040 1902 1228 740 2168 1794 2108 1400 1632 1580 0 2014 1462 1622 1364 1796 1414 1826 1494 2226 1628 1868 1106 1372 1110 1312 1630 1356 1256 1148 1764 2016 1402 1800 1484 1716 1630 948 1686 1334 1676 1594 1148 1426 1242 630 1146 1238 2132 1732 1602 1938 1666 1534 1420 946 1058 2112 1336 2174 1718 1628 1296 1002 1836 1956 1872 2528 964 942 1914 1938 1278 1218 2190 1144 1386 852 1248 1078 1184 1800 1182 1692 1926 928 1668 1406 
2517 2118 2226 1686 2718 1992 2450 2307 2928 3477 645 2046 1856 2286 2313 2118 2006 2340 1940 1857 1782 1803 2014 0 1688 1932 1166 2229 1960 2664 1938 1848 1438 2718 2004 2112 2328 2193 2160 1959 1317 1425 375 2634 1560 2208 1941 1794 2088 2241 1146 2340 1551 840 1998 1854 1296 2076 1944 1290 2054 1394 1818 2025 1618 1869 1730 1884 1040 1830 2469 1474 708 1875 1863 1728 2880 1902 537 1518 1274 1878 1536 1606 1644 2292 1676 1454 2136 1743 1737 2082 1833 2565 1476 1023 2038 1857 2385 1542 
1470 1222 1092 798 1124 1738 1900 1506 1264 1926 1294 1332 1672 1492 1382 2202 1590 1948 1548 980 1390 1170 1462 1688 0 1256 1134 936 1568 1536 1546 1816 1198 406 944 1210 1312 1070 1200 1066 846 918 1438 1206 648 1954 1054 808 1208 1102 1276 128 1450 1418 1300 996 824 832 904 828 1712 1610 1578 1862 1586 1304 1544 1070 1008 1860 1460 1944 1348 1218 810 826 1680 1470 1524 2158 1088 1066 1504 1574 1402 1342 1780 1150 1392 976 1126 1202 1190 1678 952 1322 1750 1052 1248 996 
1760 1662 1026 1852 2976 1040 2018 1620 1698 2694 2235 1398 1416 2140 1908 2310 1654 1520 1508 2658 1340 1155 1622 1932 1256 0 734 3162 1140 1230 1496 926 486 2920 2442 2928 1800 1530 732 531 1338 1554 2595 2375 1824 3052 684 1900 2856 2022 2628 3384 3930 3240 1902 852 864 2976 2562 1284 1618 1210 866 2924 1186 2260 1382 2724 608 2223 1947 1544 984 2045 3564 2682 1452 1624 1686 1794 926 1808 1104 1174 3720 1770 1380 1106 1892 2442 1493 3162 2232 1917 828 2874 1818 2670 3462 1192 
1124 678 808 1674 1116 1434 1896 984 1256 1764 772 810 1510 970 1078 1754 1586 1644 1386 1010 1228 648 1364 1166 1134 734 0 932 1264 1374 1384 1294 1036 1540 782 854 1150 908 1038 904 324 216 916 1202 486 1492 892 828 1046 798 754 1006 1022 884 598 834 310 734 742 306 1460 908 1262 1340 1064 602 1080 606 306 1180 996 1242 788 696 886 592 1240 1546 1002 1598 624 602 982 1052 938 878 1258 804 690 512 424 738 488 976 250 762 1516 588 1118 474 
1308 4356 1287 1734 3438 1484 964 1902 1494 2794 2640 1641 1830 2580 2256 2490 654 1694 1706 4550 1532 1398 1796 2229 936 3162 932 0 1314 2154 1688 1614 1238 2940 4671 5381 3240 1731 1386 1449 2736 3222 3090 540 4123 3400 2188 2296 4781 3816 4296 3232 6849 4473 3668 4800 1260 4081 4731 2817 1936 1408 1618 3320 1384 2755 1580 4977 806 2520 2244 1742 1182 2540 6342 5019 2580 1942 1929 1992 1124 2204 1266 1336 5789 2067 1578 1304 2437 4742 1969 3756 3686 2214 1125 5202 2016 3264 6624 1516 
1320 586 476 1846 784 1102 2278 1778 924 1606 1566 1270 1558 1764 746 2034 1686 1312 1626 918 1150 1442 1414 1960 1568 1140 1264 1314 0 1620 1306 2066 1282 1492 624 890 1094 830 1284 1150 1118 1048 1710 1584 920 1318 1022 1234 1480 466 1548 1440 1194 1592 666 1080 1096 784 664 1100 1650 1324 1662 1944 1820 1434 1574 1100 1138 2012 1490 2074 1620 1490 1174 1000 1528 1656 1796 2430 1118 1096 1776 1846 1432 1372 2052 1298 978 1006 840 1232 776 1392 1014 1594 1924 1082 1186 1268 
1521 1911 1746 2218 2208 1296 2400 2004 2418 3078 2019 2358 1672 1989 2151 2484 2090 2000 1788 2289 1596 1545 1826 2664 1536 1230 1374 2154 1620 0 1752 1650 742 2913 1605 2004 1074 1725 1116 705 1629 1737 2517 2097 1332 3009 897 2385 1812 1731 2274 2112 2349 2580 2031 810 1596 1794 1665 1602 2338 1850 1122 3153 1826 2316 1986 2268 1248 3183 2853 2184 1624 2187 2742 2301 1836 2344 2646 2434 1530 2262 1744 1814 2766 2676 2020 1710 2448 2127 2049 2466 2145 2877 1788 2397 2458 2241 2811 1854 
1686 960 830 2220 1158 1476 2500 1756 1298 1664 1544 1328 1922 1742 1120 2092 2034 1686 1798 1266 1128 1420 1494 1938 1546 1496 1384 1688 1306 1752 0 2066 1414 1840 682 948 1152 808 1416 1282 1096 1168 1688 1958 898 1692 1270 1292 1458 840 1526 1418 1568 1730 1040 1212 1074 864 642 1078 2024 1698 1794 2112 1836 1554 1654 1180 1258 2132 1570 2194 1634 1468 1530 1236 1896 2030 1774 2444 1198 1176 1754 1824 1512 1452 2030 1378 1352 1086 1214 1312 1150 1766 1202 1608 2160 1162 1560 1246 
1584 1480 1610 2536 1918 1866 2578 1666 2058 2224 1454 1492 2192 324 1880 2366 2268 2446 2068 1812 1910 1330 2226 1848 1816 926 1294 1614 2066 1650 2066 0 1312 2222 1464 1296 1426 1590 1314 1180 1006 1078 1598 1884 1168 2252 1168 1510 1728 1600 1436 1688 1884 1640 1460 1110 992 1596 1424 988 2298 1770 1692 2022 1746 1464 1942 1468 1168 2042 1858 2104 1544 1378 1748 1454 1794 2304 1684 2354 1486 1464 1664 1734 1800 1740 1940 1666 1552 1374 1286 1600 1350 1838 1112 1518 2378 1450 1834 1156 
676 936 826 1880 1044 958 2202 998 904 1714 1008 1234 1334 988 1096 1458 1892 1662 1450 1188 1258 692 1628 1438 1198 486 1036 1238 1282 742 1414 1312 0 1604 732 998 518 938 406 272 748 820 1340 1060 550 1668 260 1252 870 816 1178 1070 1228 1382 1016 202 726 998 772 730 2000 1512 784 1764 1488 1206 1680 1206 910 1784 1600 1846 1286 1120 1490 1196 886 2006 1426 2096 1224 1206 1406 1476 1542 1478 1682 1404 1294 1116 1028 1338 1092 1580 854 1260 2120 1192 1536 898 
3280 1812 1554 392 1436 1662 2306 2280 1287 3249 2764 2607 1866 3908 2352 3546 1342 1570 1560 1148 1684 2364 1868 2718 406 2920 1540 2940 1492 2913 1840 2222 1604 0 2368 2900 3308 2046 2409 2208 2616 2670 3797 3382 2308 3756 2941 2718 2910 2052 3208 1788 2408 3189 1972 2883 2576 2529 2396 2580 1970 1644 1984 4378 1992 3442 1950 2975 1414 3267 2799 2350 1666 3360 2691 2628 2772 1876 2895 2476 1494 2967 1910 1980 3639 2622 2186 1556 2596 2787 2320 3239 2192 2568 2001 3324 2156 2939 3012 2916 
2012 2166 222 1538 1428 794 1818 1731 924 1473 2355 969 1250 2280 876 2115 1378 1004 1196 2162 526 1227 1106 2004 944 2442 782 4671 624 1605 682 1464 732 2368 0 1197 2115 309 1101 900 2569 2721 2715 2552 1332 2020 1176 1220 2996 1626 3837 3264 4479 3948 1532 2385 944 1903 180 2488 1342 1016 1112 3020 1234 2380 1266 3804 656 2295 1773 1592 1032 2165 4452 3489 1821 1348 1758 1842 810 1576 1152 1222 3904 1596 1428 990 1340 3387 1064 2814 1823 1626 900 4645 1616 2322 4617 1288 
2544 2727 621 1804 2226 1060 1764 1839 1323 1392 2535 810 1516 1944 1408 2514 1644 1270 1462 3093 792 1335 1372 2112 1210 2928 854 5381 890 2004 948 1296 998 2900 1197 0 3808 708 1500 1299 3387 3655 2895 2888 2864 1912 1708 1752 3927 2692 4081 4328 5613 4200 2197 4074 1088 2740 1584 3333 1608 1282 1378 3164 1306 2560 1498 5171 728 2403 2127 1664 1104 2345 5358 4395 2220 1614 1866 1914 1042 2048 1224 1294 4968 1944 1500 1222 1872 4715 1596 3514 2582 2025 1008 5799 1882 3030 5299 1432 
1872 3621 927 1586 2838 1072 1684 1668 1629 2178 2805 1674 1448 2204 1816 1410 1374 1474 1564 3807 996 1209 1110 2328 1312 1800 1150 3240 1094 1074 1152 1426 518 3308 2115 3808 0 651 780 369 4529 4798 3635 1980 3524 2960 748 2160 3598 3480 5275 4736 4203 4928 2983 2948 1680 1680 2595 4439 1812 1486 898 3576 1516 3300 1270 4446 908 2847 1779 1960 1400 3085 5252 3989 1500 1806 2310 2210 814 1584 1520 1590 4600 1602 1796 994 2280 3976 2004 2826 3331 2331 1452 7089 1776 2334 6338 2024 
1815 726 531 1744 1023 1000 2024 1920 1233 1782 1602 1278 1446 1899 966 2061 1558 1210 1322 1185 652 1416 1312 2193 1070 1530 908 1731 830 1725 808 1590 938 2046 309 708 651 0 1410 1020 930 1038 1818 2136 633 1824 1191 1224 1473 546 1575 1413 1638 1881 846 1104 897 1023 249 903 1548 1222 1318 2454 1360 1617 1472 1497 782 2484 2082 1718 1158 1488 1608 1347 2130 1554 1947 1968 1016 1491 1278 1348 1653 1905 1554 1196 1314 1356 1107 1695 1011 1935 1089 1698 1822 1470 1626 1155 
405 1407 1242 1882 1704 960 1888 1500 1914 2574 1515 1854 1336 1485 1647 2190 1578 1664 1452 1785 1260 1041 1630 2160 1200 732 1038 1386 1284 1116 1416 1314 406 2409 1101 1500 780 1410 0 411 1125 1233 2013 981 828 2505 393 1881 1308 1227 1770 1608 1845 2076 1527 306 1092 1500 1161 1098 2002 1514 786 2649 1490 1812 1682 1812 912 2679 2403 1848 1288 1683 2238 1797 1332 2008 2142 2098 1226 1812 1408 1478 2316 2220 1684 1406 1944 1677 1545 2010 1641 2373 1284 1893 2122 1791 2307 1350 
816 1206 1041 1748 1503 826 1930 1299 1713 2373 1314 1653 1202 1284 1446 1779 1620 1530 1318 1584 1126 840 1356 1959 1066 531 904 1449 1150 705 1282 1180 272 2208 900 1299 369 1020 411 0 924 1032 1812 1392 627 2304 192 1680 1107 1026 1569 1407 1644 1875 1326 105 891 1089 960 897 1868 1380 652 2448 1356 1611 1516 1563 778 2478 2148 1714 1154 1482 2037 1596 1131 1874 1941 1964 1060 1557 1274 1344 2061 1971 1550 1240 1743 1422 1344 1761 1440 2172 1083 1692 1988 1536 2106 1149 
1600 3171 963 1566 2910 1288 1572 990 1665 2214 1120 729 1222 1364 1864 2145 1262 1498 1098 3509 940 486 1256 1317 846 1338 324 2736 1118 1629 1096 1006 748 2616 2569 3387 4529 930 1125 924 0 648 1570 1756 2849 2676 1208 1080 2653 5776 1864 2970 4113 2345 2427 4873 44 2191 2913 117 1328 800 1128 2104 776 1235 972 3972 198 1608 1332 1134 574 1020 3606 2283 1698 1334 1017 1384 516 988 658 728 3357 1155 970 696 1342 3486 874 1932 2042 1302 213 4623 1408 1440 3888 300 
1816 2703 888 1458 2913 1218 1680 1152 1560 2322 1390 891 1294 1508 1795 2307 1370 1428 1170 3195 1012 648 1148 1425 918 1554 216 3222 1048 1737 1168 1078 820 2670 2721 3655 4798 1038 1233 1032 648 0 1750 1972 3074 2552 1352 1224 2905 4206 2152 3276 3627 2338 2049 4168 188 1813 3011 540 1244 692 1046 2248 848 965 864 2790 90 1446 1170 1026 572 1200 3120 1797 1536 1330 1179 1382 408 772 766 836 3007 993 1042 588 1126 2351 658 1608 1664 1140 51 3276 1300 1116 4161 516 
2856 3107 1851 1936 3905 1880 2200 1932 2553 3102 1898 1671 1814 2548 3048 2493 1890 2090 1690 3723 1532 1428 1764 375 1438 2595 916 3090 1710 2517 1688 1598 1340 3797 2715 2895 3635 1818 2013 1812 1570 1750 0 3012 1975 3156 2392 2264 3375 3110 2247 3275 3260 2075 2977 2845 1228 2835 2615 1525 1894 1392 1662 2912 1368 2715 1480 2515 790 1989 2094 1724 814 2500 2480 2655 2586 1652 162 1624 1024 2004 1286 1356 3073 1917 1562 1204 2484 2280 2016 2866 2702 2190 1101 2042 1986 2470 3575 1556 
768 2044 1692 2004 2812 1614 1234 2307 1899 3199 2652 2046 1990 3120 2796 2895 924 1964 1976 2708 1802 1803 2016 2634 1206 2375 1202 540 1584 2097 1958 1884 1060 3382 2552 2888 1980 2136 981 1392 1756 1972 3012 0 2152 3940 2056 2836 3107 2236 2688 2156 3056 3096 1884 1940 1800 2772 2632 1792 1804 1380 1440 3860 1226 2744 1732 2516 1076 2925 2472 2012 1452 1716 3216 2628 2313 1932 2334 2262 1276 2508 1536 1606 3180 2295 1848 1456 2068 2328 1792 2780 1664 2172 1530 2852 2238 2480 2924 2056 
1732 2610 666 1446 2316 1090 1770 1287 1368 1917 1615 1026 1024 1688 1468 2406 1460 1300 900 3080 742 783 1402 1560 648 1824 486 4123 920 1332 898 1168 550 2308 1332 2864 3524 633 828 627 2849 3074 1975 2152 0 2612 812 1404 1960 2542 2867 2080 4210 2912 2286 1914 352 2710 1280 2750 1490 962 930 2428 938 1640 1130 4220 360 1851 1575 1296 736 1425 4487 3284 1548 1496 1314 1546 674 1312 856 926 4068 1392 1132 854 1599 3717 1131 2410 2341 1545 456 5249 1570 1926 4765 696 
3412 1944 1293 2038 2340 1488 2664 2997 1965 2826 3572 2244 1944 3856 2264 3630 2072 1698 2012 2608 1536 2424 1800 2208 1954 3052 1492 3400 1318 3009 1692 2252 1668 3756 2020 1912 2960 1824 2505 2304 2676 2552 3156 3940 2612 0 2816 2608 3224 1704 1744 3652 2772 1824 2104 2932 2648 2340 2100 2640 2036 1502 1730 2916 1794 2708 1548 2148 1186 1992 2196 1826 816 3420 2848 2260 2871 2042 2205 1626 1092 2140 1996 2066 2408 2019 1784 1272 2728 1960 2452 2412 2324 2667 1965 1580 2054 2112 3144 2976 
1500 1352 849 1736 1748 814 2058 1281 1521 2355 1728 1635 1190 1688 1672 1971 1696 1402 1306 1856 1114 822 1484 1941 1054 684 892 2188 1022 897 1270 1168 260 2941 1176 1708 748 1191 393 192 1208 1352 2392 2056 812 2816 0 2216 1452 1112 2068 1852 2168 2476 1512 116 1164 1708 1256 1172 1740 1368 640 3240 1344 2124 1430 1912 766 2460 2037 1702 1142 1952 2528 2104 1113 1746 1923 1952 974 2124 1262 1332 2796 1842 1538 1154 2136 1944 1791 2176 1732 2154 1065 2232 1976 2096 2552 1508 
2680 1776 1137 1606 2172 1404 2112 1800 1839 2388 1976 1539 1726 2372 2096 2955 1802 1614 1602 2440 1136 1296 1716 1794 808 1900 828 2296 1234 2385 1292 1510 1252 2718 1220 1752 2160 1224 1881 1680 1080 1224 2264 2836 1404 2608 2216 0 2524 1536 1192 1360 2220 1272 1936 2100 1052 2172 1300 1044 1832 1226 1632 2364 1280 1996 1476 2004 702 1578 2088 1550 540 1824 2528 1976 2454 1838 1791 1350 1020 1996 1198 1268 1856 1911 1474 1200 2269 1816 1801 2268 1865 2058 969 1028 1870 1968 2736 1380 
2492 3978 1506 1010 3976 1424 2330 2127 2196 2757 3015 1866 464 2808 1732 2886 2020 1860 1460 5040 848 1623 1630 2088 1208 2856 1046 4781 1480 1812 1458 1728 870 2910 2996 3927 3598 1473 1308 1107 2653 2905 3375 3107 1960 3224 1452 2524 0 3558 3122 3780 1253 2912 4122 2338 1472 3500 2856 2590 1622 1522 1250 2956 1404 3040 1158 2394 920 2040 1629 1746 796 2825 4277 3248 2028 1882 2154 1658 702 1736 1416 1486 4172 1434 1692 882 1704 2723 2116 2678 3737 2385 1296 3075 1852 2562 5149 1816 
1708 540 15 1380 954 636 1812 1968 687 1710 2750 1206 1092 2596 560 2352 1220 846 1160 1582 684 1464 948 2241 1102 2022 798 3816 466 1731 840 1600 816 2052 1626 2692 3480 546 1227 1026 5776 4206 3110 2236 2542 1704 1112 1536 3558 0 4356 3914 3276 3941 700 5544 1260 1113 2050 4556 1184 858 1196 3030 1354 2562 1108 5163 672 2319 1536 1608 1154 2560 3186 2403 1593 1190 1995 1964 652 1260 1310 1380 3948 1359 1586 832 1024 3984 748 2340 1085 1389 822 9519 1458 1848 3453 1604 
2532 4115 1608 1186 4200 1718 2038 1689 2310 2859 2285 1428 1356 2224 2084 2844 1728 1928 1528 4754 1370 1116 1686 1146 1276 2628 754 4296 1548 2274 1526 1436 1178 3208 3837 4081 5275 1575 1770 1569 1864 2152 2247 2688 2867 1744 2068 1192 3122 4356 0 4656 2136 714 3312 3911 904 3696 3717 1792 1454 794 1520 1172 1206 1615 1402 3712 628 930 1881 1118 108 2095 3328 3184 2343 1460 1143 918 946 1848 1124 1194 1984 1800 1076 1104 1872 3380 1689 3114 3367 1707 858 328 1438 2538 3960 1232 
2744 4394 1446 926 3816 1610 1772 2067 2088 2697 2915 1806 1544 2728 2508 3136 1462 1820 1420 4462 1262 1563 1334 2340 128 3384 1006 3232 1440 2112 1418 1688 1070 1788 3264 4328 4736 1413 1608 1407 2970 3276 3275 2156 2080 3652 1852 1360 3780 3914 4656 0 5752 4515 4106 3472 1392 2464 3104 2916 1584 1482 1450 3468 1458 2940 1416 3768 880 2598 1998 1816 1220 2725 2728 2792 2328 1342 2094 2030 960 1876 1376 1446 5184 1821 1652 1022 2587 3392 2119 3236 3953 2325 1236 4812 1622 2772 4480 1736 
3041 3816 1107 652 2938 1364 2486 2361 1659 2802 3405 2100 822 3120 1016 2811 1948 1574 1808 4130 1206 1857 1676 1551 1450 3930 1022 6849 1194 2349 1568 1884 1228 2408 4479 5613 4203 1638 1845 1644 4113 3627 3260 3056 4210 2772 2168 2220 1253 3276 2136 5752 0 1659 2943 4729 1800 3661 4539 4032 1264 1244 1608 2240 1654 2900 1516 4729 896 1701 2166 1388 622 3215 6067 4853 2172 1796 1914 1432 1060 2236 1572 1642 4040 1971 1590 1240 988 4774 1520 3644 2778 1968 1260 2692 1952 3349 6239 2128 
2940 4187 1704 1126 4322 1762 2242 1995 2370 3165 2539 1734 1296 2632 1964 2958 1932 1972 1732 5349 1574 1422 1594 840 1418 3240 884 4473 1592 2580 1730 1640 1382 3189 3948 4200 4928 1881 2076 1875 2345 2338 2075 3096 2912 1824 2476 1272 2912 3941 714 4515 1659 0 3915 4130 1312 3374 3808 2282 1494 834 1492 1580 1410 1715 1310 2926 758 990 1839 914 148 2605 3052 2072 2538 1500 1203 958 854 1664 1328 1398 1876 1662 1116 1034 1936 2597 1883 2946 3558 2013 1053 427 1478 2454 3605 1640 
1628 280 315 1378 1554 836 2012 1725 987 2010 2627 1464 1052 2450 960 2652 1180 1046 1360 1442 884 1221 1148 1998 1300 1902 598 3668 666 2031 1040 1460 1016 1972 1532 2197 2983 846 1527 1326 2427 2049 2977 1884 2286 2104 1512 1936 4122 700 3312 4106 2943 3915 0 2849 1129 1813 1648 2364 984 658 1192 2670 1230 2276 1010 1876 472 2019 1329 1408 954 2511 3101 2072 1293 990 1752 1764 554 1064 1148 1218 3038 1212 1424 734 624 1547 348 2046 385 1089 522 3488 1516 1554 1820 1458 
1384 3303 936 1678 2796 756 2000 1194 1608 2268 2015 1548 1132 1572 1788 1884 1690 1460 1248 3531 1056 735 1426 1854 996 852 834 4800 1080 810 1212 1110 202 2883 2385 4074 2948 1104 306 105 4873 4168 2845 1940 1914 2932 116 2100 2338 5544 3911 3472 4729 4130 2849 0 1048 2854 2867 3984 1798 1310 582 3124 1286 2510 1478 7570 708 2373 2097 1644 1084 2295 5847 4662 1026 1804 1836 1894 1022 2008 1204 1274 5433 1914 1480 1202 2201 6807 1733 3454 3183 2067 978 8739 1918 2970 6023 1392 
1644 1209 930 1552 1896 1266 1594 1023 1632 2181 940 762 1200 1336 1820 2178 1284 1476 1076 1860 918 519 1242 1296 824 864 310 1260 1096 1596 1074 992 726 2576 944 1088 1680 897 1092 891 44 188 1228 1800 352 2648 1164 1052 1472 1260 904 1392 1800 1312 1129 1048 0 1224 864 8 1314 786 1106 2076 762 960 954 960 184 1587 1311 1120 560 788 1528 940 1677 1320 1050 1370 498 960 680 750 1632 1128 956 678 1314 780 846 1224 910 1281 192 1068 1394 932 1700 344 
2344 1533 492 1630 1908 954 2130 1929 1164 2187 2685 1668 1410 2544 1196 2080 1538 1164 1478 2695 1002 1425 630 2076 832 2976 734 4081 784 1794 864 1596 998 2529 1903 2740 1680 1023 1500 1089 2191 1813 2835 2772 2710 2340 1708 2172 3500 1113 3696 2464 3661 3374 1813 2854 1224 0 2043 2128 1502 1102 972 2616 1036 2260 790 1106 428 2223 1059 1544 1088 2495 2331 1302 1809 1326 1863 1898 334 624 1284 1308 2268 882 1560 514 1512 777 1236 1386 1939 1755 828 3717 1296 894 3633 1552 
2092 2226 282 1578 1548 834 1858 1671 984 1533 2255 1029 1280 2200 956 2175 1392 1044 1156 2184 486 1167 1146 1944 904 2562 742 4731 664 1665 642 1424 772 2396 180 1584 2595 249 1161 960 2913 3011 2615 2632 1280 2100 1256 1300 2856 2050 3717 3104 4539 3808 1648 2867 864 2043 0 2823 1382 1056 1152 2940 1194 2280 1306 4320 616 2235 1833 1552 992 2065 4512 3549 1881 1388 1698 1802 850 1656 1112 1182 3744 1656 1388 1030 1420 3858 1144 2934 1923 1686 840 5127 1656 2442 4677 1208 
1636 3090 936 1548 2856 1270 1590 1017 1638 2187 1165 756 1204 1328 1828 2172 1280 1480 1080 3446 922 513 1238 1290 828 1284 306 2817 1100 1602 1078 988 730 2580 2488 3333 4439 903 1098 897 117 540 1525 1792 2750 2640 1172 1044 2590 4556 1792 2916 4032 2282 2364 3984 8 2128 2823 0 1310 782 1110 2068 758 1190 954 3120 180 1581 1305 1116 556 975 3525 2202 1671 1316 1044 1366 498 952 676 746 3303 1128 952 678 1306 3073 838 1878 1979 1275 186 3604 1390 1386 3807 336 
1798 1064 1194 1916 1502 1820 2900 1988 1642 2324 1776 1814 2036 1974 1464 2752 2164 2030 2344 1396 1868 1652 2132 2054 1712 1618 1460 1936 1650 2338 2024 2298 2000 1970 1342 1608 1812 1548 2002 1868 1328 1244 1894 1804 1490 2036 1740 1832 1622 1184 1454 1584 1264 1494 984 1798 1314 1502 1382 1310 0 1520 1912 2040 1896 1630 1706 1232 1334 1910 830 2270 1398 1700 902 1196 1724 934 2002 2208 1250 1394 1986 2056 1588 1504 2262 1242 770 1304 1036 1308 972 1588 1210 1372 2120 1238 464 1478 
1472 738 868 1896 1176 1494 2372 1460 1316 1998 1248 1286 1710 1446 1138 2230 1838 1704 1862 1070 1542 1124 1732 1394 1610 1210 908 1408 1324 1850 1698 1770 1512 1644 1016 1282 1486 1222 1514 1380 800 692 1392 1380 962 1502 1368 1226 1522 858 794 1482 1244 834 658 1310 786 1102 1056 782 1520 0 1630 1380 1540 1078 1448 974 782 1250 1364 1718 738 1172 1294 1000 1300 1648 1392 1548 992 970 1458 1528 1126 1246 1706 1172 750 880 484 1106 548 1036 658 712 1924 956 1178 950 
1056 1272 1206 2260 1514 1338 2582 1378 1654 2094 1388 1614 1714 1368 1476 1838 2272 2042 1830 1568 1638 1072 1602 1818 1578 866 1262 1618 1662 1122 1794 1692 784 1984 1112 1378 898 1318 786 652 1128 1046 1662 1440 930 1730 640 1632 1250 1196 1520 1450 1608 1492 1192 582 1106 972 1152 1110 1912 1630 0 1836 1454 1432 1318 844 956 1976 1082 2072 1464 1500 1194 900 1266 1854 1770 2274 862 840 1786 1836 1024 1116 2062 932 1284 750 1146 866 1082 1698 1080 1438 1824 674 1448 1278 
3704 2830 2232 1772 3666 2114 2624 2568 2904 3738 3000 2307 1942 3396 3256 3723 2314 2324 2114 3494 1956 1995 1938 2025 1862 2924 1340 3320 1944 3153 2112 2022 1764 4378 3020 3164 3576 2454 2649 2448 2104 2248 2912 3860 2428 2916 3240 2364 2956 3030 1172 3468 2240 1580 2670 3124 2076 2616 2940 2068 2040 1380 1836 0 1712 2464 1466 1984 1214 1809 2091 1704 694 2848 2836 2472 2880 2046 2022 1504 1010 2352 658 1780 2164 1896 1662 1190 2816 2172 2322 2248 2450 828 1737 1336 2024 2324 3152 2350 
1576 1310 1364 2306 1672 1990 2348 1436 1812 2216 1224 1262 1868 1422 1634 2206 2038 2200 1838 1642 1680 1100 1666 1618 1586 1186 1064 1384 1820 1826 1836 1746 1488 1992 1234 1306 1516 1360 1490 1356 776 848 1368 1226 938 1794 1344 1280 1404 1354 1206 1458 1654 1410 1230 1286 762 1036 1194 758 1896 1540 1454 1712 0 1234 1194 720 938 1812 1122 1874 1314 368 994 964 1688 1654 1454 2124 702 904 1434 1504 1130 992 1710 654 1322 814 1056 588 1120 1608 882 1288 1888 780 1432 926 
2588 2328 1467 1812 3357 1604 2066 1731 2139 2901 2355 1470 1680 2280 2567 2886 1756 1814 1556 3158 1398 1227 1534 1869 1304 2260 602 2755 1434 2316 1554 1464 1206 3442 2380 2560 3300 1617 1812 1611 1235 965 2715 2744 1640 2708 2124 1996 3040 2562 1615 2940 2900 1715 2276 2510 960 2260 2280 1190 1630 1078 1432 2464 1234 0 1250 1940 476 867 1749 640 590 2165 2640 1905 2115 1716 1758 1400 794 1544 1146 1222 2445 1572 1428 974 1898 1705 1430 2291 2001 1719 630 1410 1686 1895 3254 1276 
1772 1090 1118 2168 1426 1744 2544 1632 1566 2248 1420 1458 1622 1618 1388 2160 2190 1954 2030 1422 1792 1296 1420 1730 1544 1382 1080 1580 1574 1986 1654 1942 1680 1950 1266 1498 1270 1472 1682 1516 972 864 1480 1732 1130 1548 1430 1476 1158 1108 1402 1416 1516 1310 1010 1478 954 790 1306 954 1706 1448 1318 1466 1194 1250 0 474 774 1828 876 1890 1422 1206 1012 718 1552 1672 1588 2232 492 658 1630 1466 982 746 1906 672 1102 568 964 606 900 1516 898 1396 1642 644 1242 1122 
2596 2910 966 1694 2856 1270 2070 1737 1638 2661 2365 1476 1148 2288 1828 2554 1716 1480 1556 3318 1318 1233 946 1884 1070 2724 606 4977 1100 2268 1180 1468 1206 2975 3804 5171 4446 1497 1812 1563 3972 2790 2515 2516 4220 2148 1912 2004 2394 5163 3712 3768 4729 2926 1876 7570 960 1106 4320 3120 1232 974 844 1984 720 1940 474 0 300 2031 603 1416 948 1830 2421 1098 1617 1198 1671 1758 18 368 1156 992 2032 408 1432 198 1256 658 980 626 1491 1563 636 6942 1168 510 3768 1296 
998 552 682 1548 990 1308 1770 858 1130 1638 646 684 1384 844 952 1628 1460 1518 1260 884 1102 522 1058 1040 1008 608 306 806 1138 1248 1258 1168 910 1414 656 728 908 782 912 778 198 90 790 1076 360 1186 766 702 920 672 628 880 896 758 472 708 184 428 616 180 1334 782 956 1214 938 476 774 300 0 1054 690 1116 662 570 650 356 1114 1310 876 1472 318 296 856 926 632 572 1132 498 564 206 298 432 362 850 124 636 1280 282 992 348 
2808 2139 2334 1786 2796 2182 2644 2598 3006 3768 2280 2337 1824 2577 2463 3753 2334 2392 2134 2637 1976 2046 2112 1830 1860 2223 1180 2520 2012 3183 2132 2042 1784 3267 2295 2403 2847 2484 2679 2478 1608 1446 1989 2925 1851 1992 2460 1578 2040 2319 930 2598 1701 990 2019 2373 1587 2223 2235 1581 1910 1250 1976 1809 1812 867 1828 2031 1054 0 2565 1218 564 2166 1932 1878 2982 1916 1827 938 1372 2025 1724 1800 1428 2439 1532 1552 2088 1890 1758 2229 1854 2586 1497 807 1894 1953 2169 1824 
2532 1449 1551 2096 2013 1660 2460 2322 2223 3246 2004 2061 1550 2301 1956 3139 2066 1870 1950 1947 1708 1818 1336 2469 1460 1947 996 2244 1490 2853 1570 1858 1600 2799 1773 2127 1779 2082 2403 2148 1332 1170 2094 2472 1575 2196 2037 2088 1629 1536 1881 1998 2166 1839 1329 2097 1311 1059 1833 1305 830 1364 1082 2091 1122 1749 876 603 690 2565 0 1806 1198 1701 1206 951 1974 836 2256 2008 420 861 1546 1394 1137 1011 1822 600 1527 726 1320 801 1224 2148 1221 1758 1558 612 549 1557 
1934 1488 1618 2040 1926 2244 2706 1794 2066 2574 1582 1620 2210 1780 1888 2564 2396 2454 2196 1820 2038 1458 2174 1474 1944 1544 1242 1742 2074 2184 2194 2104 1846 2350 1592 1664 1960 1718 1848 1714 1134 1026 1724 2012 1296 1826 1702 1550 1746 1608 1118 1816 1388 914 1408 1644 1120 1544 1552 1116 2270 1718 2072 1704 1874 640 1890 1416 1116 1218 1806 0 1062 1506 1696 1402 2050 2356 1716 1872 1434 1412 1786 1862 1450 1688 2030 1614 1500 1322 1234 1548 1298 1786 1060 1036 2326 1398 1928 1278 
1374 1034 1164 1274 1472 1790 2146 1234 1612 2014 1022 1060 1260 1220 1130 2004 1836 2000 1636 1366 1478 852 1718 708 1348 984 788 1182 1620 1624 1634 1544 1286 1666 1032 1104 1400 1158 1288 1154 574 572 814 1452 736 816 1142 540 796 1154 108 1220 622 148 954 1084 560 1088 992 556 1398 738 1464 694 1314 590 1422 948 662 564 1198 1062 0 946 776 740 1596 1404 706 862 966 956 1232 1302 440 1220 1020 1048 880 866 780 982 844 1246 606 26 1382 790 934 724 
2416 2557 1521 1938 3355 1660 1980 1602 2223 2772 2140 1341 1594 2108 2608 2757 1670 1870 1470 3361 1312 1098 1628 1875 1218 2045 696 2540 1490 2187 1468 1378 1120 3360 2165 2345 3085 1488 1683 1482 1020 1200 2500 1716 1425 3420 1952 1824 2825 2560 2095 2725 3215 2605 2511 2295 788 2495 2065 975 1700 1172 1500 2848 368 2165 1206 1830 570 2166 1701 1506 946 0 2875 2140 2256 1706 1629 1756 750 1732 1066 1136 3005 1506 1342 930 2086 1940 1618 2206 2236 1860 771 2300 1780 2130 3090 1116 
3124 3726 1077 1608 3078 1344 2350 2157 1749 2772 3065 1896 1686 2848 1976 3079 1928 1554 1840 4060 1392 1653 1296 1863 810 3564 886 6342 1174 2742 1530 1748 1490 2691 4452 5358 5252 1608 2238 2037 3606 3120 2480 3216 4487 2848 2528 2528 4277 3186 3328 2728 6067 3052 3101 5847 1528 2331 4512 3525 902 1294 1194 2836 994 2640 1012 2421 650 1932 1206 1696 776 2875 0 1323 2142 660 1650 1586 520 1068 1436 1506 3522 1215 1712 340 1956 1998 1635 1482 2716 2043 954 3375 1218 1560 1971 1856 
2568 2943 816 1624 2556 1170 2056 1716 1488 2511 2330 1455 1392 2260 1628 2638 1746 1380 1546 3451 1218 1212 1002 1728 826 2682 592 5019 1000 2301 1236 1454 1196 2628 3489 4395 3989 1347 1797 1596 2283 1797 2655 2628 3284 2260 2104 1976 3248 2403 3184 2792 4853 2072 2072 4662 940 1302 3549 2202 1196 1000 900 2472 964 1905 718 1098 356 1878 951 1402 740 2140 1323 0 1701 954 1743 1550 262 480 1142 1212 2392 774 1418 442 1368 675 1047 1170 1687 1602 513 3317 924 678 3294 1268 
1737 1413 1608 2100 2070 1440 2684 2220 2280 3294 2235 2427 1816 2205 2013 2910 2042 1908 1932 1911 1740 1761 1836 2880 1680 1452 1240 2580 1528 1836 1896 1794 886 2772 1821 2220 1500 2130 1332 1131 1698 1536 2586 2313 1548 2871 1113 2454 2028 1593 2343 2328 2172 2538 1293 1026 1677 1809 1881 1671 1724 1300 1266 2880 1688 2115 1552 1617 1114 2982 1974 2050 1596 2256 2142 1701 0 1852 2715 2406 1096 1611 1790 1860 1887 2025 2066 1166 1431 1476 1224 1650 1128 2052 1485 2355 2058 1362 2073 1923 
1804 1070 1200 2268 1508 1826 2906 1994 1648 2330 1782 1820 2042 1980 1470 2696 2170 2036 2350 1402 1874 1658 1956 1902 1470 1624 1546 1942 1656 2344 2030 2304 2006 1876 1348 1614 1806 1554 2008 1874 1334 1330 1652 1932 1496 2042 1746 1838 1882 1190 1460 1342 1796 1500 990 1804 1320 1326 1388 1316 934 1648 1854 2046 1654 1716 1672 1198 1310 1916 836 2356 1404 1706 660 954 1852 0 1760 2214 1180 1194 1992 2062 1530 1470 2268 1000 1302 1104 1164 1066 1100 1716 1296 1378 1878 1180 470 1484 
2217 1872 1980 1928 2472 1966 2250 2007 2682 3231 1182 1746 1900 2040 2415 2655 1940 2176 1776 2370 1618 1503 1872 537 1524 1686 1002 1929 1796 2646 1774 1684 1426 2895 1758 1866 2310 1947 2142 1941 1017 1179 162 2334 1314 2205 1923 1791 2154 1995 1143 2094 1914 1203 1752 1836 1050 1863 1698 1044 2002 1392 1770 2022 1454 1758 1588 1671 876 1827 2256 1716 706 1629 1650 1743 2715 1760 0 1516 1132 1665 1336 1406 1641 2079 1648 1312 1890 1530 1491 1869 1587 2319 1230 1020 2036 1644 2307 1242 
2184 1844 1974 2084 2282 2600 2956 2044 2422 2824 1832 1870 2122 2030 1940 2814 2646 2810 2446 2176 2288 1662 2528 1518 2158 1794 1598 1992 2430 2434 2444 2354 2096 2476 1842 1914 2210 1968 2098 1964 1384 1382 1624 2262 1546 1626 1952 1350 1658 1964 918 2030 1432 958 1764 1894 1370 1898 1802 1366 2208 1548 2274 1504 2124 1400 2232 1758 1472 938 2008 1872 862 1756 1586 1550 2406 2214 1516 0 1776 1766 2042 2112 1250 2030 1830 1858 1690 1676 1590 1792 1654 2056 1416 836 2192 1600 1744 1534 
1316 634 662 1712 970 1288 2088 1176 1110 1792 964 1002 1166 1162 932 1704 1734 1498 1574 966 1336 840 964 1274 1088 926 624 1124 1118 1530 1198 1486 1224 1494 810 1042 814 1016 1226 1060 516 408 1024 1276 674 1092 974 1020 702 652 946 960 1060 854 554 1022 498 334 850 498 1250 992 862 1010 702 794 492 18 318 1372 420 1434 966 750 520 262 1096 1180 1132 1776 0 202 1174 1010 526 290 1450 180 646 112 508 114 444 1060 442 940 1186 188 786 666 
2588 1224 960 1770 1896 1266 2066 1731 1632 2655 1884 1470 1332 2280 1820 2548 1712 1476 1556 1888 1314 1227 942 1878 1066 1808 602 2204 1096 2262 1176 1464 1206 2967 1576 2048 1584 1491 1812 1557 988 772 2004 2508 1312 2140 2124 1996 1736 1260 1848 1876 2236 1664 1064 2008 960 624 1656 952 1394 970 840 2352 904 1544 658 368 296 2025 861 1412 956 1732 1068 480 1611 1194 1665 1766 202 0 1152 1176 1032 684 1428 382 1248 180 972 632 844 1557 630 1860 1164 332 1880 1288 
