0 1101 1296 1772 1758 1845 1618 1270 1968 2979 1920 1650 1606 1890 1701 2607 1308 1700 1722 1599 1530 964 1802 1968 1470 1137 1644 981 1980 1521 1686 2526 1014 2460 1506 1905 2478 1815 405 816 1893 1320 2307 576 1233 2559 798 2238 1713 1281 1710 2013 1680 1770 1221 711 1461 1758 1566 1455 1437 2208 1584 909 2415 741 1744 1905 1455 1608 1566 1701 1626 1863 2325 1884 1737 2355 2145 1894 1288 1899 1264 2985 2208 1662 1922 2202 1689 1764 1482 2103 1386 1737 1371 1587 3270 1878 1800 1698 
1101 0 195 1282 1533 2366 1932 1278 867 1890 2065 924 972 2536 800 2024 1100 966 1280 1328 804 1224 1068 1172 1240 1662 1017 3872 879 1911 960 4074 1404 1812 2328 2727 1377 726 1407 1608 3462 2703 2153 2459 2664 1944 1352 1776 4032 540 3798 4448 3162 3696 280 3303 1216 1533 2388 3108 1596 1107 1908 2024 1794 4440 1090 2910 828 1920 966 2232 2506 1988 3726 2943 1413 1266 3929 1578 634 1224 1618 4020 2844 1008 1504 1221 784 2487 508 2286 665 1209 642 3429 2367 2093 2932 3017 
1296 195 0 1152 492 969 1822 1408 702 1695 1044 794 1102 1989 435 1323 1230 856 1170 693 674 1114 958 684 1130 1026 1173 1287 714 1746 830 1581 1239 1554 222 621 1212 531 1242 1041 1536 888 1059 1632 723 1293 849 1137 1563 15 1311 1503 750 1005 315 936 987 492 282 993 1791 1302 1749 1635 1599 1467 1118 966 1023 1995 1034 2376 1227 1578 1077 816 1608 1071 1215 1628 662 960 1748 2217 1464 1036 1614 1263 783 825 576 1164 480 1404 837 1188 2202 939 1095 2400 
1772 1282 1152 0 1110 1084 2698 1912 1250 1986 848 1650 2064 2084 1160 1738 1734 1962 1952 966 1530 1788 2110 1278 798 1582 1220 1734 1466 1838 1686 1836 1096 392 1004 1270 1586 1210 1502 1368 1640 1436 1070 1922 1446 2014 1356 1606 1600 1162 1186 926 652 1126 1362 1298 1530 1480 1044 1526 1854 1394 1880 1772 1218 1812 1674 1200 1500 1786 1756 2040 1274 1586 1502 1444 1982 1570 962 2084 1218 1384 2430 1630 1662 1780 2242 1162 1146 1294 1412 1228 1348 1964 1470 1248 1824 1370 1390 2056 
1758 1533 492 1110 0 3339 2100 1716 210 2187 2560 1122 1410 2716 916 2420 1538 852 842 2695 1002 1422 1266 1568 1124 2976 1635 4006 1176 2208 1158 2541 1566 1436 2051 2740 1674 1023 1704 2004 4056 3470 2691 3500 2765 2340 1748 2172 4725 1113 4237 4498 2967 3645 1813 3262 1932 2226 2151 3395 2253 1764 2241 2876 2091 4821 1426 3332 1485 2487 1342 2868 4015 2720 3591 2982 2070 1563 4009 1956 970 1896 2056 4515 3852 1344 1922 1725 1660 3003 1384 3294 2198 1866 1299 3950 2664 3269 3633 3850 
1845 2366 969 1084 3339 0 2044 1290 1641 2649 1570 1430 1646 2212 1832 3036 1112 1482 1522 1204 1310 1246 1500 1972 1270 2695 204 4184 1653 1944 1466 4480 1314 1836 2744 3525 2025 1485 1440 1652 3565 1974 2125 2120 2659 2676 1628 1928 4325 2226 2205 4307 1512 1491 2613 2646 892 3129 2884 2183 1731 1566 2007 1700 1497 2957 1216 2835 663 1629 1056 2010 2009 1664 3683 2838 2064 1740 2597 1384 760 1476 1508 3525 2886 1134 1394 1410 1702 2694 1305 2710 2668 1668 579 1918 2406 2960 2415 2712 
1618 1932 1822 2698 2100 2044 0 2888 1960 836 2366 2304 2904 2484 2092 2552 1618 2658 2900 2264 2344 2582 2760 2126 1900 2248 1908 964 2278 2632 2500 2590 2294 2306 1818 1764 2610 2024 1888 2162 1572 1730 2358 1234 2000 2664 2150 2342 2560 1812 1990 1772 2170 2030 2012 2092 1824 2130 1858 1820 1808 2422 2674 1456 2460 1344 2594 2120 1820 1922 2416 1984 1934 2092 2400 2106 2754 2384 2250 2744 2138 2116 2114 2300 2322 2512 2772 2318 2204 2026 1938 2252 2002 2008 1764 1908 3030 2102 2050 1982 
1270 1278 1408 1912 1716 1290 2888 0 1856 2308 1602 1972 1928 1582 1678 2060 1714 2244 2044 946 1852 1286 2346 1634 1792 1080 1426 1924 1788 1336 2008 2006 998 1520 1326 1592 2196 1532 1000 866 2202 1414 1860 1654 1144 2250 854 1846 1464 1398 1772 1664 1442 1716 1358 796 1320 1716 1366 1324 2228 2016 1378 1876 2008 1764 2274 1800 1504 2342 2194 2404 1864 1714 2084 1790 1480 1892 1752 2674 1818 1800 2534 2420 2136 2196 2276 1952 1670 1710 1532 1932 1468 2084 1448 1838 2614 1786 1878 2402 
1968 867 702 1250 210 1641 1960 1856 0 2397 1746 1262 1550 2247 897 2025 1650 992 982 1365 1142 1562 1406 1386 1264 1698 1845 1494 1386 2418 1298 1299 1356 1287 924 1323 1884 1233 1914 1713 2238 1560 1761 1899 1395 1965 1521 1839 2235 687 2013 2088 1452 1707 987 1608 1659 1164 984 1665 2463 1974 2451 2232 2301 2064 1566 1638 1695 2697 1482 3024 1929 2250 1749 1488 2280 1773 1917 2096 1110 1632 2146 2919 2136 1484 2062 1935 1455 1497 1248 1836 1152 2076 1509 1890 2874 1611 1767 3021 
2979 1890 1695 1986 2187 2649 836 2308 2397 0 2295 1468 2232 2850 2130 2574 2360 1986 2300 2388 1508 2002 2088 1935 2260 2577 2673 2794 2166 3078 1664 3234 2571 3249 1473 1392 2907 1782 2574 2373 2787 2349 2310 3093 2418 2826 2355 2388 3258 1710 2562 3198 2001 2256 2010 2268 2208 2187 1533 2214 3348 2997 3000 3096 2850 2928 2248 2661 2484 3246 2134 3627 2478 2799 2772 2511 3294 2322 2466 2462 1792 2655 2722 3468 2937 2166 2428 2766 2478 2520 2271 2859 2175 3099 2400 2439 3759 2634 2652 3651 
1920 2065 1044 848 2560 1570 2366 1602 1746 2295 0 1194 1608 3184 1408 1964 1576 1552 1866 2020 1074 1296 1654 860 1646 2725 1146 3885 1515 2019 1230 3875 960 2551 1370 2035 1695 1131 1515 1752 2960 2450 1535 3665 2885 3116 1728 2316 2860 1765 1825 4185 490 1675 2265 2015 2148 2560 1470 2675 2097 1407 2082 2632 1143 3390 1218 1860 1566 1995 1300 2376 2045 2425 2615 2470 2235 1671 1265 1628 762 1856 1974 2935 3015 1324 1786 1059 1380 2095 1912 1982 2230 2262 1521 1980 2052 2285 2335 3200 
1650 924 794 1650 1122 1430 2304 1972 1262 1468 1194 0 1896 1512 1084 1380 2024 1650 1964 1256 1172 1666 1752 954 1908 1382 1394 1652 1108 1716 1328 1820 1378 1830 646 540 1602 852 1380 1246 1522 1178 1204 1674 1260 1496 1234 1256 1820 804 1372 1780 998 1168 1004 1176 1084 1122 686 1088 1896 1662 1664 1676 1564 1564 1912 1438 1268 1828 1798 2082 1316 1478 1512 1338 1860 1212 1308 2126 1456 1434 2334 1976 1622 1830 2040 1508 1316 1344 1178 1570 1114 1730 1212 1290 2170 1420 1432 2098 
1606 972 1102 2064 1410 1646 2904 1928 1550 2232 1608 1896 0 1868 1372 1984 2072 1938 1924 1304 1312 1622 2040 1558 1672 1416 1510 1940 1558 1672 1932 1948 1334 1878 1250 1516 1890 1456 1336 1202 2064 1294 1494 1790 1024 1944 1190 1726 464 1092 1368 1544 1412 1408 1052 1132 1200 1410 1290 1204 1840 1710 1714 1792 1868 1680 1622 1148 1384 1824 1726 2252 1260 1594 1686 1392 1816 1816 1386 2122 1166 1332 2450 2140 1668 1728 2156 1346 1364 1242 1226 1280 1162 1778 1328 1286 2248 1318 1376 2120 
1890 2536 1989 2084 2716 2212 2484 1582 2247 2850 3184 1512 1868 0 3192 3944 2174 2162 1744 2900 1764 1276 1902 3048 1492 2140 1455 3040 2550 1989 1920 1264 1482 3859 2476 1944 2628 2166 1485 1712 3088 1508 2548 2500 1688 3856 1688 2372 2808 2632 2224 2728 2864 2632 2450 1572 1336 2544 2556 1328 2406 2169 2052 2504 2133 2280 1618 2288 1266 2577 1534 2670 2440 2108 2848 2260 2205 2706 2764 2030 1162 2280 1910 4272 2952 1536 1616 2013 2634 2100 2166 2552 2230 2271 1182 2388 3081 2252 2672 3556 
1701 800 435 1160 916 1832 2092 1678 897 2130 1408 1084 1372 3192 0 2344 1500 1126 1300 1464 964 1384 1228 1492 1400 1908 1578 2256 1119 2151 1120 2368 1428 2352 876 1408 1617 966 1647 1928 2628 1804 1852 2736 1504 2264 1672 2096 2624 560 2084 2544 1016 1920 960 1788 1856 1196 956 1864 2196 1707 2184 2800 1611 2576 1388 1828 1428 2430 1304 2811 2216 2644 1976 1628 2013 1506 1636 1918 932 1820 2018 2972 2492 1306 1884 1527 1584 1640 1308 2092 1180 1809 1242 2164 2520 1792 2000 3774 
2607 2024 1323 1738 2420 3036 2552 2060 2025 2574 1964 1380 1984 3944 2344 0 2086 1738 2052 2636 1180 1754 740 1924 1952 2780 2481 3480 1674 2706 1336 3656 2199 3784 1468 2000 1410 1290 2202 2668 3060 2998 2424 3941 2608 3488 2644 2688 3728 1784 2760 3648 2172 2352 2184 2528 2960 2420 1388 2968 2856 2625 2508 3932 2478 3721 2000 3052 2346 2754 1806 3135 2648 3748 3200 2852 2922 1830 2640 2134 1544 3044 2614 4128 3260 1918 2292 2280 2808 2864 2532 3172 2404 2727 2160 2596 3273 3016 2880 4212 
1308 1100 1230 1734 1538 1112 1618 1714 1650 2360 1576 2024 2072 2174 1500 2086 0 2066 2380 768 1878 2244 2168 1660 1590 1654 1248 654 1686 2294 2034 2264 1956 1342 1378 1644 2018 1558 1578 1824 1262 1420 1910 924 1690 2072 1696 1988 2250 1220 1680 1462 1544 1538 1180 1754 1514 1538 1392 1510 1498 1838 2336 1146 2110 1034 2190 1716 1510 1612 2066 1674 1624 1782 1928 1754 2042 1918 1854 2434 1734 1712 1804 1990 2012 2108 2462 1914 1492 1622 1354 1848 1290 1698 1454 1598 2678 1698 1700 1672 
1700 966 856 1962 852 1482 2658 2244 992 1986 1552 1650 1938 2162 1126 1738 2066 0 1694 1298 1530 1950 1794 1312 1966 1520 1618 1694 1312 2000 1686 1578 1662 1570 1004 1270 1644 1210 1664 1530 1880 1428 1562 1924 1318 1698 1402 1614 1878 846 1730 1838 1356 1526 1046 1460 1494 1164 1044 1498 2030 1704 2022 1926 1922 1814 1954 1480 1518 2186 1870 2440 1674 1888 1554 1380 1908 1570 1666 2484 1498 1476 2584 2334 1812 1872 2450 1678 1358 1386 1220 1612 1156 1772 1394 1648 2304 1462 1566 2452 
1722 1280 1170 1952 842 1522 2900 2044 982 2300 1866 1964 1924 1744 1300 2052 2380 1694 0 1612 1844 1738 2108 1626 1548 1508 1386 1936 1626 1788 2000 1568 1450 1560 1318 1584 1958 1524 1452 1318 1960 1170 1690 1666 900 2012 1306 1602 1460 1160 1528 1420 1670 1732 1360 1248 1076 1478 1358 1080 2020 1862 1830 1668 1838 1556 2030 1556 1260 2134 1950 2196 1636 1470 1840 1546 1932 1884 1794 2446 1574 1556 2326 2548 1892 1952 2032 1754 1644 1466 1378 1688 1442 1930 1204 1610 2470 1542 1752 2194 
1599 1328 693 966 2695 1204 2264 946 1365 2388 2020 1256 1304 2900 1464 2636 768 1298 1612 0 1110 1476 1400 1784 980 2658 720 5200 1377 2289 1266 5236 1782 1148 2494 3558 1875 1185 1785 2112 4380 2931 2881 2980 3696 2608 1856 2440 5194 1808 3987 5272 3197 3248 1442 4024 1580 2695 2496 3291 2094 1605 2352 2388 2013 4475 1422 3861 1179 2145 1298 2526 3213 2352 4640 3944 1911 1725 4394 1728 966 1888 1852 4385 3840 1340 1738 1719 1448 3485 1172 3282 1827 1707 1095 3659 2865 3255 3728 3400 
1530 804 674 1530 1002 1310 2344 1852 1142 1508 1074 1172 1312 1764 964 1180 1878 1530 1844 1110 0 1546 1632 754 1744 1182 1446 1532 908 1596 1128 1620 1258 1684 526 792 1482 652 1260 1126 1322 1266 1004 1762 1096 1536 1114 1136 848 684 1172 1616 878 968 884 1056 1272 1002 486 1276 1696 1542 1464 1758 1444 1652 1792 1318 1356 1628 1598 1882 1116 1666 1392 1218 1740 1012 1112 1926 1336 1314 2406 1856 1422 1710 2084 1312 1196 1224 1058 1378 994 1610 1232 1090 1974 1300 1232 1898 
964 1224 1114 1788 1422 1246 2582 1286 1562 2002 1296 1666 1622 1276 1384 1754 2244 1950 1738 1476 1546 0 2052 1328 1486 774 1324 1618 1482 1030 1702 1564 692 1892 1020 1286 1902 1226 694 560 1896 1108 1554 1348 838 1616 548 1340 1158 1104 744 1358 1136 948 1304 490 1014 1422 1060 1018 1432 1538 1072 1330 1702 1390 1968 1494 1198 1364 1334 1844 852 1408 1406 1484 1174 1438 1446 1662 1512 1494 1988 1826 1240 1890 1820 1646 1582 1404 1316 1626 1380 1868 1142 826 2182 1480 968 1712 
1802 1068 958 2110 1266 1500 2760 2346 1406 2088 1654 1752 2040 1902 1228 740 2168 1794 2108 1400 1632 2052 0 1414 1462 1622 1364 1796 1414 2102 1494 1992 1764 1868 1106 1372 1110 1312 1766 1632 1862 1148 1292 1644 1418 1800 1504 1716 1630 948 1686 1334 1458 1594 1148 1562 1242 630 1146 1238 1998 1732 1602 1646 1666 1534 1420 946 1058 2112 1336 2174 1612 1628 1296 1002 1836 1672 1184 2474 964 942 2304 1938 1278 1338 2190 1144 1386 852 1248 1078 1184 1800 1182 1638 1926 928 1668 2172 
1968 1172 684 1278 1568 1972 2126 1634 1386 1935 860 954 1558 3048 1492 1924 1660 1312 1626 1784 754 1328 1414 0 1526 1928 1683 2628 1035 2067 910 2804 1560 2932 616 1148 1896 651 1563 1816 2072 1900 500 2712 1756 2636 1792 1836 2560 932 1528 2796 1252 1120 1332 1676 1728 1568 536 1720 1932 1986 1869 2700 1788 2492 1070 1192 1344 1830 1174 2211 1416 2500 1796 1680 2283 1191 716 1518 614 1560 1998 2632 2192 1176 1676 837 1956 1380 1680 1248 1552 2088 1476 1364 1830 1532 1648 2980 
1470 1240 1130 798 1124 1270 1900 1792 1264 2260 1646 1908 1672 1492 1400 1952 1590 1966 1548 980 1744 1486 1462 1526 0 1256 1134 936 1586 1536 1696 1572 1198 406 1278 1368 1312 1424 1200 1066 1042 918 1416 1206 648 1956 1054 808 1208 1120 1276 128 1450 1418 1300 996 824 832 1258 828 1712 1610 1578 1416 1586 1304 1544 1070 1008 1860 1460 1944 1348 1218 810 826 1680 1470 1308 2158 1088 1066 2074 1770 1402 1462 1780 1150 1392 976 1126 1202 1190 1678 952 1322 1750 1052 1248 1942 
1137 1662 1026 1582 2976 2695 2248 1080 1698 2577 2725 1382 1416 2140 1908 2780 1654 1520 1508 2658 1182 774 1622 1928 1256 0 1101 3852 1677 1230 1338 2778 729 2920 2208 2928 2208 1293 732 708 3924 1554 2595 2535 1824 3052 684 1900 2856 2022 2628 3384 2790 3240 1902 852 864 2976 2088 1284 2052 1815 1299 2032 1779 2712 1382 2724 912 2223 1298 2316 2952 1636 3564 2682 1452 1833 3438 1794 926 1808 1674 4750 3720 1300 1380 1659 1892 2442 1493 3162 2232 1917 828 2874 2727 2670 3300 3084 
1644 1017 1173 1220 1635 204 1908 1426 1845 2673 1146 1394 1510 1455 1578 2481 1248 1618 1386 720 1446 1324 1364 1683 1134 1101 0 1416 1857 2061 1598 1614 1518 1581 1380 1281 1821 1689 1557 1356 1509 324 1374 1068 729 2211 1338 1242 1569 1158 1131 1509 852 843 897 1251 465 1101 1440 459 1599 1362 1893 1071 1596 903 1080 909 459 1770 996 1863 1065 1044 1329 888 1860 1944 1266 1520 624 903 1372 2319 1407 998 1258 1206 1035 768 636 1107 732 1464 375 1026 2274 882 1239 1860 
981 3872 1287 1734 4006 4184 964 1924 1494 2794 3885 1652 1940 3040 2256 3480 654 1694 1936 5200 1532 1618 1796 2628 936 3852 1416 0 1971 2502 1688 5809 1995 2940 4502 5220 2469 1818 1386 2524 1824 3458 3485 675 4428 3400 2481 2756 5728 3392 4776 3232 5586 4704 3668 5230 1720 4081 4582 3818 1266 2187 2565 984 2244 2686 1630 4950 1284 1437 1452 1530 3737 2256 5798 4808 2685 2334 5187 1780 1174 2304 1150 3340 4074 1548 1808 2031 2512 4574 2044 3906 3789 1566 1200 4460 3099 4146 4826 2036 
1980 879 714 1466 1176 1653 2278 1788 1386 2166 1515 1108 1558 2550 1119 1674 1686 1312 1626 1377 908 1482 1414 1035 1586 1677 1857 1971 0 2298 1064 2265 1791 2238 693 1092 1896 882 1794 1593 1887 1572 1410 2316 1407 1977 1533 1608 2247 699 1662 2187 1221 1356 999 1488 1671 1176 633 1677 2448 1986 2100 2319 2070 2151 1574 1650 1707 2346 1490 2727 1578 2262 1761 1500 2292 1422 1572 1862 1118 1644 2204 2688 2037 1492 2020 1872 1467 1509 1260 1848 1164 2088 1521 1539 2865 1623 1752 2751 
1521 1911 1746 1838 2208 1944 2632 1336 2418 3078 2019 1716 1672 1989 2151 2706 2294 2000 1788 2289 1596 1030 2102 2067 1536 1230 2061 2502 2298 0 1752 2619 1113 2913 1605 2004 2928 1914 1116 705 2919 1737 2406 2097 1332 3009 897 2385 1812 1731 2274 2112 1779 2388 2031 810 1596 2208 1665 1602 2958 2775 1683 2430 2628 2262 2018 2316 1872 3129 1938 3222 2436 2187 2742 2301 1836 2454 2244 2434 1562 2316 2278 3246 2820 1940 2020 2544 2448 2181 2049 2514 2145 2877 1788 2397 3537 2295 2610 3219 
1686 960 830 1686 1158 1466 2500 2008 1298 1664 1230 1328 1932 1920 1120 1336 2034 1686 2000 1266 1128 1702 1494 910 1696 1338 1598 1688 1064 1752 0 1776 1414 1840 682 948 1344 808 1416 1282 1478 1382 1160 1878 1252 1692 1270 1292 1812 840 1328 1568 1034 1124 1040 1212 1428 864 642 1432 1852 1698 1620 1880 1600 1768 1654 1180 1292 1784 1570 2038 1272 1822 1530 1236 1896 1168 1268 2082 1198 1176 2538 2012 1512 1572 2240 1378 1352 1086 1214 1312 1150 1766 1388 1246 2130 1162 1388 2054 
2526 4074 1581 1836 2541 4480 2590 2006 1299 3234 3875 1820 1948 1264 2368 3656 2264 1578 1568 5236 1620 1564 1992 2804 1572 2778 1614 5809 2265 2619 1776 0 2118 2888 4137 4674 2763 1452 2121 2560 4950 3010 3450 3390 3234 3384 2536 2584 5194 3654 2870 5054 4739 3584 4351 4266 1548 4767 4077 2695 2262 2328 2688 2716 2292 4361 1724 4375 1425 2160 1410 2829 3248 2320 5187 4361 2826 2271 5208 1738 1268 2492 2016 4755 3948 1642 1722 2172 2779 4046 2311 4188 4406 2430 1341 3157 3240 4312 3654 3576 
1014 1404 1239 1096 1566 1314 2294 998 1356 2571 960 1378 1334 1482 1428 2199 1956 1662 1450 1782 1258 692 1764 1560 1198 729 1518 1995 1791 1113 1414 2118 0 2232 1098 1497 2067 1407 609 408 2148 1230 1293 1590 825 2502 390 1878 1305 1224 1467 1605 666 1377 1524 303 1089 1701 1158 1095 2451 1779 1176 1923 1515 1755 1466 1488 1365 2367 1548 2715 1599 1680 1941 1794 1329 1947 1131 1876 1010 1764 1940 2133 2181 1572 1682 1431 1407 1629 1542 1530 1638 2370 1281 1560 2424 1743 1773 2712 
2460 1812 1554 392 1436 1836 2306 1520 1287 3249 2551 1830 1878 3859 2352 3784 1342 1570 1560 1148 1684 1892 1868 2932 406 2920 1581 2940 2238 2913 1840 2888 2232 0 2368 2900 2577 2046 2409 3023 3188 2540 3051 3301 2330 3756 2941 2718 3417 2052 3096 1810 2241 2688 1972 2883 2527 2529 2396 2531 2955 2466 2976 3536 2415 3312 1950 2975 2040 3006 1866 3387 2984 3311 2691 2628 2772 2586 2861 2302 1494 2967 2426 4121 3639 1868 2186 2331 2596 2787 2320 3222 2192 2568 1956 2932 3234 2939 3012 4548 
1506 2328 222 1004 2051 2744 1818 1326 924 1473 1370 646 1250 2476 876 1468 1378 1004 1318 2494 526 1020 1106 616 1278 2208 1380 4502 693 1605 682 4137 1098 2368 0 1197 1434 309 1101 1200 2628 3816 1501 3130 2865 2020 1176 1220 4169 1866 3267 4620 1584 2349 1532 2385 1612 2036 180 3671 1875 1524 1527 2513 1377 5313 1266 3726 1245 1773 1152 2154 2345 2400 4401 3747 1821 849 2979 1480 810 1576 1896 3325 2928 1184 1638 1293 1340 3585 1064 2776 1917 1626 1059 2898 2286 2857 3583 2904 
1905 2727 621 1270 2740 3525 1764 1592 1323 1392 2035 540 1516 1944 1408 2000 1644 1270 1584 3558 792 1286 1372 1148 1368 2928 1281 5220 1092 2004 948 4674 1497 2900 1197 0 1833 708 1500 1732 3426 3423 2166 2835 3504 1912 1708 1752 4568 2337 4464 5136 2781 3546 2197 3582 1088 2740 1377 3278 2232 1923 1926 2272 1776 5160 1498 4659 1092 2172 1418 2496 3276 1876 5358 4395 2220 1248 4176 1746 1042 2048 1794 3990 3726 1420 1500 1692 1872 4248 1596 3506 2582 2025 1008 4095 2685 3550 4780 3324 
2478 1377 1212 1586 1674 2025 2610 2196 1884 2907 1695 1602 1890 2628 1617 1410 2018 1644 1958 1875 1482 1902 1110 1896 1312 2208 1821 2469 1896 2928 1344 2763 2067 2577 1434 1833 0 1743 2424 2223 2568 1497 1713 2241 1902 2475 2031 2349 2220 1197 2202 1776 1401 2112 1497 2118 1638 720 1494 1632 2772 2373 2178 2244 2250 2076 1270 1194 1362 2943 1186 3036 2193 2217 1719 1278 2529 2283 1551 2324 814 1188 2154 2682 1692 1188 2040 1491 1854 1053 1647 1392 1551 2475 1548 2232 2664 1167 2277 3033 
1815 726 531 1210 1023 1485 2024 1532 1233 1782 1131 852 1456 2166 966 1290 1558 1210 1524 1185 652 1226 1312 651 1424 1293 1689 1818 882 1914 808 1452 1407 2046 309 708 1743 0 1410 1209 1503 1419 1026 2163 1164 1824 1191 1224 2004 546 1278 1944 837 972 846 1104 1428 1023 249 1434 2064 1833 1716 2157 1686 1998 1472 1497 1554 1962 1278 2343 1194 2019 1608 1347 2130 1038 1188 1606 1016 1491 2086 2304 1653 1390 1764 1488 1314 1356 1107 1587 1011 1935 1368 1155 2481 1470 1368 2367 
405 1407 1242 1502 1704 1440 1888 1000 1914 2574 1515 1380 1336 1485 1647 2202 1578 1664 1452 1785 1260 694 1766 1563 1200 732 1557 1386 1794 1116 1416 2121 609 2409 1101 1500 2424 1410 0 411 2298 1233 1902 981 828 2505 393 1881 1308 1227 1770 1608 1275 1884 1527 306 1092 1704 1161 1098 1842 2271 1179 1314 2124 1146 1682 1812 1368 2013 1602 2106 1932 1683 2238 1797 1332 1950 1740 2098 1226 1812 1534 2742 2316 1604 1684 2040 1944 1677 1545 2010 1641 2142 1284 1893 3033 1791 2106 2103 
816 1608 1041 1368 2004 1652 2162 866 1713 2373 1752 1246 1202 1712 1928 2668 1824 1530 1318 2112 1126 560 1632 1816 1066 708 1356 2524 1593 705 1282 2560 408 3023 1200 1732 2223 1209 411 0 2952 1376 2268 1984 836 3072 256 2240 1476 1368 2092 1876 1432 2244 1768 140 1188 2004 1280 1196 2253 2070 978 2318 1923 2094 1548 2148 1167 2424 1468 2517 2308 1976 2716 2128 1131 1749 2052 1964 1092 2148 1808 3388 2820 1470 1550 1839 2341 1968 1873 2412 1937 2172 1083 2256 2832 2120 2540 3370 
1893 3462 1536 1640 4056 3565 1572 2202 2238 2787 2960 1522 2064 3088 2628 3060 1262 1880 1960 4380 1322 1896 1862 2072 1042 3924 1509 1824 1887 2919 1478 4950 2148 3188 2628 3426 2568 1503 2298 2952 0 2370 1965 2195 3180 3772 2928 2804 4800 3102 3984 2742 2964 3954 3609 4218 1768 3696 2508 2640 2178 2223 2640 2200 2298 2964 1390 2748 1320 2349 1494 2442 4086 2540 3654 3480 2721 2043 2034 2172 934 2200 1758 1820 4308 1496 1832 1317 2637 3030 2200 2936 3606 2325 1236 4008 2310 3258 4434 3252 
1320 2703 888 1436 3470 1974 1730 1414 1560 2349 2450 1178 1294 1508 1804 2998 1420 1428 1170 2931 1266 1108 1148 1900 918 1554 324 3458 1572 1737 1382 3010 1230 2540 3816 3423 1497 1419 1233 1376 2370 0 1750 1240 3624 2552 1352 1224 2905 4260 2421 3302 4781 3006 2049 4321 188 1813 5238 495 1275 1038 1569 996 1272 1737 864 1939 135 1446 780 1539 2002 960 3120 1797 1536 1737 3814 1382 408 772 1156 3455 2166 782 1042 882 1126 2351 658 1608 1664 1140 51 3276 1950 1302 3203 2048 
2307 2153 1059 1070 2691 2125 2358 1860 1761 2310 1535 1204 1494 2548 1852 2424 1910 1562 1690 2881 1004 1554 1292 500 1416 2595 1374 3485 1410 2406 1160 3450 1293 3051 1501 2166 1713 1026 1902 2268 1965 1750 0 2990 1975 2840 2244 2264 2575 1896 2175 3220 1045 2066 2205 2660 1228 1655 1441 1525 2091 1740 1785 2396 1443 2715 820 865 969 1989 924 2586 2035 2000 1620 1475 2136 1566 270 1624 364 1060 1856 2665 2165 926 1562 462 1824 1100 1672 987 1930 2082 1101 1970 1455 1290 2325 3348 
576 2459 1632 1922 3500 2120 1234 1654 1899 3093 3665 1674 1790 2500 2736 3941 924 1924 1666 2980 1762 1348 1644 2712 1206 2535 1068 675 2316 2097 1878 3390 1590 3301 3130 2835 2241 2163 981 1984 2195 1240 2990 0 1915 2928 1960 2216 3315 2735 1890 2695 3175 1990 2259 2401 1180 2535 3192 1465 861 1782 2160 444 1839 275 1360 2215 879 1032 1182 1125 1750 1716 2915 2180 2280 1929 2755 1510 904 1764 880 4015 2720 1278 1538 1626 1972 1980 1504 2566 1984 1161 795 1685 2694 2170 2040 1496 
1233 2664 723 1446 2765 2659 2000 1144 1395 2418 2885 1260 1024 1688 1504 2608 1690 1318 900 3696 1096 838 1418 1756 648 1824 729 4428 1407 1332 1252 3234 825 2330 2865 3504 1902 1164 828 836 3180 3624 1975 1915 0 2648 812 1404 1960 2832 3494 2080 5928 4004 2322 2088 352 2758 3660 2750 1680 1443 1395 1536 1407 3612 1130 3109 540 1851 1050 1944 2576 1140 4505 3249 1548 1704 5380 1546 674 1312 1426 4120 2976 1052 1132 1281 1608 4092 1140 2410 2377 1545 456 5520 2355 2247 4174 2588 
2559 1944 1293 2014 2340 2676 2664 2250 1965 2826 3116 1496 1944 3856 2264 3488 2072 1698 2012 2608 1536 1616 1800 2636 1956 3052 2211 3400 1977 3009 1692 3384 2502 3756 2020 1912 2475 1824 2505 3072 3772 2552 2840 2928 2648 0 2816 2608 3224 1704 1744 3656 2724 1824 2104 2932 2648 2340 2100 2640 2094 2253 2595 2916 2691 2708 1548 2148 1779 1992 1298 2712 1632 3420 2740 2260 2871 2103 2624 1626 1092 2140 2116 3580 2408 1466 1784 1908 2728 1960 2452 2412 2324 2667 1965 1580 3081 2112 1864 3352 
798 1352 849 1356 1748 1628 2150 854 1521 2355 1728 1234 1190 1688 1672 2644 1696 1402 1306 1856 1114 548 1504 1792 1054 684 1338 2481 1533 897 1270 2536 390 2941 1176 1708 2031 1191 393 256 2928 1352 2244 1960 812 2816 0 2216 1452 1112 2068 1852 1408 2220 1512 116 1164 1748 1256 1172 2235 2052 960 2294 1905 2070 1430 1912 1149 2406 1456 2499 2284 1952 2528 2104 1113 1731 2028 1952 974 2124 1796 3364 2796 1458 1538 1731 2136 1944 1791 2176 1732 2154 1065 2232 2814 2096 2516 3346 
2238 1776 1137 1606 2172 1928 2342 1846 1839 2388 2316 1256 1726 2372 2096 2688 1988 1614 1602 2440 1136 1340 1716 1836 808 1900 1242 2756 1608 2385 1292 2584 1878 2718 1220 1752 2349 1224 1881 2240 2804 1224 2264 2216 1404 2608 2216 0 2524 1536 1192 1360 1924 1272 1936 2100 1052 2172 1300 1044 1680 1839 2442 2220 1920 1996 1476 2004 1053 1578 1022 2298 1080 1824 2188 1976 2454 1689 2388 1350 1020 1996 1768 3028 1856 1394 1474 1800 2269 1816 1801 2268 1865 2058 969 1028 2805 1968 1312 2800 
1713 4032 1563 1600 4725 4325 2560 1464 2235 3258 2860 1820 464 2808 2624 3728 2250 1878 1460 5194 848 1158 1630 2560 1208 2856 1569 5728 2247 1812 1812 5194 1305 3417 4169 4568 2220 2004 1308 1476 4800 2905 2575 3315 1960 3224 1452 2524 0 3612 3164 3780 3318 3304 4258 2338 1472 3500 4095 2590 2064 2283 1875 2656 2106 4256 1158 2394 1380 2040 1262 2682 2786 2260 4277 3248 2028 2073 3227 1658 702 1736 1986 4190 3612 1264 1692 1323 2612 2723 2144 2678 3873 2385 1296 2877 2676 2989 3192 3312 
1281 540 15 1162 1113 2226 1812 1398 687 1710 1765 804 1092 2632 560 1784 1220 846 1160 1808 684 1104 948 932 1120 2022 1158 3392 699 1731 840 3654 1224 2052 1866 2337 1197 546 1227 1368 3102 4260 1896 2735 2832 1704 1112 1536 3612 0 4068 3968 5534 3516 700 5544 1296 1113 5542 3730 1776 1287 1764 2240 1614 4836 1108 2853 1008 2010 1024 2391 2902 2084 3186 2403 1593 1086 4640 1638 652 1260 1738 3720 2898 1026 1604 1248 1024 3984 748 2340 1085 1389 822 7036 2187 2156 3352 3214 
1710 3798 1311 1186 4237 2205 1990 1772 2013 2562 1825 1372 1368 2224 2084 2760 1680 1730 1528 3987 1172 744 1686 1528 1276 2628 1131 4776 1662 2274 1328 2870 1467 3096 3267 4464 2202 1278 1770 2092 3984 2421 2175 1890 3494 1744 2068 1192 3164 4068 0 4656 2403 918 2604 4406 904 3696 3087 2016 1032 1191 2199 1172 1650 2907 1402 4180 942 930 590 1650 378 1676 3064 3582 2343 1041 3429 918 946 1848 1244 2705 1488 1320 1076 1443 1872 3787 1578 2952 2923 1707 858 369 2157 2772 1391 1936 
2013 4448 1503 926 4498 4307 1772 1664 2088 3198 4185 1780 1544 2728 2544 3648 1462 1838 1420 5272 1616 1358 1334 2796 128 3384 1509 3232 2187 2112 1568 5054 1605 1810 4620 5136 1776 1944 1608 1876 2742 3302 3220 2695 2080 3656 1852 1360 3780 3968 4656 0 5960 5160 4142 3472 1392 2464 4520 3032 2376 2223 2175 2576 2187 4710 1416 3768 1320 2598 1332 2724 4278 2180 2728 2792 2328 2013 4720 2030 960 1876 1946 4105 3822 1334 1652 1533 2587 3392 2119 3236 3953 2325 1236 4812 2433 3234 4480 3628 
1680 3162 750 652 2967 1512 2170 1442 1452 2001 490 998 1412 2864 1016 2172 1544 1356 1670 3197 878 1136 1458 1252 1450 2790 852 5586 1221 1779 1034 4739 666 2241 1584 2781 1401 837 1275 1432 2964 4781 1045 3175 5928 2724 1408 1924 3318 5534 2403 5960 0 2133 2533 7081 1756 2916 4864 4873 1803 1113 1842 2240 849 5220 1022 2466 1272 1701 1104 2082 2177 2033 3918 3564 1995 1377 1705 1432 566 1464 1778 2445 3030 1128 1590 765 988 4877 1520 1832 2560 1968 1227 4808 1758 2513 3567 2808 
1770 3696 1005 1126 3645 1491 2030 1716 1707 2256 1675 1168 1408 2632 1920 2352 1538 1526 1732 3248 968 948 1594 1120 1418 3240 843 4704 1356 2388 1124 3584 1377 2688 2349 3546 2112 972 1884 2244 3954 3006 2066 1990 4004 1824 2220 1272 3304 3516 918 5160 2133 0 2744 4734 1312 3374 2169 2934 1092 1251 2190 1580 1560 3087 1310 3762 1137 990 630 1371 518 2084 3244 2664 2469 1101 3528 958 854 1664 1438 2805 1608 1228 1116 1476 1936 3339 1793 2946 3129 2013 1053 549 2217 2863 1571 1860 
1221 280 315 1362 1813 2613 2012 1358 987 2010 2265 1004 1052 2450 960 2184 1180 1046 1360 1442 884 1304 1148 1332 1300 1902 897 3668 999 2031 1040 4351 1524 1972 1532 2197 1497 846 1527 1768 3609 2049 2205 2259 2322 2104 1512 1936 4258 700 2604 4142 2533 2744 0 2849 1130 1813 1672 2364 1476 987 1788 1902 1845 3256 1010 1876 708 1800 886 2112 2226 1902 3101 2072 1293 1386 2709 1498 554 1064 1538 3820 2604 928 1424 1101 624 1547 348 2046 385 1089 522 2317 2274 1813 1820 2857 
711 3303 936 1298 3262 2646 2092 796 1608 2268 2015 1176 1132 1572 1788 2528 1754 1460 1248 4024 1056 490 1562 1676 996 852 1251 5230 1488 810 1212 4266 303 2883 2385 3582 2118 1104 306 140 4218 4321 2660 2401 2088 2932 116 2100 2338 5544 4406 3472 7081 4734 2849 0 1048 3262 6385 3272 2148 1965 873 2178 1818 4464 1478 4527 1062 2319 1398 2412 3794 1836 5847 4662 1026 1644 5258 1894 1022 2008 1738 4060 4020 1400 1480 1734 2201 7072 1733 3454 3183 2067 978 8731 2727 3465 5474 3230 
1461 1216 987 1530 1932 892 1824 1320 1659 2208 2148 1084 1200 1336 1856 2960 1514 1494 1076 1580 1272 1014 1242 1728 824 864 465 1720 1671 1596 1428 1548 1089 2527 1612 1088 1638 1428 1092 1188 1768 188 1228 1180 352 2648 1164 1052 1472 1296 904 1392 1756 1312 1130 1048 0 1224 1572 8 1416 1179 1659 1184 1143 960 954 960 276 1587 874 1680 1120 788 1528 940 1677 1719 1436 1370 498 960 1250 2944 1632 876 956 1017 1314 780 846 1224 910 1281 192 1068 2091 932 1352 2236 
1758 1533 492 1480 2226 3129 2130 1716 1164 2187 2560 1122 1410 2544 1196 2420 1538 1164 1478 2695 1002 1422 630 1568 832 2976 1101 4081 1176 2208 864 4767 1701 2529 2036 2740 720 1023 1704 2004 3696 1813 1655 2535 2758 2340 1748 2172 3500 1113 3696 2464 2916 3374 1813 3262 1224 0 2138 2128 2052 1653 1458 2032 1554 3164 790 1106 642 2223 706 2316 3437 1996 2331 1302 1809 1563 1939 1844 334 624 1674 3270 1944 708 1560 771 1512 777 1236 1386 1939 1755 828 3528 1944 1043 3633 3084 
1566 2388 282 1044 2151 2884 1858 1366 984 1533 1470 686 1290 2556 956 1388 1392 1044 1358 2496 486 1060 1146 536 1258 2088 1440 4582 633 1665 642 4077 1158 2396 180 1377 1494 249 1161 1280 2508 5238 1441 3192 3660 2100 1256 1300 4095 5542 3087 4520 4864 2169 1672 6385 1572 2138 0 4609 1815 1584 1467 2544 1437 5253 1306 3792 1305 1713 1112 2094 2205 2360 4467 3807 1881 789 3709 1440 850 1656 1920 3425 2808 1224 1598 1239 1420 6198 1144 2748 2057 1686 1119 5640 2232 2959 3443 2824 
1455 3108 993 1526 3395 2183 1820 1324 1665 2214 2675 1088 1204 1328 1864 2968 1510 1498 1080 3291 1276 1018 1238 1720 828 1284 459 3818 1677 1602 1432 2695 1095 2531 3671 3278 1632 1434 1098 1196 2640 495 1525 1465 2750 2640 1172 1044 2590 3730 2016 3032 4873 2934 2364 3272 8 2128 4609 0 1410 1173 1665 1176 1137 2142 954 2164 270 1581 870 1674 1946 780 3525 2202 1671 1713 3949 1366 498 952 1246 3680 2436 872 952 1017 1306 2507 838 1878 1979 1275 186 2968 2085 1617 3111 2228 
1437 1596 1791 1854 2253 1731 1808 2228 2463 3348 2097 1896 1840 2406 2196 2856 1498 2030 2020 2094 1696 1432 1998 1932 1712 2052 1599 1266 2448 2958 1852 2262 2451 2955 1875 2232 2772 2064 1842 2253 2178 1275 2091 861 1680 2094 2235 1680 2064 1776 1032 2376 1803 1092 1476 2148 1416 2052 1815 1410 0 1977 2844 864 2547 696 1714 1860 1410 1563 830 1656 870 1995 1353 1794 2586 1401 1929 1442 1258 1854 1234 2331 1530 1632 1600 1863 1155 1719 1554 1962 1458 1692 1326 909 2943 1833 696 1653 
2208 1107 1302 1394 1764 1566 2422 2016 1974 2997 1407 1662 1710 2169 1707 2625 1838 1704 1862 1605 1542 1538 1732 1986 1610 1815 1362 2187 1986 2775 1698 2328 1779 2466 1524 1923 2373 1833 2271 2070 2223 1038 1740 1782 1443 2253 2052 1839 2283 1287 1191 2223 1113 1251 987 1965 1179 1653 1584 1173 1977 0 2445 1785 1962 1617 1448 1461 1173 1875 1220 2577 1107 1758 1938 1500 1950 1986 1578 1548 992 1455 1848 2568 1689 1366 1706 1758 1125 1320 726 1659 822 1554 987 1068 2871 1434 1281 2397 
1584 1908 1749 1880 2241 2007 2674 1378 2451 3000 2082 1664 1714 2052 2184 2508 2336 2022 1830 2352 1464 1072 1602 1869 1578 1299 1893 2565 2100 1683 1620 2688 1176 2976 1527 1926 2178 1716 1179 978 2640 1569 1785 2160 1395 2595 960 2442 1875 1764 2199 2175 1842 2190 1788 873 1659 1458 1467 1665 2844 2445 0 2316 2181 2148 1318 1266 1434 2883 1082 3108 2037 2250 1791 1350 1899 2256 1623 2220 862 1260 2202 2754 1536 1236 2062 1398 1926 1125 1719 1299 1623 2547 1620 2076 2736 1011 2172 3105 
909 2024 1635 1772 2876 1700 1456 1876 2232 3096 2632 1676 1792 2504 2800 3932 1146 1926 1668 2388 1758 1330 1646 2700 1416 2032 1071 984 2319 2430 1880 2716 1923 3536 2513 2272 2244 2157 1314 2318 2200 996 2396 444 1536 2916 2294 2220 2656 2240 1172 2576 2240 1580 1902 2178 1184 2032 2544 1176 864 1785 2316 0 2019 224 1362 1776 882 1035 1176 1128 1388 1956 2336 1748 2283 1920 2208 1504 906 1768 658 3336 2164 1280 1540 1629 2086 1588 1611 2040 1682 828 798 1336 2697 1740 1620 1500 
2415 1794 1599 1218 2091 1497 2460 2008 2301 2850 1143 1564 1868 2133 1611 2478 2110 1922 1838 2013 1444 1702 1666 1788 1586 1779 1596 2244 2070 2628 1600 2292 1515 2415 1377 1776 2250 1686 2124 1923 2298 1272 1443 1839 1407 2691 1905 1920 2106 1614 1650 2187 849 1560 1845 1818 1143 1554 1437 1137 2547 1962 2181 2019 0 1851 1194 1080 1407 2550 1188 2811 1782 552 1491 1446 2532 2226 1281 1998 702 1356 2004 2316 1695 1300 1710 981 1590 1221 1584 882 1680 2412 1323 1743 2574 1170 1956 2808 
741 4440 1467 1812 4821 2957 1344 1764 2064 2928 3390 1564 1680 2280 2576 3721 1034 1814 1556 4475 1652 1390 1534 2492 1304 2712 903 2686 2151 2262 1768 4361 1755 3312 5313 5160 2076 1998 1146 2094 2964 1737 2715 275 3612 2708 2070 1996 4256 4836 2907 4710 5220 3087 3256 4464 960 3164 5253 2142 696 1617 2148 224 1851 0 1250 3676 714 867 1072 960 2065 1732 4857 3534 2115 1764 4464 1400 794 1544 770 3910 2934 1168 1428 1461 1862 3299 1394 2766 2871 996 630 2538 2529 2653 3288 1276 
1744 1090 1118 1674 1426 1216 2594 2274 1566 2248 1218 1912 1622 1618 1388 2000 2190 1954 2030 1422 1792 1968 1420 1070 1544 1382 1080 1630 1574 2018 1654 1724 1466 1950 1266 1498 1270 1472 1682 1548 1390 864 820 1360 1130 1548 1430 1476 1158 1108 1402 1416 1022 1310 1010 1478 954 790 1306 954 1714 1448 1318 1362 1194 1250 0 474 774 1828 1052 1890 1328 1344 1012 718 1552 1672 712 2190 492 658 2020 1466 994 1054 1906 672 1102 568 964 606 900 1516 898 1354 1574 644 1418 1888 
1905 2910 966 1200 3332 2835 2120 1800 1638 2661 1860 1438 1148 2288 1828 3052 1716 1480 1556 3861 1318 1494 946 1192 1070 2724 909 4950 1650 2316 1180 4375 1488 2975 3726 4659 1194 1497 1812 2148 2748 1939 865 2215 3109 2148 1912 2004 2394 2853 4180 3768 2466 3762 1876 4527 960 1106 3792 2164 1860 1461 1266 1776 1080 3676 474 0 450 2031 578 2124 2989 1740 2421 1098 1617 1797 1071 1716 18 368 1546 2480 1560 580 1432 297 1256 423 980 626 1491 1563 636 3998 1650 595 4313 2828 
1455 828 1023 1500 1485 663 1820 1504 1695 2484 1566 1268 1384 1266 1428 2346 1510 1518 1260 1179 1356 1198 1058 1344 1008 912 459 1284 1707 1872 1292 1425 1365 2040 1245 1092 1362 1554 1368 1167 1320 135 969 879 540 1779 1149 1053 1380 1008 942 1320 1272 1137 708 1062 276 642 1305 270 1410 1173 1434 882 1407 714 774 450 0 1581 690 1674 993 855 975 534 1671 1872 807 1472 318 444 1246 1938 948 692 1132 747 846 309 447 648 543 1275 186 954 1920 423 1167 1671 
1608 1920 1995 1786 2487 1629 1922 2342 2697 3246 1995 1828 1824 2577 2430 2754 1612 2186 2134 2145 1628 1364 2112 1830 1860 2223 1770 1437 2346 3129 1784 2160 2367 3006 1773 2172 2943 1962 2013 2424 2349 1446 1989 1032 1851 1992 2406 1578 2040 2010 930 2598 1701 990 1800 2319 1587 2223 1713 1581 1563 1875 2883 1035 2550 867 1828 2031 1581 0 1046 1827 846 2166 1677 1878 2982 1725 1827 938 1372 2025 1348 2307 1428 1746 1532 2127 2088 1890 1758 2160 1854 1863 1497 807 2841 1872 1020 1824 
1566 966 1034 1756 1342 1056 2416 2194 1482 2134 1300 1798 1726 1534 1304 1806 2066 1870 1950 1298 1598 1334 1336 1174 1460 1298 996 1452 1490 1938 1570 1410 1548 1866 1152 1418 1186 1278 1602 1468 1494 780 924 1182 1050 1298 1456 1022 1262 1024 590 1332 1104 630 886 1398 874 706 1112 870 830 1220 1082 1176 1188 1072 1052 578 690 1046 0 1474 482 1260 804 634 1316 836 816 1344 596 574 1834 1456 758 970 1502 666 1018 484 880 600 816 1432 814 508 1558 408 366 1342 
1701 2232 2376 2040 2868 2010 1984 2404 3024 3627 2376 2082 2252 2670 2811 3135 1674 2440 2196 2526 1882 1844 2174 2211 1944 2316 1863 1530 2727 3222 2038 2829 2715 3387 2154 2496 3036 2343 2106 2517 2442 1539 2586 1125 1944 2712 2499 2298 2682 2391 1650 2724 2082 1371 2112 2412 1680 2316 2094 1674 1656 2577 3108 1128 2811 960 1890 2124 1674 1827 1474 0 1488 2259 2319 2103 3075 2367 2448 1854 1434 2118 1410 2949 2148 1808 2012 2421 2250 1983 1851 2322 1947 1956 1590 1527 3489 2097 1662 1917 
1626 2506 1227 1274 4015 2009 1934 1864 1929 2478 2045 1316 1260 2440 2216 2648 1624 1674 1636 3213 1116 852 1612 1416 1348 2952 1065 3737 1578 2436 1272 3248 1599 2984 2345 3276 2193 1194 1932 2308 4086 2002 2035 1750 2576 1632 2284 1080 2786 2902 378 4278 2177 518 2226 3794 1120 3437 2205 1946 870 1107 2037 1388 1782 2065 1328 2989 993 846 482 1488 0 1892 1939 2590 2247 879 2471 862 872 1700 1352 2435 1320 1246 1020 1341 1760 2660 1575 2628 2611 1869 909 91 2073 2394 406 1720 
1863 1988 1578 1586 2720 1664 2092 1714 2250 2799 2425 1478 1594 2108 2644 3748 1782 1888 1470 2352 1666 1408 1628 2500 1218 1636 1044 2256 2262 2187 1822 2320 1680 3311 2400 1876 2217 2019 1683 1976 2540 960 2000 1716 1140 3420 1952 1824 2260 2084 1676 2180 2033 2084 1902 1836 788 1996 2360 780 1995 1758 2250 1956 552 1732 1344 1740 855 2166 1260 2259 1892 0 2300 1712 2256 2298 2216 1756 888 1732 1636 3724 2404 1262 1342 1533 2086 1552 1618 1935 1682 1860 771 1840 2670 1704 2124 3008 
2325 3726 1077 1502 3591 3683 2400 2084 1749 2772 2615 1512 1686 2848 1976 3200 1928 1554 1840 4640 1392 1406 1296 1796 810 3564 1329 5798 1761 2742 1530 5187 1941 2691 4401 5358 1719 1608 2238 2716 3654 3120 1620 2915 4505 2740 2528 2188 4277 3186 3064 2728 3918 3244 3101 5847 1528 2331 4467 3525 1353 1938 1791 2336 1491 4857 1012 2421 975 1677 804 2319 1939 2300 0 1323 2142 990 2523 1416 520 1068 1826 3745 2610 930 1574 510 1956 1998 1635 1482 2716 2043 954 2695 1827 1820 1971 2828 
1884 2943 816 1444 2982 2838 2106 1790 1488 2511 2470 1338 1392 2260 1628 2852 1754 1380 1546 3944 1218 1484 1002 1680 826 2682 888 4808 1500 2301 1236 4361 1794 2628 3747 4395 1278 1347 1797 2128 3480 1797 1475 2180 3249 2260 2104 1976 3248 2403 3582 2792 3564 2664 2072 4662 940 1302 3807 2202 1794 1500 1350 1748 1446 3534 718 1098 534 1878 634 2103 2590 1712 1323 0 1701 1431 2169 1550 262 480 1532 3090 1728 636 1418 663 1368 675 1047 1170 1687 1602 513 3213 1386 791 3294 2800 
1737 1413 1608 1982 2070 2064 2754 1480 2280 3294 2235 1860 1816 2205 2013 2922 2042 1908 1932 1911 1740 1174 1836 2283 1680 1452 1860 2685 2292 1836 1896 2826 1329 2772 1821 2220 2529 2130 1332 1131 2721 1536 2136 2280 1548 2871 1113 2454 2028 1593 2343 2328 1995 2469 1293 1026 1677 1809 1881 1671 2586 1950 1899 2283 2532 2115 1552 1617 1671 2982 1316 3075 2247 2256 2142 1701 0 2670 1974 2360 1096 1611 2180 3105 1887 1470 2066 1749 1431 1476 1224 1650 1128 2052 1485 2286 3087 1362 2073 3072 
2355 1266 1071 1570 1563 1740 2384 1892 1773 2322 1671 1212 1816 2706 1506 1830 1918 1570 1884 1725 1012 1438 1672 1191 1470 1833 1944 2334 1422 2454 1168 2271 1947 2586 849 1248 2283 1038 1950 1749 2043 1737 1566 1929 1704 2103 1731 1689 2073 1086 1041 2013 1377 1101 1386 1644 1719 1563 789 1713 1401 1986 2256 1920 2226 1764 1672 1797 1872 1725 836 2367 879 2298 990 1431 2670 0 1728 1448 1180 1791 1938 2340 1539 1590 1606 1500 1854 1656 1647 1599 1551 2475 1788 918 2817 1770 705 2169 
2145 3929 1215 962 4009 2597 2250 1752 1917 2466 1265 1308 1386 2764 1636 2640 1854 1666 1794 4394 1112 1446 1184 716 1308 3438 1266 5187 1572 2244 1268 5208 1131 2861 2979 4176 1551 1188 1740 2052 2034 3814 270 2755 5380 2624 2028 2388 3227 4640 3429 4720 1705 3528 2709 5258 1436 1939 3709 3949 1929 1578 1623 2208 1281 4464 712 1071 807 1827 816 2448 2471 2216 2523 2169 1974 1728 0 1516 256 844 1762 2395 2274 818 1670 300 1608 1906 1456 902 2324 1920 993 3740 1293 1428 3777 3132 
1894 1578 1628 2084 1956 1384 2744 2674 2096 2462 1628 2126 2122 2030 1918 2134 2434 2484 2446 1728 1926 1662 2474 1518 2158 1794 1520 1780 1862 2434 2082 1738 1876 2302 1480 1746 2324 1606 2098 1964 2172 1382 1624 1510 1546 1626 1952 1350 1658 1638 918 2030 1432 958 1498 1894 1370 1844 1440 1366 1442 1548 2220 1504 1998 1400 2190 1716 1472 938 1344 1854 862 1756 1416 1550 2360 1448 1516 0 1734 1712 2162 1836 1250 2108 1830 1716 1690 1622 1590 1738 1608 2056 1416 836 2192 1546 978 1722 
1288 634 662 1218 970 760 2138 1818 1110 1792 762 1456 1166 1162 932 1544 1734 1498 1574 966 1336 1512 964 614 1088 926 624 1174 1118 1562 1198 1268 1010 1494 810 1042 814 1016 1226 1092 934 408 364 904 674 1092 974 1020 702 652 946 960 566 854 554 1022 498 334 850 498 1258 992 862 906 702 794 492 18 318 1372 596 1434 872 888 520 262 1096 1180 256 1734 0 202 1564 1010 538 598 1450 180 646 112 508 114 444 1060 442 898 1118 188 958 1432 
1899 1224 960 1384 1896 1476 2116 1800 1632 2655 1856 1434 1332 2280 1820 3044 1712 1476 1556 1888 1314 1494 942 1560 1066 1808 903 2304 1644 2316 1176 2492 1764 2967 1576 2048 1188 1491 1812 2148 2200 772 1060 1764 1312 2140 2124 1996 1736 1260 1848 1876 1464 1664 1064 2008 960 624 1656 952 1854 1455 1260 1768 1356 1544 658 368 444 2025 574 2118 1700 1732 1068 480 1611 1791 844 1712 202 0 1542 2352 1032 576 1428 573 1248 180 972 632 844 1557 630 1752 1746 332 1880 2820 
