0 3.98492 5.32158 3.66641 3.1903 2.15425 3.67773 4.22831 2.06676 2.05597 5.08532 4.88708 4.41227 2.87902 1.93349 1.76631 2.89979 2.22836 2.21092 4.59503 4.46402 4.40664 5.13786 1.80521 2.32322 3.68763 2.26004 1.76228 5.29407 4.24257 2.48301 4.89451 4.18842 2.36393 3.56488 3.39814 3.12947 3.89153 1.4669 2.40673 3.79409 3.4977 4.63749 3.22112 3.15059 4.75567 5.05559 4.58255 5.10004 4.29586 3.95371 4.85495 4.09932 4.41613 4.60549 4.98537 3.90185 4.83644 4.77593 3.99555 4.58151 4.83201 5.46581 2.22146 2.14141 2.98536 2.48029 3.80088 2.79068 4.65172 2.08648 5.51952 5.00879 4.47669 2.4208 3.57297 3.51632 1.55642 1.66552 1.61955 4.08344 3.40533 4.07871 3.98568 1.67013 1.81256 3.38213 2.15272 2.02701 5.33742 4.46746 2.40343 5.56744 2.66591 2.34388 3.37961 4.29831 4.9143 4.42323 5.54005 
3.98492 0 3.66801 8.53335 1.01653 1.54103 2.61672 8.03117 1.30194 1.64648 4.88659 4.66056 3.19537 1.56975 1.58431 1.35063 2.11291 1.64704 1.7602 3.66364 6.24904 4.32091 4.67544 1.28061 1.79862 2.46098 1.6521 0.603615 3.7556 3.73362 1.23572 3.35474 6.53163 2.70013 2.36925 2.17202 1.78248 4.63489 1.55385 1.66858 8.87216 10.6105 7.43118 8.74324 4.80224 4.35187 5.90505 2.37644 3.29518 3.93217 9.7879 6.61084 7.15574 3.95753 3.10317 4.43333 11.5083 11.6338 6.18186 7.33712 5.36205 3.64146 4.93417 1.4995 1.51867 1.94756 1.98859 2.46794 1.78359 3.08469 1.75895 3.64833 6.91137 2.58687 1.85585 2.50261 2.31315 0.991462 1.32262 1.0546 10.5645 2.20217 8.97578 12.3756 0.90022 1.19934 2.22641 1.57937 1.68411 3.42372 12.8188 1.96362 3.95334 2.34035 1.37243 2.44176 9.19081 9.67427 4.02345 3.89801 
5.32158 3.66801 0 2.84413 2.94927 1.60976 3.36935 3.14825 1.34056 2.54168 4.30574 3.94893 4.08926 2.1789 1.96688 1.64407 2.99707 1.86203 1.68552 4.93911 3.59077 4.58779 4.10012 1.83225 2.35026 2.59782 0.706333 1.63253 4.51449 3.44888 1.78131 3.02166 3.52037 3.50371 2.12661 2.79227 2.58508 3.208 1.8041 1.77362 2.75066 2.89602 3.63864 2.91608 4.53932 3.59786 3.86627 3.96612 3.44693 3.46769 2.9685 3.26806 3.4132 3.70684 3.49987 2.81087 2.59648 2.99856 3.59672 3.07965 3.45095 4.18345 4.03723 1.75314 2.07761 2.78833 1.94687 3.33257 2.34943 3.24679 1.57127 4.42519 3.66879 3.69015 2.05027 2.8666 3.2763 1.48903 1.87131 1.63586 3.12604 2.95915 3.67304 3.04753 1.39343 1.59026 2.79265 1.93154 1.77469 4.41253 3.48434 2.25958 4.37622 2.81575 2.18343 2.73729 3.08686 3.57999 3.79098 4.20986 
3.66641 8.53335 2.84413 0 1.36947 1.1635 2.24424 6.2838 0.89431 1.64648 3.44427 4.13967 2.53736 1.01856 1.48502 1.10174 1.98045 1.2639 1.37706 3.2805 5.7189 3.80768 4.1818 0.803752 1.32176 1.82717 1.24447 0.603615 3.00201 3.11245 1.33506 2.55288 5.61515 2.63826 1.85912 1.82248 1.269 3.38884 1.17309 1.26095 14.9164 13.8827 6.24446 15.2466 4.53611 3.81237 5.4092 2.42794 2.47273 3.27719 8.76148 5.59257 6.49394 3.36244 2.60022 3.89089 9.33304 8.25426 5.2954 6.44113 5.12893 3.03289 4.39172 1.31392 1.48596 1.74108 1.71532 2.30419 1.60172 2.76574 1.37581 3.33296 6.10719 2.22812 1.73118 2.30343 2.11397 0.900969 1.01008 0.964108 18.0995 1.85915 7.89342 10.2365 0.668671 1.04443 2.02722 1.44206 1.33739 3.14021 10.6705 1.74798 3.56023 1.87084 1.36565 2.13067 7.81119 8.38585 3.52876 3.39966 
3.1903 1.01653 2.94927 1.36947 0 1.53424 2.9005 2.09108 1.26505 1.64648 2.43609 2.71064 2.42931 2.00936 1.58431 1.34047 2.55253 1.67154 1.78469 2.87663 2.0972 2.64457 2.85522 1.28061 1.79862 2.84044 1.6521 0.603615 3.08192 1.9981 1.33506 2.67791 1.93632 3.11525 2.70947 2.58714 2.1976 2.11859 1.51837 1.66858 1.56574 2.00251 2.5313 1.4962 2.73908 2.49242 2.75933 1.90004 2.44959 1.5613 1.83197 2.19823 2.05783 1.1948 2.4257 2.63548 2.34381 2.28183 2.34988 1.95691 1.90457 2.32167 2.69013 1.56194 1.56967 2.23135 2.01947 2.64804 2.1134 2.40354 1.75962 2.39932 2.43118 1.99949 1.84906 2.91095 2.72149 0.984677 1.32262 1.04782 1.73917 2.6105 2.21349 2.33074 0.90022 1.19255 2.63474 1.58403 1.68411 2.26975 2.0596 1.95684 2.62188 2.73164 1.36565 2.64113 2.07844 2.69399 2.16358 2.94959 
2.15425 1.54103 1.60976 1.1635 1.53424 0 1.84478 1.31401 1.1684 2.69139 1.70639 1.69456 1.67991 1.44779 2.32817 1.73259 1.94438 2.05193 1.99725 1.94438 1.35497 1.97831 1.92896 1.70639 2.16491 1.8414 1.80898 1.66778 2.16707 1.1635 1.58465 1.51702 1.45105 2.31639 1.31401 1.33879 1.55694 1.45105 2.08882 2.20997 1.1635 1.45105 1.51702 1.15279 1.84044 1.61043 1.73828 1.42504 1.28795 1.44779 1.20447 1.15279 1.37342 1.53424 1.50008 1.46485 1.46485 1.15279 1.38684 1.4229 1.39384 1.61723 1.59117 2.00779 1.95842 1.48407 2.20979 1.92939 1.37342 1.5813 2.11787 1.72894 1.93659 1.4567 2.23781 1.70197 1.79088 1.37342 1.81685 1.43656 1.15279 1.58145 1.59117 1.5084 1.4567 1.5813 1.74068 1.89188 2.00709 1.86593 1.47508 2.31867 2.02682 1.84319 2.24811 1.72894 1.37342 1.75542 1.44845 1.7416 
3.67773 2.61672 3.36935 2.24424 2.9005 1.84478 0 2.59199 1.75729 2.80102 3.2576 3.22994 2.83318 2.86667 2.45613 1.86055 3.49079 2.2019 2.25792 3.67629 2.67976 3.52051 3.39685 1.80108 2.29286 3.69761 2.28195 1.75815 3.81744 2.63482 2.17354 3.18951 2.47435 3.88901 3.12955 3.296 3.13945 2.57891 2.21195 2.4026 2.51809 2.54414 2.97584 1.7869 3.00745 2.98684 2.9001 2.50989 2.71583 2.84593 2.1782 2.28345 1.99636 2.50102 2.945 3.04722 2.81252 2.88649 2.51672 2.35454 2.26192 2.73732 3.20656 2.20976 2.08637 2.49971 2.47705 3.47477 2.38177 2.89458 2.13366 3.29497 3.28484 2.79866 2.36577 3.37965 3.02979 1.49402 1.63906 1.56452 2.02987 2.71264 2.48186 2.84895 1.64367 1.70925 3.10345 2.01983 2.02288 3.18773 2.5789 2.3993 3.31801 3.00001 2.34064 2.99392 2.28171 3.10622 2.43195 3.05213 
4.22831 8.03117 3.14825 6.2838 2.09108 1.31401 2.59199 0 1.04481 1.91626 4.20641 3.82075 2.91914 1.49751 1.74668 1.11236 2.2493 1.34392 1.35479 3.76134 6.03186 4.91213 3.99462 1.09365 1.69081 2.20923 1.38982 1.06066 3.01856 3.71 1.39184 2.94623 7.38242 2.85355 1.56639 1.68938 1.22706 4.18081 1.1783 1.26095 6.25873 7.25433 7.02626 6.26515 4.75147 4.3603 5.56965 2.70128 2.94455 4.49316 7.96461 5.7838 7.1335 4.18705 2.59171 4.15017 7.06563 8.16952 5.44677 6.98049 5.47742 3.99881 4.70865 1.4245 1.62601 1.96356 1.86066 2.46513 1.69987 2.8415 1.37581 3.65146 6.7541 2.32904 1.9054 2.51861 2.32915 1.04101 1.21482 1.10415 7.6107 2.17744 8.65956 8.31777 0.748692 1.21971 2.1566 1.43476 1.57631 3.4604 8.85331 1.88867 3.84322 1.92376 1.67226 2.35781 9.05614 9.61219 4.00617 3.57577 
2.06676 1.30194 1.34056 0.89431 1.26505 1.1684 1.75729 1.04481 0 2.44145 1.6189 1.60707 1.41071 1.17859 2.13404 1.64173 1.85689 1.96444 1.90976 1.85689 1.08577 1.70911 1.84147 1.6189 2.07741 1.57221 1.65145 1.39859 1.93525 1.0653 1.33995 1.42953 1.36356 2.2289 1.04481 1.2513 1.28774 1.36356 1.81962 1.94078 0.89431 1.36356 1.42953 1.0653 1.75295 1.51956 1.65079 1.33755 1.01875 1.17859 1.11698 1.0653 1.28593 1.26505 1.41259 1.28979 1.28979 0.89431 1.29935 1.33541 1.30635 1.52974 1.50367 1.8632 1.87093 1.39658 2.1223 1.8419 1.28593 1.49381 2.03038 1.64145 1.83833 1.19312 2.15032 1.61448 1.70339 1.28593 1.72936 1.34907 1.0653 1.49395 1.50367 1.28979 1.19312 1.49381 1.65319 1.80439 1.9196 1.77844 1.25177 2.23118 1.93933 1.7557 2.00261 1.64145 1.28593 1.66793 1.36096 1.6541 
2.05597 1.64648 2.54168 1.64648 1.64648 2.69139 2.80102 1.91626 2.44145 0 2.42574 2.43442 1.78588 1.94781 2.72943 2.22711 2.34117 2.7482 2.72855 2.34117 2.15141 1.64648 2.45437 2.42574 2.94374 2.42405 2.66352 1.74874 2.72788 1.80369 2.38609 2.41271 1.78588 2.55517 2.37483 2.07865 2.13824 1.78588 1.78588 2.81333 1.65244 1.91626 2.41271 1.80369 2.3171 2.38439 2.68596 2.15585 2.26053 1.74874 1.78588 2.16708 2.14608 1.64648 2.23994 2.41271 2.08242 2.34246 2.17441 2.15585 2.1815 2.35545 2.58108 2.58419 2.66497 2.24349 3.00001 2.40205 2.15239 2.36896 2.62502 2.42349 2.27546 1.95125 3.01678 2.47593 2.54891 2.15239 2.46775 2.21553 1.78588 2.43311 2.24349 2.08202 1.95125 2.36896 2.51464 2.44544 2.82924 2.15987 2.03282 3.13324 2.52676 2.31984 2.42349 2.42349 2.15239 2.62116 2.23611 2.44544 
5.08532 4.88659 4.30574 3.44427 2.43609 1.70639 3.2576 4.20641 1.6189 2.42574 0 5.91087 4.3054 2.03024 2.10707 1.65863 2.99213 1.80679 1.91995 4.8415 4.47953 6.52646 6.09855 0.803752 1.32176 2.83885 1.90666 1.38287 3.57211 5.29635 2.03516 3.88442 5.14556 3.50266 2.8659 2.54988 2.21529 4.80365 1.83667 1.40527 4.02069 4.40037 5.74462 4.10389 6.58855 5.84157 5.99598 4.02556 4.0803 5.00052 4.76758 5.41002 5.00823 5.83661 3.76746 6.03137 4.75542 5.12555 5.2756 4.60396 5.63249 5.62862 6.60587 1.85681 1.9437 2.58845 2.25821 3.31587 2.44909 3.87375 1.9187 4.7665 5.90438 3.52355 2.22309 3.1508 2.96134 1.35871 1.46781 1.42185 4.63018 2.85036 5.22222 4.76418 1.21156 1.58732 2.8746 1.98495 1.8293 4.63155 5.16854 2.20572 4.98649 2.71822 1.98769 3.07247 4.9624 5.86901 5.4132 4.94949 
4.88708 4.66056 3.94893 4.13967 2.71064 1.69456 3.22994 3.82075 1.60707 2.43442 5.91087 0 3.98886 1.93868 2.11 1.48617 2.79135 1.09629 0.979183 4.64326 4.89227 6.21686 4.21652 1.44943 2.04659 2.75127 1.68552 1.41643 4.257 4.39602 2.02333 3.402 4.16735 3.3956 2.59547 1.89674 2.27923 4.07078 1.7566 1.91673 3.19476 3.27529 4.43114 3.46082 5.75187 5.16395 5.58809 3.66247 4.11508 4.38278 4.2189 5.09892 4.29562 5.3146 3.29741 4.93345 3.22629 4.93587 4.94054 3.61875 5.1435 5.31199 5.89478 1.72117 1.70452 2.56078 1.97887 3.03168 2.09158 3.50027 1.74625 4.35716 5.04301 3.14445 2.06347 3.0644 2.94871 1.19908 1.54827 1.3629 4.25613 2.83772 4.47764 3.97459 0.876611 1.57549 2.67672 1.75949 1.93209 4.11917 4.71625 2.01659 4.50513 2.52099 1.85332 2.7838 4.37202 5.00215 5.00657 4.41876 
4.41227 3.19537 4.08926 2.53736 2.42931 1.67991 2.83318 2.91914 1.41071 1.78588 4.3054 3.98886 0 2.27455 1.87389 1.10174 2.90287 1.66927 1.64962 4.58619 3.01187 3.64175 4.09338 1.42775 1.94576 2.82819 1.51703 1.243 4.51576 3.35961 1.85146 3.88551 2.98334 3.20895 2.35992 2.64047 2.27863 2.97804 1.17309 1.68063 2.60697 3.00089 3.88705 2.6812 3.89628 3.83276 4.07244 3.76549 3.96758 3.1256 2.82347 3.04337 3.22724 3.54721 3.79972 4.03764 3.35418 3.46938 3.04172 3.08844 3.54559 3.7898 4.49582 1.60765 1.61538 2.37019 1.98787 2.79345 1.81154 3.73259 1.50302 4.53717 3.99881 3.60501 1.89478 2.84084 2.59934 1.03039 1.46977 1.09353 2.71326 2.28219 3.51239 3.30757 1.1623 1.33822 2.56463 1.46218 1.75469 4.31567 3.34177 2.09896 4.57714 2.57147 1.74707 2.68863 2.98224 4.02506 3.7068 4.36268 
2.87902 1.56975 2.1789 1.01856 2.00936 1.44779 2.86667 1.49751 1.17859 1.94781 2.03024 1.93868 2.27455 0 1.88562 1.39665 2.50742 1.27736 1.39051 2.82596 1.91545 2.36287 2.22668 1.20265 1.79981 2.12236 1.39537 0.803059 2.4627 1.64881 1.53671 1.77738 1.67225 3.13407 2.19356 2.12583 1.81677 1.83688 1.49003 1.54523 1.08552 1.55366 2.09188 1.27372 2.33473 2.21722 2.52752 1.78245 2.08064 1.43601 1.62469 1.97736 1.41675 1.72049 1.64528 2.06083 1.57184 2.09772 1.95873 1.24105 1.65894 1.78906 2.72238 1.54581 1.56008 2.19752 1.86622 2.84907 1.82826 2.18318 1.6383 2.46759 2.49252 1.27052 1.86898 2.72919 2.53974 1.0046 1.35065 1.16841 1.62299 2.42875 1.93034 1.60827 0.682125 1.32871 2.41512 1.72562 1.66352 2.51378 1.87785 1.8221 2.82613 2.32729 1.65884 2.52227 1.71479 2.32628 2.02154 2.7744 
1.93349 1.58431 1.96688 1.48502 1.58431 2.32817 2.45613 1.74668 2.13404 2.72943 2.10707 2.11 1.87389 1.88562 0 2.12277 1.48502 2.46736 2.22131 1.48502 1.48502 2.28281 2.35546 2.10707 2.29496 2.26157 2.08872 1.68657 2.2468 1.48502 2.27936 1.86679 1.82726 1.85703 1.89374 1.85408 1.99476 1.69584 2.28281 2.25232 1.60133 1.6889 1.86679 1.48502 1.85703 1.83111 2.18378 1.86659 1.94186 1.68657 1.81582 1.76414 1.70828 1.58431 1.91551 1.86679 1.60133 1.99049 1.95904 1.70828 1.86659 2.09493 2.40477 2.17663 2.5011 1.92483 2.55956 2.3056 1.93438 1.96548 2.38622 2.34028 2.16141 1.87213 2.69545 1.92603 2.40223 1.98477 2.14909 2.04791 1.76414 2.19279 1.92483 1.60133 1.87213 1.96548 1.96473 2.26809 2.35687 2.0977 1.96548 2.76418 2.32902 2.08104 2.47988 2.34028 1.93438 2.1052 1.92483 2.26809 
1.76631 1.35063 1.64407 1.10174 1.34047 1.73259 1.86055 1.11236 1.64173 2.22711 1.65863 1.48617 1.10174 1.39665 2.12277 0 1.66729 1.72195 1.72017 1.66729 1.2538 1.51065 1.59898 1.65863 2.06711 1.79026 1.76591 1.47401 1.88999 0.876256 2.06136 1.36565 0.876256 2.0393 1.57093 1.18113 1.48827 0.876256 1.51065 1.92951 1.11236 0.876256 1.36565 0.876256 1.26565 1.32957 1.68224 1.23464 1.51142 1.11307 0.914126 1.35093 1.07677 1.34047 1.45231 1.36565 1.20714 1.63683 1.35093 1.13255 1.20344 1.47018 1.60303 1.7303 1.66807 1.29368 2.05842 1.59643 1.08308 1.39091 1.57357 1.43859 1.62945 1.40893 1.94746 1.42448 1.60049 1.08308 1.54032 1.14622 0.962396 1.56157 1.2684 1.23091 1.40893 1.39091 1.46319 1.63982 1.82524 1.67554 1.28468 2.15519 1.79706 1.2684 1.97809 1.43859 1.08308 1.57357 1.25805 1.63982 
2.89979 2.11291 2.99707 1.98045 2.55253 1.94438 3.49079 2.2493 1.85689 2.34117 2.99213 2.79135 2.90287 2.50742 1.48502 1.66729 0 2.15321 1.76245 2.68098 2.49684 3.12233 3.10197 1.8353 2.29496 2.98837 1.81157 1.31551 3.12253 2.12106 1.89557 2.61258 2.28811 2.82474 2.88558 3.00112 2.71487 2.43736 2.00566 1.97517 1.98362 2.16073 2.53081 1.95267 2.67604 2.56898 2.91904 2.26195 2.85644 2.18446 2.14168 2.76935 2.31828 2.27457 2.48048 2.63499 2.17114 2.84853 2.79349 2.16266 2.28305 2.85321 3.05041 1.77299 2.09746 2.7036 2.10071 3.0481 2.45237 2.47672 1.92737 2.94709 2.68097 2.43941 2.29181 2.98413 3.19157 1.54198 1.85282 1.60929 2.13998 3.08058 2.45055 2.17785 1.59498 1.61011 2.70792 1.99362 1.89801 2.56934 2.53306 2.30532 3.08107 2.88986 1.92712 2.9612 2.3389 2.7995 2.55414 3.12182 
2.22836 1.64704 1.86203 1.2639 1.67154 2.05193 2.2019 1.34392 1.96444 2.7482 1.80679 1.09629 1.66927 1.27736 2.46736 1.72195 2.15321 0 1.51847 2.15321 1.76963 2.01024 1.09629 1.80679 2.40396 1.9418 1.86203 1.7738 2.0748 1.2639 2.33763 1.381 1.35165 2.52522 1.72174 1.2269 1.58209 1.35165 2.01024 2.2741 1.09629 1.35165 1.381 1.2269 1.8298 1.80499 2.15428 1.3852 1.72074 1.54818 1.37359 1.70435 1.2269 1.67154 1.27736 1.381 1.381 1.89582 1.70435 1.2269 1.3852 1.71763 2.14485 2.08199 1.9403 1.64437 2.08368 2.10758 1.37359 1.93285 2.07772 1.87496 2.06378 1.23398 2.18708 1.8742 2.14244 1.51944 1.86863 1.68326 1.47568 2.09856 1.64437 1.42934 1.23398 1.93285 1.9129 2.15096 2.0557 2.00323 1.58618 2.33695 2.27109 1.81022 2.21069 1.87496 1.37359 1.80402 1.64437 2.15096 
2.21092 1.7602 1.68552 1.37706 1.78469 1.99725 2.25792 1.35479 1.90976 2.72855 1.91995 0.979183 1.64962 1.39051 2.22131 1.72017 1.76245 1.51847 0 1.76245 1.80167 1.99059 1.51847 1.91995 2.51711 1.88082 1.68552 1.88696 1.8549 1.37706 2.28295 1.33489 1.3718 2.13446 1.50185 1.55234 1.69524 1.3718 1.99059 2.02804 1.20944 1.19417 1.39158 1.28292 1.67232 1.4285 1.7778 1.44123 1.8339 1.57125 1.3718 1.70256 1.28292 1.78469 1.33489 1.33489 0.979183 1.73725 1.70256 0.979183 1.44123 1.83079 2.06148 1.72117 1.93852 1.60175 1.97887 1.95009 1.3718 1.60997 1.97291 1.81 1.78768 1.34713 2.08227 1.49771 2.16285 1.57252 1.92465 1.70858 1.47389 2.12112 1.49771 1.20944 1.34713 1.60997 1.53642 1.99348 1.95089 1.98951 1.60997 2.06628 1.97351 1.65273 2.32385 1.80668 1.3718 1.69922 1.49771 1.99348 
4.59503 3.66364 4.93911 3.2805 2.87663 1.94438 3.67629 3.76134 1.85689 2.34117 4.8415 4.64326 4.58619 2.82596 1.48502 1.66729 2.68098 2.15321 1.76245 0 3.88495 4.60214 4.98054 1.86707 2.29496 3.30691 1.81157 1.52573 5.05025 3.96016 1.89557 4.56508 4.013 2.76777 3.07618 3.31966 3.0334 3.87554 2.00566 1.97517 3.55584 3.48171 4.45062 3.08708 3.81136 4.52053 4.5626 4.19587 4.71757 3.87012 3.7804 4.21147 3.91876 4.09647 4.36168 4.6029 3.7181 4.47025 4.48514 3.75173 4.32065 4.51073 5.10531 1.77299 2.09746 3.06891 2.10071 3.45042 2.81241 4.46797 1.92737 4.96186 4.55154 4.28181 2.29181 3.30707 3.58323 1.54198 1.89116 1.65571 3.61869 3.26609 3.74079 3.74186 1.59498 1.61011 3.09959 1.99362 1.89801 4.92759 4.22365 2.30532 5.20986 2.61163 2.06957 3.29801 3.91217 4.65906 4.13641 5.1045 
4.46402 6.24904 3.59077 5.7189 2.0972 1.35497 2.67976 6.03186 1.08577 2.15141 4.47953 4.89227 3.01187 1.91545 1.48502 1.2538 2.49684 1.76963 1.80167 3.88495 0 5.29915 4.97948 1.32176 1.32176 2.62401 1.66909 1.12422 3.90739 4.14027 1.52652 3.48622 7.0671 3.09599 2.18889 2.29987 1.78358 4.84111 1.41383 1.65678 5.52771 5.8977 8.54762 5.2932 5.28998 4.7912 6.95661 3.27297 3.56877 5.24988 6.64102 7.98922 7.14786 4.50479 3.30123 4.89486 6.49366 7.17816 7.27276 6.14216 6.54387 4.40675 5.36423 1.58883 1.59656 2.21677 2.04636 2.65119 1.79313 3.2341 1.65508 4.17512 8.15408 2.96055 1.87595 2.69858 2.45708 1.01156 1.45499 1.0747 6.26023 2.13994 7.27821 6.79815 0.998314 1.21944 2.42238 1.53002 1.72332 3.85443 7.38629 1.95681 4.05348 2.42997 1.72824 2.63302 7.12657 8.02303 4.46279 3.83901 
4.40664 4.32091 4.58779 3.80768 2.64457 1.97831 3.52051 4.91213 1.70911 1.64648 6.52646 6.21686 3.64175 2.36287 2.28281 1.51065 3.12233 2.01024 1.99059 4.60214 5.29915 0 6.3922 1.73317 2.33033 2.90055 1.92594 1.51847 4.55638 5.37349 2.14986 4.16647 4.85821 3.28132 2.80847 2.71283 2.35099 4.90756 1.17309 2.07575 4.19444 4.66548 6.06505 4.07988 6.008 6.00961 6.31235 4.02124 4.33186 4.5804 4.63867 5.5907 5.19084 5.61526 4.04951 6.1922 5.32016 5.54413 5.43984 4.88075 5.61488 5.59964 6.76588 1.92247 2.0243 2.85136 2.39679 3.25845 2.5004 4.1558 1.91194 4.93838 5.96479 3.74887 2.30369 3.2538 3.06434 1.4393 1.87868 1.50244 4.56696 2.95335 5.38616 5.20858 1.30739 1.74713 2.97759 1.97819 2.16361 4.69458 5.38276 2.51141 5.07111 2.91227 2.15598 3.20459 5.34871 6.05903 5.68119 5.01252 
5.13786 4.67544 4.10012 4.1818 2.85522 1.92896 3.39685 3.99462 1.84147 2.45437 6.09855 4.21652 4.09338 2.22668 2.35546 1.59898 3.10197 1.09629 1.51847 4.98054 4.97948 6.3922 0 1.68382 2.28099 2.76488 1.77328 1.65083 4.59507 4.70664 2.25772 3.57716 4.12771 3.70622 2.87616 1.92851 2.56724 4.3814 1.71641 2.1622 3.56941 3.58591 4.50898 3.47202 5.92574 5.17105 5.70944 3.60442 4.08117 4.57181 4.01044 5.08411 4.16195 5.37323 3.35807 5.1178 3.84968 4.99919 4.86434 3.67534 4.93504 5.35574 6.0428 1.94475 1.9403 2.72769 2.08368 3.38497 2.32212 3.68115 1.818 4.34611 5.25883 3.44458 2.18708 3.28274 3.09329 1.51944 1.80499 1.5874 4.16355 2.9823 4.65152 4.14846 1.23398 1.77392 3.00654 2.08101 1.93273 4.39142 4.73949 2.33695 4.81536 2.84359 2.21069 2.88337 4.09318 5.03229 5.02475 4.74402 
1.80521 1.28061 1.83225 0.803752 1.28061 1.70639 1.80108 1.09365 1.6189 2.42574 0.803752 1.44943 1.42775 1.20265 2.10707 1.65863 1.8353 1.80679 1.91995 1.86707 1.32176 1.73317 1.68382 0 1.32176 1.59626 1.90666 1.38287 1.39975 0.803752 2.03516 1.56543 1.41495 2.13516 1.67995 1.09365 1.3118 1.41495 1.83667 1.40527 0.918367 1.22138 1.56543 0.803752 1.57934 1.45945 1.76459 1.28517 1.26059 1.20265 1.23803 1.41298 1.21156 1.28061 1.25494 1.56543 1.38754 1.60329 1.56359 1.21156 1.28517 1.3721 1.82698 1.85681 1.9437 1.24356 2.25821 1.93541 1.35871 1.58732 1.9187 1.71422 1.88986 1.21156 2.22309 1.551 1.7969 1.35871 1.46781 1.42185 1.23803 1.75798 1.24356 1.35742 1.21156 1.58732 1.5897 1.98495 1.8293 1.60552 1.29366 2.20572 2.05747 1.57934 1.98769 1.71422 1.35871 1.70777 1.24356 1.98495 
2.32322 1.79862 2.35026 1.32176 1.79862 2.16491 2.29286 1.69081 2.07741 2.94374 1.32176 2.04659 1.94576 1.79981 2.29496 2.06711 2.29496 2.40396 2.51711 2.29496 1.32176 2.33033 2.28099 1.32176 0 2.19343 2.42467 1.90088 2.05159 1.32176 2.49367 2.1626 1.82344 2.65317 2.22302 1.69081 1.90896 1.7677 2.35467 2.05711 1.57021 1.7677 2.1626 1.32176 2.09735 2.05662 2.18636 1.80318 1.7786 1.79981 1.65255 1.60087 1.76156 1.79862 1.85211 2.1626 1.98471 2.07252 1.83492 1.80318 1.80318 1.93166 2.2415 2.45398 2.4065 1.76156 2.82381 2.37747 1.8215 2.02938 2.45809 2.17702 2.41048 1.80873 2.68589 2.14816 2.23896 1.8215 1.98582 1.88464 1.60087 2.02952 1.76156 1.95459 1.80873 2.02938 2.18687 2.33996 2.34731 2.12352 1.89082 2.72373 2.4749 2.09735 2.5057 2.17702 1.8215 2.22577 1.76156 2.18968 
3.68763 2.46098 2.59782 1.82717 2.84044 1.8414 3.69761 2.20923 1.57221 2.42405 2.83885 2.75127 2.82819 2.12236 2.26157 1.79026 2.98837 1.9418 1.88082 3.30691 2.62401 2.90055 2.76488 1.59626 2.19343 0 1.67939 1.38157 2.94365 2.34535 2.01295 2.30705 2.57762 3.75693 2.67452 2.66403 2.49309 2.55735 1.95029 1.93884 1.76184 2.12066 2.16044 2.08233 3.14609 2.66134 3.16072 2.72956 2.61941 2.24475 2.34516 2.69783 2.36386 2.44096 2.2151 2.47975 2.13106 2.51664 2.6792 2.18816 2.60605 2.78256 3.36807 1.99182 2.1946 3.0266 2.07853 3.436 2.54873 2.6021 1.86177 3.14066 2.92265 2.21763 2.26963 3.30713 3.26021 1.59017 1.77299 1.71244 2.34346 3.14922 2.67772 2.13778 1.17048 1.69117 2.89608 2.11996 1.87584 2.9327 2.47101 2.45662 3.29982 3.13865 2.17488 2.97701 2.41384 2.6735 2.76892 3.44482 
2.26004 1.6521 0.706333 1.24447 1.6521 1.80898 2.28195 1.38982 1.65145 2.66352 1.90666 1.68552 1.51703 1.39537 2.08872 1.76591 1.81157 1.86203 1.68552 1.81157 1.66909 1.92594 1.77328 1.90666 2.42467 1.67939 0 1.75437 1.88993 1.28462 2.02838 0.706333 1.41017 2.18358 1.47384 1.60146 1.6379 1.35594 1.92594 1.89546 1.24447 1.09111 1.28462 1.28462 1.72143 1.46385 1.77413 1.50972 1.65316 1.43866 1.41017 1.56473 1.35142 1.6521 1.30288 0.706333 0.706333 1.18912 1.58939 1.30288 1.50972 1.8799 2.02614 1.75954 2.08401 1.65086 1.94687 1.97688 1.41017 1.31163 1.57127 1.82226 1.38911 1.51527 2.05027 1.56916 2.15257 1.48903 1.94868 1.65284 1.52606 1.99422 1.56916 1.09111 1.51527 1.63339 1.60787 2.03185 1.77469 1.84392 1.63339 2.25958 1.77413 1.72418 2.18343 1.77468 1.35958 1.46385 1.56916 2.03185 
1.76228 0.603615 1.63253 0.603615 0.603615 1.66778 1.75815 1.06066 1.39859 1.74874 1.38287 1.41643 1.243 0.803059 1.68657 1.47401 1.31551 1.7738 1.88696 1.52573 1.12422 1.51847 1.65083 1.38287 1.90088 1.38157 1.75437 0 1.77084 0.760824 1.43732 1.53244 1.06944 1.78143 1.5442 1.06066 1.0971 1.11757 1.65191 1.77084 0.703671 1.11012 1.53244 0.760824 1.51096 1.42309 1.6431 1.11299 1.21766 0.603615 0.949267 1.12422 1.11299 0.603615 1.22195 1.53244 1.27628 1.39369 1.3378 1.11299 1.13863 1.18583 1.53822 1.69548 1.70321 1.20063 2.15301 1.59591 1.11822 1.3261 1.81888 1.47373 1.46932 1.00248 1.98261 1.518 1.53568 1.11822 1.42489 1.18136 0.897586 1.49676 1.20063 1.27588 1.00248 1.3261 1.55671 1.6393 1.78637 1.11701 1.08406 2.09038 1.63847 1.5137 1.49919 1.47373 1.11822 1.5783 1.19324 1.6393 
5.29407 3.7556 4.51449 3.00201 3.08192 2.16707 3.81744 3.01856 1.93525 2.72788 3.57211 4.257 4.51576 2.4627 2.2468 1.88999 3.12253 2.0748 1.8549 5.05025 3.90739 4.55638 4.59507 1.39975 2.05159 2.94365 1.88993 1.77084 0 3.57389 2.28228 4.09317 3.834 3.72678 2.74168 2.98531 2.56025 3.66733 1.98992 1.26095 2.86249 3.19514 4.28788 2.96078 4.66433 4.28679 4.59158 4.2343 4.28905 3.68052 3.63104 4.1275 3.65075 4.03143 3.97621 4.35608 3.33183 4.02545 4.20197 3.36627 3.95223 4.22195 4.88172 1.99568 2.32015 3.14829 2.3234 3.61305 2.86857 4.0825 2.02297 4.97525 4.45784 3.7323 2.5145 3.44129 3.51388 1.76467 2.06381 1.8784 3.67346 3.4029 3.79672 3.3556 1.47957 1.72803 3.03023 2.21631 2.1207 4.73041 3.83818 2.52801 5.10694 3.10849 2.45628 3.37739 3.85219 4.33226 4.0376 5.04835 
4.24257 3.73362 3.44888 3.11245 1.9981 1.1635 2.63482 3.71 1.0653 1.80369 5.29635 4.39602 3.35961 1.64881 1.48502 0.876256 2.12106 1.2639 1.37706 3.96016 4.14027 5.37349 4.70664 0.803752 1.32176 2.34535 1.28462 0.760824 3.57389 0 1.49227 3.11567 2.92405 2.7959 2.07825 2.00921 1.89925 2.82801 1.21462 1.40527 3.36919 3.08082 4.28059 2.90324 5.29028 4.12768 4.84839 3.01065 3.0619 3.59367 3.39652 4.37471 3.65453 4.52766 3.02603 4.66824 3.32589 4.43222 4.11382 3.49057 4.54849 4.47599 5.13761 1.31392 1.48596 1.96566 1.71532 2.5032 1.74776 2.93767 1.37581 3.66863 4.45573 2.933 1.68331 2.44404 2.36071 0.900969 1.01008 0.964108 3.40689 2.21087 3.79646 3.09794 0.668671 1.04443 2.05515 1.44206 1.28952 3.42483 3.7409 1.74798 3.95724 2.0637 1.36565 2.17197 3.94896 4.0803 4.25955 3.74277 
2.48301 1.23572 1.78131 1.33506 1.33506 1.58465 2.17354 1.39184 1.33995 2.38609 2.03516 2.02333 1.85146 1.53671 2.27936 2.06136 1.89557 2.33763 2.28295 1.89557 1.52652 2.14986 2.25772 2.03516 2.49367 2.01295 2.02838 1.43732 2.28228 1.49227 0 1.84139 1.62432 2.50216 1.39184 1.66755 1.72714 1.76836 2.26037 2.38152 1.24134 1.76836 1.84139 1.48155 2.1692 1.93919 2.06704 1.66482 1.4595 1.43732 1.51804 1.23572 1.70218 1.23572 1.82884 1.63682 1.63682 1.23572 1.51804 1.75166 1.66482 1.94599 1.73624 2.13899 2.21477 1.81283 2.42868 2.0799 1.51804 1.86507 2.43519 1.97329 1.809 1.54015 2.53209 2.03073 1.99875 1.70218 2.14561 1.76532 1.23572 1.67679 1.91993 1.63682 1.54015 1.86507 2.06944 2.20919 2.33585 1.809 1.5988 2.57502 1.97661 2.17195 1.97329 1.97329 1.51804 2.08418 1.77721 1.82453 
4.89451 3.35474 3.02166 2.55288 2.67791 1.51702 3.18951 2.94623 1.42953 2.41271 3.88442 3.402 3.88551 1.77738 1.86679 1.36565 2.61258 1.381 1.33489 4.56508 3.48622 4.16647 3.57716 1.56543 2.1626 2.30705 0.706333 1.53244 4.09317 3.11567 1.84139 0 3.156 3.12157 2.24493 2.40624 2.299 3.01628 1.70401 1.67353 2.58843 2.56757 3.20469 2.41022 4.08852 3.32813 3.78621 3.62064 3.42657 3.06041 2.79436 3.27872 2.82942 3.39612 2.96795 3.01594 2.23129 2.90634 3.41361 2.36036 2.98933 3.81153 3.96406 1.27852 1.60299 2.42171 1.46584 2.99877 1.9634 3.05977 1.09025 3.99124 3.47762 3.32188 1.56925 2.6799 2.85028 1.12986 1.58952 1.29663 2.91808 2.73929 3.14703 2.7036 1.18981 1.10455 2.40369 1.55083 1.41848 4.1055 3.1988 1.90895 4.21922 2.48095 1.85891 2.2109 2.7035 3.28677 3.50447 4.17812 
4.18842 6.53163 3.52037 5.61515 1.93632 1.45105 2.47435 7.38242 1.36356 1.78588 5.14556 4.16735 2.98334 1.67225 1.82726 0.876256 2.28811 1.35165 1.3718 4.013 7.0671 4.85821 4.12771 1.41495 1.82344 2.57762 1.41017 1.06944 3.834 2.92405 1.62432 3.156 0 2.88876 2.14944 1.8949 2.037 4.84628 1.27035 1.68921 5.75326 6.48643 6.80901 4.59642 4.79924 4.25286 6.05863 2.7229 3.26445 4.00735 7.16733 6.97527 7.18045 3.97079 2.93459 4.5028 7.40706 7.75156 6.35274 6.26137 5.75948 3.77593 5.04544 1.10062 1.38652 1.8052 1.51644 2.16961 1.5873 2.91739 1.285 3.41993 6.96553 2.83476 1.58936 2.27585 2.31294 0.80153 1.29664 0.864669 6.23434 2.19845 7.71728 7.08403 1.06056 0.98942 1.99964 1.06182 1.58157 3.19919 7.76808 1.85805 3.61586 1.95897 1.55121 2.12289 7.36384 7.92418 3.89873 3.5368 
2.36393 2.70013 3.50371 2.63826 3.11525 2.31639 3.88901 2.85355 2.2289 2.55517 3.50266 3.3956 3.20895 3.13407 1.85703 2.0393 2.82474 2.52522 2.13446 2.76777 3.09599 3.28132 3.70622 2.13516 2.65317 3.75693 2.18358 1.78143 3.72678 2.7959 2.50216 3.12157 2.88876 0 3.48983 3.60537 3.38451 2.93693 2.10854 2.34718 2.76315 2.47419 3.0817 2.10212 2.28535 3.12636 3.3277 2.97162 3.36697 2.97809 2.74084 3.36851 2.64909 2.82126 3.08473 3.20783 2.64932 3.45278 3.39264 2.64524 2.88221 3.31883 3.62634 2.145 2.46947 3.19664 2.4495 3.84173 3.00326 3.07587 2.29938 3.57283 3.46514 3.06606 2.66382 3.49792 3.73826 1.88637 1.99547 1.9495 2.73835 3.62727 2.69775 2.70992 1.96699 1.98212 3.30708 2.36563 2.27002 3.51476 3.13221 2.67733 3.68022 2.80248 2.36982 3.48886 2.88978 3.3609 2.84863 3.77266 
3.56488 2.36925 2.12661 1.85912 2.70947 1.31401 3.12955 1.56639 1.04481 2.37483 2.8659 2.59547 2.35992 2.19356 1.89374 1.57093 2.88558 1.72174 1.50185 3.07618 2.18889 2.80847 2.87616 1.67995 2.22302 2.67452 1.47384 1.5442 2.74168 2.07825 1.39184 2.24493 2.14944 3.48983 0 2.71328 2.29112 2.0364 1.63687 1.70048 1.47599 1.76722 2.37574 1.93436 2.87899 2.41053 2.60393 2.37594 2.22066 2.15268 1.9866 2.09963 2.1632 2.30999 2.22022 1.90316 1.58981 1.65598 2.16948 2.03236 2.12798 2.69678 2.69307 1.68 2.00447 2.54853 2.00772 3.03033 2.2973 2.32164 1.66992 2.96978 2.51634 1.93178 2.19882 2.62679 3.0351 1.43154 1.79817 1.49468 1.97759 2.71795 2.4308 1.82953 1.12651 1.37497 2.55284 1.70411 1.80502 2.90798 2.04839 2.21233 2.92599 2.87155 2.08578 2.80612 2.18382 2.57319 2.39906 2.75328 
3.39814 2.17202 2.79227 1.82248 2.58714 1.33879 3.296 1.68938 1.2513 2.07865 2.54988 1.89674 2.64047 2.12583 1.85408 1.18113 3.00112 1.2269 1.55234 3.31966 2.29987 2.71283 1.92851 1.09365 1.69081 2.66403 1.60146 1.06066 2.98531 2.00921 1.66755 2.40624 1.8949 3.60537 2.71328 0 2.06267 2.05343 1.48958 1.50804 1.44131 1.77918 2.17319 1.71502 2.75019 2.6733 3.06949 2.38805 2.60028 2.14673 2.0774 2.54431 2.02236 2.29314 2.22785 2.4925 2.14381 2.51467 2.51838 1.84665 2.26455 2.49359 3.17509 1.48921 1.69071 2.62685 1.8906 3.28412 2.3929 2.61485 1.4412 3.0732 2.91022 1.9195 1.9701 3.1819 2.99244 1.10571 1.21482 1.16885 2.07569 2.88145 2.45845 2.15053 0.843954 1.21971 2.88349 1.50745 1.57631 2.94545 2.33055 1.95273 3.25366 2.74275 1.67226 2.95897 2.27943 2.67268 2.55909 3.11721 
3.12947 1.78248 2.58508 1.269 2.1976 1.55694 3.13945 1.22706 1.28774 2.13824 2.21529 2.27923 2.27863 1.81677 1.99476 1.48827 2.71487 1.58209 1.69524 3.0334 1.78358 2.35099 2.56724 1.3118 1.90896 2.49309 1.6379 1.0971 2.56025 1.89925 1.72714 2.299 2.037 3.38451 2.29112 2.06267 0 2.01673 1.55421 1.63685 0.92502 1.73686 2.54003 1.52416 2.59653 2.40658 2.80029 2.26069 2.26569 1.6952 1.91512 2.20242 1.89499 1.95125 2.1669 2.50039 1.91239 2.01399 2.18379 1.71935 2.13718 2.159 2.95314 1.70735 1.91013 2.47029 2.10875 2.88644 2.26623 2.3177 1.75172 2.91574 2.65454 1.58491 2.21904 2.95995 2.83017 1.35465 1.48852 1.42797 1.91342 2.67846 2.20311 1.89932 0.784612 1.43786 2.5489 1.81067 1.90605 2.66459 2.16828 2.17215 3.03171 2.58909 1.89041 2.95431 2.15275 2.68344 2.29431 2.89526 
3.89153 4.63489 3.208 3.38884 2.11859 1.45105 2.57891 4.18081 1.36356 1.78588 4.80365 4.07078 2.97804 1.83688 1.69584 0.876256 2.43736 1.35165 1.3718 3.87554 4.84111 4.90756 4.3814 1.41495 1.7677 2.55735 1.35594 1.11757 3.66733 2.82801 1.76836 3.01628 4.84628 2.93693 2.0364 2.05343 2.01673 0 1.1783 1.68063 3.98149 3.84614 5.76206 3.57595 4.86406 4.22968 6.07455 3.04567 3.34874 4.46254 4.22205 4.75429 4.63276 4.51207 3.06374 4.28163 4.36261 5.0803 4.61392 4.27578 5.94302 4.19321 4.82467 1.10062 1.38652 1.90976 1.51644 2.35654 1.62703 2.69491 1.285 3.70634 5.48948 2.91906 1.58936 2.37573 2.41482 0.80153 1.29664 0.864669 4.05941 2.09768 4.81146 4.24503 1.06056 0.98942 2.09953 1.06182 1.58157 3.49067 4.83831 1.85805 3.61063 2.06353 1.69525 2.22745 4.48997 5.3006 3.93016 3.32273 
1.4669 1.55385 1.8041 1.17309 1.51837 2.08882 2.21195 1.1783 1.81962 1.78588 1.83667 1.7566 1.17309 1.49003 2.28281 1.51065 2.00566 2.01024 1.99059 2.00566 1.41383 1.17309 1.71641 1.83667 2.35467 1.95029 1.92594 1.65191 1.98992 1.21462 2.26037 1.70401 1.27035 2.10854 1.63687 1.48958 1.55421 1.1783 0 2.08954 1.1783 1.1783 1.70401 1.21462 1.60401 1.66793 2.0206 1.59087 1.67146 1.29097 1.27035 1.54526 1.43299 1.51837 1.60191 1.70401 1.34446 1.72063 1.68093 1.48878 1.55967 1.76802 1.95925 1.92247 2.0243 1.6499 2.39679 1.89233 1.4393 1.74713 1.91194 1.79482 1.92351 1.47711 2.30369 1.76285 1.95671 1.4393 1.87868 1.50244 1.31862 1.91779 1.60676 1.34406 1.47711 1.74713 1.80155 1.97819 2.16361 2.00796 1.41099 2.51141 2.13542 1.60676 2.15598 1.79482 1.4393 1.91194 1.60676 1.97819 
2.40673 1.66858 1.77362 1.26095 1.66858 2.20997 2.4026 1.26095 1.94078 2.81333 1.40527 1.91673 1.68063 1.54523 2.25232 1.92951 1.97517 2.2741 2.02804 1.97517 1.65678 2.07575 2.1622 1.40527 2.05711 1.93884 1.89546 1.77084 1.26095 1.40527 2.38152 1.67353 1.68921 2.34718 1.70048 1.50804 1.63685 1.68063 2.08954 0 1.26095 1.49564 1.67353 1.40527 1.88503 1.63785 1.99052 1.67332 1.86211 1.54523 1.68921 1.96411 1.51502 1.66858 1.72225 1.67353 1.40807 1.93588 2.04306 1.51502 1.67332 1.89638 2.29653 2.03858 2.36305 1.81447 2.3663 2.21582 1.79633 1.84423 2.19296 2.16308 2.07163 1.55976 2.5574 1.73276 2.32118 1.80757 2.06934 1.9213 1.73748 2.28226 1.73276 1.40807 1.55976 1.8757 1.77147 2.25921 2.1636 2.11178 1.81794 2.57091 2.23924 1.88778 2.52425 2.16308 1.79633 1.91193 1.73276 2.25921 
3.79409 8.87216 2.75066 14.9164 1.56574 1.1635 2.51809 6.25873 0.89431 1.65244 4.02069 3.19476 2.60697 1.08552 1.60133 1.11236 1.98362 1.09629 1.20944 3.55584 5.52771 4.19444 3.56941 0.918367 1.57021 1.76184 1.24447 0.703671 2.86249 3.36919 1.24134 2.58843 5.75326 2.76315 1.47599 1.44131 0.92502 3.98149 1.1783 1.26095 0 13.2744 5.95056 18.7339 4.61071 3.75893 5.16545 2.35638 2.78907 3.30887 7.39156 5.48001 5.95567 3.58657 2.27102 3.52546 8.48145 9.2317 5.07824 4.37717 4.72086 3.22686 4.21269 1.31392 1.5167 1.84894 1.71532 2.20265 1.57526 2.41044 1.37581 3.33077 5.67032 1.71128 1.8256 2.2287 2.18386 0.961217 1.09509 1.03454 15.8864 1.99203 7.23707 9.23846 0.298812 1.00889 1.81765 1.43476 1.51262 3.02893 10.0496 1.77872 3.46059 2.02782 1.49698 2.26926 7.43026 8.36637 3.36659 3.38153 
3.4977 10.6105 2.89602 13.8827 2.00251 1.45105 2.54414 7.25433 1.36356 1.91626 4.40037 3.27529 3.00089 1.55366 1.6889 0.876256 2.16073 1.35165 1.19417 3.48171 5.8977 4.66548 3.58591 1.22138 1.7677 2.12066 1.09111 1.11012 3.19514 3.08082 1.76836 2.56757 6.48643 2.47419 1.76722 1.77918 1.73686 3.84614 1.1783 1.49564 13.2744 0 6.05774 10.7969 3.89058 3.49895 4.87459 2.62717 3.0162 3.67747 8.33915 5.86478 6.31518 3.76499 2.54249 3.52138 9.4021 10.5271 5.43975 5.88485 4.88983 3.62905 4.08847 1.10062 1.38652 1.66954 1.51644 2.14079 1.47485 2.15148 1.09025 3.31643 5.17702 2.47739 1.58936 2.10615 2.22455 0.80153 1.29664 0.864669 12.9087 2.11356 6.83031 8.66634 0.971688 0.98942 1.82995 1.06182 1.388 2.85033 9.22542 1.82539 2.9173 1.54439 1.69525 1.95319 7.2316 7.52914 3.19605 2.85383 
4.63749 7.43118 3.63864 6.24446 2.5313 1.51702 2.97584 7.02626 1.42953 2.41271 5.74462 4.43114 3.88705 2.09188 1.86679 1.36565 2.53081 1.381 1.39158 4.45062 8.54762 6.06505 4.50898 1.56543 2.1626 2.16044 1.28462 1.53244 4.28788 4.28059 1.84139 3.20469 6.80901 3.0817 2.37574 2.17319 2.54003 5.76206 1.70401 1.67353 5.95056 6.05774 0 5.28581 5.51208 4.13751 6.86974 3.42478 3.12892 5.84753 6.46836 8.23093 6.66833 4.55692 3.11159 4.8359 6.732 7.46182 7.55609 6.10567 6.6458 4.931 5.62141 1.27852 1.60299 2.18866 1.21692 2.82335 1.73036 2.9937 1.09025 3.36097 8.10105 3.26448 1.34261 2.46919 2.61723 1.01369 1.58952 1.1775 6.32825 2.50625 6.51392 6.33982 1.2465 1.10455 2.19298 1.55083 1.29936 4.02901 7.35166 1.96565 3.94468 2.35245 1.85891 1.76157 6.14726 6.73518 4.29392 4.0159 
3.22112 8.74324 2.91608 15.2466 1.4962 1.15279 1.7869 6.26515 1.0653 1.80369 4.10389 3.46082 2.6812 1.27372 1.48502 0.876256 1.95267 1.2269 1.28292 3.08708 5.2932 4.07988 3.47202 0.803752 1.32176 2.08233 1.28462 0.760824 2.96078 2.90324 1.48155 2.41022 4.59642 2.10212 1.93436 1.71502 1.52416 3.57595 1.21462 1.40527 18.7339 10.7969 5.28581 0 3.34258 2.9984 4.41748 1.89358 2.29771 3.24341 6.76499 4.83327 4.55978 2.79405 2.15939 3.49655 8.0199 8.63474 4.42392 5.48907 3.82775 2.74229 4.04532 1.26334 1.13995 1.11774 1.50205 2.07047 0.951527 2.26252 1.13633 2.95539 5.07311 1.95481 1.41934 1.99768 1.67716 0.554955 0.664062 0.618094 12.5235 1.56618 5.72558 7.05192 0.668671 0.811102 1.72148 1.20258 1.02555 2.80209 7.80747 1.40197 2.97505 1.3762 1.36565 1.56367 6.0109 6.20747 2.66661 2.94307 
3.15059 4.80224 4.53932 4.53611 2.73908 1.84044 3.00745 4.75147 1.75295 2.3171 6.58855 5.75187 3.89628 2.33473 1.85703 1.26565 2.67604 1.8298 1.67232 3.81136 5.28998 6.008 5.92574 1.57934 2.09735 3.14609 1.72143 1.51096 4.66433 5.29028 2.1692 4.08852 4.79924 2.28535 2.87899 2.75019 2.59653 4.86406 1.60401 1.88503 4.61071 3.89058 5.51208 3.34258 0 5.57316 5.51137 3.89524 4.26284 5.02182 4.55165 5.65398 4.4435 5.26019 3.91022 5.91949 4.30951 5.70282 5.51502 4.58872 5.58358 5.68001 6.14661 1.68245 1.77592 2.00253 1.91954 3.0151 2.02054 3.82373 1.52572 4.44215 5.51737 3.36848 2.05531 2.55179 2.86837 1.19092 1.41732 1.25406 4.56952 2.75739 4.28465 4.21269 1.36108 1.49875 2.55967 1.59197 1.74228 4.48122 5.19003 1.95872 4.48194 1.54524 1.78313 2.39678 4.64965 5.23981 4.86043 4.44997 
4.75567 4.35187 3.59786 3.81237 2.49242 1.61043 2.98684 4.3603 1.51956 2.38439 5.84157 5.16395 3.83276 2.21722 1.83111 1.32957 2.56898 1.80499 1.4285 4.52053 4.7912 6.00961 5.17105 1.45945 2.05662 2.66134 1.46385 1.42309 4.28679 4.12768 1.93919 3.32813 4.25286 3.12636 2.41053 2.6733 2.40658 4.22968 1.66793 1.63785 3.75893 3.49895 4.13751 2.9984 5.57316 0 4.72954 3.29713 3.33374 4.43254 3.06424 4.3712 3.98137 4.5673 3.41347 4.37661 3.77091 4.59637 4.44317 3.59661 4.43774 4.86553 5.24167 1.35739 1.7255 2.15315 1.68754 2.72627 1.88214 2.82145 1.26345 3.79619 4.34584 3.38342 1.67533 2.43368 2.46183 1.1405 1.53004 1.20364 3.14344 2.35084 3.79873 3.47321 1.20976 1.10484 2.02263 1.65926 1.28952 3.78909 3.6767 1.8977 3.80401 2.50767 1.87658 2.11643 3.49268 3.72247 3.85706 3.87523 
5.05559 5.90505 3.86627 5.4092 2.75933 1.73828 2.9001 5.56965 1.65079 2.68596 5.99598 5.58809 4.07244 2.52752 2.18378 1.68224 2.91904 2.15428 1.7778 4.5626 6.95661 6.31235 5.70944 1.76459 2.18636 3.16072 1.77413 1.6431 4.59158 4.84839 2.06704 3.78621 6.05863 3.3277 2.60393 3.06949 2.80029 6.07455 2.0206 1.99052 5.16545 4.87459 6.86974 4.41748 5.51137 4.72954 0 3.68443 3.91027 6.22227 5.06734 5.86099 5.30689 4.4971 3.77037 4.46691 5.50601 6.48065 5.74562 5.13047 5.68345 5.22278 4.60964 1.71467 1.97987 2.10134 1.89722 2.96182 2.19253 3.3279 1.94231 4.09128 5.6646 3.39141 2.16007 2.40767 2.77661 1.29568 1.60257 1.45801 4.54482 2.45947 4.9952 4.82376 1.55905 1.50048 2.53229 1.69824 1.91336 3.86265 5.2499 1.40197 3.36805 2.37413 1.96838 2.49634 4.75565 6.33983 3.91685 3.46129 
4.58255 2.37644 3.96612 2.42794 1.90004 1.42504 2.50989 2.70128 1.33755 2.15585 4.02556 3.66247 3.76549 1.78245 1.86659 1.23464 2.26195 1.3852 1.44123 4.19587 3.27297 4.02124 3.60442 1.28517 1.80318 2.72956 1.50972 1.11299 4.2343 3.01065 1.66482 3.62064 2.7229 2.97162 2.37594 2.38805 2.26069 3.04567 1.59087 1.67332 2.35638 2.62717 3.42478 1.89358 3.89524 3.29713 3.68443 0 3.65149 2.71608 2.31766 2.937 2.5243 2.63122 2.88756 3.39549 2.97083 3.39408 2.83082 2.25831 2.34724 3.19668 3.85464 1.31024 1.06646 1.84074 1.72565 2.57234 1.47148 3.26942 1.61775 3.70275 3.20223 3.01006 1.63836 2.46939 2.16164 0.773969 1.12315 0.937783 1.76816 2.05065 3.07988 2.83648 0.826974 1.08335 2.19319 1.47483 1.50697 3.6453 2.94321 1.43317 3.74301 2.34103 1.54988 2.33494 2.42878 3.59199 2.92961 3.81423 
5.10004 3.29518 3.44693 2.47273 2.44959 1.28795 2.71583 2.94455 1.01875 2.26053 4.0803 4.11508 3.96758 2.08064 1.94186 1.51142 2.85644 1.72074 1.8339 4.71757 3.56877 4.33186 4.08117 1.26059 1.7786 2.61941 1.65316 1.21766 4.28905 3.0619 1.4595 3.42657 3.26445 3.36697 2.22066 2.60028 2.26569 3.34874 1.67146 1.86211 2.78907 3.0162 3.12892 2.29771 4.26284 3.33374 3.91027 3.65149 0 3.45601 2.96584 2.96714 3.27668 3.34635 3.53075 3.20096 3.07414 3.00516 3.34749 3.13843 3.46947 3.63794 3.9867 1.77076 1.77849 2.25284 2.0523 3.11511 2.1349 3.56321 1.44817 4.01512 4.01214 3.39021 1.73118 2.79941 2.76058 1.1935 1.30261 1.25664 2.63882 2.44343 3.11703 3.05862 1.12551 1.44965 2.72546 1.84112 1.33739 4.33691 3.35538 2.04051 4.43005 2.7182 1.74612 2.20836 2.91287 3.15201 3.46133 4.37601 
4.29586 3.93217 3.46769 3.27719 1.5613 1.44779 2.84593 4.49316 1.17859 1.74874 5.00052 4.38278 3.1256 1.43601 1.68657 1.11307 2.18446 1.54818 1.57125 3.87012 5.24988 4.5804 4.57181 1.20265 1.79981 2.24475 1.43866 0.603615 3.68052 3.59367 1.43732 3.06041 4.00735 2.97809 2.15268 2.14673 1.6952 4.46254 1.29097 1.54523 3.30887 3.67747 5.84753 3.24341 5.02182 4.43254 6.22227 2.71608 3.45601 0 4.38817 5.29296 4.39976 4.10633 2.95192 4.40601 4.55048 5.04983 4.98043 4.00857 5.73463 3.5547 4.9872 1.58138 1.62672 2.17678 1.90951 2.40029 1.82837 3.03411 1.42466 3.61656 5.44169 2.86052 1.90611 2.64742 2.47479 1.04172 1.05749 1.10486 3.83033 2.3638 4.881 4.37933 0.776869 1.3261 2.37122 1.49091 1.67633 3.32998 4.95202 1.95707 3.81248 2.24205 1.49919 2.51792 4.76129 5.59338 4.13302 3.73342 
