0 4.16741 3.92234 3.69267 2.40078 1.87044 3.14129 1.40346 2.70848 1.91327 4.70157 5.62432 4.00903 4.02052 1.74175 2.61702 3.8087 2.80892 1.82583 4.62903 4.96451 4.3982 5.75475 1.46166 2.2134 3.0157 1.42616 4.0568 5.51156 4.57715 2.82176 4.29915 4.85415 3.15022 1.93466 1.8317 1.49819 1.89186 2.41324 1.53399 3.75358 4.62512 4.97293 3.40225 3.52911 5.38946 5.46923 3.60281 4.2083 4.61983 4.22073 3.95843 4.61208 4.83487 4.67391 4.85053 4.19941 4.9546 4.40834 4.2287 5.15964 5.34033 6.10816 1.94255 1.84489 2.68653 2.78933 2.01798 2.07356 5.07431 1.98993 3.94295 4.99553 2.21049 2.10977 2.23361 1.91629 2.28707 1.59456 2.28117 3.78611 1.73506 2.85277 4.73633 1.29838 1.50789 1.67544 1.96661 1.87915 4.04402 4.70407 2.09442 4.92561 1.70641 1.80115 3.78944 4.08809 5.42372 3.86474 4.10736 
4.16741 0 8.88311 8.5264 1.01653 1.54103 2.54215 0.900113 2.25048 1.35917 6.11499 4.37556 3.26961 2.71418 1.19755 2.17891 2.28566 2.59257 1.58913 4.50412 4.90736 4.88109 4.35749 1.10411 1.78044 2.19629 1.02852 7.46177 4.06996 3.32626 1.9917 6.35822 5.36946 2.71084 1.62419 1.52407 0.994838 1.50953 2.08148 0.989796 9.10185 12.0124 7.69474 8.59453 10.509 4.01158 4.49712 10.5319 3.19238 4.05459 11.0569 9.01835 7.12723 3.64457 3.36876 5.85574 10.1303 11.3591 5.57815 6.21437 5.40583 3.69019 4.83713 1.44517 1.57646 2.24842 2.73533 1.5628 1.4906 3.74738 1.76886 3.30114 6.31833 1.58437 1.85585 1.71698 1.47289 1.70595 1.32262 1.59938 10.5208 1.40564 2.41466 11.8581 0.90022 1.19934 1.37562 1.59081 1.65808 3.34039 3.75588 1.96362 5.30949 1.71773 1.33316 3.04588 8.25188 9.36162 3.05098 3.39186 
3.92234 8.88311 0 6.55236 1.79358 1.27241 2.63647 0.950166 2.1316 1.4823 5.90816 4.38306 2.76318 2.73131 1.34535 2.2418 2.92138 2.61638 1.40526 4.71336 4.77653 5.23097 4.52113 0.842021 1.60111 2.2011 0.564195 7.25071 3.5092 3.41827 1.85464 4.96423 6.3158 2.92651 1.28952 1.49137 1.11935 1.31879 1.76766 1.21205 6.83588 9.49694 7.8772 6.84907 7.95047 3.65594 4.40738 8.68022 2.96265 4.15622 8.72866 7.10316 7.64802 3.82552 3.12471 4.71554 7.58724 8.62893 5.51815 5.87187 5.51215 4.10358 4.61221 1.31666 1.58712 2.31131 2.50132 1.69603 1.53241 3.46213 1.46091 3.22949 5.80344 1.70286 1.63281 1.58848 1.60612 1.824 1.38998 1.75958 8.71251 1.34642 2.47755 9.22955 1.01911 1.10551 1.14869 1.40812 1.43735 3.28804 3.66549 1.82353 5.27112 1.53605 1.39502 2.86496 8.18597 8.87609 3.0416 3.23299 
3.69267 8.5264 6.55236 0 1.41819 1.1635 2.20144 0.492478 1.63183 1.64648 4.87714 3.84331 2.68632 2.16819 1.19755 1.78439 2.41021 2.16273 1.35747 3.9308 4.05008 4.55556 3.75127 0.803752 1.32176 1.56247 0.843935 5.97803 3.26052 2.62158 1.86988 5.04684 5.05419 2.56465 1.36011 1.14093 0.587204 1.21032 1.82484 0.989796 16.1323 12.2396 6.18313 15.635 14.9063 3.19966 4.15011 10.5775 2.36889 3.49554 9.03084 16.9868 6.60621 3.22563 2.70278 5.13407 10.3006 8.18948 4.86578 5.09633 5.05457 3.01698 4.39831 1.31392 1.48513 2.02022 2.26314 1.55602 1.388 3.13259 1.3785 2.94772 5.40737 1.23484 1.66152 1.60498 1.40165 1.52339 1.01008 1.48073 17.4605 1.12824 2.18645 11.2585 0.668671 1.11333 1.04681 1.38098 1.26772 3.03038 3.36371 1.74715 4.83183 1.38716 1.3956 2.66638 7.00219 7.66568 2.81053 3.05828 
2.40078 1.01653 1.79358 1.41819 0 1.53424 2.9005 0.900113 2.6287 1.64648 2.23869 2.69511 2.63803 1.80389 1.19755 2.58387 1.74111 3.02983 1.65669 1.7891 1.89018 2.24915 2.85522 1.1286 1.78044 2.56948 1.04332 1.5517 2.33337 1.72194 2.40506 1.88315 1.99481 2.11573 1.65933 1.54857 0.994838 1.50953 2.49659 0.989796 1.54832 2.18257 2.08468 1.46717 1.87861 2.28066 2.66097 1.86445 2.44959 1.61003 1.83197 1.54121 2.04781 1.16578 2.13652 2.22243 1.96775 2.28183 1.7616 1.94689 2.05661 2.37039 2.77183 1.56194 1.56967 2.61161 3.14367 1.55602 1.89894 2.34045 1.76208 2.48102 2.19882 1.99949 1.84906 1.83376 1.46611 2.09944 1.32262 1.99287 1.65847 1.39886 2.77784 2.08162 0.90022 1.19255 1.40011 1.58403 1.6513 2.26975 2.15124 1.95684 2.26708 1.73987 1.3956 2.42075 1.92358 2.57296 2.39963 2.71441 
1.87044 1.54103 1.27241 1.1635 1.53424 0 1.84478 1.46221 1.1684 2.559 1.64124 1.69456 1.86631 1.3811 2.19791 1.73259 1.76017 2.05193 1.99534 1.69616 1.35497 1.84591 1.92896 1.64124 2.16491 1.8414 1.4818 1.56652 1.87548 1.1635 1.22567 1.25232 1.54289 1.83359 1.53704 1.92896 1.55694 2.02989 2.03546 2.01127 1.1635 1.46293 1.25232 0.917606 1.31486 1.41993 1.73828 1.3811 1.28795 1.44779 1.20447 0.917606 1.35296 1.53424 1.43422 1.25232 1.46293 0.917606 1.27241 1.3811 1.39384 1.58167 1.62428 2.00588 1.95842 1.48407 1.93126 2.38237 1.27919 1.5813 1.94466 1.81064 1.70648 1.4567 2.22768 2.09468 1.85486 1.35296 1.58167 1.27919 1.15279 1.58145 1.67287 1.50648 1.4567 1.5813 1.73876 1.89188 1.83388 1.86593 1.38022 2.31867 1.6754 2.01981 2.27181 1.77161 1.37342 1.58221 1.44845 1.71257 
3.14129 2.54215 2.63647 2.20144 2.9005 1.84478 0 1.64528 2.95694 2.68695 2.83499 3.13551 3.25814 2.46759 2.32587 2.95461 3.11132 3.35896 2.11593 2.84335 2.57166 3.21487 3.20025 1.7692 2.29286 3.25096 1.60975 2.65904 3.19078 2.2933 3.12366 2.40338 2.65253 3.10814 2.12593 2.10513 1.93055 2.15784 3.46232 2.13922 2.53444 2.60487 2.35092 1.55171 2.23468 2.62325 2.87142 2.44807 2.71583 2.80146 2.12555 1.84609 1.9759 2.50102 2.39283 2.62675 2.46935 2.85626 2.51672 2.37585 2.42398 2.73732 3.28157 2.13383 2.08637 3.02412 3.38337 2.4621 2.2244 2.63115 2.07262 3.20118 2.9183 2.79503 2.35563 2.42489 1.98281 2.34856 1.63906 2.26433 2.02987 1.7094 3.19036 2.55228 1.64367 1.70925 1.85936 2.01983 1.96184 3.12081 2.43815 2.3993 2.94012 2.09954 2.39976 2.88501 2.28171 2.85493 2.69702 3.02311 
1.40346 0.900113 0.950166 0.492478 0.900113 1.46221 1.64528 0 1.19301 2.04486 1.21707 1.20524 1.48511 0.776762 1.2662 1.43575 1.31916 1.55983 1.62822 1.24574 0.492478 1.30728 1.43921 1.21707 1.48412 1.17038 1.22204 1.0511 1.38856 0.718108 1.35753 0.930972 1.31004 1.3746 1.60395 1.43964 0.885909 1.52861 1.52132 1.38856 0.492478 1.14296 0.930972 0.718108 0.949996 1.16799 1.50938 0.891776 1.13102 0.776762 1.00498 0.718108 0.891776 0.900113 0.954508 0.982094 0.982094 1.04946 0.950166 0.891776 1.09411 1.12791 1.67563 1.55742 1.72863 1.28457 1.65715 1.98606 1.0797 1.34627 1.74517 1.41484 1.43237 0.79129 1.98337 1.82923 1.65536 1.15347 1.38217 1.0797 0.953294 1.38195 1.41484 0.982094 0.79129 1.34627 1.34552 1.69238 1.63439 1.41351 1.1061 2.04586 1.40128 1.70177 1.69431 1.34857 1.11788 1.38272 1.24895 1.51308 
2.70848 2.25048 2.1316 1.63183 2.6287 1.1684 2.95694 1.19301 0 2.3143 2.36176 2.7304 2.93688 1.8671 1.94983 2.60981 2.84917 2.8556 1.90785 2.58935 2.07947 2.79712 2.71676 1.45216 1.97017 2.75878 1.37396 2.23626 2.89369 1.47847 2.43397 1.97033 2.46129 2.52558 1.4292 1.78934 1.28774 1.76069 3.12233 1.74207 1.65748 2.23713 2.09766 1.52361 1.69714 2.41721 2.44606 1.81989 2.00165 2.27832 1.95664 1.64816 2.05328 2.22922 2.04454 2.07784 2.15837 1.83402 2.18799 1.9545 2.08255 2.55504 2.61257 1.8632 1.87093 2.68269 2.95057 2.20443 2.05047 2.3274 1.85717 2.85975 2.4726 2.03609 2.14019 1.93275 1.76737 2.18587 1.49418 2.11467 1.78026 1.49395 2.64667 2.2291 1.19312 1.49381 1.65127 1.80439 1.74639 2.54889 2.03512 2.17415 2.51477 1.78614 2.00261 2.54358 2.09436 2.58141 2.38658 2.6073 
1.91327 1.35917 1.4823 1.64648 1.64648 2.559 2.68695 2.04486 2.3143 0 2.17292 2.41539 1.91067 1.82407 2.34268 2.47634 1.80374 2.74872 2.71127 1.68267 2.03993 1.35917 2.60542 2.1911 2.86743 2.42405 2.02101 1.35917 2.03182 1.78427 2.25369 1.99713 2.13773 1.68267 2.64216 2.64978 2.13959 2.15468 1.35917 2.13492 1.65244 2.22193 1.99713 1.75978 2.09504 2.2621 2.4566 2.03198 2.24111 1.79747 1.90761 1.74913 2.10192 1.64648 2.12073 2.02031 1.93714 2.21568 1.74913 2.10192 2.13759 2.33806 2.61888 2.56731 2.70217 2.22782 2.75489 2.68851 1.90761 2.2326 2.78684 2.3875 2.29063 1.95125 2.87229 2.83913 2.59861 2.1164 2.42384 1.92381 1.74913 2.42362 2.55362 2.06514 1.95125 2.2326 2.49776 2.71653 2.67605 2.11596 2.12397 2.96458 2.29063 2.84344 2.3875 2.3875 1.90761 2.42438 2.1922 2.33794 
4.70157 6.11499 5.90816 4.87714 2.23869 1.64124 2.83499 1.21707 2.36176 2.17292 0 5.12382 3.95174 3.33279 1.75662 2.58839 3.39211 2.71338 1.83658 5.78017 5.10317 6.34308 5.08741 0.803752 1.32176 2.57416 1.1139 5.87104 4.2762 4.04029 2.6399 5.99115 7.34229 3.22736 1.83922 1.68382 1.3118 1.85271 2.61805 1.40527 5.29712 6.69701 7.48514 5.05228 5.74697 4.76245 5.00211 6.33268 3.7179 5.31067 6.3362 5.4828 7.26952 4.47341 4.06392 7.23379 6.09339 6.86478 6.93385 6.12505 6.50081 4.56267 5.56072 1.84712 1.88283 2.6579 2.90357 2.03284 1.9811 4.43017 1.86908 4.02193 7.70946 1.96223 2.06303 2.13818 1.77927 2.1409 1.46781 2.08988 5.95211 1.50586 2.82414 6.78686 1.21156 1.40734 1.58001 1.81629 1.7583 3.91891 4.39957 1.99387 6.1196 1.60586 1.9022 3.63244 6.5506 7.91286 3.63931 3.81859 
5.62432 4.37556 4.38306 3.84331 2.69511 1.69456 3.13551 1.20524 2.7304 2.41539 5.12382 0 4.30687 4.03003 2.01037 2.5629 4.20798 1.91848 0.979183 5.09725 5.01027 5.76362 4.58871 1.44943 2.01518 2.75127 1.50937 4.64292 5.39733 4.23247 3.07434 3.74443 4.60974 4.01193 1.75878 1.2269 1.29997 1.73857 3.23926 1.80261 3.25515 3.72527 4.0046 3.33047 3.7819 4.87056 5.51356 3.78098 4.06295 4.28919 4.07399 4.07803 4.39213 5.30967 4.29897 4.76371 3.22629 4.88999 4.40488 3.46069 5.16279 5.21853 5.92462 1.72117 1.9115 2.89614 3.04806 2.07469 2.14589 4.74109 1.74625 4.3502 4.63367 1.78843 2.06347 2.09294 1.93818 2.28129 1.54827 2.27539 4.10804 1.68876 3.06237 3.79591 0.876611 1.58137 1.53642 1.70258 1.93209 4.11917 4.74904 2.17864 4.96645 1.53794 1.76465 3.80414 4.26202 4.91348 3.95189 3.99708 
4.00903 3.26961 2.76318 2.68632 2.63803 1.86631 3.25814 1.48511 2.93688 1.91067 3.95174 4.30687 0 3.24395 1.98167 3.02974 4.00928 3.33712 1.84988 3.47801 3.56072 3.23456 4.5374 1.66688 2.20714 2.98352 1.44063 2.96442 3.76859 3.31454 3.0429 2.7959 3.98573 4.14125 1.85252 2.02631 1.62334 1.21032 2.2237 1.77391 2.91379 3.39161 3.34849 2.94954 3.45569 3.71164 4.02614 3.44091 4.19832 3.41552 3.29476 2.85209 3.56532 3.55504 3.34637 3.30419 2.91896 3.59484 2.85192 3.2131 3.92508 4.21476 4.74386 1.86041 2.1079 3.10262 3.34355 2.25278 2.31027 3.77096 2.01479 4.52963 3.9056 2.47949 2.2881 2.15148 2.00434 2.44566 1.73115 2.43829 3.24575 1.73092 3.26886 3.38658 1.5007 1.66851 1.5933 1.97112 1.98336 4.50278 3.84864 2.3443 4.12745 1.97729 2.14039 4.22165 3.30774 4.17561 4.07911 4.44773 
4.02052 2.71418 2.73131 2.16819 1.80389 1.3811 2.46759 0.776762 1.8671 1.82407 3.33279 4.03003 3.24395 0 1.52191 1.90601 2.93364 1.96286 1.27153 3.64495 3.59399 3.99605 4.04448 1.13596 1.70172 1.96411 0.871895 2.77578 4.01244 3.01755 2.33988 2.37775 3.43934 2.87048 1.44532 1.35853 0.871487 1.4251 2.30056 1.34556 2.43007 2.9179 3.1805 2.17296 2.99305 3.65402 4.14817 2.79692 2.95899 3.04286 2.78879 2.36427 3.012 3.72787 2.79275 3.19145 2.42823 3.25709 2.80333 2.11822 3.53292 3.58799 4.66211 1.42683 1.48513 2.11019 2.32913 1.89337 1.47797 3.41329 1.61604 3.25779 3.63479 1.15154 1.70492 1.78682 1.61294 1.61337 1.2348 1.60747 2.73219 1.37529 2.27643 2.96865 0.563146 1.169 1.24207 1.66327 1.50526 3.43568 3.60059 1.74715 3.86804 1.40306 1.33316 2.7424 2.88296 3.73794 3.02523 3.24085 
1.74175 1.19755 1.34535 1.19755 1.19755 2.19791 2.32587 1.2662 1.94983 2.34268 1.75662 2.01037 1.98167 1.52191 0 2.06795 1.48502 2.31942 2.21605 1.19755 1.19755 1.75096 2.24434 1.75662 2.07834 1.97551 1.61722 1.19755 1.61781 1.35476 1.89261 1.52764 1.77664 1.45765 2.14949 2.24477 1.69104 2.07415 1.75096 1.61781 1.2662 1.6889 1.52764 1.35476 1.61846 1.78721 2.11663 1.64574 1.8116 1.28035 1.54321 1.34535 1.69691 1.19755 1.75964 1.52764 1.52764 1.8546 1.34535 1.69691 1.73257 1.88707 2.21386 2.17663 2.29715 1.8228 2.32562 2.2835 1.56272 1.87151 2.32088 2.09167 1.88224 1.56501 2.5112 2.44845 2.19359 1.71216 2.01883 1.56272 1.38804 2.06253 2.14938 1.56992 1.56501 1.87151 1.96473 2.26809 2.31497 1.71095 1.71558 2.68432 1.88224 2.34872 2.09167 2.04916 1.67036 2.0633 1.78718 1.97685 
2.61702 2.17891 2.2418 1.78439 2.58387 1.73259 2.95461 1.43575 2.60981 2.47634 2.58839 2.5629 3.02974 1.90601 2.06795 0 2.84634 2.65275 1.81419 2.63594 2.17233 2.88998 2.56104 1.60558 2.18067 2.85163 1.49757 2.42009 2.87088 1.58428 3.01657 2.09112 1.80888 2.70786 1.92302 1.59898 1.58569 2.04228 3.27246 1.8602 1.97763 2.31471 2.06829 1.52437 1.68138 2.33816 2.57111 1.69847 2.67796 1.82691 1.61268 1.7963 1.67585 2.18439 2.08395 2.30543 2.16046 2.56398 1.95792 1.58124 1.79091 2.48699 2.7823 1.64405 1.54639 2.39105 2.84649 2.24809 1.67813 2.4067 1.96043 2.77427 2.41183 2.23416 1.94746 2.01581 1.66446 2.0536 1.57819 1.96936 1.67013 1.59721 2.55729 2.3415 1.38076 1.39091 1.75453 1.78238 1.84965 2.61434 1.95401 2.07743 2.33534 1.85033 1.80251 2.15199 1.70277 2.49593 2.30547 2.52619 
3.8087 2.28566 2.92138 2.41021 1.74111 1.76017 3.11132 1.31916 2.84917 1.80374 3.39211 4.20798 4.00928 2.93364 1.48502 2.84634 0 3.18624 1.76245 2.1563 3.23466 3.46325 4.38703 1.29776 2.06046 2.86372 1.23283 1.76655 3.63164 3.10349 2.61588 2.92397 3.28255 3.18138 1.76509 1.78591 1.41389 1.797 2.59403 1.34066 2.79922 3.29206 3.33446 2.42511 3.01029 3.56312 3.98716 3.00474 4.1641 3.05523 3.02553 2.52126 3.46721 3.29903 3.31253 3.39988 2.91833 3.53131 3.08303 3.11499 3.71179 3.69252 4.54197 1.77299 1.8383 2.90394 3.329 1.82465 2.08427 3.55617 1.92737 4.30039 3.6608 2.2518 2.11769 2.06405 1.73474 2.29962 1.55997 2.19305 2.82424 1.62479 3.07018 3.30659 1.31365 1.46118 1.50588 1.85266 1.87723 4.13959 3.51467 2.22547 3.94758 1.89324 1.69401 4.04513 3.18313 4.03286 3.86432 4.20292 
2.80892 2.59257 2.61638 2.16273 3.02983 2.05193 3.35896 1.55983 2.8556 2.74872 2.71338 1.91848 3.33712 1.96286 2.31942 2.65275 3.18624 0 1.51847 2.94391 2.50611 3.22376 2.29529 1.73115 2.37255 3.15041 1.70361 2.69171 3.12542 1.90926 3.42864 2.33329 2.40983 2.94639 2.11615 1.2269 1.65456 2.09593 3.62131 2.14307 1.85645 2.43584 2.14013 1.87394 1.87666 2.58101 2.91387 1.73378 3.01175 2.54589 2.13552 2.11597 2.21828 2.63035 2.1799 2.40491 2.35606 2.75496 2.46548 1.86131 2.46645 2.80731 3.32166 2.08199 2.10236 3.06659 2.96353 2.48702 2.27908 2.77767 2.07772 3.13514 2.73557 2.17913 2.18708 2.39665 2.18578 2.50474 1.86863 2.49885 2.19506 1.96476 3.23283 2.36756 1.23398 1.74141 1.9129 2.18644 2.0557 2.91723 2.47104 2.30003 2.63203 1.95313 2.12202 2.72891 2.26609 2.8568 2.82249 3.05112 
1.82583 1.58913 1.40526 1.35747 1.65669 1.99534 2.11593 1.62822 1.90785 2.71127 1.83658 0.979183 1.84988 1.27153 2.21605 1.81419 1.76245 1.51847 0 1.58913 1.62822 1.97331 1.51847 1.83658 2.44342 1.88082 1.5271 1.58913 1.68381 1.35747 1.96511 1.17663 1.81419 1.72508 1.81797 1.72434 1.77049 1.84988 2.14215 2.02804 1.20944 1.19417 1.19612 1.19612 1.37573 1.4285 1.69186 1.23175 1.81431 1.57125 1.37829 1.19612 1.19612 1.65669 1.17663 1.17663 0.979183 1.65897 1.40294 0.979183 1.51648 1.83079 2.09294 1.72117 2.10707 1.76258 1.87408 2.30868 1.37829 1.58137 1.97291 1.83721 1.50553 1.34713 2.08227 2.09294 2.13337 1.48866 1.83785 1.39597 1.37829 1.85996 1.83721 1.20944 1.34713 1.58137 1.53642 1.93657 1.95089 1.98838 1.48454 2.22833 1.50553 1.77193 2.10717 1.66992 1.37829 1.69922 1.53642 1.93657 
4.62903 4.50412 4.71336 3.9308 1.7891 1.69616 2.84335 1.24574 2.58935 1.68267 5.78017 5.09725 3.47801 3.64495 1.19755 2.63594 2.1563 2.94391 1.58913 0 5.43925 6.27827 5.14387 1.29776 2.05788 2.64857 0.998303 3.52391 4.29464 3.94864 2.3466 4.49636 5.68649 2.63866 1.58149 1.78591 1.41389 1.50953 2.34487 1.31329 4.29933 5.19825 5.79021 3.98403 4.74252 4.3338 4.9374 4.85477 3.55634 5.19665 5.03456 3.63499 5.71558 4.46408 4.04978 5.50029 4.4371 5.48254 5.40686 4.84169 6.75339 4.56142 5.22776 1.44517 1.8383 2.70545 3.02371 1.58951 1.8571 4.0977 1.75288 3.80627 5.68393 2.09961 1.96399 1.71698 1.73474 2.03165 1.55997 1.92508 4.70172 1.56078 2.87169 5.26143 1.21379 1.23402 1.37562 1.61753 1.76775 3.65732 4.09626 2.10265 6.32241 1.67625 1.59414 3.61212 5.16108 6.18056 3.25656 3.6033 
4.96451 4.90736 4.77653 4.05008 1.89018 1.35497 2.57166 0.492478 2.07947 2.03993 5.10317 5.01027 3.56072 3.59399 1.19755 2.17233 3.23466 2.50611 1.62822 5.43925 0 6.64292 5.10949 1.17779 1.32176 1.95178 1.09959 4.68748 4.61991 4.2551 2.25918 5.01386 5.8916 3.36663 1.60395 1.43964 0.885909 1.48632 2.45199 1.38856 4.00429 5.63312 6.06677 4.17108 5.01788 4.67368 5.36678 5.25798 3.26645 5.55843 5.3088 4.65705 5.81245 4.39039 4.15832 6.16083 5.09074 5.73494 5.71759 5.10329 7.02861 4.4983 5.59275 1.55742 1.59656 2.24521 2.60109 1.93006 1.61299 4.47961 1.5828 3.78284 6.26133 1.45824 1.86582 1.82923 1.493 1.74839 1.21981 1.74249 5.10622 1.21958 2.41145 5.59881 0.79129 1.21944 1.34552 1.53002 1.47202 3.92861 4.52565 1.95681 6.75458 1.65458 1.69431 3.4304 5.57023 6.50516 3.41334 3.73699 
4.3982 4.88109 5.23097 4.55556 2.24915 1.84591 3.21487 1.30728 2.79712 1.35917 6.34308 5.76362 3.23456 3.99605 1.75096 2.88998 3.46325 3.22376 1.97331 6.27827 6.64292 0 5.77511 1.47801 2.12985 2.66943 1.29822 4.58081 5.19351 4.71712 2.68953 5.51036 6.48649 3.24368 2.01399 1.91182 1.40201 1.39411 2.04693 1.5432 4.99258 6.27843 6.73956 4.78356 5.43935 5.17783 5.80401 5.58441 4.06849 6.15333 5.74472 5.22203 6.54007 4.89116 4.70053 6.61634 5.46811 6.23102 5.62196 5.76855 7.63726 4.99908 6.22311 1.98568 2.0875 2.96286 3.31874 2.16498 2.18782 4.98039 2.07375 4.20174 6.90578 2.17589 2.2677 2.25749 1.98394 2.40316 1.71075 2.2966 5.63909 1.71053 3.1291 6.2578 1.30739 1.70906 1.78468 2.02096 1.96297 4.34752 5.06196 2.32391 7.31989 2.14552 1.86396 3.94649 6.1189 7.20051 3.95159 4.29247 
5.75475 4.35749 4.52113 3.75127 2.85522 1.92896 3.20025 1.43921 2.71676 2.60542 5.08741 4.58871 4.5374 4.04448 2.24434 2.56104 4.38703 2.29529 1.51847 5.14387 5.10949 5.77511 0 1.68382 2.24958 2.76488 1.55738 4.70267 5.53539 3.82524 3.08795 4.24879 4.27309 4.09809 2.00424 1.14093 1.53436 1.98403 3.4266 2.03701 3.85289 4.3526 4.05295 3.2452 3.66723 4.84983 5.52157 3.96397 4.0519 4.53331 3.73735 3.73201 4.12821 5.16407 4.16885 4.67889 4.19292 4.876 4.26178 3.57188 4.82614 5.09105 5.78906 1.94475 2.10236 3.01495 3.00562 2.45281 2.13964 4.7464 2.04351 4.33914 4.84001 2.15867 2.18708 2.31652 2.10564 2.40966 1.80499 2.30791 3.73148 1.84179 3.18119 4.40559 1.23398 1.74141 1.81227 2.15223 1.93273 4.41222 4.65919 2.36391 4.95173 1.9759 2.12202 3.7843 3.92537 5.01315 3.94257 4.1551 
1.46166 1.10411 0.842021 0.803752 1.1286 1.64124 1.7692 1.21707 1.45216 2.1911 0.803752 1.44943 1.66688 1.13596 1.75662 1.60558 1.29776 1.73115 1.83658 1.29776 1.17779 1.47801 1.68382 0 1.32176 1.59626 1.1139 1.10411 1.10411 0.803752 1.61102 1.1139 1.46731 1.37118 1.83922 1.68382 1.3118 1.85271 1.63809 1.40527 0.918367 1.28861 1.1139 0.803752 0.857461 1.34435 1.41348 1.00639 1.26059 1.20265 1.12889 0.842021 1.00639 1.1286 1.25494 1.21737 1.21737 1.36544 0.842021 1.00639 1.20873 1.3721 1.79686 1.84712 1.88283 1.40849 1.6357 2.03284 1.18741 1.40734 1.86908 1.52946 1.41091 1.21156 2.06303 2.13818 1.77927 1.19864 1.46781 1.20361 1.07721 1.50586 1.52946 1.30074 1.21156 1.40734 1.58001 1.81629 1.7583 1.46029 1.08465 1.99387 1.37983 1.60586 1.9022 1.51839 1.18741 1.50663 1.30111 1.60586 
2.2134 1.78044 1.60111 1.32176 1.78044 2.16491 2.29286 1.48412 1.97017 2.86743 1.32176 2.01518 2.20714 1.70172 2.07834 2.18067 2.06046 2.37255 2.44342 2.05788 1.32176 2.12985 2.24958 1.32176 0 2.16202 1.87298 1.78044 1.78044 1.32176 2.13468 1.65301 1.99097 2.10393 2.44606 2.24958 1.87755 2.37072 2.33384 2.05711 1.48412 1.86739 1.65301 1.32176 1.68763 1.86801 2.18636 1.70172 1.7786 1.7684 1.65255 1.36568 1.70172 1.78044 1.82069 1.86649 1.86649 1.93386 1.60111 1.70172 1.84192 1.93166 2.32321 2.42257 2.4065 1.93215 2.37934 2.69607 1.72727 2.02938 2.39274 2.22478 2.15456 1.77732 2.67576 2.71363 2.30294 1.80104 1.98582 1.72727 1.60087 2.02952 2.22478 1.86649 1.77732 2.02938 2.15546 2.33996 2.28196 2.12352 1.8283 2.72373 2.12348 2.42059 2.56543 2.21372 1.8215 2.03029 1.89653 2.16065 
3.0157 2.19629 2.2011 1.56247 2.56948 1.8414 3.25096 1.17038 2.75878 2.42405 2.57416 2.75127 2.98352 1.96411 1.97551 2.85163 2.86372 3.15041 1.88082 2.64857 1.95178 2.66943 2.76488 1.59626 2.16202 0 1.47464 2.32803 2.74115 1.93083 2.93849 1.9039 2.63446 2.93776 1.9215 1.81883 1.2651 1.89014 3.1313 1.76775 1.75448 2.28641 1.84463 1.81764 2.14949 2.23509 2.89841 2.14971 2.61941 2.24475 2.2461 1.93676 2.29511 2.17001 2.05684 2.28847 2.13106 2.34343 2.34494 2.0847 2.32438 2.51787 3.2536 1.97152 2.14273 2.92452 3.11889 2.36525 2.2923 2.6713 1.98662 2.94007 2.74008 2.13755 2.23596 2.24334 2.05832 2.4277 1.77299 2.4218 2.21712 1.7849 3.09076 2.13778 1.17048 1.76037 1.72471 2.09534 1.87584 2.9327 2.48748 2.42505 2.78739 2.08096 2.0735 2.76534 2.33619 2.66173 2.78743 3.05965 
1.42616 1.02852 0.564195 0.843935 1.04332 1.4818 1.60975 1.22204 1.37396 2.02101 1.1139 1.50937 1.44063 0.871895 1.61722 1.49757 1.23283 1.70361 1.5271 0.998303 1.09959 1.29822 1.55738 1.1139 1.87298 1.47464 0 0.998303 1.06158 0.843935 1.33319 0.564195 1.30787 1.2584 1.41136 1.58064 1.37088 1.44063 1.45477 1.46357 0.977447 0.994696 0.564195 0.843935 1.12766 0.951696 1.36482 1.04658 1.30077 1.11241 0.92883 0.564195 0.986212 1.02852 0.871895 0.706333 0.706333 1.08762 0.564195 0.986212 1.15881 1.42555 1.6401 1.4385 1.72339 1.24904 1.52941 1.84101 0.92883 1.16458 1.54813 1.47642 1.28725 1.2715 1.63281 1.71031 1.61983 1.0392 1.508 0.94503 0.917764 1.34642 1.47642 0.965902 1.2715 1.16458 1.27053 1.52996 1.43735 1.39535 1.14519 1.9598 1.28725 1.65789 1.7571 1.35722 0.92883 1.18568 1.21342 1.35916 
4.0568 7.46177 7.25071 5.97803 1.5517 1.56652 2.65904 1.0511 2.23626 1.35917 5.87104 4.64292 2.96442 2.77578 1.19755 2.42009 1.76655 2.69171 1.58913 3.52391 4.68748 4.58081 4.70267 1.10411 1.78044 2.32803 0.998303 0 3.82574 3.44966 2.13261 6.08899 6.32975 2.37875 1.58149 1.6573 1.14583 1.50953 1.87725 0.989796 6.49782 8.25255 8.0403 6.21743 7.43711 3.92311 4.43749 7.77866 3.37923 4.52546 7.98871 6.78557 8.0252 3.93083 3.6206 5.79023 6.75558 8.42861 5.73374 6.28344 5.92757 4.04601 4.85171 1.44517 1.70968 2.45166 2.71608 1.58951 1.601 3.66086 1.75288 3.55048 6.26659 1.83449 1.8798 1.71698 1.60612 1.84734 1.43136 1.74077 7.88118 1.43113 2.6179 8.32879 1.05121 1.23402 1.37562 1.61753 1.68357 3.33696 3.72021 1.9721 5.47164 1.67625 1.39502 3.22788 8.92353 9.98377 3.10394 3.28191 
5.51156 4.06996 3.5092 3.26052 2.33337 1.87548 3.19078 1.38856 2.89369 2.03182 4.2762 5.39733 3.76859 4.01244 1.61781 2.87088 3.63164 3.12542 1.68381 4.29464 4.61991 5.19351 5.53539 1.10411 1.78044 2.74115 1.06158 3.82574 0 4.43271 2.58243 3.30706 4.77745 3.72408 1.67617 1.96627 1.48328 1.60422 2.67725 0.989796 3.5559 4.06591 4.51705 3.25309 3.95158 4.58596 5.56134 4.11011 3.96027 4.24258 4.32245 3.67964 4.61903 4.83996 4.40668 4.38384 3.49992 4.69497 4.41279 3.90966 5.10805 5.1222 5.83198 1.53985 2.01865 2.94039 3.14983 1.6842 2.09101 4.40101 1.84756 4.06253 4.55366 2.22359 2.02727 1.81167 1.91509 2.37907 1.74032 2.2725 3.86548 1.7401 3.10663 4.04955 1.30848 1.3287 1.4703 1.71221 1.83103 3.93319 4.70654 2.19733 5.19669 1.77093 1.68883 3.86489 4.14108 4.90676 3.65857 4.03056 
4.57715 3.32626 3.41827 2.62158 1.72194 1.1635 2.2933 0.718108 1.47847 1.78427 4.04029 4.23247 3.31454 3.01755 1.35476 1.58428 3.10349 1.90926 1.35747 3.94864 4.2551 4.71712 3.82524 0.803752 1.32176 1.93083 0.843935 3.44966 4.43271 0 2.17157 2.91476 3.23009 2.81455 1.36011 1.14093 0.933218 1.23067 2.29438 1.147 3.07819 3.22311 3.34274 2.27305 2.83496 3.51933 4.42996 2.69136 2.72038 3.32675 2.7893 2.58291 3.291 4.05277 3.25994 3.56413 3.21545 3.8733 3.35286 2.7297 3.87091 4.05262 4.62022 1.31392 1.3948 2.01905 2.12262 1.55602 1.38683 3.63163 1.3785 3.14348 3.70901 1.3189 1.65967 1.60498 1.31209 1.52222 1.01008 1.45102 2.61341 1.12824 2.18528 3.07874 0.668671 0.903682 1.04681 1.36241 1.26772 3.07621 3.55311 1.49022 3.88713 1.10221 1.42538 2.76082 3.0587 3.70852 2.75143 3.06304 
2.82176 1.9917 1.85464 1.86988 2.40506 1.22567 3.12366 1.35753 2.43397 2.25369 2.6399 3.07434 3.0429 2.33988 1.89261 3.01657 2.61588 3.42864 1.96511 2.3466 2.25918 2.68953 3.08795 1.61102 2.13468 2.93849 1.33319 2.13261 2.58243 2.17157 0 2.08661 2.45749 2.6127 1.38843 1.89873 1.52671 1.99966 2.96688 1.7593 1.87305 2.55238 2.30693 1.92552 2.30712 2.5072 2.9825 2.28542 2.23632 2.2127 2.04737 1.6205 2.45667 2.00558 2.27974 2.05999 2.28185 1.85658 2.07255 2.37622 2.48594 2.79136 2.74245 1.87651 1.92819 2.87771 3.37473 2.1751 2.10208 2.55297 1.91444 2.91035 2.63152 2.35124 2.09831 1.94607 1.82463 2.31196 1.78663 2.20539 1.87099 1.55122 2.97946 2.46085 1.42647 1.45862 1.70854 1.86165 1.80366 2.69908 2.51446 2.28845 2.69978 2.0942 1.97329 2.87985 2.24511 2.78548 2.61215 2.94493 
4.29915 6.35822 4.96423 5.04684 1.88315 1.25232 2.40338 0.930972 1.97033 1.99713 5.99115 3.74443 2.7959 2.37775 1.52764 2.09112 2.92397 2.33329 1.17663 4.49636 5.01386 5.51036 4.24879 1.1139 1.65301 1.9039 0.564195 6.08899 3.30706 2.91476 2.08661 0 6.11105 3.0274 1.08037 1.41101 1.10015 1.21032 2.35652 1.35708 5.25417 6.18833 7.50995 4.64555 5.60126 2.81105 4.08402 5.92906 2.66805 4.06477 5.88266 4.7795 7.47728 3.62128 2.7292 4.98003 4.38892 6.28779 5.42763 5.68221 5.12019 3.87041 4.41914 1.10752 1.55376 2.164 2.35838 1.68947 1.41376 2.98816 1.09025 3.34371 5.72591 1.55974 1.54138 1.37933 1.4502 1.54916 1.17701 1.54326 5.7505 1.17679 2.33024 5.91092 0.980432 0.833594 0.939542 1.19897 1.26772 3.28559 3.22305 1.73898 4.7987 1.32691 1.67646 2.75134 6.36527 7.0847 2.77408 3.02447 
4.85415 5.36946 6.3158 5.05419 1.99481 1.54289 2.65253 1.31004 2.46129 2.13773 7.34229 4.60974 3.98573 3.43934 1.77664 1.80888 3.28255 2.40983 1.81419 5.68649 5.8916 6.48649 4.27309 1.46731 1.99097 2.63446 1.30787 6.32975 4.77745 3.23009 2.45749 6.11105 0 3.38013 1.82404 1.35531 1.45997 1.8226 2.76279 1.6241 5.26701 6.26143 6.40092 4.29907 5.24271 4.39077 5.11447 5.21353 3.54152 4.489 5.57802 5.30572 5.82607 4.00556 3.8741 7.23286 6.04462 6.99354 6.62729 5.35348 5.92607 4.09613 5.40484 1.54507 1.47837 2.29621 2.75165 2.03989 1.58329 4.3024 1.77073 3.75734 7.25137 2.10934 1.75776 1.91684 1.47476 1.75152 1.38849 1.66729 5.22119 1.40751 2.46245 6.41868 1.25505 1.2012 1.56483 1.59268 1.65995 3.80012 4.09883 1.96549 5.75713 1.74852 1.55121 3.20822 5.98733 7.27444 3.48624 3.56705 
3.15022 2.71084 2.92651 2.56465 2.11573 1.83359 3.10814 1.3746 2.52558 1.68267 3.22736 4.01193 4.14125 2.87048 1.45765 2.70786 3.18138 2.94639 1.72508 2.63866 3.36663 3.24368 4.09809 1.37118 2.10393 2.93776 1.2584 2.37875 3.72408 2.81455 2.6127 3.0274 3.38013 0 1.84159 1.84302 1.46932 1.76963 2.58747 1.31329 2.69795 3.10802 3.36594 2.37875 2.74927 3.59123 3.63903 2.73601 4.16568 3.06036 2.99719 2.61885 3.29439 3.15136 3.16982 3.25045 2.89845 3.58108 3.04109 2.89991 3.51269 3.69017 4.25303 1.70527 1.81276 2.77737 3.0054 1.84962 2.04756 3.5189 2.01298 4.08531 3.37186 2.15165 2.19111 1.97708 1.80816 2.29644 1.63339 2.18987 2.62432 1.69821 2.94361 3.16421 1.21288 1.4857 1.63572 1.87763 1.95065 3.85065 3.22573 2.03333 3.63282 1.67625 1.47521 3.83005 2.96806 3.91054 3.6636 3.91398 
1.93466 1.62419 1.28952 1.36011 1.65933 1.53704 2.12593 1.60395 1.4292 2.64216 1.83922 1.75878 1.85252 1.44532 2.14949 1.92302 1.76509 2.11615 1.81797 1.58149 1.60395 2.01399 2.00424 1.83922 2.44606 1.9215 1.41136 1.58149 1.67617 1.36011 1.38843 1.08037 1.82404 1.84159 0 2.09682 1.77313 1.85252 2.05044 2.03068 1.25012 1.28556 1.08037 1.28556 1.48456 1.33994 1.77954 1.44532 1.54875 1.57389 1.46121 1.08037 1.30494 1.62419 1.40222 1.08037 1.08037 1.08037 1.28952 1.30494 1.6253 1.83343 1.78705 1.72937 2.21589 1.76522 2.05091 2.31132 1.46121 1.51822 1.87361 1.94604 1.68236 1.52092 2.24818 1.79892 2.13601 1.59749 1.94667 1.46121 1.43394 1.8626 1.94604 1.25012 1.52092 1.51822 1.56139 1.82082 1.95353 1.99102 1.51822 2.36084 1.68236 1.94876 2.36175 1.83583 1.48712 1.70186 1.56139 1.82082 
1.8317 1.52407 1.49137 1.14093 1.54857 1.92896 2.10513 1.43964 1.78934 2.64978 1.68382 1.2269 2.02631 1.35853 2.24477 1.59898 1.78591 1.2269 1.72434 1.78591 1.43964 1.91182 1.14093 1.68382 2.24958 1.81883 1.58064 1.6573 1.96627 1.14093 1.89873 1.41101 1.35531 1.84302 2.09682 0 1.53436 2.12873 2.12625 2.03701 1.14093 1.56178 1.17795 1.14093 1.2275 1.51877 1.78351 1.35853 1.59777 1.42521 1.35531 1.17795 1.2269 1.54857 1.47751 1.5233 1.5233 1.59067 1.49137 1.2269 1.54726 1.59466 2.12591 2.07938 2.10925 1.73486 2.00574 2.45281 1.44928 1.77738 2.04351 1.86799 1.78095 1.43413 2.32652 2.37044 2.10564 1.51945 1.80499 1.44928 1.37455 1.84179 1.86799 1.5233 1.43413 1.77738 1.81227 2.15223 1.93273 1.88026 1.45469 2.36391 1.74987 1.9759 2.32217 1.85692 1.50821 1.68105 1.67115 1.96336 
1.49819 0.994838 1.11935 0.587204 0.994838 1.55694 1.93055 0.885909 1.28774 2.13959 1.3118 1.29997 1.62334 0.871487 1.69104 1.58569 1.41389 1.65456 1.77049 1.41389 0.885909 1.40201 1.53436 1.3118 1.87755 1.2651 1.37088 1.14583 1.48328 0.933218 1.52671 1.10015 1.45997 1.46932 1.77313 1.53436 0 1.62334 1.61605 1.48328 0.587204 1.23768 1.10015 0.933218 1.04472 1.30662 1.60411 0.986502 1.22575 0.871487 1.26781 1.10015 0.986502 0.994838 1.10548 1.13093 1.13093 1.21865 1.11935 0.986502 1.18884 1.22264 1.92532 1.70735 1.87856 1.50957 1.82633 2.08078 1.26781 1.51301 1.935 1.50957 1.55784 0.886016 2.14344 1.99842 1.98885 1.27905 1.48852 1.30474 1.25979 1.71544 1.50957 1.13093 0.886016 1.51545 1.44024 1.89133 1.85493 1.50823 1.27528 2.14058 1.50579 1.79649 1.78903 1.4985 1.26781 1.60326 1.44024 1.79649 
1.89186 1.50953 1.31879 1.21032 1.50953 2.02989 2.15784 1.52861 1.76069 2.15468 1.85271 1.73857 1.21032 1.4251 2.07415 2.04228 1.797 2.09593 1.84988 1.50953 1.48632 1.39411 1.98403 1.85271 2.37072 1.89014 1.44063 1.50953 1.60422 1.23067 1.99966 1.21032 1.8226 1.76963 1.85252 2.12873 1.62334 0 1.39411 1.88089 1.2299 1.31747 1.23067 1.23067 1.5131 1.45968 1.80881 1.4251 1.68751 1.4241 1.51753 1.23067 1.33685 1.50953 1.44786 1.21032 1.21032 1.69352 1.23349 1.33685 1.65721 1.84057 2.15148 1.86041 2.27148 1.79713 2.07944 2.25278 1.59225 1.66607 2.01479 1.97795 1.7109 1.5007 2.30211 2.15148 2.16792 1.6294 1.89473 1.59225 1.46585 1.89451 1.97795 1.2299 1.5007 1.66851 1.5933 1.97112 1.98544 1.93361 1.66851 2.39275 1.7109 1.97729 2.25741 1.88975 1.54104 1.73377 1.5933 1.97112 
2.41324 2.08148 1.76766 1.82484 2.49659 2.03546 3.46232 1.52132 3.12233 1.35917 2.61805 3.23926 2.2237 2.30056 1.75096 3.27246 2.59403 3.62131 2.14215 2.34487 2.45199 2.04693 3.4266 1.63809 2.33384 3.1313 1.45477 1.87725 2.67725 2.29438 2.96688 2.35652 2.76279 2.58747 2.05044 2.12625 1.61605 1.39411 0 1.5432 1.92769 2.64912 2.59565 2.02899 2.51305 2.75173 3.13812 2.52176 3.01141 2.19915 2.36982 2.07754 2.71659 2.16253 2.66997 2.50795 2.1345 2.83704 2.01844 2.60055 2.74521 2.95952 3.53981 2.04378 2.17863 3.25494 3.71001 2.16498 2.43527 2.83218 2.22182 3.14981 2.94969 2.58758 2.34875 2.31559 2.07507 2.65061 1.9003 2.54404 2.20964 1.90008 3.42117 2.62577 1.42771 1.70906 1.90961 2.16904 2.15252 3.00257 2.83596 2.44105 3.03506 2.25171 1.86396 3.08953 2.45991 3.12413 2.9508 3.21617 
1.53399 0.989796 1.21205 0.989796 0.989796 2.01127 2.13922 1.38856 1.74207 2.13492 1.40527 1.80261 1.77391 1.34556 1.61781 1.8602 1.34066 2.14307 2.02804 1.31329 1.38856 1.5432 2.03701 1.40527 2.05711 1.76775 1.46357 0.989796 0.989796 1.147 1.7593 1.35708 1.6241 1.31329 2.03068 2.03701 1.48328 1.88089 1.5432 0 1.08985 1.49564 1.37743 1.147 1.41071 1.63785 1.90887 1.46939 1.60384 1.0726 1.33545 1.21205 1.48915 0.989796 1.59462 1.38849 1.38849 1.7213 1.21205 1.48915 1.52481 1.67931 2.0061 2.03858 2.08939 1.61505 2.19231 2.07574 1.42942 1.71228 2.19296 1.91532 1.67448 1.38866 2.36879 2.32964 1.98583 1.5044 1.81107 1.42942 1.25474 1.87588 1.94162 1.40807 1.38866 1.71228 1.77147 2.10375 2.12832 1.50319 1.50782 2.47656 1.67448 2.15546 1.91532 1.87281 1.5044 1.87665 1.57943 1.84355 
3.75358 9.10185 6.83588 16.1323 1.54832 1.1635 2.53444 0.492478 1.65748 1.65244 5.29712 3.25515 2.91379 2.43007 1.2662 1.97763 2.79922 1.85645 1.20944 4.29933 4.00429 4.99258 3.85289 0.918367 1.48412 1.75448 0.977447 6.49782 3.5559 3.07819 1.87305 5.25417 5.26701 2.69795 1.25012 1.14093 0.587204 1.2299 1.92769 1.08985 0 12.6698 6.33712 17.3164 14.6773 3.58997 4.10408 10.3847 2.83138 3.64843 8.82022 16.5345 6.18254 3.51483 2.85136 5.31518 10.0015 9.58498 4.94993 4.03562 5.03392 3.46705 4.24446 1.31392 1.48513 2.11912 2.41115 1.68735 1.43754 3.46452 1.54157 3.13018 5.69569 0.748141 1.75001 1.60498 1.59745 1.68022 1.09509 1.67432 16.5273 1.37529 2.24813 11.2795 0.298812 1.12202 1.04681 1.4979 1.50526 3.08485 3.44021 1.74715 4.93758 1.40306 1.33316 2.77775 7.19119 8.51226 2.82454 3.14819 
4.62512 12.0124 9.49694 12.2396 2.18257 1.46293 2.60487 1.14296 2.23713 2.22193 6.69701 3.72527 3.39161 2.9179 1.6889 2.31471 3.29206 2.43584 1.19417 5.19825 5.63312 6.27843 4.3526 1.28861 1.86739 2.28641 0.994696 8.25255 4.06591 3.22311 2.55238 6.18833 6.26143 3.10802 1.28556 1.56178 1.23768 1.31747 2.64912 1.49564 12.6698 0 7.04607 10.1701 11.4923 3.22015 4.27517 11.1928 3.07693 4.30262 10.5982 11.7277 7.57732 4.10093 3.4184 5.70915 13.203 11.2817 5.95044 5.37492 5.53089 3.93301 4.39031 1.29306 1.70452 2.38974 2.56784 1.45634 1.65874 3.29712 1.09025 3.725 5.15884 1.73745 1.78179 1.58412 1.60096 1.83198 1.32777 1.72541 11.4053 1.32755 2.52844 11.5166 1.11545 1.10115 1.02595 1.09266 1.388 2.91231 3.15005 1.82539 4.43176 1.09434 1.87216 3.03164 7.76068 8.25259 2.87053 2.81322 
4.97293 7.69474 7.8772 6.18313 2.08468 1.25232 2.35092 0.930972 2.09766 1.99713 7.48514 4.0046 3.34849 3.1805 1.52764 2.06829 3.33446 2.14013 1.19612 5.79021 6.06677 6.73956 4.05295 1.1139 1.65301 1.84463 0.564195 8.0403 4.51705 3.34274 2.30693 7.50995 6.40092 3.36594 1.08037 1.17795 1.10015 1.23067 2.59565 1.37743 6.33712 7.04607 0 5.3554 6.15276 3.09141 4.53853 6.54847 2.5492 5.17547 6.65563 6.3009 8.03932 3.91294 3.2968 6.5389 7.03007 7.80717 6.36609 6.29648 5.67238 4.19415 4.69309 1.10752 1.49171 2.06747 2.03216 1.68947 1.25083 3.43101 1.09025 2.99552 6.91201 1.75182 1.32932 1.37933 1.4502 1.38623 1.17701 1.38034 6.61238 1.17679 2.23371 7.17868 0.999919 0.833594 0.939542 1.19897 1.03466 3.60247 3.69927 1.73898 5.45236 1.32691 1.58996 2.36334 6.46567 7.47687 2.70724 3.07923 
3.40225 8.59453 6.84907 15.635 1.46717 0.917606 1.55171 0.718108 1.52361 1.75978 5.05228 3.33047 2.94954 2.17296 1.35476 1.52437 2.42511 1.87394 1.19612 3.98403 4.17108 4.78356 3.2452 0.803752 1.32176 1.81764 0.843935 6.21743 3.25309 2.27305 1.92552 4.64555 4.29907 2.37875 1.28556 1.14093 0.933218 1.23067 2.02899 1.147 17.3164 10.1701 5.3554 0 11.6037 2.60579 3.23376 7.2884 2.06253 3.19611 6.99538 12.5702 4.89965 2.82476 2.29823 4.77592 9.95991 8.34755 4.34453 4.50291 3.91275 2.71327 3.69754 1.20665 1.13995 1.61313 1.97238 1.46477 0.813405 2.6271 1.13633 2.74444 4.53869 1.36404 1.41934 1.52674 1.05564 0.937568 0.664062 0.830999 11.3594 0.782223 1.77936 8.03963 0.668671 0.782079 0.939542 1.09266 1.02555 2.62968 2.30055 1.40197 3.75221 1.10221 1.42538 2.10797 5.30109 5.98545 2.21418 2.30478 
3.52911 10.509 7.95047 14.9063 1.87861 1.31486 2.23468 0.949996 1.69714 2.09504 5.74697 3.7819 3.45569 2.99305 1.61846 1.68138 3.01029 1.87666 1.37573 4.74252 5.01788 5.43935 3.66723 0.857461 1.68763 2.14949 1.12766 7.43711 3.95158 2.83496 2.30712 5.60126 5.24271 2.74927 1.48456 1.2275 1.04472 1.5131 2.51305 1.41071 14.6773 11.4923 6.15276 11.6037 0 3.41119 3.61817 9.32619 2.96454 3.83268 9.38993 14.0467 6.53389 3.11865 3.01818 5.00248 11.6457 9.97815 4.91597 5.42477 4.44658 3.62403 4.02064 1.41435 1.31669 1.75427 1.85707 1.63157 1.14129 3.09941 1.48227 3.01045 5.11591 1.53757 1.65967 1.68616 1.31209 1.39825 1.06132 1.32705 14.937 1.17948 1.9205 10.3294 0.844915 0.903682 1.22535 1.35454 1.42281 2.95473 2.6024 1.39126 4.0732 1.09434 1.47286 2.48871 6.74985 7.96433 2.57933 2.52434 
5.38946 4.01158 3.65594 3.19966 2.28066 1.41993 2.62325 1.16799 2.41721 2.2621 4.76245 4.87056 3.71164 3.65402 1.78721 2.33816 3.56312 2.58101 1.4285 4.3338 4.67368 5.17783 4.84983 1.34435 1.86801 2.23509 0.951696 3.92311 4.58596 3.51933 2.5072 2.81105 4.39077 3.59123 1.33994 1.51877 1.30662 1.45968 2.75173 1.63785 3.58997 3.22015 3.09141 2.60579 3.41119 0 4.79294 3.42709 2.97015 4.15651 3.18292 2.93088 3.93641 4.26697 3.72218 3.7002 3.25105 4.17729 3.68981 3.03459 4.21241 4.50422 4.91208 1.29341 1.66152 2.27327 2.46764 1.92145 1.60452 3.5124 1.26345 3.5644 3.96311 1.88358 1.61136 1.56523 1.55796 1.72868 1.28477 1.62211 2.9413 1.28455 2.43951 3.29878 1.20976 1.08226 1.09826 1.45814 1.28952 3.70384 3.92721 1.8977 4.34453 1.55552 1.872 2.89234 3.11772 3.4041 2.86224 3.30412 
5.46923 4.49712 4.40738 4.15011 2.66097 1.73828 2.87142 1.50938 2.44606 2.4566 5.00211 5.51356 4.02614 4.14817 2.11663 2.57111 3.98716 2.91387 1.69186 4.9374 5.36678 5.80401 5.52157 1.41348 2.18636 2.89841 1.36482 4.43749 5.56134 4.42996 2.9825 4.08402 5.11447 3.63903 1.77954 1.78351 1.60411 1.80881 3.13812 1.90887 4.10408 4.27517 4.53853 3.23376 3.61817 4.79294 0 3.76827 3.85588 4.78196 4.11249 3.46635 4.54398 5.05384 4.09598 4.30986 4.01916 4.9417 3.9641 3.88605 4.00204 5.2743 5.2814 1.71467 1.95081 2.64062 2.88629 1.97526 1.96382 4.55468 1.94231 4.25601 4.47098 2.25663 2.16007 1.80146 1.8681 2.1438 1.57388 2.07259 3.66166 1.60289 2.75457 4.01976 1.4043 1.37881 1.44756 1.69824 1.85533 3.79557 4.24053 1.39126 4.22313 1.64263 2.04299 3.53254 3.98905 4.96161 3.3132 3.43226 
3.60281 10.5319 8.68022 10.5775 1.86445 1.3811 2.44807 0.891776 1.81989 2.03198 6.33268 3.78098 3.44091 2.79692 1.64574 1.69847 3.00474 1.73378 1.23175 4.85477 5.25798 5.58441 3.96397 1.00639 1.70172 2.14971 1.04658 7.77866 4.11011 2.69136 2.28542 5.92906 5.21353 2.73601 1.44532 1.35853 0.986502 1.4251 2.52176 1.46939 10.3847 11.1928 6.54847 7.2884 9.32619 3.42709 3.76827 0 2.8774 4.11869 8.54626 9.13353 6.40584 3.22618 2.42655 5.52103 11.2804 11.0702 5.34586 5.50974 4.29439 3.68761 4.25058 1.41435 1.22851 1.79793 1.90074 1.78836 1.27011 3.44167 1.47825 3.01969 5.6356 1.21467 1.49885 1.68616 1.46102 1.59385 1.14447 1.56134 8.63929 1.28496 1.96417 11.3238 0.563146 1.05261 1.22535 1.51134 1.36746 3.26307 3.14719 1.39126 4.39372 1.25114 1.33316 2.45514 6.70707 8.34876 2.72265 3.02926 
4.2083 3.19238 2.96265 2.36889 2.44959 1.28795 2.71583 1.13102 2.00165 2.24111 3.7179 4.06295 4.19832 2.95899 1.8116 2.67796 4.1641 3.01175 1.81431 3.55634 3.26645 4.06849 4.0519 1.26059 1.7786 2.61941 1.30077 3.37923 3.96027 2.72038 2.23632 2.66805 3.54152 4.16568 1.54875 1.59777 1.22575 1.68751 3.01141 1.60384 2.83138 3.07693 2.5492 2.06253 2.96454 2.97015 3.85588 2.8774 0 3.48679 2.96125 2.30682 3.32974 3.34635 2.87715 3.00968 3.07414 2.76998 3.19269 3.04052 3.45585 3.63794 3.96705 1.77076 1.77849 2.44842 2.8043 2.01286 1.97753 3.43091 1.44817 3.92361 3.75622 2.01263 1.73118 2.0523 1.69418 2.10169 1.30261 1.99512 2.63882 1.42077 2.60513 3.0567 1.12551 1.42062 1.50365 1.7312 1.33739 4.42716 3.41943 2.04051 3.85385 1.73738 1.74612 3.2677 2.91287 2.9788 3.83086 4.10725 
4.61983 4.05459 4.15622 3.49554 1.61003 1.44779 2.80146 0.776762 2.27832 1.79747 5.31067 4.28919 3.41552 3.04286 1.28035 1.82691 3.05523 2.54589 1.57125 5.19665 5.55843 6.15333 4.53331 1.20265 1.7684 2.24475 1.11241 4.52546 4.24258 3.32675 2.2127 4.06477 4.489 3.06036 1.57389 1.42521 0.871487 1.4241 2.19915 1.0726 3.64843 4.30262 5.17547 3.19611 3.83268 4.15651 4.78196 4.11869 3.48679 0 4.18218 3.77956 4.44964 3.84192 3.71663 5.10521 4.20075 5.07472 4.83343 4.04727 5.91564 3.57816 5.11763 1.58138 1.6201 2.28419 2.73963 1.66001 1.57127 4.04622 1.42466 3.51915 5.03886 1.63994 1.88497 1.87245 1.62311 1.94674 1.05749 1.86181 3.75122 1.50956 2.45043 4.46347 0.776869 1.33951 1.31427 1.38098 1.64023 3.16272 3.90121 1.88212 5.53355 1.38716 1.52794 3.15846 4.51969 5.38296 3.2615 3.20078 
