0 2507 2510 1940 1239 1510 2367 1076 2055 1912 3020 3230 3080 2715 1458 2181 2064 2631 1368 2560 2765 2490 4317 1018 1852 2454 1230 2405 2760 1495 2220 2360 3165 1620 1718 720 1262 1628 1542 1070 2420 2585 2185 1490 2370 2970 3540 2165 2408 2400 2455 1785 1545 2574 3025 2605 2915 2935 2090 2295 2615 2485 4055 1690 1712 999 2259 1700 1557 3435 1576 2732 3375 1858 1828 1560 1554 1404 1100 1530 2300 1190 1671 3095 1166 1056 1324 1184 1198 2796 2635 1768 2880 1596 1360 2700 2845 3420 1460 2856 
2507 0 2705 3439 672 1524 2424 614 1800 966 3812 3110 2524 1635 648 1638 444 2046 1014 390 2620 2744 3270 1056 1700 1791 714 306 525 1590 1455 3832 3164 272 1508 758 800 1350 1200 792 2783 5896 3552 3487 5315 3065 3635 4840 1852 1854 4010 4040 2624 75 2340 3276 4878 6552 2296 3824 2808 2580 3060 1336 1396 1056 2280 1382 1014 2879 1614 2456 3753 1169 1466 1206 1348 1461 1138 1149 3525 1204 1728 5082 704 658 1362 1222 1236 904 1640 1658 3422 1598 414 2424 3894 6303 1536 2380 
2510 2705 0 3208 957 1086 1920 772 1419 1454 2744 2760 2228 1290 1000 1599 1148 2217 786 1446 2310 1776 3555 830 1554 2028 226 1890 1405 1025 1584 2080 3073 976 1280 532 958 1202 936 882 3494 4278 1800 2582 3986 2040 2455 3848 2032 2316 3484 1992 1720 1295 1995 2163 2920 3878 588 2920 2574 2015 2995 1108 1370 717 1623 1512 975 2430 1388 2016 4100 1406 1246 978 1322 1122 912 894 2994 766 1389 3280 862 632 1136 996 1010 1880 1575 1580 2892 1408 902 1984 2822 4549 1084 2008 
1940 3439 3208 0 75 1094 1743 300 1053 1464 2736 2190 1528 850 1146 1557 1440 1575 916 2052 990 2724 2485 602 1202 1290 814 2967 1854 445 1596 1968 2975 1268 1302 304 486 852 1410 294 1824 4124 1832 2865 4800 1920 2500 3480 856 552 3113 3672 808 1300 1555 2065 4755 4169 1470 2008 1890 1445 3015 1132 1296 375 1635 1284 933 2395 1160 2120 3408 698 1412 1002 1138 780 684 906 5109 774 1047 4080 390 640 908 768 782 1780 1595 1352 2196 1176 852 2088 3279 4284 628 2024 
1239 672 957 75 0 1144 1818 350 1128 1414 1074 1389 1221 585 1096 1632 1005 1650 966 867 570 1437 1566 652 1252 1365 864 774 987 342 1671 813 1350 876 1352 354 536 902 1485 344 363 1002 762 345 867 1227 1575 915 717 351 924 522 378 627 1008 960 1146 1212 705 828 1020 942 1884 1182 1346 450 1710 1334 1008 1512 1210 1665 1470 773 1462 1052 1188 855 734 981 831 824 1122 1095 440 690 958 818 832 1260 1032 1402 1173 1226 802 1641 1158 1503 546 1593 
1510 1524 1086 1094 1144 0 1786 1138 532 2490 1400 1610 1858 1178 2086 1572 1660 1888 1450 1568 1276 1678 1832 1336 2148 1718 1312 1506 1648 916 642 1026 1384 1574 880 1038 1324 1946 1710 1388 1030 1352 956 914 1266 1322 1732 1354 1044 1278 1100 796 936 1494 1330 1124 1248 336 918 1236 1364 1312 1300 1772 1876 984 1588 2018 1156 1458 1894 1708 1668 1256 1946 1642 1828 1254 1418 1102 1002 1272 1432 1320 1228 1138 1642 1502 1516 1806 1136 2086 1470 1914 1878 1692 1256 1468 1048 1510 
2367 2424 1920 1743 1818 1786 0 1462 2469 2582 2202 2493 2889 2253 2264 2649 2757 3210 1644 2619 2205 2808 3126 1404 2238 3033 1506 2526 2739 1476 2634 1830 2367 2628 1994 1106 1648 2014 2856 1456 2031 2130 1725 1473 2001 2274 2703 2109 2385 2019 1941 1485 1482 2445 2286 1977 2163 2175 1668 1932 2148 2070 2847 1966 2070 1578 2673 2086 2025 2478 1962 2853 2604 2429 2140 1836 1940 1959 1486 1944 1794 1466 2250 2271 1552 1332 1694 1570 1584 2811 1995 2154 2307 1982 2014 2829 2175 2493 1650 2556 
1076 614 772 300 350 1138 1462 0 998 1580 966 846 1064 256 1262 1254 836 966 870 744 350 1022 910 902 1222 796 998 682 824 478 1108 792 1150 750 1346 604 402 1152 1054 594 108 918 758 480 686 970 1300 476 728 484 866 598 502 644 538 792 668 802 720 594 870 878 1506 1048 1536 550 1390 1584 922 1190 1460 976 1088 334 1626 918 1438 820 984 904 804 1074 998 596 306 940 1092 1068 1082 1066 938 1592 890 1334 1028 960 936 1252 614 1312 
2055 1800 1419 1053 1128 532 2469 998 0 2166 1890 2205 2199 1557 1848 2148 2133 2622 1310 1995 1548 2307 2538 1196 1904 2343 1172 1902 2115 1164 753 1329 1866 2004 740 898 1184 1554 2355 996 1335 1818 1224 1161 1419 1773 2382 1734 1356 1329 1440 984 1194 1755 1785 1476 1662 294 1167 1644 1836 1758 1740 1632 1736 1266 2172 1878 1524 1977 1754 2352 2022 1745 1806 1502 1688 1671 1278 1443 1293 1132 1938 1770 1088 998 1502 1362 1376 2388 1494 1946 1725 1594 1554 2328 1674 1992 1362 2055 
1912 966 1454 1464 1414 2490 2582 1580 2166 0 2050 2210 1586 1620 1614 2058 1188 2330 1980 1096 1794 916 2274 2022 2666 2160 1680 1034 1176 1602 1936 1924 1870 1102 2474 1724 1766 1674 948 1758 1472 2038 1854 1600 1916 2192 2420 1840 1892 1584 1586 1694 1622 996 1902 1902 1778 2154 1622 1922 1902 1998 2190 2302 2362 1670 2486 2348 1642 1944 2580 2194 1902 1698 2432 2172 2314 1940 2104 1732 1488 2170 2118 1850 1670 1624 2328 2188 2202 1418 1622 2624 2100 2564 1380 2178 1742 2366 1734 2156 
3020 3812 2744 2736 1074 1400 2202 966 1890 2050 0 3151 2860 2572 1596 2016 2340 2466 1258 3234 3258 4128 4099 64 770 2289 1010 3642 2185 1533 2055 3624 4805 2168 1608 610 1152 1518 2112 960 3174 4179 3379 2646 2984 2956 3369 3475 2188 2820 3811 2819 2723 2785 2901 3967 4164 4429 2880 3416 3348 2525 4015 1580 1602 834 2094 1590 1392 3299 1466 2852 4542 1693 1718 1450 1444 1239 990 1365 3540 1080 1506 4416 1056 946 1214 1074 1088 2756 2498 1658 3160 1486 1498 2820 4066 5135 1240 2636 
3230 3110 2760 2190 1389 1610 2493 846 2205 2210 3151 0 3280 1780 1892 1905 2932 891 914 3435 2995 4130 2070 1118 1952 2139 1330 3280 3635 1745 2370 2520 2890 2760 1536 820 1032 1688 2526 1170 1845 2400 2435 1740 1755 3215 3360 1230 2608 2650 2180 2035 1685 3185 1665 2410 2100 3185 2340 935 2215 2735 4180 1364 1552 1149 2409 1626 1224 3532 1502 1984 2760 1176 1406 1234 1654 1407 1200 1359 2425 1290 1821 2280 812 1052 1380 1110 1298 3176 2625 1608 2265 1350 1658 1952 1790 3670 1572 3056 
3080 2524 2228 1528 1221 1858 2889 1064 2199 1586 2860 3280 0 2208 1910 2703 2968 2721 1138 2784 2188 1841 3516 1366 1966 2436 1340 2660 2944 1884 2742 2365 3228 2796 1632 1068 1250 88 957 1058 1912 2560 2444 1888 2584 2839 3520 2648 2384 1896 2660 2124 1932 2464 2772 2267 2143 3044 1892 2532 2788 2684 3940 1460 2060 1521 2781 1912 2079 3264 1788 3572 3388 1844 2024 1330 1902 1926 1448 2052 2536 1538 2193 2234 1154 1404 1504 1396 1546 3308 2804 2116 2992 1940 1616 3540 2668 3432 2156 3552 
2715 1635 1290 850 585 1178 2253 256 1557 1620 2572 1780 2208 0 1302 1497 1752 1509 910 1960 1547 2655 2375 942 1478 1254 742 1805 2160 1295 1722 1560 2800 1580 1386 644 442 1192 1641 634 370 2395 1735 1300 1075 2300 2680 550 1536 1070 2090 1595 1355 1710 705 1805 1770 2105 1710 845 1535 2295 3865 1088 1280 885 1989 1624 1170 2880 1500 1440 2080 632 1370 958 1478 1290 1024 1305 2110 1114 1557 1590 346 780 1132 1108 1122 2212 1945 1336 1585 1078 1068 1408 1700 3015 1308 2704 
1458 648 1000 1146 1096 2086 2264 1262 1848 1614 1596 1892 1910 1302 0 1740 610 2012 1402 518 912 1344 1956 1660 1784 1842 1226 580 722 1284 1618 1422 1552 648 1896 1406 1448 1998 1312 1440 1154 1510 1450 1282 1462 1646 1982 1522 1574 1130 1268 1290 1304 678 1584 1324 1200 1750 1168 1604 1584 1680 1872 1724 2044 1352 2082 2030 1324 1626 2052 1876 1584 1380 2114 1594 1996 1622 1786 1414 1170 1766 1800 1272 1352 1306 1768 1660 1884 1100 1304 2306 1666 2110 1062 1860 1424 1962 1416 1838 
2181 1638 1599 1557 1632 1572 2649 1254 2148 2058 2016 1905 2703 1497 1740 0 1971 1770 1430 1833 1884 2487 1686 1280 2114 2751 1292 1740 1953 1290 2313 1509 282 1842 1780 982 1440 1890 2535 1332 1719 1944 1404 1287 1482 1953 2445 1167 2199 1344 708 1164 1320 1593 1782 1656 1842 1854 1347 1344 1476 1884 1908 1394 1248 1392 2352 1962 792 1539 1838 1620 1953 1959 1318 1622 1396 1275 1362 927 855 1252 2064 1950 1334 706 1586 1446 1460 2226 1056 1706 1788 1636 1446 1596 942 2172 1488 1857 
2064 444 1148 1440 1005 1660 2757 836 2133 1188 2340 2932 2968 1752 610 1971 0 2379 976 184 2100 1836 3060 1234 1922 2124 800 308 592 1716 1788 1992 2252 444 1470 980 1022 1572 1329 1014 1456 2168 2048 1712 2072 2440 3112 2192 2296 1408 1684 1728 1756 504 2316 1796 1548 2648 1484 2356 2316 2508 2892 1298 1618 1389 2484 1604 1347 2520 1626 2900 2316 1502 1688 1168 1570 1794 1360 1482 1488 1340 2061 1692 926 880 1342 1234 1458 1348 1756 1880 2480 1684 636 2868 1996 3072 1980 2824 
2631 2046 2217 1575 1650 1888 3210 966 2622 2330 2466 891 2721 1509 2012 1770 2379 0 1508 2241 1974 2658 84 1580 2188 2319 1474 2148 2361 1740 2787 1647 1488 2250 2016 1034 1152 1902 2706 1344 1287 2331 1542 1737 1410 2091 2373 1629 2217 1851 1914 1782 1770 2091 1890 1794 1980 2328 1965 1452 2220 2334 3114 1798 2052 1842 2490 2220 1998 2415 2056 2379 2013 1697 2000 1668 2116 2247 1662 2133 2061 1664 2514 2019 1056 1290 1842 1704 1760 2724 1932 2202 1716 1588 1778 2355 1965 2310 1938 2853 
1368 1014 786 916 966 1450 1644 870 1310 1980 1258 914 1138 910 1402 1430 976 1508 0 884 1134 1378 1466 1194 2006 1414 800 946 994 774 1420 424 1242 1014 898 896 1056 1050 1410 1210 762 512 494 772 996 648 1118 786 1344 1100 958 654 794 1044 766 326 202 1114 776 668 1180 1170 1562 726 1734 842 1126 1178 1014 868 1054 1286 986 988 1700 596 1686 1112 1276 960 860 1130 1290 274 960 996 770 662 1374 1466 994 1902 1184 1274 1428 1270 1010 1006 906 1368 
2560 390 1446 2052 867 1568 2619 744 1995 1096 3234 3435 2784 1960 518 1833 184 2241 884 0 3010 2726 3595 1142 1830 1986 708 186 510 1915 1650 2712 3102 260 1378 888 930 1480 1191 922 1908 2976 2796 2292 2832 2820 3660 3012 2112 1836 2250 2316 2358 400 2665 2418 2046 3696 1950 3258 3198 2905 3385 1206 1526 1251 2346 1512 1209 3010 1534 2716 3478 1364 1596 1076 1478 1656 1268 1344 1956 1248 1923 2262 834 788 1250 1142 1366 1164 1965 1788 3444 1592 544 2684 2718 4332 1796 2640 
2765 2620 2310 990 570 1276 2205 350 1548 1794 3258 2995 2188 1547 912 1884 2100 1974 1134 3010 0 3714 3182 932 872 1719 996 2824 2663 1270 1869 2130 3204 1928 1484 634 752 1182 1905 624 1438 2844 1920 1530 2574 2515 3325 2542 1516 1542 2352 1440 1596 2093 2252 2424 2796 2820 1806 2496 2880 2270 3470 1398 1560 870 1908 1614 1260 2905 1490 2652 3780 1097 1630 1268 1468 1275 1014 1179 2058 956 1542 2896 656 822 1238 1098 1112 2440 2050 1682 3186 1506 1182 2620 2820 3456 1288 2388 
2490 2744 1776 2724 1437 1678 2808 1022 2307 916 4128 4130 1841 2655 1344 2487 1836 2658 1378 2726 3714 0 4290 1422 2110 2403 818 2540 2389 2505 2472 3336 4410 1664 1872 1124 1208 758 48 1202 2742 4314 3126 3000 4056 3520 3935 3846 2672 3276 3558 2646 3066 2279 3360 3630 3528 4026 2280 3966 4350 3495 4475 1700 1962 1605 2511 2104 1863 3910 1980 3200 5262 1781 1838 1570 1914 2010 1504 1782 3264 1358 2277 3744 1112 1224 1728 1588 1602 2568 3055 2172 4668 2000 1246 3168 3444 4662 2268 3192 
4317 3270 3555 2485 1566 1832 3126 910 2538 2274 4099 2070 3516 2375 1956 1686 3060 84 1466 3595 3182 4290 0 1524 2132 2235 1418 3440 3795 2828 2703 2605 2340 2888 1960 978 1096 1846 2622 1288 2005 3884 2430 2827 2682 3345 4237 2869 2844 2945 3050 2830 2882 3345 3080 2850 3160 3740 3135 2692 3848 3822 5050 1742 1996 1758 2406 2206 1914 4307 2000 3284 3687 1613 2056 1612 2060 2163 1606 2049 3295 1608 2430 3225 1000 1346 1786 1690 1704 3520 3414 2258 3192 1644 1722 3252 3420 3710 2508 3692 
1018 1056 830 602 652 1336 1404 902 1196 2022 64 1118 1366 942 1660 1280 1234 1580 1194 1142 932 1422 1524 0 834 1462 1056 1080 938 424 1306 770 1092 1148 1544 546 1088 1454 1454 896 794 860 700 422 774 1014 1242 862 1030 786 808 540 444 1070 1036 868 992 1000 662 744 872 820 1448 1516 1538 492 1332 1526 864 1200 1402 1362 1176 1020 1654 1386 1380 762 926 846 746 1016 940 1064 992 882 1150 1010 1024 1314 880 1594 978 1422 1454 1346 964 1194 556 1254 
1852 1700 1554 1202 1252 2148 2238 1222 1904 2666 770 1952 1966 1478 1784 2114 1922 2188 2006 1830 872 2110 2132 834 0 2018 1780 1768 1644 1258 2118 1582 1926 1836 2356 1380 1624 2054 2142 1496 1330 1694 1512 1256 1608 1848 2076 1696 1630 1386 1642 1352 1278 1670 1760 1680 1804 1812 1474 1578 1706 1654 2260 2270 2372 1326 2144 2360 1698 2014 2236 2196 2010 1556 2488 2140 2214 1596 1760 1658 1558 1828 1774 1818 1528 1694 1984 1844 1858 2092 1692 2428 1812 2256 2054 2180 1798 2024 1390 2066 
2454 1791 2028 1290 1365 1718 3033 796 2343 2160 2289 2139 2436 1254 1842 2751 2124 2319 1414 1986 1719 2403 2235 1462 2018 0 1366 1893 2106 1557 2532 1485 2502 1995 1908 1164 982 1712 2451 1154 1032 2217 1380 1560 1899 1929 2790 1584 1932 1566 2076 1620 1593 1836 1677 1632 1818 2073 1803 1761 2175 2157 2982 1628 2116 1665 2328 2144 2160 2613 1948 2334 2502 1442 2206 1498 1998 2070 1544 2079 1929 1556 2337 1764 886 1422 1672 1628 1642 2469 2130 2172 2205 1914 1608 2310 2274 2148 1761 2691 
1230 714 226 814 864 1312 1506 998 1172 1680 1010 1330 1340 742 1226 1292 800 1474 800 708 996 818 1418 1056 1780 1366 0 646 788 636 1282 376 1104 714 1294 758 1184 1428 850 1108 890 908 446 634 986 672 1208 962 1242 998 820 516 656 744 718 474 598 976 394 956 1084 1032 1424 1122 1596 704 1078 1574 876 1142 1450 1234 1178 1116 1472 992 1548 974 1138 822 722 992 1152 670 1088 858 1166 1058 1236 1166 856 1806 1190 1634 1128 1218 782 958 768 1230 
2405 306 1890 2967 774 1506 2526 682 1902 1034 3642 3280 2660 1805 580 1740 308 2148 946 186 2824 2540 3440 1080 1768 1893 646 0 355 1760 1557 3760 3402 136 1440 826 868 1418 1098 860 2583 4829 3480 3159 4227 2975 3505 4250 1988 1650 3259 3238 2896 245 2510 3038 3538 5308 2058 4096 3012 2750 3230 1268 1464 1158 2253 1450 1116 2979 1596 2592 3934 1271 1534 1138 1416 1563 1206 1251 2818 1186 1830 3862 772 726 1312 1204 1304 1040 1810 1726 3258 1530 482 2560 3996 6265 1672 2516 
2760 525 1405 1854 987 1648 2739 824 2115 1176 2185 3635 2944 2160 722 1953 592 2361 994 510 2663 2389 3795 938 1644 2106 788 355 0 2115 1770 2385 2785 420 1488 968 1010 1560 1311 970 1790 2755 2530 2110 2560 3095 3860 2710 2272 1730 2075 2130 2165 600 2865 2290 1980 3280 1825 2915 2865 3105 3585 1316 1606 1371 2466 1592 1329 3240 1644 2876 3005 1484 1676 1186 1558 1776 1348 1464 1830 1328 2043 2160 914 868 1360 1252 1446 1324 2165 1868 3070 1672 624 2844 2465 3810 1956 2800 
1495 1590 1025 445 342 916 1476 478 1164 1602 1533 1745 1884 1295 1284 1290 1716 1740 774 1915 1270 2505 2828 424 1258 1557 636 1760 2115 0 1329 875 1680 1544 1124 126 664 1030 1551 472 925 1100 700 5 875 1475 2055 1105 1212 905 970 300 60 1625 1540 1120 1430 1450 605 810 1130 1000 2570 1096 1118 108 1368 1106 666 1950 982 1884 1880 963 1234 966 960 513 506 639 815 596 780 1610 568 462 730 590 604 1788 1150 1174 1385 998 1030 1852 1360 1935 272 1668 
2220 1455 1584 1596 1671 642 2634 1108 753 1936 2055 2370 2742 1722 1618 2313 1788 2787 1420 1650 1869 2472 2703 1306 2118 2532 1282 1557 1770 1329 0 1494 2031 1659 850 1008 1294 1916 2520 1358 1500 1983 1389 1326 1854 1938 2553 1986 1521 1872 1605 1149 1359 1500 1950 1641 1827 459 1332 1809 2001 1923 1905 1742 1846 1431 2337 1988 1689 2142 1864 2517 2457 1910 1916 1612 1798 1836 1388 1608 1458 1242 2103 1935 1198 1108 1612 1472 1486 2133 1659 2056 2160 1884 1384 2493 1839 2157 1527 2220 
2360 3832 2080 1968 813 1026 1830 792 1329 1924 3624 2520 2365 1560 1422 1509 1992 1647 424 2712 2130 3336 2605 770 1582 1485 376 3760 2385 875 1494 0 2863 2016 918 472 978 1070 1716 786 2736 2255 280 1392 2800 740 2845 3044 1840 2028 2136 920 1480 2320 855 343 1148 2760 1232 2572 2394 1865 2845 746 1310 627 1053 1198 885 1915 1074 2260 2807 1432 1380 616 1262 1032 852 804 1744 706 1299 1364 882 572 790 682 950 2480 1425 1520 2712 1294 1312 2228 2790 2328 964 1888 
3165 3164 3073 2975 1350 1384 2367 1150 1866 1870 4805 2890 3228 2800 1552 282 2252 1488 1242 3102 3204 4410 2340 1092 1926 2502 1104 3402 2785 1680 2031 2863 0 2080 1592 794 1336 1702 2253 1144 3647 3878 2618 2345 3024 2785 3725 3183 2556 2124 994 2058 2422 2185 2685 3206 3640 3668 2485 2842 2388 2670 2710 1206 1060 1110 2070 1774 510 2557 1650 1784 3975 1788 1130 1434 1208 993 1174 645 1337 1064 1782 3892 1220 518 1398 1258 1272 2592 1290 1518 3204 1512 1258 1752 1869 4410 1608 2100 
1620 272 976 1268 876 1574 2628 750 2004 1102 2168 2760 2796 1580 648 1842 444 2250 1014 260 1928 1664 2888 1148 1836 1995 714 136 420 1544 1659 2016 2080 0 1508 894 936 1486 1200 928 1284 2244 1876 1540 1628 2516 2912 2020 2124 1236 1512 1556 1584 332 2144 1872 1624 2476 1312 2184 2144 2336 2720 1336 1532 1260 2355 1518 1218 2410 1664 2728 2144 1373 1602 1206 1484 1665 1274 1353 1316 1254 1932 1768 840 794 1380 1272 1372 1176 1584 1794 2036 1462 550 2696 1824 2900 1808 2652 
1718 1508 1280 1302 1352 880 1994 1346 740 2474 1608 1536 1632 1386 1896 1780 1470 2016 898 1378 1484 1872 1960 1544 2356 1908 1294 1440 1488 1124 850 918 1592 1508 0 1246 1532 1544 1904 1596 1238 1006 988 1122 1474 1142 1612 1280 1252 1486 1308 1004 1144 1538 1260 820 696 544 1126 1162 1572 1520 1508 1220 2084 1192 1620 1672 1364 1362 1548 1780 1480 1464 2154 1090 2036 1462 1626 1310 1210 1480 1640 768 1436 1346 1264 1156 1724 1960 1344 2294 1678 1768 1922 1764 1464 1500 1256 1718 
720 758 532 304 354 1038 1106 604 898 1724 610 820 1068 644 1406 982 980 1034 896 888 634 1124 978 546 1380 1164 758 826 968 126 1008 472 794 894 1246 0 790 1156 1156 598 496 562 402 124 476 716 944 564 732 488 510 242 146 772 738 570 694 702 364 446 574 522 1150 1218 1240 194 1034 1228 566 902 1104 1064 878 722 1356 1088 1082 464 628 548 448 718 642 766 694 584 852 712 726 1016 582 1296 680 1124 1156 1048 666 896 258 956 
1262 800 958 486 536 1324 1648 402 1184 1766 1152 1032 1250 442 1448 1440 1022 1152 1056 930 752 1208 1096 1088 1624 982 1184 868 1010 664 1294 978 1336 936 1532 790 0 1338 1240 780 294 1104 944 666 872 1156 1486 662 914 670 1052 784 688 830 724 978 854 988 906 780 1056 1064 1692 1234 1722 736 1576 1770 1108 1376 1646 1162 1274 520 1812 1104 1624 1006 1170 1090 990 1260 1184 782 492 1126 1278 1254 1268 1252 1124 1778 1076 1520 1214 1146 1122 1438 800 1498 
1628 1350 1202 852 902 1946 2014 1152 1554 1674 1518 1688 88 1192 1998 1890 1572 1902 1050 1480 1182 758 1846 1454 2054 1712 1428 1418 1560 1030 1916 1070 1702 1486 1544 1156 1338 0 726 1146 1044 1158 1140 1032 1380 1294 1764 1412 1280 1036 1418 1150 1054 1320 1412 972 848 1610 1034 1314 1482 1430 2058 1372 2148 1102 1772 1824 1474 1514 1700 1874 1632 1270 2112 1242 1990 1372 1536 1456 1356 1626 1550 920 1242 1492 1416 1308 1634 1742 1490 2204 1584 1920 1704 1858 1422 1652 1166 1864 
1542 1200 936 1410 1485 1710 2856 1054 2355 948 2112 2526 957 1641 1312 2535 1329 2706 1410 1191 1905 48 2622 1454 2142 2451 850 1098 1311 1551 2520 1716 2253 1200 1904 1156 1240 726 0 1234 1419 2205 1611 1548 2076 2160 2409 1971 2052 1686 1827 1371 1581 1245 2064 1863 1812 2061 1188 2031 2223 2145 2733 1732 1994 1653 2559 2136 1911 2364 2012 2448 2604 1829 1870 1602 1946 2058 1536 1830 1680 1390 2325 1920 1144 1256 1760 1620 1634 1878 1881 2204 2382 2032 1214 2424 1770 2379 1749 2442 
1070 792 882 294 344 1388 1456 594 996 1758 960 1170 1058 634 1440 1332 1014 1344 1210 922 624 1202 1288 896 1496 1154 1108 860 970 472 1358 786 1144 928 1596 598 780 1146 1234 0 486 912 752 474 822 1062 1294 854 722 478 860 592 496 762 916 884 1008 1052 714 796 924 872 1500 1426 1590 544 1384 1578 916 1252 1454 1354 1224 712 1706 1296 1432 814 978 898 798 1068 992 974 684 934 1202 1062 1076 1184 932 1646 1026 1470 1146 1338 1016 1246 608 1306 
2420 2783 3494 1824 363 1030 2031 108 1335 1472 3174 1845 1912 370 1154 1719 1456 1287 762 1908 1438 2742 2005 794 1330 1032 890 2583 1790 925 1500 2736 3647 1284 1238 496 294 1044 1419 486 0 5295 2600 5848 5192 2155 2980 3038 1240 1128 4169 5400 1576 1340 1075 2394 3813 3817 2142 1944 2286 1925 3495 940 1428 663 1923 1476 1221 2705 1352 1736 3540 410 1518 810 1330 1068 876 1194 6741 966 1335 2928 198 832 984 960 974 1916 2075 1484 2346 1226 920 1704 3769 5148 1012 2408 
2585 5896 4278 4124 1002 1352 2130 918 1818 2038 4179 2400 2560 2395 1510 1944 2168 2331 512 2976 2844 4314 3884 860 1694 2217 908 4829 2755 1100 1983 2255 3878 2244 1006 562 1104 1158 2205 912 5295 0 2465 2847 5044 1890 3065 5392 2092 1944 4532 3614 1840 2723 2185 1519 2015 5588 2373 3040 2664 2090 3660 834 1554 762 1851 666 1320 2440 542 2756 2898 1621 1670 704 1396 1167 942 1293 4953 1032 1434 2292 1008 898 878 150 1040 2624 2240 1610 2940 762 1470 2724 4440 4873 1144 2003 
2185 3552 1800 1832 762 956 1725 758 1224 1854 3379 2435 2444 1735 1450 1404 2048 1542 494 2796 1920 3126 2430 700 1512 1380 446 3480 2530 700 1389 280 2618 1876 988 402 944 1140 1611 752 2600 2465 0 1112 2520 915 2740 2872 1772 1926 1856 640 1200 2145 1030 588 1428 2480 987 2400 2184 1690 2670 816 1240 522 948 1268 780 2069 1028 2120 3052 1381 1310 686 1192 927 782 699 1464 636 1194 1644 848 502 860 752 880 2340 1250 1450 2502 1278 1242 2088 2510 2048 824 1748 
1490 3487 2582 2865 345 914 1473 480 1161 1600 2646 1740 1888 1300 1282 1287 1712 1737 772 2292 1530 3000 2827 422 1256 1560 634 3159 2110 5 1326 1392 2345 1540 1122 124 666 1032 1548 474 5848 2847 1112 0 3080 1480 2050 2884 1216 1092 2123 1062 88 1628 1535 1561 4239 3179 840 1288 1350 995 2565 1094 1116 105 1365 1104 663 1945 980 1880 2790 964 1232 964 958 510 504 636 2754 594 777 4152 570 460 728 588 602 1784 1145 1172 1668 1000 1032 1848 2469 3474 268 1664 
2370 5315 3986 4800 867 1266 2001 686 1419 1916 2984 1755 2584 1075 1462 1482 2072 1410 996 2832 2574 4056 2682 774 1608 1899 986 4227 2560 875 1854 2800 3024 1628 1474 476 872 1380 2076 822 5192 5044 2520 3080 0 2350 1605 1260 1912 2136 3269 4024 1496 2435 1550 2793 5353 5159 2072 1312 1812 1875 2960 1318 1270 633 1494 1442 954 2135 1318 1420 1679 1107 1360 1188 1308 1038 856 1089 4438 946 1305 5266 766 350 1080 926 954 1772 870 1326 612 648 1358 1388 3048 5058 972 2032 
2970 3065 2040 1920 1227 1322 2274 970 1773 2192 2956 3215 2839 2300 1646 1953 2440 2091 648 2820 2515 3520 3345 1014 1848 1929 672 2975 3095 1475 1938 740 2785 2516 1142 716 1156 1294 2160 1062 2155 1890 915 1480 2350 0 3045 2575 2392 2380 2075 1315 1535 3060 1595 985 1115 2465 1620 2280 2605 2475 3585 826 1606 993 1497 1422 1329 2420 1224 2512 2715 1703 1538 696 1550 1398 1096 1248 1830 1002 1665 935 1060 868 870 906 1194 2968 2165 1764 2860 1518 1608 2480 2465 1770 1452 2480 
3540 3635 2455 2500 1575 1732 2703 1300 2382 2420 3369 3360 3520 2680 1982 2445 3112 2373 1118 3660 3325 3935 4237 1242 2076 2790 1208 3505 3860 2055 2553 2845 3725 2912 1612 944 1486 1764 2409 1294 2980 3065 2740 2050 1605 3045 0 2130 2856 2960 3015 2340 2105 3678 3155 2600 2290 3490 2035 2425 3115 3045 3590 1296 1912 1335 2457 1892 1893 3406 1768 2704 1590 2070 1892 1166 1778 1740 1324 1863 2810 1412 2007 2110 1390 992 1340 1376 1422 2240 2475 808 1095 1290 1852 2672 3005 3980 1908 2500 
2165 4840 3848 3480 915 1354 2109 476 1734 1840 3475 1230 2648 550 1522 1167 2192 1629 786 3012 2542 3846 2869 862 1696 1584 962 4250 2710 1105 1986 3044 3183 2020 1280 564 662 1412 1971 854 3038 5392 2872 2884 1260 2575 2130 0 1976 1992 3823 3592 1672 2260 1025 2478 3772 5665 2380 472 1182 2095 3485 1108 1060 765 1809 1544 840 2538 1420 1000 2414 792 1150 978 1398 1023 944 975 4174 1034 1437 4136 556 560 1124 1028 1042 2192 1395 1116 1242 858 1288 968 2300 4866 1060 2452 
2408 1852 2032 856 717 1044 2385 728 1356 1892 2188 2608 2384 1536 1574 2199 2296 2217 1344 2112 1516 2672 2844 1030 1630 1932 1242 1988 2272 1212 1521 1840 2556 2124 1252 732 914 1280 2052 722 1240 2092 1772 1216 1912 2392 2856 1976 0 1224 1988 1452 1260 1792 2100 2036 2284 1416 1696 1860 2116 2012 3268 1560 1724 1017 2277 1712 1575 2772 1302 2668 2716 1340 1616 1430 1566 1422 1112 1548 1864 1202 1689 2216 818 1068 1336 1196 1210 2636 2132 1780 2320 1604 1280 2636 2300 1572 1484 2880 
2400 1854 2316 552 351 1278 2019 484 1329 1584 2820 2650 1896 1070 1130 1344 1408 1851 1100 1836 1542 3276 2945 786 1386 1566 998 1650 1730 905 1872 2028 2124 1236 1486 488 670 1036 1686 478 1128 1944 1926 1092 2136 2380 2960 1992 1224 0 2250 1446 1158 1620 1775 2322 2694 2826 1812 2058 2442 1905 3475 1316 1480 651 1911 1314 1209 2855 1190 2296 3342 974 1596 1186 1322 1056 868 1182 2064 958 1323 2592 574 824 1092 798 966 2140 2055 1536 2748 1360 1032 2264 2718 3408 996 2392 
2455 4010 3484 3113 924 1100 1941 866 1440 1586 3811 2180 2660 2090 1268 708 1684 1914 958 2250 2352 3558 3050 808 1642 2076 820 3259 2075 970 1605 2136 994 1512 1308 510 1052 1418 1827 860 4169 4532 1856 2123 3269 2075 3015 3823 1988 2250 0 1672 1632 1475 1975 2212 4574 4202 1491 2202 1536 1960 2000 922 776 684 1644 1490 84 1847 1366 1216 2981 1362 846 1150 924 567 890 219 539 780 1356 4970 936 234 1114 974 988 2024 580 1234 2352 1228 974 1184 1689 4438 1040 1532 
1785 4040 1992 3672 522 796 1485 598 984 1694 2819 2035 2124 1595 1290 1164 1728 1782 654 2316 1440 2646 2830 540 1352 1620 516 3238 2130 300 1149 920 2058 1556 1004 242 784 1150 1371 592 5400 3614 640 1062 4024 1315 2340 3592 1452 1446 1672 0 560 1745 1335 1148 4180 2530 427 1760 1704 1290 2270 976 1080 282 1188 1222 540 1705 1098 1824 3085 1141 1150 846 1032 687 622 459 1751 476 954 4034 688 342 846 706 720 2020 850 1290 2022 1118 1082 1792 2145 3133 504 1428 
1545 2624 1720 808 378 936 1482 502 1194 1622 2723 1685 1932 1355 1304 1320 1756 1770 794 2358 1596 3066 2882 444 1278 1593 656 2896 2165 60 1359 1480 2422 1584 1144 146 688 1054 1581 496 1576 1840 1200 88 1496 1535 2105 1672 1260 1158 1632 560 0 1683 1480 1638 2455 2400 917 1200 1416 1050 2620 1116 1138 138 1398 1126 696 2000 1002 1836 2867 975 1230 986 980 477 526 669 1384 616 810 2716 592 482 706 610 624 1828 1200 1194 1734 1022 1054 1804 2196 3176 224 1708 
2574 75 1295 1300 627 1494 2445 644 1755 996 2785 3185 2464 1710 678 1593 504 2091 1044 400 2093 2279 3345 1070 1670 1836 744 245 600 1625 1500 2320 2185 332 1538 772 830 1320 1245 762 1340 2723 2145 1628 2435 3060 3678 2260 1792 1620 1475 1745 1683 0 2415 2415 2105 2895 1715 2433 2265 2623 2985 1366 1366 1077 2235 1352 969 2832 1628 2396 2424 1214 1436 1236 1318 1452 1152 1104 1230 1174 1749 2285 734 628 1376 1236 1250 844 1565 1628 2797 1622 384 2364 1865 3425 1564 2320 
3025 2340 1995 1555 1008 1330 2286 538 1785 1902 2901 1665 2772 705 1584 1782 2316 1890 766 2665 2252 3360 3080 1036 1760 1677 718 2510 2865 1540 1950 855 2685 2144 1260 738 724 1412 2064 916 1075 2185 1030 1535 1550 1595 3155 1025 2100 1775 1975 1335 1480 2415 0 1100 1410 2485 1640 730 2010 2530 3605 1088 1470 1026 1566 1540 1101 2770 1416 1820 2555 1007 1324 958 1566 1284 1118 1236 1850 1010 1698 1590 628 876 1132 1024 1216 2776 2185 1526 2060 1268 1350 1788 1585 2310 1408 2496 
2605 3276 2163 2065 960 1124 1977 792 1476 1902 3967 2410 2267 1805 1324 1656 1796 1794 326 2418 2424 3630 2850 868 1680 1632 474 3038 2290 1120 1641 343 3206 1872 820 570 978 972 1863 884 2394 1519 588 1561 2793 985 2600 2478 2036 2322 2212 1148 1638 2415 1100 0 434 2758 1575 2065 2688 2110 3090 648 1408 774 1200 1100 1032 1670 976 2416 2464 1410 1478 518 1360 1179 950 951 1869 804 1446 686 882 670 692 584 1048 2376 1670 1618 2706 1196 1350 2384 2773 2380 1160 2084 
2915 4878 2920 4755 1146 1248 2163 668 1662 1778 4164 2100 2143 1770 1200 1842 1548 1980 202 2046 2796 3528 3160 992 1804 1818 598 3538 1980 1430 1827 1148 3640 1624 696 694 854 848 1812 1008 3813 2015 1428 4239 5353 1115 2290 3772 2284 2694 4574 4180 2455 2105 1410 434 0 5192 2009 1864 2934 2420 3400 524 1532 960 1386 976 1218 1665 852 2168 2744 1224 1498 394 1484 1365 1074 1137 5489 928 1632 432 758 794 568 460 1172 2528 1980 1700 2946 1072 1226 2136 3688 3968 1408 2332 
2935 6552 3878 4169 1212 336 2175 802 294 2154 4429 3185 3044 2105 1750 1854 2648 2328 1114 3696 2820 4026 3740 1000 1812 2073 976 5308 3280 1450 459 2760 3668 2476 544 702 988 1610 2061 1052 3817 5588 2480 3179 5159 2465 3490 5665 1416 2826 4202 2530 2400 2895 2485 2758 5192 0 2037 3600 3084 2440 2410 1436 1540 972 1878 1682 1230 2855 1558 2744 4695 1451 1610 1306 1492 1377 1082 1149 3663 936 1644 5523 892 802 1306 1166 1180 2940 2000 1750 3402 1578 1542 2712 4215 5203 1424 2348 
2090 2296 588 1470 705 918 1668 720 1167 1622 2880 2340 1892 1710 1168 1347 1484 1965 776 1950 1806 2280 3135 662 1474 1803 394 2058 1825 605 1332 1232 2485 1312 1126 364 906 1034 1188 714 2142 2373 987 840 2072 1620 2035 2380 1696 1812 1491 427 917 1715 1640 1575 2009 2037 0 1967 2070 1595 2575 1098 1202 465 1371 1344 723 2010 1220 1680 3512 1324 1078 968 1154 870 744 642 1148 598 1137 2261 810 464 968 828 842 2216 1155 1412 2388 1240 1070 1648 1358 2779 748 1672 
2295 3824 2920 2008 828 1236 1932 594 1644 1922 3416 935 2532 845 1604 1344 2356 1452 668 3258 2496 3966 2692 744 1578 1761 956 4096 2915 810 1809 2572 2842 2184 1162 446 780 1314 2031 796 1944 3040 2400 1288 1312 2280 2425 472 1860 2058 2202 1760 1200 2433 730 2065 1864 3600 1967 0 1536 1800 3245 990 1178 588 1848 1426 663 2597 1302 1236 2815 615 1032 860 1280 846 826 798 2434 916 1260 2152 438 678 1006 910 924 2428 1690 1234 1596 976 1354 1204 1368 4376 824 2308 
2615 2808 2574 1890 1020 1364 2148 870 1836 1902 3348 2215 2788 1535 1584 1476 2316 2220 1180 3198 2880 4350 3848 872 1706 2175 1084 3012 2865 1130 2001 2394 2388 2144 1572 574 1056 1482 2223 924 2286 2664 2184 1350 1812 2605 3115 1182 2116 2442 1536 1704 1416 2265 2010 2688 2934 3084 2070 1536 0 2120 2790 1434 666 780 2040 1554 852 2533 1430 1788 3018 1383 1358 1372 1240 1185 954 987 1242 1044 1452 3150 950 550 1178 1038 1052 2656 1370 722 2424 1252 1290 1756 2004 3666 1168 2164 
2485 2580 2015 1445 942 1312 2070 878 1758 1998 2525 2735 2684 2295 1680 1884 2508 2334 1170 2905 2270 3495 3822 820 1654 2157 1032 2750 3105 1000 1923 1865 2670 2336 1520 522 1064 1430 2145 872 1925 2090 1690 995 1875 2475 3045 2095 2012 1905 1960 1290 1050 2623 2530 2110 2420 2440 1595 1800 2120 0 3560 1492 1514 702 1962 1502 1260 2940 1378 2676 2880 1561 1630 1362 1356 1107 106 1233 1805 992 1374 2600 968 858 1126 986 1000 2580 2140 1570 2385 1398 1430 2644 2350 2925 1064 2460 
4055 3060 2995 3015 1884 1300 2847 1506 1740 2190 4015 4180 3940 3865 1872 1908 2892 3114 1562 3385 3470 4475 5050 1448 2260 2982 1424 3230 3585 2570 1905 2845 2710 2720 1508 1150 1692 2058 2733 1500 3495 3660 2670 2565 2960 3585 3590 3485 3268 3475 2000 2270 2620 2985 3605 3090 3400 2410 2575 3245 2790 3560 0 1722 1576 1575 2550 2130 1284 3357 2006 2303 2000 2478 1646 994 1528 1767 1530 1419 1755 1384 903 3406 1596 838 1754 1614 1628 2568 2090 1838 2495 1832 1578 2319 2390 3950 2320 2740 
1690 1336 1108 1132 1182 1772 1966 1048 1632 2302 1580 1364 1460 1088 1724 1394 1298 1798 726 1206 1398 1700 1742 1516 2270 1628 1122 1268 1316 1096 1742 746 1206 1336 1220 1218 1234 1372 1732 1426 940 834 816 1094 1318 826 1296 1108 1560 1316 922 976 1116 1366 1088 648 524 1436 1098 990 1434 1492 1722 0 1698 1164 1448 1500 978 1046 1376 1530 1164 1166 1768 774 1846 1300 1598 1068 1020 1452 1612 452 1138 1156 948 984 1696 1648 1154 2104 1362 1596 1750 1514 1078 1328 1228 1688 
1712 1396 1370 1296 1346 1876 2070 1536 1736 2362 1602 1552 2060 1280 2044 1248 1618 2052 1734 1526 1560 1962 1996 1538 2372 2116 1596 1464 1606 1118 1846 1310 1060 1532 2084 1240 1722 2148 1994 1590 1428 1554 1240 1116 1270 1606 1912 1060 1724 1480 776 1080 1138 1366 1470 1408 1532 1540 1202 1178 666 1514 1576 1698 0 1186 1872 2220 832 1330 2096 1384 1606 1588 1622 1926 1700 1154 1620 922 874 1556 1634 1604 1616 1010 1844 1704 1718 1788 1008 1388 1474 1918 1750 1368 932 1752 1250 1542 
999 1056 717 375 450 984 1578 550 1266 1670 834 1149 1521 885 1352 1392 1389 1842 842 1251 870 1605 1758 492 1326 1665 704 1158 1371 108 1431 627 1110 1260 1192 194 736 1102 1653 544 663 762 522 105 633 993 1335 765 1017 651 684 282 138 1077 1026 774 960 972 465 588 780 702 1575 1164 1186 0 1470 1174 768 1272 1050 1368 1236 1069 1302 1034 1028 615 574 741 591 664 672 1068 640 530 798 658 672 1443 792 1242 939 1070 1102 1392 918 1263 306 1353 
2259 2280 1623 1635 1710 1588 2673 1390 2172 2486 2094 2409 2781 1989 2082 2352 2484 2490 1126 2346 1908 2511 2406 1332 2144 2328 1078 2253 2466 1368 2337 1053 2070 2355 1620 1034 1576 1772 2559 1384 1923 1851 948 1365 1494 1497 2457 1809 2277 1911 1644 1188 1398 2235 1566 1200 1386 1878 1371 1848 2040 1962 2550 1448 1872 1470 0 1900 1728 2181 1660 1107 2097 2329 1880 1318 1824 1875 1414 1647 1497 1268 1803 1494 1480 1134 1492 1384 1512 2703 1698 2082 1800 1644 1608 1131 1785 1716 1566 2259 
1700 1382 1512 1284 1334 2018 2086 1584 1878 2348 1590 1626 1912 1624 2030 1962 1604 2220 1178 1512 1614 2104 2206 1526 2360 2144 1574 1450 1592 1106 1988 1198 1774 1518 1672 1228 1770 1824 2136 1578 1476 666 1268 1104 1442 1422 1892 1544 1712 1314 1490 1222 1126 1352 1540 1100 976 1682 1344 1426 1554 1502 2130 1500 2220 1174 1900 0 1546 1642 1208 2044 1414 1702 2336 1370 2062 1444 1608 1528 1428 1698 1622 1048 1674 1564 1544 816 1706 930 1562 2276 1612 1428 1736 2028 1646 1724 1238 1578 
1557 1014 975 933 1008 1156 2025 922 1524 1642 1392 1224 2079 1170 1324 792 1347 1998 1014 1209 1260 1863 1914 864 1698 2160 876 1116 1329 666 1689 885 510 1218 1364 566 1108 1474 1911 916 1221 1320 780 663 954 1329 1893 840 1575 1209 84 540 696 969 1101 1032 1218 1230 723 663 852 1260 1284 978 832 768 1728 1546 0 915 1422 828 1329 1278 790 1206 980 483 946 135 231 836 1440 1326 880 290 1170 1030 1044 1602 432 1290 1260 1284 1030 804 150 1548 864 1233 
3435 2879 2430 2395 1512 1458 2478 1190 1977 1944 3299 3532 3264 2880 1626 1539 2520 2415 868 3010 2905 3910 4307 1200 2014 2613 1142 2979 3240 1950 2142 1915 2557 2410 1362 902 1376 1514 2364 1252 2705 2440 2069 1945 2135 2420 3406 2538 2772 2855 1847 1705 2000 2832 2770 1670 1665 2855 2010 2597 2533 2940 3357 1046 1330 1272 2181 1642 915 0 1518 2555 2686 2012 1400 916 1282 1398 1282 1050 1602 1138 1944 1485 1280 320 1090 1126 1380 2890 1535 1592 2645 1318 1332 2523 2237 3349 1824 2399 
1576 1614 1388 1160 1210 1894 1962 1460 1754 2580 1466 1502 1788 1500 2052 1838 1626 2056 1054 1534 1490 1980 2000 1402 2236 1948 1450 1596 1644 982 1864 1074 1650 1664 1548 1104 1646 1700 2012 1454 1352 542 1028 980 1318 1224 1768 1420 1302 1190 1366 1098 1002 1628 1416 976 852 1558 1220 1302 1430 1378 2006 1376 2096 1050 1660 1208 1422 1518 0 1064 1370 1578 1346 1246 1938 1320 1484 1404 1304 1574 1498 924 1550 1440 1420 692 1190 1854 1438 2152 1522 1304 1934 1048 1484 516 1114 1454 
2732 2456 2016 2120 1665 1708 2853 976 2352 2194 2852 1984 3572 1440 1876 1620 2900 2379 1286 2716 2652 3200 3284 1362 2196 2334 1234 2592 2876 1884 2517 2260 1784 2728 1780 1064 1162 1874 2448 1354 1736 2756 2120 1880 1420 2512 2704 1000 2668 2296 1216 1824 1836 2396 1820 2416 2168 2744 1680 1236 1788 2676 2303 1530 1384 1368 1107 2044 828 2555 1064 0 2224 1542 1142 1478 1532 1011 1444 963 1412 1388 696 2312 1056 842 1624 1528 1222 3192 1680 1616 1828 1358 870 32 904 1096 2060 2748 
3375 3753 4100 3408 1470 1668 2604 1088 2022 1902 4542 2760 3388 2080 1584 1953 2316 2013 986 3478 3780 5262 3687 1176 2010 2502 1178 3934 3005 1880 2457 2807 3975 2144 1480 878 1274 1632 2604 1224 3540 2898 3052 2790 1679 2715 1590 2414 2716 3342 2981 3085 2867 2424 2555 2464 2744 4695 3512 2815 3018 2880 2000 1164 1606 1236 2097 1414 1329 2686 1370 2224 0 1710 1676 1034 1558 1641 1258 1464 2638 1348 1908 2492 1168 600 1208 978 1356 968 1495 1444 594 1050 1290 2192 3494 4844 1776 2020 
1858 1169 1406 698 773 1256 2429 334 1745 1698 1693 1176 1844 632 1380 1959 1502 1697 988 1364 1097 1781 1613 1020 1556 1442 1116 1271 1484 963 1910 1432 1788 1373 1464 722 520 1270 1829 712 410 1621 1381 964 1107 1703 2070 792 1340 974 1362 1141 975 1214 1007 1410 1224 1451 1324 615 1383 1561 2478 1166 1588 1069 2329 1702 1278 2012 1578 1542 1710 0 1442 1036 1556 1425 1102 1413 1425 1192 1741 1142 28 1058 1210 1186 1200 1847 1599 1644 1413 1386 1146 1518 1128 2122 1143 2212 
1828 1466 1246 1412 1462 1946 2140 1626 1806 2432 1718 1406 2024 1370 2114 1318 1688 2000 1700 1596 1630 1838 2056 1654 2488 2206 1472 1534 1676 1234 1916 1380 1130 1602 2154 1356 1812 2112 1870 1706 1518 1670 1310 1232 1360 1538 1892 1150 1616 1596 846 1150 1230 1436 1324 1478 1498 1610 1078 1032 1358 1630 1646 1768 1622 1302 1880 2336 790 1400 1346 1142 1676 1442 0 1892 1770 912 1736 880 944 1626 1606 1570 1470 1080 1936 1820 1504 1858 1078 2080 1564 2008 1820 1126 690 830 1342 1612 
1560 1206 978 1002 1052 1642 1836 918 1502 2172 1450 1234 1330 958 1594 1622 1168 1668 596 1076 1268 1570 1612 1386 2140 1498 992 1138 1186 966 1612 616 1434 1206 1090 1088 1104 1242 1602 1296 810 704 686 964 1188 696 1166 978 1430 1186 1150 846 986 1236 958 518 394 1306 968 860 1372 1362 994 774 1926 1034 1318 1370 1206 916 1246 1478 1034 1036 1892 0 1878 1304 1468 1152 1052 1322 1482 322 1008 1188 818 854 1566 1518 1186 1974 1232 1466 1620 1462 1202 1198 1098 1560 
1554 1348 1322 1138 1188 1828 1940 1438 1688 2314 1444 1654 1902 1478 1996 1396 1570 2116 1686 1478 1468 1914 2060 1380 2214 1998 1548 1416 1558 960 1798 1262 1208 1484 2036 1082 1624 1990 1946 1432 1330 1396 1192 958 1308 1550 1778 1398 1566 1322 924 1032 980 1318 1566 1360 1484 1492 1154 1280 1240 1356 1528 1846 1700 1028 1824 2062 980 1282 1938 1532 1558 1556 1770 1878 0 1298 1462 1070 826 1508 1476 1556 1528 962 1686 1546 1560 1740 960 1962 1512 1956 1702 1516 1080 1704 1092 1494 
1404 1461 1122 780 855 1254 1959 820 1671 1940 1239 1407 1926 1290 1622 1275 1794 2247 1112 1656 1275 2010 2163 762 1596 2070 974 1563 1776 513 1836 1032 993 1665 1462 464 1006 1372 2058 814 1068 1167 927 510 1038 1398 1740 1023 1422 1056 567 687 477 1452 1284 1179 1365 1377 870 846 1185 1107 1767 1300 1154 615 1875 1444 483 1398 1320 1011 1641 1425 912 1304 1298 0 844 618 714 934 1287 1473 910 612 1024 928 942 1848 915 1512 1344 1340 1352 987 333 1668 645 1716 
1100 1138 912 684 734 1418 1486 984 1278 2104 990 1200 1448 1024 1786 1362 1360 1662 1276 1268 1014 1504 1606 926 1760 1544 1138 1206 1348 506 1388 852 1174 1274 1626 628 1170 1536 1536 978 876 942 782 504 856 1096 1324 944 1112 868 890 622 526 1152 1118 950 1074 1082 744 826 954 106 1530 1598 1620 574 1414 1608 946 1282 1484 1444 1258 1102 1736 1468 1462 844 0 928 828 1098 1022 1146 1074 964 1232 1092 1106 1396 962 1676 1060 1504 1536 1428 1046 1276 638 1336 
1530 1149 894 906 981 1102 1944 904 1443 1732 1365 1359 2052 1305 1414 927 1482 2133 960 1344 1179 1782 2049 846 1658 2079 822 1251 1464 639 1608 804 645 1353 1310 548 1090 1456 1830 898 1194 1293 699 636 1089 1248 1863 975 1548 1182 219 459 669 1104 1236 951 1137 1149 642 798 987 1233 1419 1068 922 741 1647 1528 135 1050 1404 963 1464 1413 880 1152 1070 618 928 0 366 782 1413 1245 970 380 1152 1012 1026 1737 567 1380 1395 1374 1120 939 285 1467 837 1368 
2300 3525 2994 5109 831 1002 1794 804 1293 1488 3540 2425 2536 2110 1170 855 1488 2061 860 1956 2058 3264 3295 746 1558 1929 722 2818 1830 815 1458 1744 1337 1316 1210 448 990 1356 1680 798 6741 4953 1464 2754 4438 1830 2810 4174 1864 2064 539 1751 1384 1230 1850 1869 5489 3663 1148 2434 1242 1805 1755 1020 874 591 1497 1428 231 1602 1304 1412 2638 1425 944 1052 826 714 828 366 0 682 1263 5216 894 136 1052 912 926 1828 335 1136 2058 1130 876 1380 1836 3997 916 1336 
1190 1204 766 774 824 1272 1466 1074 1132 2170 1080 1290 1538 1114 1766 1252 1340 1664 1130 1248 956 1358 1608 1016 1828 1556 992 1186 1328 596 1242 706 1064 1254 1480 718 1260 1626 1390 1068 966 1032 636 594 946 1002 1412 1034 1202 958 780 476 616 1174 1010 804 928 936 598 916 1044 992 1384 1452 1556 664 1268 1698 836 1138 1574 1388 1348 1192 1626 1322 1508 934 1098 782 682 0 1112 1000 1164 818 1322 1182 1196 1486 816 1766 1150 1594 1558 1372 936 1148 728 1190 
1671 1728 1389 1047 1122 1432 2250 998 1938 2118 1506 1821 2193 1557 1800 2064 2061 2514 1290 1923 1542 2277 2430 940 1774 2337 1152 1830 2043 780 2103 1299 1782 1932 1640 642 1184 1550 2325 992 1335 1434 1194 777 1305 1665 2007 1437 1689 1323 1356 954 810 1749 1698 1446 1632 1644 1137 1260 1452 1374 903 1612 1634 672 1803 1622 1440 1944 1498 696 1908 1741 1606 1482 1476 1287 1022 1413 1263 1112 0 1740 1088 978 1246 1106 1120 2115 1464 1690 1611 1518 1334 720 1374 1518 978 2025 
