0 2460 3356 1552 1239 1514 2367 2152 1478 1912 2479 2584 2516 1674 1842 1374 2124 1754 1546 2796 2212 1992 3396 1018 1852 2454 1850 1298 3947 1196 1950 2948 2372 1215 2124 1080 1893 2340 1028 1070 1936 2068 2808 1192 1928 2376 2832 2072 2408 1920 1964 2368 1236 2488 2420 2936 2688 3288 2612 1836 2092 1988 3104 1810 1712 999 2036 2550 1557 2748 1576 2828 3420 2455 1828 2130 2331 936 1100 1128 1956 2346 1900 2716 1166 1114 1986 1184 1198 2976 2224 1768 3692 1578 1628 2145 2276 2736 1460 3292 
2460 0 2800 3439 672 1524 2424 2763 1200 966 3114 3110 2016 981 1420 1092 1215 1364 1268 2227 3198 3522 3270 1056 1700 1791 1626 68 3128 1590 970 2576 3616 2124 1431 1137 1200 2760 1438 792 2783 5753 4855 3487 2685 3065 4362 1792 1852 1722 3500 2548 2624 75 2028 2975 5863 6552 2975 4331 2808 2580 3060 1446 1396 1056 1966 2022 1014 2173 1588 2484 3753 1535 1466 1974 1830 974 1138 766 3612 1698 4692 5467 704 658 2043 1196 1236 904 4295 1658 2268 1635 414 1818 4122 6327 1920 2380 
3356 2800 0 1804 1428 1214 3096 2404 1074 2366 3271 2848 2236 1863 1784 1234 2037 1700 786 2532 2464 3587 3390 1504 2104 2388 226 1468 2752 2160 1184 1306 2092 2670 1920 1809 2082 2060 1756 1196 2188 1788 1446 2164 3044 2060 3000 2336 2660 2172 2660 2676 2208 2740 2561 1404 1168 1756 2920 2100 2476 2960 3684 1108 1904 1728 1304 2340 2079 2500 1436 3548 2736 2710 2012 1467 3060 1422 1586 1476 2856 2721 2872 1312 1292 1564 1728 1044 1684 3584 3124 1960 3132 2307 1754 2574 2679 2470 2432 3735 
1552 3439 1804 0 75 1098 1743 1350 702 1464 1935 2190 1528 510 1242 958 1668 1050 954 2523 1155 2270 2485 602 1202 1290 1128 566 2500 445 1192 1948 3120 2151 960 456 729 2262 940 294 1728 4863 3458 2775 1550 1920 3000 1240 856 552 2830 2688 808 1300 1330 2190 4136 4873 3115 2417 1890 1445 2840 1132 1296 375 1620 1926 933 1916 1160 1996 4529 907 1412 1503 1707 520 684 712 5767 1722 2649 3740 390 698 1362 768 782 1780 3828 1352 2860 954 852 1521 3279 4284 785 2460 
1239 672 1428 75 0 1148 1818 525 752 1414 1074 1389 1221 585 1292 1008 1743 1100 1004 1881 570 1437 1566 652 1252 1365 1178 516 1950 342 1242 1536 1230 2226 1035 531 804 1206 990 344 363 1002 1557 345 1005 1227 1575 1005 717 351 924 1227 378 627 1008 1389 1203 1404 1410 828 1020 942 1779 1182 1346 450 1670 2001 1008 1512 1210 1572 1986 702 1462 1578 1782 570 734 762 918 1797 876 1095 440 748 1437 818 832 1260 1119 1402 2220 1029 802 1596 1158 1503 546 1920 
1514 1524 1214 1098 1148 0 1786 1138 532 2490 1404 1614 1488 1178 2188 1572 1850 1888 1458 1938 1276 1944 1832 1340 2148 1718 1440 1592 2048 920 642 1230 1384 2172 880 1042 1324 1400 1976 1392 1030 1356 1300 918 1358 1510 1732 1358 1044 1282 1100 796 940 1494 1460 1132 1256 336 918 1240 1368 1316 1300 1780 1876 988 1932 1828 1156 1458 1898 1708 1734 1256 1946 1650 1700 1258 1422 1246 1002 1272 1272 1328 1228 1138 1646 1506 1520 1810 1136 2090 1870 1374 1878 1692 1256 1690 1052 1510 
2367 2424 3096 1743 1818 1786 0 2193 1646 2582 2202 2493 2466 2253 2382 1760 2871 2140 1932 3009 2205 3105 3126 1404 2238 3033 2236 1684 3513 1476 1756 2790 2358 3354 2703 1659 2472 2334 2102 1456 2031 2130 2685 1473 2133 2361 2703 2109 2385 2019 1941 1485 1482 2445 2370 2781 2595 2175 1668 1932 2148 2070 2847 2196 2070 1578 2422 3033 2025 2478 1962 2676 2892 2370 2140 2685 2841 1306 1486 1440 1794 2199 1980 2616 1552 1332 2541 1570 1584 2811 1995 2154 3096 2133 2014 2700 2175 2631 1650 2556 
2152 2763 2404 1350 525 1138 2193 0 998 1580 2529 2115 1312 384 1542 772 2118 966 870 2700 2205 2555 2275 902 1502 1194 1266 682 1900 1195 1108 1780 2619 2601 510 735 603 1704 1054 594 486 1944 3841 2160 2300 2425 3900 1726 1456 1452 3897 3696 2008 1610 1325 1980 3006 3609 3402 3360 2790 2195 3590 1048 1596 825 1592 1647 1383 2152 974 2596 4410 739 1712 1377 1920 820 984 1012 3825 1788 3999 2682 306 718 1638 582 1082 2132 3222 1652 2916 1404 1028 1971 4629 5634 1535 2775 
1478 1200 1074 702 752 532 1646 998 0 2166 1368 1578 1348 1038 1944 1432 1814 1748 1318 1798 1032 1610 1692 1304 1904 1562 1300 1268 1908 880 502 1090 1244 2136 740 1006 1184 1260 1642 996 890 1320 1160 882 1322 1470 1592 1322 904 886 960 656 904 1170 1320 992 1116 196 778 1204 1276 1280 1160 1640 1736 952 1792 1688 1016 1318 1862 1568 1594 1116 1806 1510 1560 1222 1386 1106 862 1132 1236 1188 1088 998 1610 1470 1484 1592 996 1998 1730 1338 1554 1552 1116 1654 1016 1370 
1912 966 2366 1464 1414 2490 2582 1580 2166 0 2086 2210 1586 1620 2386 1878 1776 2330 2234 1868 1794 916 2274 2022 2666 2160 2592 1034 2530 1602 1936 2254 1690 2382 1920 1724 1766 1674 948 1758 1472 1810 2324 1600 2040 2192 2420 1862 1892 1486 1586 1694 1622 996 1902 2156 2032 2154 1816 1922 1902 1998 2190 2412 2362 1670 2932 2314 1642 1944 2352 2194 1902 1698 2432 2282 2186 1940 2104 1732 1488 2098 1954 1960 1670 1624 2328 1960 2202 1418 1622 2624 2100 2056 1380 2178 1742 2372 1734 2156 
2479 3114 3271 1935 1074 1404 2202 2529 1368 2086 0 3483 2572 1509 1908 1264 2127 1644 1436 3372 2760 4205 4156 64 770 2289 1740 1188 1748 1846 1840 2923 3278 2610 1959 915 1728 3238 1606 960 2259 2898 3765 1845 2945 3321 3895 2167 2323 2395 2810 3315 1900 3113 2351 3693 3383 3967 3620 2650 2970 2840 4235 1700 1602 834 1926 2385 1392 2843 1466 2923 4572 2292 1718 1965 2166 826 990 1018 2800 2181 2730 3332 1056 1004 1821 1074 1088 2980 3083 1658 3787 1413 1518 1980 3200 3775 2180 3387 
2584 3110 2848 2190 1389 1614 2493 2115 1578 2210 3483 0 2368 1329 2040 1300 2421 594 914 3044 3015 4130 2515 1118 1952 2139 1438 1312 3264 1745 1738 2124 2780 2925 1779 1230 1548 2740 1684 1170 1845 2400 2947 1740 2840 3215 3790 984 2608 2650 2180 2940 1685 3185 1332 2410 2100 3580 2760 935 1405 2735 4020 1364 1228 1149 1764 2439 1224 2876 1502 2487 4060 1568 1406 1851 2481 938 1200 906 2425 2370 2515 2280 812 1106 2070 1110 1298 3176 2760 1284 3644 1662 1658 1728 1790 3670 1965 3276 
2516 2016 2236 1528 1221 1488 2466 1312 1348 1586 2572 2368 0 1368 1734 292 1962 1096 736 2432 1828 1841 2080 1084 1786 2178 1132 1076 2652 1328 1458 1512 208 2595 1494 1179 1587 176 638 1058 1528 448 1652 1324 2000 1960 2900 1940 2384 1624 776 1384 1368 1956 2356 1316 1068 2304 1628 1772 1800 2120 2376 1058 1164 1098 1458 1335 666 2013 766 2234 2104 2051 1234 1392 1776 766 1166 534 972 1644 2032 1212 962 622 1653 374 1264 2800 1240 1622 2500 1479 1362 1470 1088 2564 1592 2281 
1674 981 1863 510 585 1178 2253 384 1038 1620 1509 1329 1368 0 1582 1028 2178 1006 910 2085 1005 1593 1425 942 1542 1254 1306 722 1809 777 1148 1395 1260 2661 894 966 663 1236 1094 634 222 1032 1500 780 1440 1515 2010 1038 1152 642 1359 1644 813 1026 423 1248 1062 1263 1650 861 1143 1377 2214 1088 1428 885 1632 2031 1443 1617 1230 2007 2022 561 1606 1437 1980 860 1024 1052 1335 1848 1311 954 346 758 1698 838 1122 1659 1134 1484 2319 1464 1068 2028 1374 1938 981 2337 
1842 1420 1784 1242 1292 2188 2382 1542 1944 2386 1908 2040 1734 1582 0 1850 610 2292 1402 518 912 2150 2236 1844 1784 2102 1798 1488 1992 1420 2158 1422 1662 1032 1882 1546 1728 1646 2182 1536 1434 1510 1492 1422 1846 1646 2116 1784 1670 1426 1696 1392 1444 1450 1864 1324 1200 1852 1514 1666 1854 1820 2300 1724 2472 1492 2124 2176 1752 1866 2052 2240 1984 1660 2542 1594 2296 1762 1926 1842 1598 1868 1776 1272 1632 1734 1768 1660 2024 1872 1732 2576 2182 1878 1834 2256 1852 2004 1556 2106 
1374 1092 1234 958 1008 1572 1760 772 1432 1878 1264 1300 292 1028 1850 0 1424 1180 852 1332 1030 962 1124 1200 1902 1568 1248 1160 1442 780 1542 872 188 1846 1112 902 1174 204 930 1252 880 340 942 778 1116 1096 1566 1054 1386 896 472 776 800 1062 1262 774 650 1236 898 970 984 1176 1272 1174 1248 848 1574 1006 528 1026 882 1080 1168 1106 1318 1044 1268 850 1282 618 570 1180 1132 722 1078 706 1218 490 1380 1484 704 1706 1366 1102 1446 1064 628 1398 912 1238 
2124 1215 2037 1668 1743 1850 2871 2118 1814 1776 2127 2421 1962 2178 610 1424 0 2090 976 138 2163 2967 3051 1354 2188 2958 1372 878 2349 1401 1780 1494 1854 909 2205 1584 2397 1830 1946 1406 1956 1626 1599 1398 2058 1830 2535 2037 2310 1944 1977 2280 1431 1260 2298 1347 1161 2541 2463 1860 2073 1995 2832 1298 2048 1503 1698 2625 2061 2160 1626 2625 2337 2295 2164 1752 2835 1272 1436 1464 1971 2850 1929 1269 1502 1450 2013 1234 1534 1893 2172 2104 2634 2082 1224 2649 2211 2367 1599 2973 
1754 1364 1700 1050 1100 1888 2140 966 1748 2330 1644 594 1096 1006 2292 1180 2090 0 1508 2002 1380 1766 56 1580 2252 1546 1474 1432 1916 1160 1858 1098 992 2412 1306 1034 1152 1008 1734 1344 858 1144 1028 1158 1598 1720 1978 1086 1478 1234 1276 1580 1180 1394 1260 1196 1320 1552 1698 968 1156 1556 2076 1798 1822 1228 1660 1810 1332 1788 1686 1762 1900 1084 2000 1668 2030 1498 1662 1422 1374 1942 1512 1346 1056 1468 1842 1294 1760 1816 1466 1878 2098 1614 1778 1746 1310 1540 1292 2042 
1546 1268 786 954 1004 1458 1932 870 1318 2234 1436 914 736 910 1402 852 976 1508 0 884 1284 1406 1466 1372 2156 1414 800 1336 994 952 1428 424 664 1398 898 1074 1056 648 1374 1248 762 512 494 950 1288 648 1118 786 1382 1138 948 1252 968 1298 960 326 202 1122 1374 668 856 1348 1590 726 1522 1020 1126 1178 1004 868 1054 1462 986 988 1700 596 1744 1232 1454 1094 1046 1656 1066 274 960 1182 770 662 1552 1470 1180 1578 1184 1168 1682 1446 1010 1006 1080 1424 
2796 2227 2532 2523 1881 1938 3009 2700 1798 1868 3372 3044 2432 2085 518 1332 138 2002 884 0 2912 3885 3892 1446 2280 2841 1280 970 2948 2255 1872 1808 2288 771 2067 1722 2304 2256 1854 1498 2484 1984 1948 2251 2724 2256 3196 2532 3379 2891 2829 3284 2293 2287 2880 1612 1364 3204 3528 2296 2672 3047 4005 1206 2002 1641 1606 2487 2199 2696 1534 3734 2932 2981 2180 1614 2973 1364 1528 1556 2872 2988 2840 1508 1440 1542 1875 1142 1626 3006 3140 2058 3328 2220 1316 2787 2980 2972 2517 3893 
2212 3198 2464 1155 570 1276 2205 2205 1032 1794 2760 3015 1828 1005 912 1030 2163 1380 1284 2912 0 3095 3310 932 872 1785 1458 896 3160 1270 1246 2608 3060 2646 1455 951 1224 2478 1270 624 1827 3318 4613 1785 2375 2745 3990 1900 1516 1542 2744 1680 1862 2125 1990 3015 3787 3290 2107 2912 2880 2270 3470 1462 1560 870 1950 2268 1260 2357 1490 2656 4963 1567 1630 1998 2076 850 1014 930 2401 1434 3106 3535 720 822 1857 1098 1112 2440 2870 1682 3108 1449 1182 2016 3315 4487 1610 2388 
1992 3522 3587 2270 1437 1944 3105 2555 1610 916 4205 4130 1841 1593 2150 962 2967 1766 1406 3885 3095 0 4281 1510 2110 2403 1802 1474 3944 2715 1914 2987 2767 2709 2043 1818 1812 2727 32 1202 2285 2795 4075 2720 3820 4151 4770 3056 2672 2730 3061 3719 2775 3477 2867 3590 3280 4020 4024 3525 3845 3715 4831 1728 1834 1737 2128 2340 1671 3351 1436 3452 4697 2351 1904 2397 2781 1428 1592 1204 3204 2649 3605 3316 1112 1292 2658 1044 1690 3596 3457 2260 4036 2316 1760 2475 3451 4650 3055 3778 
3396 3270 3390 2485 1566 1832 3126 2275 1692 2274 4156 2515 2080 1425 2236 1124 3051 56 1466 3892 3310 4281 0 1524 2196 2235 1418 1376 3720 2794 1802 2084 2340 3534 1875 1467 1644 2380 1678 1288 2005 2720 2430 2791 3891 4160 4841 2484 2844 2945 3050 3810 2846 3345 2506 3023 3209 3740 4115 2960 3370 3786 5050 1742 1878 1758 1604 2631 1914 3502 1630 3687 4646 2127 2056 2418 2961 1442 1606 1366 3295 2829 3676 3225 1000 1412 2679 1238 1704 3520 3525 1934 4084 2337 1722 2703 3425 3710 3126 3972 
1018 1056 1504 602 652 1340 1404 902 1304 2022 64 1118 1084 942 1844 1200 1354 1580 1372 1446 932 1510 1524 0 834 1462 1676 1124 938 424 1776 1300 1012 1676 1242 546 1088 996 1542 896 794 860 1230 422 862 1014 1242 862 1030 786 808 1010 444 1070 1036 1294 1170 1470 1132 744 872 820 1378 1636 1538 492 1862 1526 864 1200 1402 1240 1536 1020 1654 1246 1380 762 926 954 804 1390 776 1184 992 940 1150 1010 1024 1314 938 1594 1672 878 1454 1256 964 1194 556 1472 
1852 1700 2104 1202 1252 2148 2238 1502 1904 2666 770 1952 1786 1542 1784 1902 2188 2252 2156 2280 872 2110 2196 834 0 2062 2330 1768 1644 1258 2118 2134 1714 2510 1842 1380 1688 1698 2142 1496 1394 1694 2064 1256 1696 1848 2076 1696 1630 1386 1642 1352 1278 1670 1824 2078 1954 1812 1474 1578 1706 1654 2212 2334 2372 1326 2696 2360 1698 2014 2236 2074 2290 1620 2488 2080 2214 1596 1760 1788 1558 1828 1610 1882 1592 1694 1984 1844 1858 2092 1692 2428 2426 1712 2054 2090 1798 2028 1390 2066 
2454 1791 2388 1290 1365 1718 3033 1194 1562 2160 2289 2139 2178 1254 2102 1568 2958 1546 1414 2841 1785 2403 2235 1462 2062 0 1366 1262 2619 1557 1688 1485 2070 3441 1704 1746 1473 2046 1634 1154 1032 1842 1380 1560 2220 2325 2790 2163 1932 1566 2139 2442 1593 1836 1677 1632 1818 2073 2460 1986 2235 2157 2994 1628 2156 1665 1552 2841 2223 2427 1770 2787 2688 1371 2260 2247 2790 1380 1544 1572 2133 2658 2091 1764 886 1298 2508 1378 1642 2469 1944 2212 2985 2244 1608 2811 2355 2148 1761 3135 
1850 1626 226 1128 1178 1440 2236 1266 1300 2592 1740 1438 1132 1306 1798 1248 1372 1474 800 1280 1458 1802 1418 1676 2330 1366 0 1694 1390 1256 1410 376 1060 1794 1294 1378 1452 1044 1770 1422 1158 908 446 1254 1684 1044 1514 1182 1556 1312 1252 1556 1276 1596 1034 474 598 1104 1484 1064 1252 1652 1978 1122 1918 1324 1078 1574 1196 1142 1450 1506 1178 1384 1786 992 2028 1318 1758 1286 1350 1940 1462 670 1356 1462 1166 1058 1632 1662 1464 1974 1376 1564 1980 1490 1096 958 1388 1820 
1298 68 1468 566 516 1592 1684 682 1268 1034 1188 1312 1076 722 1488 1160 878 1432 1336 970 896 1474 1376 1124 1768 1262 1694 0 1632 704 1038 1356 972 1484 1022 826 868 988 1506 860 574 1100 1426 702 1142 1294 1522 964 994 452 688 796 724 98 1004 1258 1134 1256 918 1024 1004 1100 1292 1514 1464 772 2034 1416 744 1046 1642 1296 1004 800 1534 1384 1288 1042 1206 834 590 1200 1056 1062 772 726 1430 1250 1304 520 724 1726 1202 1158 482 1280 844 1474 836 1258 
3947 3128 2752 2500 1950 2048 3513 1900 1908 2530 1748 3264 2652 1809 1992 1442 2349 1916 994 2948 3160 3944 3720 938 1644 2619 1390 1632 0 2757 2018 2028 2508 2982 1935 2160 2028 2476 1964 970 2116 2204 2168 2755 3635 2476 3416 2752 3356 2868 3076 3684 2799 3188 3007 1832 1584 3424 3844 2516 2892 3551 4360 1316 2112 2145 1716 2652 2391 2916 1644 4138 3152 2639 2290 1779 3345 1700 1864 1684 3272 3213 3312 1728 1256 1668 2040 1252 1962 4032 3332 2168 3548 2637 1978 3054 3200 3192 3023 4173 
1196 1590 2160 445 342 920 1476 1195 880 1602 1846 1745 1328 777 1420 780 1401 1160 952 2255 1270 2715 2794 424 1258 1557 1256 704 2757 0 1356 1760 1480 1884 1227 189 996 1440 1118 472 925 1100 2025 5 1105 1475 2055 884 1212 905 970 1475 60 1625 1232 2185 1875 2625 1780 810 1130 1000 2395 1216 1118 108 1442 1659 666 1560 982 1640 2790 1261 1234 1239 1440 342 506 534 960 1455 890 1910 568 520 1095 590 604 1788 1295 1174 2504 687 1030 1254 1360 1935 340 2104 
1950 970 1184 1192 1242 642 1756 1108 502 1936 1840 1738 1458 1148 2158 1542 1780 1858 1428 1872 1246 1914 1802 1776 2118 1688 1410 1038 2018 1356 0 1200 1354 2386 850 1478 1294 1370 1946 1486 1000 1506 1270 1354 1794 1672 1702 1456 1014 1376 1070 766 1376 1000 1430 1102 1226 306 888 1568 1386 1752 1270 1750 1846 1424 1902 1798 1126 1428 2048 1678 1704 1226 1916 1620 1670 1448 1858 1216 972 1242 1708 1298 1198 1108 1794 1656 1956 1422 1106 2108 1840 1810 1384 1662 1226 1782 1488 1480 
2948 2576 1306 1948 1536 1230 2790 1780 1090 2254 2923 2124 1512 1395 1422 872 1494 1098 424 1808 2608 2987 2084 1300 2134 1485 376 1356 2028 1760 1200 0 1368 2127 1377 1503 1614 1336 1394 1268 1564 1064 140 1756 2616 1336 2276 1612 2736 2316 1752 2360 1800 2636 1316 196 444 1788 2216 1376 1752 2552 3204 746 1542 1422 702 1797 1230 1532 1074 2415 1604 2061 1410 924 2478 942 1382 910 1948 2346 2172 588 980 1086 1185 682 1256 2572 2186 1598 2000 1782 1702 1671 1440 1164 2024 2987 
2372 3616 2092 3120 1230 1384 2358 2619 1244 1690 3278 2780 208 1260 1662 188 1854 992 664 2288 3060 2767 2340 1012 1714 2070 1060 972 2508 1480 1354 1368 0 2487 1386 1071 1479 48 742 1064 2943 1086 3143 2400 2320 2270 4134 1732 2396 2124 1136 2058 2488 2185 2148 1465 2241 4192 2485 3258 2388 2470 2710 986 1060 990 1386 1227 510 1821 694 2042 3430 1907 1130 1284 1620 662 1094 430 1528 1488 3888 2529 890 518 1545 302 1192 2592 2064 1518 2356 1371 1258 1314 2418 4967 1810 2100 
1215 2124 2670 2151 2226 2172 3354 2601 2136 2382 2610 2925 2595 2661 1032 1846 909 2412 1398 771 2646 2709 3534 1676 2510 3441 1794 1484 2982 1884 2386 2127 2487 0 2838 2067 2880 2463 1838 1728 2439 2259 2232 1881 1221 2463 3111 2541 2793 2427 2460 2763 1914 2169 2802 1980 1794 3174 2946 2364 2556 2478 3249 1720 2370 1986 2120 3258 2544 2793 2048 3042 2970 2778 2486 2385 3318 1594 1758 1786 2454 3333 2346 1902 1824 1772 2646 1656 1856 2802 2655 2426 3267 2193 1830 3066 2694 3000 2082 3456 
2124 1431 1920 960 1035 880 2703 510 740 1920 1959 1779 1494 894 1882 1112 2205 1306 898 2067 1455 2043 1875 1242 1842 1704 1294 1022 1935 1227 850 1377 1386 2838 0 1245 1113 1362 1394 934 672 1158 1482 1230 1890 1713 2418 1803 1602 1236 1809 1506 1263 1476 1317 1230 1044 816 1689 1626 1905 1827 2262 1220 1936 1335 1620 2157 1893 2043 1314 2457 2220 1011 2052 1635 2430 1160 1324 1352 1785 2220 1761 1152 646 1058 1896 922 1422 2109 1584 1992 2517 1914 1368 2481 2043 2250 1431 2526 
1080 1137 1809 456 531 1042 1659 735 1006 1724 915 1230 1179 966 1546 902 1584 1034 1074 1722 951 1818 1467 546 1380 1746 1378 826 2160 189 1478 1503 1071 2067 1245 0 1185 1047 1244 598 744 843 1398 186 846 1074 1416 846 1098 732 765 1068 219 1158 1107 1494 1308 1758 1251 669 861 783 1620 1338 1240 291 1564 1842 849 1353 1104 1413 1857 1083 1356 1422 1623 464 628 656 759 1638 717 1329 694 642 1278 712 726 1524 960 1296 2061 870 1156 1437 999 1344 387 1761 
1893 1200 2082 729 804 1324 2472 603 1184 1766 1728 1548 1587 663 1728 1174 2397 1152 1056 2304 1224 1812 1644 1088 1688 1473 1452 868 2028 996 1294 1614 1479 2880 1113 1185 0 1455 1240 780 441 1251 1719 999 1659 1734 2229 1572 1371 1005 1578 1863 1032 1245 1086 1467 1281 1482 1869 1395 1674 1596 2433 1234 1782 1104 1778 2250 1662 1836 1376 2226 2241 780 1898 1656 2199 1006 1170 1198 1554 2067 1530 1173 492 904 1917 984 1268 1878 1353 1838 2538 1683 1214 2250 1812 2157 1200 2556 
2340 2760 2060 2262 1206 1400 2334 1704 1260 1674 3238 2740 176 1236 1646 204 1830 1008 648 2256 2478 2727 2380 996 1698 2046 1044 988 2476 1440 1370 1336 48 2463 1362 1047 1455 0 726 1048 2028 408 2582 1722 2280 2230 4086 1764 2364 2172 900 1812 1788 2225 2180 1425 1338 3192 2178 2394 2436 2430 2750 970 1076 966 1370 1203 534 1837 678 2058 2892 1875 1146 1260 1644 678 1078 446 1194 1512 2784 1554 874 534 1521 286 1176 2624 1596 1534 2324 1347 1274 1338 1368 3610 1770 2105 
1028 1438 1756 940 990 1976 2102 1054 1642 948 1606 1684 638 1094 2182 930 1946 1734 1374 1854 1270 32 1678 1542 2142 1634 1770 1506 1964 1118 1946 1394 742 1838 1394 1244 1240 726 0 1234 946 862 1464 1120 1560 1618 1940 1560 1368 1124 1026 1330 1142 1408 1376 1296 1172 1640 1452 1442 1538 1518 1826 1696 1802 1190 2096 1528 1082 1580 1404 1634 1690 1172 1872 1566 1822 1404 1624 1172 1124 1734 1474 1244 1144 1260 1740 1012 1722 1830 1258 2260 1888 1576 1792 1618 1182 1892 1254 1774 
1070 792 1196 294 344 1392 1456 594 996 1758 960 1170 1058 634 1536 1252 1406 1344 1248 1498 624 1202 1288 896 1496 1154 1422 860 970 472 1486 1268 1064 1728 934 598 780 1048 1234 0 486 912 1282 474 914 1062 1294 914 722 478 860 1062 496 762 916 1170 1046 1180 1184 796 924 872 1430 1426 1590 544 1914 1578 916 1252 1454 1292 1588 712 1706 1296 1432 814 978 1006 856 1442 828 974 684 992 1202 1062 1076 1184 990 1646 1724 930 1146 1308 1016 1246 608 1524 
1936 2783 2188 1728 363 1030 2031 486 890 1472 2259 1845 1528 222 1434 880 1956 858 762 2484 1827 2285 2005 794 1394 1032 1158 574 2116 925 1000 1564 2943 2439 672 744 441 2028 946 486 0 4455 3463 5927 2030 2155 3576 1537 1240 1128 3790 3318 1576 1340 1109 1710 3080 3817 3332 3036 2466 1925 3320 940 1488 663 1484 1809 1221 1936 1082 2380 4200 523 1604 1215 1758 712 876 904 6325 1626 3513 2684 198 610 1476 690 974 1916 3344 1544 2796 1242 920 1809 4143 5148 1265 2820 
2068 5753 1788 4863 1002 1356 2130 1944 1320 1810 2898 2400 448 1032 1510 340 1626 1144 512 1984 3318 2795 2720 860 1694 1842 908 1100 2204 1100 1506 1064 1086 2259 1158 843 1251 408 862 912 4455 0 3067 3285 1940 1890 3678 1756 2092 1944 2762 2590 1840 2565 1981 1085 1705 6660 3017 3428 2664 2090 3090 834 1212 762 1234 999 738 1952 542 2194 2898 1603 1282 1056 1848 778 942 582 5149 1716 3672 2101 738 670 1317 150 1040 2624 4246 1610 2052 1143 1410 1542 3276 4873 1430 1969 
2808 4855 1446 3458 1557 1300 2685 3841 1160 2324 3765 2947 1652 1500 1492 942 1599 1028 494 1948 4613 4075 2430 1230 2064 1380 446 1426 2168 2025 1270 140 3143 2232 1482 1398 1719 2582 1464 1282 3463 3067 0 2828 3120 2086 4044 1752 2596 3516 2937 3910 2905 3474 1456 1026 2670 4273 3633 3004 3111 3015 4015 816 1582 1317 632 1902 1125 1672 1028 2275 4198 2201 1340 1029 2403 872 1312 840 3280 2271 4055 2922 1050 1040 1290 752 1186 2712 3693 1668 2140 1887 1772 1566 2275 1792 2355 3057 
1192 3487 2164 2775 345 918 1473 2160 882 1600 1845 1740 1324 780 1422 778 1398 1158 950 2251 1785 2720 2791 422 1256 1560 1254 702 2755 5 1354 1756 2400 1881 1230 186 999 1722 1120 474 5927 3285 2828 0 1100 1480 2460 880 1216 1092 1930 2058 88 1628 1228 2180 4114 5782 2485 1607 1350 995 2390 1214 1116 105 1440 1656 663 1556 980 1636 3899 1263 1232 1236 1437 340 504 532 3247 1452 1839 4191 570 518 1092 588 602 1784 2838 1172 2500 684 1032 1251 2469 3474 335 2100 
1928 2685 3044 1550 1005 1358 2133 2300 1322 2040 2945 2840 2000 1440 1846 1116 2058 1598 1288 2724 2375 3820 3891 862 1696 2220 1684 1142 3635 1105 1794 2616 2320 1221 1890 846 1659 2280 1560 914 2030 1940 3120 1100 0 2580 3150 1760 2096 2010 2065 2570 1155 2728 2108 3025 2715 3720 2875 1905 2225 2095 3402 1610 1556 765 1880 2163 1323 2436 1318 2428 3885 2143 1672 1830 2097 780 944 972 2055 2112 1897 2895 1010 958 1752 926 1042 2664 2390 1612 3380 972 1472 1845 2455 3030 1435 2980 
2376 3065 2060 1920 1227 1510 2361 2425 1470 2192 3321 3215 1960 1515 1646 1096 1830 1720 648 2256 2745 4151 4160 1014 1848 2325 1044 1294 2476 1475 1672 1336 2270 2463 1713 1074 1734 2230 1618 1062 2155 1890 2086 1480 2580 0 3045 2060 2392 2380 2405 2950 1535 3100 2408 1425 1115 3415 3255 2280 2605 2475 3870 826 1708 993 1370 2133 1527 1936 1224 2589 2715 2247 1538 1044 2217 932 1096 1108 2435 2085 2365 935 1060 916 1305 906 1194 2968 2285 1764 2568 1572 1620 1860 2795 1770 1815 3284 
2832 4362 3000 3000 1575 1732 2703 3900 1592 2420 3895 3790 2900 2010 2116 1566 2535 1978 1118 3196 3990 4770 4841 1242 2076 2790 1514 1522 3416 2055 1702 2276 4134 3111 2418 1416 2229 4086 1940 1294 3576 3678 4044 2460 3150 3045 0 2520 2856 3552 3618 2808 2526 3678 2868 2600 2748 4188 2442 3426 3810 3045 3355 1296 1936 1335 1840 2838 1893 2876 1768 2408 2368 2903 1892 1749 2667 1160 1324 1352 3426 2118 2220 2532 1390 1236 2010 1376 1422 2240 3723 808 876 1263 1852 1830 3606 4776 2385 2500 
2072 1792 2336 1240 1005 1358 2109 1726 1322 1862 2167 984 1940 1038 1784 1054 2037 1086 786 2532 1900 3056 2484 862 1696 2163 1182 964 2752 884 1456 1612 1732 2541 1803 846 1572 1764 1560 914 1537 1756 1752 880 1760 2060 2520 0 2096 1608 1164 1380 836 1852 820 1416 1168 2300 1624 236 140 1676 2372 1108 736 765 1508 1965 840 2019 1420 1975 2432 1056 1150 1467 1773 682 944 650 968 1641 1500 1312 556 620 1686 1028 1042 2664 1236 792 2704 1278 1310 1344 920 2424 1060 2304 
2408 1852 2660 856 717 1044 2385 1456 904 1892 2323 2608 2384 1152 1670 1386 2310 1478 1382 3379 1516 2672 2844 1030 1630 1932 1556 994 3356 1212 1014 2736 2396 2793 1602 1098 1371 2364 1368 722 1240 2092 2596 1216 2096 2392 2856 2096 0 1224 1988 2336 1260 1792 2186 2608 2360 1416 2580 1860 2116 2012 3128 1560 1724 1017 1930 2568 1575 2772 1302 2714 3444 1763 1616 2145 2349 948 1112 1140 1980 2364 1924 2216 818 1126 2004 1196 1210 2636 2248 1780 3716 1596 1280 1977 2300 1572 1484 3316 
1920 1722 2172 552 351 1282 2019 1452 886 1486 2395 2650 1624 642 1426 896 1944 1234 1138 2891 1542 2730 2945 786 1386 1566 1312 452 2868 905 1376 2316 2124 2427 1236 732 1005 2172 1124 478 1128 1944 3516 1092 2010 2380 3552 1608 1224 0 2250 2856 1158 1426 1554 2650 2808 3210 3222 2058 2442 1905 3300 1316 1480 651 1804 1971 1209 2284 1190 2364 4388 1275 1596 1779 1983 704 868 896 2238 1998 2154 2592 574 882 1638 798 966 1944 2640 1536 3228 1230 934 1797 2718 3408 1245 2828 
1964 3500 2660 2830 924 1100 1941 3897 960 1586 2810 2180 776 1359 1696 472 1977 1276 948 2829 2744 3061 3050 808 1642 2139 1252 688 3076 970 1070 1752 1136 2460 1809 765 1578 900 1026 860 3790 2762 2937 1930 2065 2405 3618 1164 1988 2250 0 1064 1632 1475 1580 2175 4057 4164 1491 2544 1536 1960 2000 922 776 684 1346 1386 84 1413 978 1514 2905 1816 846 1710 1194 378 890 146 490 1062 3471 4417 936 234 1671 586 988 2024 1160 1234 1932 1263 974 888 1689 4806 1300 1532 
2368 2548 2676 2688 1227 796 1485 3696 656 1694 3315 2940 1384 1644 1392 776 2280 1580 1252 3284 1680 3719 3810 1010 1352 2442 1556 796 3684 1475 766 2360 2058 2763 1506 1068 1863 1812 1330 1062 3318 2590 3910 2058 2570 2950 2808 1380 2336 2856 1064 0 2135 1745 2188 2935 3675 1610 427 2810 1860 2465 2270 1226 1080 987 1650 1548 540 1676 1282 2071 3283 2367 1150 2118 1356 682 1092 450 721 714 3379 3927 1146 342 1908 890 1190 2240 1190 1342 2148 1566 1082 1344 1635 4116 1805 1428 
1236 2624 2208 808 378 940 1482 2008 904 1622 1900 1685 1368 813 1444 800 1431 1180 968 2293 1862 2775 2846 444 1278 1593 1276 724 2799 60 1376 1800 2488 1914 1263 219 1032 1788 1142 496 1576 1840 2905 88 1155 1535 2526 836 1260 1158 1632 2135 0 1683 1184 2225 3064 4280 2562 1200 1416 1050 2335 1236 1138 138 1462 1689 696 1600 1002 1592 3976 1285 1230 1203 1470 318 526 554 1616 1485 1536 3136 592 540 1059 610 624 1828 2152 1194 2544 651 1054 1218 2196 3176 280 2144 
2488 75 2740 1300 627 1494 2445 1610 1170 996 3113 3185 1956 1026 1450 1062 1260 1394 1298 2287 2125 3477 3345 1070 1670 1836 1596 98 3188 1625 1000 2636 2185 2169 1476 1158 1245 2225 1408 762 1340 2565 3474 1628 2728 3100 3678 1852 1792 1426 1475 1745 1683 0 2080 3050 2740 2895 2050 2433 2265 2623 2985 1476 1366 1077 1936 1977 969 2135 1568 2424 2424 1595 1436 2019 1785 968 1152 736 1230 1653 2513 2560 734 628 2064 1176 1250 844 1565 1628 2208 1656 384 1773 1865 3558 1963 2320 
2420 2028 2561 1330 1008 1460 2370 1325 1320 1902 2351 1332 2356 423 1864 1262 2298 1260 960 2880 1990 2867 2506 1036 1824 1677 1034 1004 3007 1232 1430 1316 2148 2802 1317 1107 1086 2180 1376 916 1109 1981 1456 1228 2108 2408 2868 820 2186 1554 1580 2188 1184 2080 0 1512 1516 2462 2044 584 960 2024 3052 1282 1146 1026 1360 2454 1101 2712 1512 2323 2920 1335 1324 1728 2358 856 1118 824 1776 2247 1848 1660 628 1024 1947 1120 1216 2835 2044 1202 3316 1539 1350 1605 1268 2480 1408 3112 
2936 2975 1404 2190 1389 1132 2781 1980 992 2156 3693 2410 1316 1248 1324 774 1347 1196 326 1612 3015 3590 3023 1294 2078 1632 474 1258 1832 2185 1102 196 1465 1980 1230 1494 1467 1425 1296 1170 1710 1085 1026 2180 3025 1425 2600 1416 2608 2650 2175 2935 2225 3050 1512 0 310 1990 3060 1475 1945 3175 3760 648 1444 1413 800 1650 1377 1336 976 2568 1760 1865 1508 777 2331 1040 1376 1008 2420 2199 2470 490 882 988 1038 584 1354 2376 2587 1500 1804 1635 1604 1818 2102 1999 2505 2837 
2688 5863 1168 4136 1203 1256 2595 3006 1116 2032 3383 2100 1068 1062 1200 650 1161 1320 202 1364 3787 3280 3209 1170 1954 1818 598 1134 1584 1875 1226 444 2241 1794 1044 1308 1281 1338 1172 1046 3080 1705 2670 4114 2715 1115 2748 1168 2360 2808 4057 3675 3064 2740 1516 310 0 5540 4102 2097 2234 2865 3509 524 1320 1227 924 1464 1203 1332 852 2554 2744 1617 1498 591 2313 1030 1252 892 5078 2181 4239 396 758 980 852 460 1350 2536 5489 1376 1964 1449 1480 1866 3636 4493 2195 2589 
3288 6552 1756 4873 1404 336 2175 3609 196 2154 3967 3580 2304 1263 1852 1236 2541 1552 1122 3204 3290 4020 3740 1470 1812 2073 1104 1256 3424 2625 306 1788 4192 3174 816 1758 1482 3192 1640 1180 3817 6660 4273 5782 3720 3415 4188 2300 1416 3210 4164 1610 4280 2895 2462 1990 5540 0 2037 5688 3240 3615 2410 1444 1540 1677 1596 2238 1230 2415 1742 2991 4893 1911 1610 1971 2046 1142 1552 910 4433 1404 6555 5741 892 802 2232 1350 1650 3160 4902 1802 3068 2256 1542 2034 4215 6687 2955 2348 
2612 2975 2920 3115 1410 918 1668 3402 778 1816 3620 2760 1628 1650 1514 898 2463 1698 1374 3528 2107 4024 4115 1132 1474 2460 1484 918 3844 1780 888 2216 2485 2946 1689 1251 1869 2178 1452 1184 3332 3017 3633 2485 2875 3255 2442 1624 2580 3222 1491 427 2562 2050 2044 3060 4102 2037 0 2555 2226 2770 2575 1348 1202 1170 1578 1731 723 1920 1404 2024 3710 2280 1078 2301 1539 610 1214 572 1148 897 3725 4354 1150 464 2091 1012 1312 2484 1617 1464 2392 1749 1204 1236 1358 4543 2110 1672 
1836 4331 2100 2417 828 1240 1932 3360 1204 1922 2650 935 1772 861 1666 970 1860 968 668 2296 2912 3525 2960 744 1578 1986 1064 1024 2516 810 1568 1376 3258 2364 1626 669 1395 2394 1442 796 3036 3428 3004 1607 1905 2280 3426 236 1860 2058 2544 2810 1200 2433 584 1475 2097 5688 2555 0 856 1800 3085 990 854 588 1390 2133 663 2128 1302 1739 4375 820 1032 1290 1920 564 826 532 2691 1809 3246 2421 438 732 1509 910 924 2428 3294 910 2896 1101 1354 1167 1539 5011 1030 2528 
2092 2808 2476 1890 1020 1368 2148 2790 1276 1902 2970 1405 1800 1143 1854 984 2073 1156 856 2672 2880 3845 3370 872 1706 2235 1252 1004 2892 1130 1386 1752 2388 2556 1905 861 1674 2436 1538 924 2466 2664 3111 1350 2225 2605 3810 140 2116 2442 1536 1860 1416 2265 960 1945 2234 3240 2226 856 0 2120 2790 1178 666 780 1578 1860 852 1919 1430 2107 3438 1196 1220 1572 1668 752 954 658 1242 1536 2412 2421 626 550 1767 1038 1052 2656 1644 722 2564 1359 1290 1449 1659 3666 1460 2164 
1988 2580 2960 1445 942 1316 2070 2195 1280 1998 2840 2735 2120 1377 1820 1176 1995 1556 1348 3047 2270 3715 3786 820 1654 2157 1652 1100 3551 1000 1752 2552 2470 2478 1827 783 1596 2430 1518 872 1925 2090 3015 995 2095 2475 3045 1676 2012 1905 1960 2465 1050 2623 2024 3175 2865 3615 2770 1800 2120 0 3385 1612 1514 702 1838 2253 1260 2352 1378 2432 3780 2059 1630 1833 2034 738 106 930 1950 2049 1880 2900 968 916 1689 986 1000 2580 2285 1570 3296 1281 1430 1848 2350 2925 1330 2896 
3104 3060 3684 2840 1779 1300 2847 3590 1160 2190 4235 4020 2376 2214 2300 1272 2832 2076 1590 4005 3470 4831 5050 1378 2212 2994 1978 1292 4360 2395 1270 3204 2710 3249 2262 1620 2433 2750 1826 1430 3320 3090 4015 2390 3402 3870 3355 2372 3128 3300 2000 2270 2335 2985 3052 3760 3509 2410 2575 3085 2790 3385 0 1722 1576 1539 1804 2292 1284 2604 1778 2132 2000 3109 1646 1491 2100 1178 1460 946 1755 1968 1505 3329 1526 838 2124 1386 1558 2568 2090 1838 1996 1056 1578 1623 2390 4093 2055 2740 
1810 1446 1108 1132 1182 1780 2196 1048 1640 2412 1700 1364 1058 1088 1724 1174 1298 1798 726 1206 1462 1728 1742 1636 2334 1628 1122 1514 1316 1216 1750 746 986 1720 1220 1338 1234 970 1696 1426 940 834 816 1214 1610 826 1296 1108 1560 1316 922 1226 1236 1476 1282 648 524 1444 1348 990 1178 1612 1722 0 1698 1284 1448 1500 978 1046 1376 1530 1164 1166 1768 774 1718 1300 1718 1068 1020 1630 1244 452 1138 1156 948 984 1816 1648 1154 1900 1362 1346 1860 1514 1078 1328 1348 1688 
1712 1396 1904 1296 1346 1876 2070 1596 1736 2362 1602 1228 1164 1428 2472 1248 2048 1822 1522 2002 1560 1834 1878 1538 2372 2156 1918 1464 2112 1118 1846 1542 1060 2370 1936 1240 1782 1076 1802 1590 1488 1212 1582 1116 1556 1708 1936 736 1724 1480 776 1080 1138 1366 1146 1444 1320 1540 1202 854 666 1514 1576 1698 0 1186 2122 1700 832 1330 1754 1384 1606 1264 1622 1714 1572 1154 1620 922 874 1484 1470 1392 1292 1010 1844 1362 1718 1788 1008 1388 1742 1572 1750 1368 932 1844 1250 1542 
999 1056 1728 375 450 988 1578 825 952 1670 834 1149 1098 885 1492 848 1503 1228 1020 1641 870 1737 1758 492 1326 1665 1324 772 2145 108 1424 1422 990 1986 1335 291 1104 966 1190 544 663 762 1317 105 765 993 1335 765 1017 651 684 987 138 1077 1026 1413 1227 1677 1170 588 780 702 1539 1284 1186 0 1510 1761 768 1272 1050 1332 1776 1002 1302 1341 1542 410 574 602 678 1557 636 1248 640 588 1197 658 672 1443 879 1242 1980 789 1102 1356 918 1263 306 1680 
2036 1966 1304 1620 1670 1932 2422 1592 1792 2932 1926 1764 1458 1632 2124 1574 1698 1660 1126 1606 1950 2128 1604 1862 2696 1552 1078 2034 1716 1442 1902 702 1386 2120 1620 1564 1778 1370 2096 1914 1484 1234 632 1440 1880 1370 1840 1508 1930 1804 1346 1650 1462 1936 1360 800 924 1596 1578 1390 1578 1838 1804 1448 2122 1510 0 1900 1290 1468 1660 738 1504 1710 1880 1318 2142 1412 1944 1380 1444 2054 1202 996 1682 1580 1492 1384 1818 1988 1578 2300 1702 1304 1608 754 1190 1144 1422 2112 
2550 2022 2340 1926 2001 1828 3033 1647 1688 2314 2385 2439 1335 2031 2176 1006 2625 1810 1178 2487 2268 2340 2631 1526 2360 2841 1574 1416 2652 1659 1798 1797 1227 3258 2157 1842 2250 1203 1528 1578 1809 999 1902 1656 2163 2133 2838 1965 2568 1971 1386 1548 1689 1977 2454 1650 1464 2238 1731 2133 1860 2253 2292 1500 1700 1761 1900 0 1470 1521 1208 2298 1935 2148 1770 2055 1884 1302 1608 1070 1239 1752 2187 1572 1404 694 2316 816 1706 1395 1038 1962 2232 2142 1702 2274 1620 2586 1857 2241 
1557 1014 2079 933 1008 1156 2025 1383 1016 1642 1392 1224 666 1443 1752 528 2061 1332 1004 2199 1260 1671 1914 864 1698 2223 1196 744 2391 666 1126 1230 510 2544 1893 849 1662 534 1082 916 1221 738 1125 663 1323 1527 1893 840 1575 1209 84 540 696 969 1101 1377 1203 1230 723 663 852 1260 1284 978 832 768 1290 1470 0 915 1034 828 1329 1278 790 1794 1278 322 946 90 231 1146 1167 1311 880 290 1755 642 1044 1602 432 1290 1533 1320 1030 804 150 1602 864 1233 
2748 2173 2500 1916 1512 1458 2478 2152 1318 1944 2843 2876 2013 1617 1866 1026 2160 1788 868 2696 2357 3351 3502 1200 2014 2427 1142 1046 2916 1560 1428 1532 1821 2793 2043 1353 1836 1837 1580 1252 1936 1952 1672 1556 2436 1936 2876 2019 2772 2284 1413 1676 1600 2135 2712 1336 1332 2415 1920 2128 1919 2352 2604 1046 1330 1272 1468 1521 915 0 1518 2541 2033 2459 1400 1374 1329 932 1282 700 1264 1197 2264 1188 1128 320 1635 1126 1380 2890 1130 1592 2429 1851 1332 1719 1725 2696 1824 2600 
1576 1588 1436 1160 1210 1898 1962 974 1862 2352 1466 1502 766 1230 2052 882 1626 1686 1054 1534 1490 1436 1630 1402 2236 1770 1450 1642 1644 982 2048 1074 694 2048 1314 1104 1376 678 1404 1454 1082 542 1028 980 1318 1224 1768 1420 1302 1190 978 1282 1002 1568 1512 976 852 1742 1404 1302 1430 1378 1778 1376 1754 1050 1660 1208 1034 1518 0 1064 1370 1308 1346 1246 1774 1320 1484 1124 1076 1686 1334 924 1280 1212 1420 692 1190 1854 1210 2152 1568 1304 1934 1048 1134 516 1114 1454 
2828 2484 3548 1996 1572 1708 2676 2596 1568 2194 2923 2487 2234 2007 2240 1080 2625 1762 1462 3734 2656 3452 3687 1240 2074 2787 1506 1296 4138 1640 1678 2415 2042 3042 2457 1413 2226 2058 1634 1292 2380 2194 2275 1636 2428 2589 2408 1975 2714 2364 1514 2071 1592 2424 2323 2568 2554 2991 2024 1739 2107 2432 2132 1530 1384 1332 738 2298 828 2541 1064 0 3077 2514 1142 1401 2106 674 1322 642 1659 1974 928 2512 1232 842 1917 1194 1222 3268 1927 1704 3182 849 870 24 1249 1617 1368 2995 
3420 3753 2736 4529 1986 1734 2892 4410 1594 1902 4572 4060 2104 2022 1984 1168 2337 1900 986 2932 4963 4697 4646 1536 2290 2688 1178 1004 3152 2790 1704 1604 3430 2970 2220 1857 2241 2892 1690 1588 4200 2898 4198 3899 3885 2715 2368 2432 3444 4388 2905 3283 3976 2424 2920 1760 2744 4893 3710 4375 3438 3780 2000 1164 1606 1776 1504 1935 1329 2033 1370 3077 0 2923 1676 1551 1743 1208 1618 976 2562 1611 4842 2492 1398 600 1812 978 1716 968 2093 1444 396 2217 1290 2133 3682 5321 3120 2020 
2455 1535 2710 907 702 1256 2370 739 1116 1698 2292 1568 2051 561 1660 1106 2295 1084 988 2981 1567 2351 2127 1020 1620 1371 1384 800 2639 1261 1226 2061 1907 2778 1011 1083 780 1875 1172 712 523 1603 2201 1263 2143 2247 2903 1056 1763 1275 1816 2367 1285 1595 1335 1865 1617 1911 2280 820 1196 2059 3109 1166 1264 1002 1710 2148 1278 2459 1308 2514 2923 0 1442 1554 2097 938 1102 942 1955 1965 1905 1499 28 836 1815 916 1200 2439 1739 1320 3319 1581 1146 1782 1504 2807 1509 3291 
1828 1466 2012 1412 1462 1946 2140 1712 1806 2432 1718 1406 1234 1606 2542 1318 2164 2000 1700 2180 1630 1904 2056 1654 2488 2260 1786 1534 2290 1234 1916 1410 1130 2486 2052 1356 1898 1146 1872 1706 1604 1282 1340 1232 1672 1538 1892 1150 1616 1596 846 1150 1230 1436 1324 1508 1498 1610 1078 1032 1220 1630 1646 1768 1622 1302 1880 1770 790 1400 1346 1142 1676 1442 0 1838 1642 912 1736 880 944 1554 1368 1570 1470 1080 1936 1432 1504 1858 1078 1942 1812 1470 1820 1126 690 830 1342 1612 
2130 1974 1467 1503 1578 1650 2685 1377 1510 2282 1965 1851 1392 1437 1594 1044 1752 1668 596 1614 1998 2397 2418 1246 2080 2247 992 1384 1779 1239 1620 924 1284 2385 1635 1422 1656 1260 1566 1296 1215 1056 1029 1236 1830 1044 1749 1467 2145 1779 1710 2118 1203 2019 1728 777 591 1971 2301 1290 1572 1833 1491 774 1714 1341 1318 2055 1794 1374 1246 1401 1551 1554 1838 0 2673 1120 1328 1286 1809 2571 705 483 1008 1236 1227 854 1426 2277 1857 1770 1848 858 1730 1425 1722 1797 1035 2424 
2331 1830 3060 1707 1782 1700 2841 1920 1560 2186 2166 2481 1776 1980 2296 1268 2835 2030 1744 2973 2076 2781 2961 1380 2214 2790 2028 1288 3345 1440 1670 2478 1620 3318 2430 1623 2199 1644 1822 1432 1758 1848 2403 1437 2097 2217 2667 1773 2349 1983 1194 1356 1470 1785 2358 2331 2313 2046 1539 1920 1668 2034 2100 1718 1572 1542 2142 1884 1278 1329 1774 2106 1743 2097 1642 2673 0 1174 1462 942 1047 1560 1968 2220 1370 566 2244 1382 1560 2418 846 1834 2040 2121 1574 2082 1428 2502 1638 2049 
936 974 1422 520 570 1258 1306 820 1222 1940 826 938 766 860 1762 850 1272 1498 1232 1364 850 1428 1442 762 1596 1380 1318 1042 1700 342 1448 942 662 1594 1160 464 1006 678 1404 814 712 778 872 340 780 932 1160 682 948 704 378 682 318 968 856 1040 1030 1142 610 564 752 738 1178 1300 1154 410 1412 1302 322 932 1320 674 1208 938 912 1120 1174 0 844 412 476 1086 650 1102 910 612 1024 928 942 1232 610 1474 1344 752 1352 658 222 1112 430 1144 
1100 1138 1586 684 734 1422 1486 984 1386 2104 990 1200 1166 1024 1926 1282 1436 1662 1454 1528 1014 1592 1606 926 1760 1544 1758 1206 1864 506 1858 1382 1094 1758 1324 628 1170 1078 1624 978 876 942 1312 504 944 1096 1324 944 1112 868 890 1092 526 1152 1118 1376 1252 1552 1214 826 954 106 1460 1718 1620 574 1944 1608 946 1282 1484 1322 1618 1102 1736 1328 1462 844 0 1036 886 1472 858 1266 1074 1022 1232 1092 1106 1396 1020 1676 1754 960 1536 1338 1046 1276 638 1554 
1128 766 1476 712 762 1246 1440 1012 1106 1732 1018 906 534 1052 1842 618 1464 1422 1094 1556 930 1204 1366 954 1788 1572 1286 834 1684 534 1216 910 430 1786 1352 656 1198 446 1172 1006 904 582 840 532 972 1108 1352 650 1140 896 146 450 554 736 824 1008 892 910 572 532 658 930 946 1068 922 602 1380 1070 90 700 1124 642 976 942 880 1286 942 412 1036 0 244 854 868 964 970 380 1260 732 1134 1158 378 1380 1112 970 1120 626 190 1158 666 912 
1956 3612 2856 5767 918 1002 1794 3825 862 1488 2800 2425 972 1335 1598 570 1971 1374 1046 2872 2401 3204 3295 804 1558 2133 1350 590 3272 960 972 1948 1528 2454 1785 759 1554 1194 1124 856 6325 5149 3280 3247 2055 2435 3426 968 1980 2238 490 721 1616 1230 1776 2420 5078 4433 1148 2691 1242 1950 1755 1020 874 678 1444 1239 231 1264 1076 1659 2562 1955 944 1809 1047 476 886 244 0 915 3558 5348 940 136 1599 684 984 1828 737 1136 1736 1257 876 1035 1836 4365 1290 1336 
2346 1698 2721 1722 1797 1272 2199 1788 1132 2098 2181 2370 1644 1848 1868 1180 2850 1942 1656 2988 1434 2649 2829 1390 1828 2658 1940 1200 3213 1455 1242 2346 1488 3333 2220 1638 2067 1512 1734 1442 1626 1716 2271 1452 2112 2085 2118 1641 2364 1998 1062 714 1485 1653 2247 2199 2181 1404 897 1809 1536 2049 1968 1630 1484 1557 2054 1752 1146 1197 1686 1974 1611 1965 1554 2571 1560 1086 1472 854 915 0 1983 2088 1282 478 2112 1294 1570 2286 714 1746 1908 2136 1486 1950 1296 2370 1653 1785 
1900 4692 2872 2649 876 1272 1980 3999 1236 1954 2730 2515 2032 1311 1776 1132 1929 1512 1066 2840 3106 3605 3676 776 1610 2091 1462 1056 3312 890 1708 2172 3888 2346 1761 717 1530 2784 1474 828 3513 3672 4055 1839 1897 2365 2220 1500 1924 2154 3471 3379 1536 2513 1848 2470 4239 6555 3725 3246 2412 1880 1505 1244 1470 636 1202 2187 1167 2264 1334 928 4842 1905 1368 705 1968 650 858 868 3558 1983 0 4050 924 872 1221 942 956 2492 4132 1526 2356 153 1334 720 3051 4896 550 2808 
