0 0.606785 1.10762 0.778807 1.43095 1.25427 0.875488 0.606785 1.1093 1.35924 1.18137 1.46348 1.32825 1.44881 0.752531 1.17502 1.40045 1.45594 1.71276 0.942791 1.58696 1.60921 1.06925 1.11805 1.27151 1.33954 0.778807 1.40786 1.62241 1.59255 0.836049 1.61582 0.858201 1.56459 0.950893 0.875488 1.1093 1.36579 1.4865 1.64267 0.945537 0.907649 0.685969 0.978041 0.962879 0.942791 0.884184 0.716697 1.40284 1.36579 0.953234 0.606785 1.1203 1.24324 0.685969 0.923964 1.07402 0.883395 0.716698 0.907649 1.07073 0.716697 0.953234 1.72277 1.35096 1.53942 0.886241 1.59949 1.4775 1.39529 1.66322 1.25975 0.685969 1.71801 1.273 1.20135 1.46306 1.28816 1.25975 0.999107 1.53491 1.82644 1.30596 1.15162 1.08446 1.2677 1.20135 1.50295 1.64166 0.992177 1.36579 0.945537 1.00772 1.23902 1.27733 1.54695 1.24582 1.24582 1.6545 0.836668 
0.606785 0 6.70481 0.721742 1.41638 1.12011 1.38662 6.16185 1.81251 1.26246 0.75578 1.36549 1.19409 2.39251 8.20562 0.724611 9.13404 1.44137 1.57861 6.17577 1.4528 1.34565 1.36905 0.667634 2.32344 1.33954 6.77803 1.39329 1.40904 1.57798 1.81977 1.257 6.9515 1.55002 1.74242 6.41489 6.52665 3.7749 4.06028 2.37246 3.74187 9.60246 8.10878 2.51772 5.62527 3.92514 6.26838 7.29118 3.02692 4.26288 4.62578 8.07993 4.31279 2.46689 7.87067 2.38903 9.95311 6.45409 3.73971 10.3389 1.81265 5.16046 1.67414 1.72277 2.19635 2.51693 7.83044 1.24068 1.11869 1.03648 1.55157 1.84014 5.76588 1.3592 2.19169 7.50532 1.46306 2.66327 4.3332 0.999107 2.45865 1.74717 1.30596 1.03998 1.856 2.42145 2.72193 3.46937 1.53002 7.58265 3.09707 10.68 1.00772 2.13381 2.75032 1.54695 2.07484 7.49381 2.8759 5.16072 
1.10762 6.70481 0 0.938646 1.59079 1.31883 1.53916 4.85602 2.36673 1.4593 1.40231 1.56421 1.39281 2.7029 5.10091 1.49123 7.94041 1.61578 1.29735 6.79602 0.959311 1.76905 2.06647 1.2846 2.70116 1.37539 6.80043 1.5677 1.65954 1.75239 2.24296 1.80932 7.50979 1.72443 1.90354 7.19904 8.36153 3.68956 5.29004 2.88362 4.32585 6.00327 6.08327 1.99347 7.08531 4.70285 7.68353 4.629 3.61309 3.9681 5.77438 5.27232 4.82364 3.28352 5.39441 2.35518 6.95981 6.52874 4.27034 6.09269 1.91401 5.34744 1.74463 1.70043 2.02517 2.427 5.95501 1.46041 1.30167 1.25621 1.49884 1.95166 6.07554 1.57893 2.09154 6.719 1.47264 3.19541 4.66125 1.00869 2.50355 1.62341 1.32495 1.18084 1.93956 2.25026 3.37444 3.65067 1.47728 6.94018 2.86158 6.35901 1.02671 1.85188 2.58913 1.56594 1.90366 7.58959 2.75999 5.87542 
0.778807 0.721742 0.938646 0 0.996184 1.14595 0.767175 0.172022 1.05946 1.14427 0.927802 0.910801 1.08542 1.23384 0.711929 0.896633 0.965684 1.02118 1.46937 0.528117 1.47864 1.17444 0.927802 0.721742 0.836743 1.23123 0.172022 0.973095 1.27925 1.15779 0.727736 1.42903 0.686105 1.12982 0.804827 0.680665 1.12083 0.965684 1.14333 1.2355 0.837224 0.634971 0.535998 0.869727 0.528117 0.762091 0.680665 0.386329 1.04515 1.02263 0.772533 0.577656 0.567624 0.93112 0.535998 0.580801 0.706444 0.721742 0.386329 0.634971 0.905859 0.535997 0.772534 1.61446 1.02059 1.19626 0.794789 1.23192 1.10993 1.02771 1.33285 0.892181 0.577656 1.35044 1.0923 0.818469 1.35474 0.931119 0.892181 0.890793 1.18805 1.52845 1.12526 0.808457 0.754089 0.937327 0.833776 1.17258 1.31129 0.649014 1.02263 0.649014 0.899404 0.908653 0.946956 1.36625 1.07021 1.07021 1.32413 0.686696 
1.43095 1.41638 1.59079 0.996184 0 1.79809 1.41472 0.824162 1.70701 1.79182 1.57994 1.68085 1.64058 1.88598 1.36407 1.54877 0.824162 1.06898 2.12151 1.18026 2.13078 1.82658 1.57994 1.4918 1.48888 1.88337 0.996184 1.02089 1.43759 1.20559 1.37988 1.58737 1.40203 1.17762 1.45697 1.13606 1.77297 1.01348 1.28555 1.88764 1.48936 1.28711 1.18814 1.52187 1.18026 1.41423 0.824162 1.03847 1.69729 1.67477 1.42467 1.2298 1.33768 1.59714 1.18814 1.23294 1.42334 1.42922 1.03847 1.28711 1.558 1.18814 1.42467 2.2666 1.67273 1.8484 1.44693 1.94656 1.7911 1.74236 1.98499 1.57335 1.2298 2.06508 1.74444 1.42334 2.00688 1.59714 1.57335 1.54293 1.74322 2.18058 1.7774 1.4606 1.40623 1.58947 1.51495 1.82472 1.96343 1.30115 1.67477 1.30115 1.55154 1.56079 1.5991 2.01839 1.72235 1.72235 1.97627 1.33884 
1.25427 1.12011 1.31883 1.14595 1.79809 0 1.0867 0.973932 1.27824 1.72639 1.54895 1.71085 1.53946 1.81596 0.973932 1.68835 1.68645 1.82309 1.92397 0.973932 1.79817 1.72736 1.28046 1.53415 1.38966 1.70669 1.14595 1.775 1.89355 1.9597 1.2032 2.04333 1.06941 1.93173 1.1621 1.0867 1.27824 1.73294 1.74152 1.66865 1.15675 1.2748 1.05312 1.31883 0.973932 1.06095 1.25133 1.08384 1.59807 1.73294 1.32038 0.973932 1.48745 1.40632 1.05312 1.27236 1.33343 1.40691 1.08384 1.2748 1.43788 1.08384 1.32038 2.08992 1.7181 1.89081 1.25339 1.85891 1.73692 1.6547 2.01461 1.51917 1.05312 1.97742 1.64014 1.46076 1.8302 1.40632 1.51917 1.36625 1.90206 2.19359 1.67311 1.50301 1.45161 1.63484 1.46076 1.85434 2.0088 1.34357 1.67478 1.15675 1.37487 1.59041 1.62871 1.9141 1.61297 1.61297 2.0161 1.20382 
0.875488 1.38662 1.53916 0.767175 1.41472 1.0867 0 0.988041 1.81861 1.03112 1.17017 1.33207 1.04791 2.46362 1.19516 1.30957 2.07928 1.43972 1.54519 1.5522 1.28792 1.59757 1.80671 1.15537 2.44139 1.2133 1.495 1.39164 1.40201 1.57633 2.04245 1.5416 1.60789 1.54836 1.65467 1.33844 2.03879 2.34742 2.02949 2.62385 1.51443 1.38881 1.17377 1.60275 1.6398 1.77047 1.4091 0.997198 2.16648 2.08529 1.54444 1.05967 1.77329 2.09509 1.06307 1.37862 1.75458 1.55437 1.32309 1.49273 1.66704 1.45184 1.64185 1.57968 2.05073 2.28266 1.51876 1.48169 1.3597 1.27749 1.43146 1.967 1.14167 1.60021 2.04608 1.79262 1.31996 1.9636 2.08462 0.856011 2.32761 1.59469 1.16287 0.930091 1.88235 2.27583 1.9275 2.31246 1.49856 1.56953 2.05738 1.22835 0.864623 1.89954 2.51605 1.40385 1.84057 1.9087 2.64163 1.50177 
0.606785 6.16185 4.85602 0.172022 0.824162 0.973932 0.988041 0 1.57384 0.972246 0.75578 0.856693 0.913396 1.93854 5.5933 0.724611 5.07841 0.849158 1.29735 4.18871 1.30662 1.00242 1.30105 0.667634 1.45335 1.0592 4.11127 0.801073 1.10722 0.985769 1.55164 1.257 4.97829 0.957802 1.14901 4.60615 4.64019 2.54851 2.96849 1.96226 2.58109 6.53563 5.12044 1.80023 4.03569 2.43164 4.26021 31.4581 2.2066 3.19387 3.05313 6.70951 2.72235 2.12593 9.05148 1.49328 6.2184 4.07837 2.52498 6.31834 1.20696 3.35985 1.10939 1.44244 1.53106 1.68918 5.33608 1.1224 1.00041 0.918194 1.16082 1.28486 3.81896 1.24091 1.5264 4.50286 1.18272 1.95567 3.05998 0.718771 1.54108 1.35642 0.953239 0.636435 1.20021 1.75616 1.90161 2.60967 1.13927 4.97374 2.08116 8.03756 0.727382 1.43415 2.11741 1.19423 1.48194 5.51538 2.07765 3.62878 
1.1093 1.81251 2.36673 1.05946 1.70701 1.27824 1.81861 1.57384 0 1.3234 1.55992 1.61885 1.6089 2.34378 1.67607 1.55357 2.66508 1.73201 1.86813 1.78535 1.79896 1.70224 2.4286 1.11257 2.7782 1.59809 1.85066 1.68392 1.69429 1.86862 1.77104 1.84407 1.74623 1.84065 2.3964 1.6843 2.03167 2.63877 2.71646 2.58729 2.25047 2.07579 1.9494 2.24194 1.77091 2.15378 1.9949 1.68417 2.71068 2.70333 1.98974 1.61838 2.49782 2.552 1.75004 2.1967 2.05384 1.77315 2.01006 2.17971 2.35401 1.9211 2.2155 1.96447 2.73771 3.05829 2.16138 1.59401 1.47202 1.38981 1.90491 2.38151 1.82865 1.71253 2.73305 2.20712 1.70475 2.37811 2.49912 1.2408 3.01458 2.06814 1.54765 1.40354 2.42067 2.96281 2.342 2.81563 1.88335 2.34517 2.74435 2.12327 1.24941 2.67517 3.29168 1.78864 2.6162 2.64315 3.41727 2.16105 
1.35924 1.26246 1.4593 1.14427 1.79182 1.72639 1.03112 0.972246 1.3234 0 1.72803 1.82894 1.74913 1.46782 1.03112 1.69686 1.572 1.81681 2.13308 1.26334 1.93863 1.97467 1.54137 1.38969 1.63697 1.81166 1.14427 1.76873 1.7791 1.95343 1.30817 1.92888 1.33032 1.92546 1.31279 0.972246 1.6596 1.46782 1.49055 2.03572 1.23497 1.10059 1.00652 1.45016 1.32834 1.26334 1.1644 1.03725 1.72339 1.68634 0.972246 1.03112 1.48576 1.60871 1.00652 1.24451 1.43726 1.26246 1.03725 1.10059 1.39128 1.03725 1.00652 2.13257 1.66382 1.85997 1.24825 1.94534 1.82335 1.74114 1.98377 1.57298 1.03112 2.06386 1.59355 1.53189 1.87285 1.60871 1.57298 1.4089 1.84777 2.14674 1.62651 1.47217 1.39732 1.58056 1.5472 1.8235 1.96221 1.31273 1.68634 1.23497 1.41752 1.55189 1.59788 1.8675 1.65562 1.65562 1.97505 1.15722 
1.18137 0.75578 1.40231 0.927802 1.57994 1.54895 1.17017 0.75578 1.55992 1.72803 0 1.61247 1.62293 1.8176 1.04722 1.32402 1.54944 1.60494 2.00745 1.11187 1.88164 1.7582 0.75578 1.26704 1.4205 1.79016 0.927802 1.55685 1.863 1.74155 1.28667 1.85641 1.15289 1.71358 1.24558 1.17017 1.55992 1.54944 1.72709 1.81926 1.24022 1.21873 1.11975 1.40231 1.11187 1.34585 1.26442 0.970086 1.62891 1.60638 1.35629 1.05741 1.2693 1.39224 1.11975 1.16456 1.31461 1.20446 0.970086 1.21873 1.48962 1.11975 1.35629 2.1734 1.60434 1.78002 1.33686 1.84009 1.7181 1.63588 1.9166 1.50035 1.13659 1.9586 1.67605 1.42664 1.91368 1.52876 1.50035 1.44973 1.77181 2.1122 1.70902 1.39221 1.33785 1.52108 1.44194 1.75634 1.89505 1.23277 1.60638 1.23277 1.45834 1.49241 1.53071 1.95001 1.65397 1.65397 1.90789 1.27045 
1.46348 1.36549 1.56421 0.910801 1.68085 1.71085 1.33207 0.856693 1.61885 1.82894 1.61247 0 1.77009 1.91851 1.21931 1.5813 1.65035 1.70585 1.93879 1.21279 2.04354 1.85911 1.52584 1.40641 1.52141 1.9159 0.856693 1.65777 1.96392 1.84246 1.41241 2.1137 0.856693 1.8145 1.40748 1.33207 1.61885 1.65035 1.828 1.70492 1.40212 1.31964 1.22067 1.5544 1.21279 1.44676 1.36534 1.071 1.72982 1.7073 1.4572 1.21931 1.25229 1.61579 1.22067 1.26547 1.39111 1.40641 1.071 1.31964 1.59053 1.22067 1.4572 2.29913 1.70526 1.88093 1.47946 1.91659 1.7946 1.71239 2.01752 1.57685 1.26233 2.03511 1.77697 1.50314 2.03941 1.61579 1.57685 1.57546 1.87272 2.21312 1.80993 1.49313 1.43876 1.622 1.51845 1.85725 1.99596 1.33369 1.7073 1.33369 1.58407 1.59332 1.63163 2.05092 1.75488 1.75488 2.0088 1.37137 
1.32825 1.19409 1.39281 1.08542 1.64058 1.53946 1.04791 0.913396 1.6089 1.74913 1.62293 1.77009 0 1.8387 1.04791 1.63801 1.64058 1.76255 1.99795 1.26604 1.87215 1.91582 1.35444 1.44417 1.57812 1.78067 1.08542 1.71447 1.81911 1.89916 1.27718 1.96889 1.14339 1.8712 1.23608 1.09844 1.67027 1.56249 1.68319 1.97687 0.913396 1.16204 1.07586 1.39281 1.26949 1.33268 0.913396 0.913396 1.51088 1.56249 1.34312 1.04791 1.30257 1.48486 1.07586 1.12066 1.31106 1.31694 0.913396 1.16204 1.44572 1.07586 1.34312 2.15432 1.54765 1.64746 1.32737 1.82149 1.67882 1.61728 1.77125 1.46107 1.1271 1.94 1.63216 1.31106 1.8946 1.48486 1.46107 1.43065 1.63464 1.96685 1.66512 1.25966 1.28116 1.46439 1.40267 1.61099 1.83836 1.10021 1.56249 0.913396 1.43927 1.34706 1.38536 1.90611 1.50862 1.50862 1.77275 1.22656 
1.44881 2.39251 2.7029 1.23384 1.88598 1.81596 2.46362 1.93854 2.34378 1.46782 1.8176 1.91851 1.8387 0 2.43949 1.78643 3.07353 1.91097 2.22265 2.21377 2.14865 2.06424 2.91314 1.47926 3.25153 1.90123 2.32399 1.86289 2.03253 2.04758 2.35103 2.18231 2.32622 2.01962 2.63482 2.455 2.24747 2.57385 3.31369 3.06062 2.74521 2.21901 2.12242 2.57311 2.24424 2.5822 2.55452 2.04668 3.1391 2.97418 2.00187 1.88197 2.87745 2.98042 1.88537 2.49259 2.48226 2.10371 2.33858 2.32293 2.68245 2.34952 2.22762 2.22214 3.05855 3.39704 2.34106 2.03491 1.91292 1.8307 2.07334 2.7773 1.99471 2.15343 3.06157 2.63555 1.96242 2.80653 2.89492 1.49847 3.33542 2.23631 1.71608 1.56174 2.8414 3.28364 2.77042 3.24405 2.05178 2.67369 2.91505 2.47268 1.50708 2.87609 3.61995 1.95707 2.9121 2.89629 3.77977 2.32408 
0.752531 8.20562 5.10091 0.711929 1.36407 0.973932 1.19516 5.5933 1.67607 1.03112 1.04722 1.21931 1.04791 2.43949 0 1.19681 8.28112 1.38906 1.31265 5.8981 0.959311 1.54233 1.53205 1.10012 2.32993 1.2133 6.19485 1.34098 1.40201 1.52568 1.94457 1.5416 5.95762 1.49771 1.36635 6.31586 6.36604 3.4278 4.02194 2.29714 3.48725 9.73597 6.81656 2.02575 5.17527 3.66403 5.93356 7.0575 3.11262 3.87906 4.31929 8.27309 4.01574 3.01494 7.79903 1.9101 9.09638 5.99488 3.43749 8.527 1.613 4.66073 1.61773 1.57968 2.02661 2.22862 6.53794 1.48169 1.3597 1.27749 1.43146 1.91297 4.98204 1.60021 2.02195 6.65988 1.31996 2.79348 4.17544 0.856011 2.30348 1.59469 1.16287 0.930091 1.85822 2.25171 2.89629 3.38988 1.49856 6.68079 2.97904 10.9652 0.864623 1.85688 2.49192 1.40385 1.81644 6.62743 2.6175 4.60857 
1.17502 0.724611 1.49123 0.896633 1.54877 1.68835 1.30957 0.724611 1.55357 1.69686 1.32402 1.5813 1.63801 1.78643 1.19681 0 1.51827 1.57377 2.02196 1.0807 2.02104 1.72703 1.32402 1.23587 1.38933 1.78382 0.896633 1.52568 1.83184 1.71038 1.28032 1.82524 1.29228 1.68241 1.35742 1.21531 1.55357 1.51827 1.69592 1.78809 1.37962 1.18756 1.08859 1.42232 1.0807 1.31468 1.23325 0.938917 1.59774 1.57522 1.32512 1.13024 1.23813 1.36107 1.08859 1.13339 1.28344 1.17329 0.938917 1.18756 1.45845 1.08859 1.32512 2.16705 1.57318 1.74885 1.34738 1.80892 1.68693 1.60471 1.88543 1.46918 1.13024 1.92743 1.64489 1.39547 1.90733 1.49759 1.46918 1.44338 1.74064 2.08103 1.67785 1.36105 1.30668 1.48992 1.41077 1.72517 1.86388 1.2016 1.57522 1.2016 1.45199 1.46124 1.49954 1.91884 1.6228 1.6228 1.87672 1.23928 
1.40045 9.13404 7.94041 0.965684 0.824162 1.68645 2.07928 5.07841 2.66508 1.572 1.54944 1.65035 1.64058 3.07353 8.28112 1.51827 0 0.849158 2.09101 8.23776 2.01914 1.79608 2.50506 1.4613 2.74591 1.85287 8.08805 0.801073 1.21777 0.985769 2.8324 1.36755 8.25471 0.957802 2.35302 7.03256 8.03715 3.56941 4.25647 3.25483 4.64678 9.21815 9.49845 3.56381 7.24391 4.79318 6.64442 7.42435 3.98768 5.17232 5.55468 8.36513 4.98692 3.88494 7.56798 3.19619 9.62015 8.03267 4.78969 9.49506 2.49952 6.11308 2.40195 2.2361 2.7244 2.98175 8.88502 1.91606 1.7911 1.71186 1.95449 2.56705 6.77428 2.03458 2.81897 8.25237 1.97638 3.71706 5.23002 1.51243 2.75976 2.15008 1.7469 1.4301 2.49277 2.94941 3.68269 4.32809 1.93293 8.78943 3.73814 9.86119 1.52104 2.71947 3.31066 1.98789 2.7745 8.54682 3.37021 6.39494 
1.45594 1.44137 1.61578 1.02118 1.06898 1.82309 1.43972 0.849158 1.73201 1.81681 1.60494 1.70585 1.76255 1.91097 1.38906 1.57377 0.849158 0 2.14651 1.20525 2.15578 1.85158 1.60494 1.51679 1.51388 1.90836 1.02118 1.04589 1.46259 1.23058 1.40487 1.61237 1.42702 1.20262 1.48196 1.16106 1.79797 1.03848 1.31055 1.91264 1.51436 1.31211 1.21313 1.54686 1.20525 1.43923 1.06898 1.06346 1.72229 1.69976 1.44967 1.25479 1.36267 1.62213 1.21313 1.25794 1.50149 1.45421 1.06346 1.31211 1.58299 1.21313 1.44967 2.29159 1.69772 1.87339 1.47192 1.97156 1.84957 1.76735 2.00998 1.63182 1.25479 2.09007 1.76943 1.54531 2.03188 1.62213 1.63182 1.56793 1.86519 2.20558 1.8024 1.48559 1.43122 1.61446 1.57341 1.84972 1.98842 1.32615 1.69976 1.32615 1.57654 1.58579 1.62409 2.04338 1.74735 1.74735 2.00127 1.36383 
1.71276 1.57861 1.29735 1.46937 2.12151 1.92397 1.54519 1.29735 1.86813 2.13308 2.00745 1.93879 1.99795 2.22265 1.31265 2.02196 2.09101 2.14651 0 1.65344 1.79199 2.29977 1.73896 1.82812 1.96207 2.16518 1.46937 2.09842 2.20306 2.28312 1.66169 2.35284 1.29735 2.25515 1.6206 1.54519 1.86813 1.91488 2.06715 2.14558 1.61524 1.53658 1.45981 1.29735 1.65344 1.71663 1.65803 1.29735 1.98349 1.8341 1.72707 1.43243 1.77518 1.86881 1.45981 1.50461 1.74817 1.70089 1.29735 1.35897 1.82967 1.45981 1.72708 2.51649 1.9222 2.12007 1.61639 2.20544 2.08345 2.00124 2.24387 1.85629 1.51161 2.32396 2.01611 1.79199 2.26915 1.86881 1.85629 1.8052 2.10615 2.43006 2.04907 1.73227 1.6557 1.83894 1.8073 2.0836 2.22231 1.57283 1.8341 1.57283 1.80143 1.81026 1.85798 2.29006 1.97182 1.97182 2.23515 1.61051 
0.942791 6.17577 6.79602 0.528117 1.18026 0.973932 1.5522 4.18871 1.78535 1.26334 1.11187 1.21279 1.26604 2.21377 5.8981 1.0807 8.23776 1.20525 1.65344 0 1.64263 1.00242 1.86866 1.02373 1.68495 1.39521 6.79034 1.15717 1.46332 1.34186 1.7926 1.6131 6.57134 1.3139 1.71662 7.43161 5.97209 3.25236 4.47095 1.9464 3.45837 6.51666 6.69691 2.72283 5.56841 3.57793 6.07211 5.081 2.52558 4.10639 4.82448 5.6175 3.97608 2.50427 5.55719 2.49506 6.38043 6.3038 3.81603 7.2031 1.62299 4.52812 1.59781 1.71612 2.01948 2.32727 7.83669 1.29462 1.17263 1.09042 1.51692 1.72835 5.63245 1.41314 2.01482 7.21698 1.4564 2.22998 3.85359 0.992454 2.19196 1.71252 1.21006 0.992529 1.43181 2.24458 2.28378 3.22213 1.49536 7.41913 2.59475 6.95943 1.00106 1.95695 2.60583 1.45105 1.98722 7.0583 2.69904 4.81871 
1.58696 1.4528 0.959311 1.47864 2.13078 1.79817 1.28792 1.30662 1.79896 1.93863 1.88164 2.04354 1.87215 2.14865 0.959311 2.02104 2.01914 2.15578 1.79199 1.64263 0 2.30904 1.61315 1.83739 1.97134 1.85472 1.47864 2.10769 2.21233 2.29239 1.53588 2.35192 1.4021 2.26442 1.49479 1.41939 1.82865 1.92415 1.87269 2.25033 1.28792 1.39656 1.3858 1.21502 1.66271 1.64263 1.58402 1.21502 1.99277 1.75178 1.57049 1.21502 1.78445 1.87808 1.21502 1.51389 1.71289 1.60274 1.30662 1.27664 1.66834 1.21502 1.56426 2.21169 1.83987 2.04797 1.29921 2.12311 2.00112 1.91891 2.14578 1.77397 1.21502 2.24163 1.77132 1.72497 1.95197 1.87808 1.77397 1.48802 2.11542 2.32477 1.80428 1.66017 1.57337 1.75661 1.72497 1.98551 2.13998 1.50073 1.75178 1.28792 1.50604 1.71218 1.75989 2.04527 1.73474 1.73474 2.14727 1.5365 
1.60921 1.34565 1.76905 1.17444 1.82658 1.72736 1.59757 1.00242 1.70224 1.97467 1.7582 1.85911 1.91582 2.06424 1.54233 1.72703 1.79608 1.85158 2.29977 1.00242 2.30904 0 1.7582 1.67006 1.00242 2.06163 1.17444 1.80349 2.10965 1.98819 1.55814 2.25943 1.58029 1.96022 1.63523 1.51106 1.70224 1.79608 1.97373 1.81691 1.63676 1.46537 1.3435 1.70013 1.10953 1.3435 1.51106 1.21673 1.62656 1.85303 1.60293 1.40806 1.51594 1.52641 1.3435 1.4112 1.52258 1.60748 1.21673 1.46537 1.72826 1.3664 1.60293 2.44486 1.85099 2.02666 1.62519 2.04806 1.92607 1.84385 2.16325 1.70832 1.40806 2.16657 1.9227 1.63461 2.18514 1.52641 1.70832 1.72119 2.01845 2.35884 1.95566 1.63886 1.57377 1.76773 1.64991 2.00298 2.14169 1.47941 1.79487 1.47941 1.7298 1.73905 1.77736 2.19665 1.90061 1.90061 2.15453 1.4942 
1.06925 1.36905 2.06647 0.927802 1.57994 1.28046 1.80671 1.30105 2.4286 1.54137 0.75578 1.52584 1.35444 2.91314 1.53205 1.32402 2.50506 1.60494 1.73896 1.86866 1.61315 1.7582 0 1.26704 2.7544 1.52167 1.91793 1.55685 1.70854 1.74155 2.43585 1.85641 1.9209 1.71358 1.96768 1.74627 2.33229 2.77493 2.65678 2.93686 2.10186 1.91613 1.77292 2.11727 1.98967 2.12998 2.03861 1.52451 2.67112 2.59981 2.05896 1.54346 2.26912 2.37183 1.57759 1.89314 2.12856 1.91252 1.8504 2.02005 2.18156 1.96637 2.15638 1.9049 2.57805 2.87008 1.98569 1.80692 1.68493 1.60272 1.82959 2.45623 1.6562 1.92544 2.57339 2.28184 1.64519 2.45283 2.57384 1.18124 2.75053 2.00858 1.48809 1.31799 2.39687 2.80315 2.41672 2.87459 1.82379 2.14673 2.5719 1.81577 1.18985 2.51551 3.13202 1.72908 2.45654 2.48349 3.24185 2.0163 
1.11805 0.667634 1.2846 0.721742 1.4918 1.53415 1.15537 0.667634 1.11257 1.38969 1.26704 1.40641 1.44417 1.47926 1.10012 1.23587 1.4613 1.51679 1.82812 1.02373 1.83739 1.67006 1.26704 0 1.33235 1.60684 0.667634 1.46871 1.638 1.6534 1.11593 1.76827 1.13808 1.62544 1.23077 1.15537 1.11257 1.38138 1.50208 1.63472 1.19598 0.980929 0.894749 1.22848 1.02373 1.15157 0.95446 0.732287 1.25803 1.38138 0.983682 0.886662 1.06324 1.06711 0.894749 0.939553 0.792726 0.667634 0.732287 0.980929 1.26461 0.894749 1.01796 1.97321 1.36655 1.55501 1.16612 1.36791 1.24592 1.16371 1.6788 1.02817 0.965847 1.48643 1.45105 0.95446 1.71349 1.06711 1.02817 1.24954 1.5505 1.8744 1.48401 1.16721 1.10005 1.28329 0.969767 1.36398 1.65725 1.00777 1.38138 1.00777 1.25816 1.25461 1.29291 1.725 1.41617 1.41617 1.67009 1.04545 
1.27151 2.32344 2.70116 0.836743 1.48888 1.38966 2.44139 1.45335 2.7782 1.63697 1.4205 1.52141 1.57812 3.25153 2.32993 1.38933 2.74591 1.51388 1.96207 1.68495 1.97134 1.00242 2.7544 1.33235 0 1.72393 2.07993 1.46579 1.77195 1.65049 2.78545 1.92173 2.55559 1.62252 2.60236 2.3989 2.71049 3.01883 3.0128 3.16662 2.48755 2.28869 2.19114 2.69129 2.05763 2.28735 2.44497 1.93087 2.68179 2.85659 2.46532 2.22671 2.52877 2.52311 1.99178 2.28093 2.33378 2.43944 2.23383 2.37544 2.59575 2.12374 2.56273 2.10716 2.98441 3.14253 2.48913 1.71035 1.58836 1.50615 1.82555 2.66145 2.13494 1.82887 2.97975 2.48707 1.84744 2.48583 2.79186 1.38349 2.99443 2.02114 1.61796 1.30116 2.40457 3.20951 2.58486 3.10837 1.80399 2.39715 2.72851 2.41959 1.3921 2.8875 3.57075 1.85895 2.93529 2.9388 3.531 2.47214 
1.33954 1.33954 1.37539 1.23123 1.88337 1.70669 1.2133 1.0592 1.59809 1.81166 1.79016 1.9159 1.78067 1.90123 1.2133 1.78382 1.85287 1.90836 2.16518 1.39521 1.85472 2.06163 1.52167 1.60684 1.72393 0 1.23123 1.86028 1.98178 2.04497 1.28847 2.13156 1.31062 2.01701 1.40331 1.32791 1.59809 1.72516 1.79807 2.09509 1.2133 1.17542 1.13839 1.24581 1.4153 1.39521 1.3366 0.984464 1.76221 1.70762 1.34934 0.984464 1.55389 1.64753 0.984464 1.28333 1.48234 1.37219 0.984464 1.17542 1.43778 0.984464 1.33371 1.99054 1.61872 1.81742 1.2016 1.89256 1.77057 1.68835 1.93098 1.55282 0.984464 2.01107 1.54076 1.49441 1.73082 1.64753 1.55282 1.26687 1.89428 2.09421 1.57373 1.42961 1.35223 1.53546 1.49441 1.77072 1.90942 1.27017 1.66269 1.2133 1.27548 1.50679 1.54509 1.81472 1.51359 1.51359 1.92227 1.28909 
0.778807 6.77803 6.80043 0.172022 0.996184 1.14595 1.495 4.11127 1.85066 1.14427 0.927802 0.856693 1.08542 2.32399 6.19485 0.896633 8.08805 1.02118 1.46937 6.79034 1.47864 1.17444 1.91793 0.667634 2.07993 1.23123 0 0.973095 1.27925 1.15779 1.85791 1.42903 5.91429 1.12982 1.76589 7.62143 6.55999 3.41396 4.38232 2.34772 3.84936 6.25009 6.71121 2.61524 5.48902 3.81576 6.0589 4.68955 2.71002 3.95195 4.43449 5.74459 3.17389 2.66517 5.46019 2.30829 6.41158 6.00791 3.79703 6.5408 1.71392 5.03559 1.61635 1.61446 1.80462 2.18335 7.70894 1.17781 1.05582 0.973607 1.33285 1.45334 5.52865 1.29633 2.02057 7.00096 1.35474 2.39088 3.45041 0.890793 1.93279 1.52845 1.12526 0.808457 1.62335 2.02963 2.28978 2.98728 1.31129 7.2638 2.79115 7.17777 0.899404 1.64701 2.39088 1.36625 1.90508 7.41157 2.55512 4.80492 
1.40786 1.39329 1.5677 0.973095 1.02089 1.775 1.39164 0.801073 1.68392 1.76873 1.55685 1.65777 1.71447 1.86289 1.34098 1.52568 0.801073 1.04589 2.09842 1.15717 2.10769 1.80349 1.55685 1.46871 1.46579 1.86028 0.973095 0 1.4145 1.1825 1.35679 1.56428 1.37894 1.15453 1.43388 1.11298 1.74988 0.990393 1.26247 1.86455 1.46627 1.26402 1.16505 1.49878 1.15717 1.39114 1.02089 1.01538 1.6742 1.65168 1.40158 1.20671 1.31459 1.57405 1.16505 1.20985 1.45341 1.40613 1.01538 1.26402 1.53491 1.16505 1.40158 2.24351 1.64964 1.82531 1.42384 1.92347 1.80148 1.71927 1.9619 1.58373 1.20671 2.04199 1.72135 1.49723 1.98379 1.57405 1.58373 1.51984 1.8171 2.1575 1.75431 1.43751 1.38314 1.56638 1.52533 1.80163 1.94034 1.27806 1.65168 1.27806 1.52845 1.5377 1.57601 1.9953 1.69926 1.69926 1.95318 1.31575 
1.62241 1.40904 1.65954 1.27925 1.43759 1.89355 1.40201 1.10722 1.69429 1.7791 1.863 1.96392 1.81911 2.03253 1.40201 1.83184 1.21777 1.46259 2.20306 1.46332 2.21233 2.10965 1.70854 1.638 1.77195 1.98178 1.27925 1.4145 0 1.5992 1.57134 1.40904 1.49749 1.57123 1.59018 1.12335 1.9557 1.40709 1.10722 2.1707 1.52258 1.35587 1.26969 1.60342 1.46332 1.52651 1.3155 1.10722 1.79337 1.75632 1.53695 1.34207 1.58505 1.67869 1.26969 1.31449 1.55805 1.51077 1.10722 1.35587 1.63955 1.26969 1.53695 2.34815 1.74148 1.92995 1.55921 2.01532 1.89333 1.81111 2.05374 1.67558 1.34207 2.13383 1.82599 1.60187 2.08843 1.67869 1.67558 1.62448 1.92544 2.24934 1.85895 1.54215 1.47499 1.65822 1.61717 1.89348 2.03218 1.3827 1.75632 1.3827 1.63309 1.62955 1.66785 2.09994 1.79111 1.79111 2.04503 1.42039 
1.59255 1.57798 1.75239 1.15779 1.20559 1.9597 1.57633 0.985769 1.86862 1.95343 1.74155 1.84246 1.89916 2.04758 1.52568 1.71038 0.985769 1.23058 2.28312 1.34186 2.29239 1.98819 1.74155 1.6534 1.65049 2.04497 1.15779 1.1825 1.5992 0 1.54148 1.74898 1.56363 1.33923 1.61857 1.29767 1.93458 1.17509 1.44716 2.04925 1.65097 1.44872 1.34974 1.68347 1.34186 1.57584 1.20559 1.20007 1.8589 1.83637 1.58628 1.3914 1.49928 1.75875 1.34974 1.39455 1.6381 1.59083 1.20007 1.44872 1.71961 1.34974 1.58628 2.42821 1.83433 2.01 1.60853 2.10817 1.98618 1.90396 2.14659 1.76843 1.3914 2.22668 1.90604 1.68192 2.16849 1.75875 1.76843 1.70454 2.0018 2.34219 1.93901 1.6222 1.56784 1.75107 1.71002 1.98633 2.12503 1.46276 1.83637 1.46276 1.71315 1.7224 1.7607 2.18 1.88396 1.88396 2.13788 1.50044 
0.836049 1.81977 2.24296 0.727736 1.37988 1.2032 2.04245 1.55164 1.77104 1.30817 1.28667 1.41241 1.27718 2.35103 1.94457 1.28032 2.8324 1.40487 1.66169 1.7926 1.53588 1.55814 2.43585 1.11593 2.78545 1.28847 1.85791 1.35679 1.57134 1.54148 0 1.72112 1.75348 1.51352 2.21365 1.94553 1.67473 2.64602 2.89252 2.59454 2.28884 2.08304 1.81547 2.06269 1.77816 2.16103 2.13335 1.69143 2.71793 2.71058 1.99699 1.30923 2.45628 2.55925 1.58169 2.12889 2.06109 1.7804 2.01731 2.14686 2.35296 1.92836 2.22275 1.6717 2.74496 3.05725 1.83065 1.57372 1.45173 1.36951 1.61214 2.38876 1.63671 1.69223 2.7403 2.21438 1.41199 2.38536 2.50638 0.948036 2.92193 1.77537 1.25489 1.10055 2.42792 2.97006 2.34926 2.82288 1.59059 2.33389 2.71527 2.05152 0.956647 2.68243 3.2626 1.49588 2.58712 2.61406 3.42452 1.96647 
1.61582 1.257 1.80932 1.42903 1.58737 2.04333 1.5416 1.257 1.84407 1.92888 1.85641 2.1137 1.96889 2.18231 1.5416 1.82524 1.36755 1.61237 2.35284 1.6131 2.35192 2.25943 1.85641 1.76827 1.92173 2.13156 1.42903 1.56428 1.40904 1.74898 1.72112 0 1.64727 1.72101 1.73996 1.27313 1.99437 1.55687 1.257 2.32048 1.67236 1.50565 1.41947 1.7532 1.6131 1.67629 1.46528 1.257 1.94315 1.9061 1.68673 1.49185 1.73483 1.82847 1.41947 1.46427 1.61432 1.50418 1.257 1.50565 1.78933 1.41947 1.68673 2.49793 1.89126 2.07973 1.70899 2.1398 2.01781 1.93559 2.20352 1.80006 1.49185 2.25831 1.97577 1.74166 2.23821 1.82847 1.80006 1.77426 2.07522 2.39912 2.00873 1.69193 1.62477 1.808 1.74166 2.04326 2.18196 1.53248 1.9061 1.53248 1.78287 1.77933 1.81763 2.24972 1.94089 1.94089 2.19481 1.57017 
0.858201 6.9515 7.50979 0.686105 1.40203 1.06941 1.60789 4.97829 1.74623 1.33032 1.15289 0.856693 1.14339 2.32622 5.95762 1.29228 8.25471 1.42702 1.29735 6.57134 1.4021 1.58029 1.9209 1.13808 2.55559 1.31062 5.91429 1.37894 1.49749 1.56363 1.75348 1.64727 0 1.53567 1.76886 7.44668 7.1551 3.86046 5.44836 1.99187 4.67319 7.09963 6.95912 2.98226 6.94106 4.78985 8.25521 5.73076 3.7943 5.09147 6.06507 5.84188 4.98894 3.76521 5.83103 2.87852 6.89813 6.55474 4.53115 6.83643 1.98275 6.41599 1.95756 1.69385 2.37924 2.67127 7.22058 1.59587 1.47388 1.39167 1.61854 2.233 7.38586 1.71439 2.37458 7.68583 1.43414 3.47516 5.12149 0.970187 2.55172 1.79752 1.27704 1.10694 2.19806 2.60433 3.50507 4.07156 1.61274 7.76737 3.75349 7.50567 0.978798 2.3167 2.93321 1.51803 2.25773 9.19599 3.04303 6.49498 
1.56459 1.55002 1.72443 1.12982 1.17762 1.93173 1.54836 0.957802 1.84065 1.92546 1.71358 1.8145 1.8712 2.01962 1.49771 1.68241 0.957802 1.20262 2.25515 1.3139 2.26442 1.96022 1.71358 1.62544 1.62252 2.01701 1.12982 1.15453 1.57123 1.33923 1.51352 1.72101 1.53567 0 1.59061 1.2697 1.90661 1.14712 1.41919 2.02128 1.623 1.42075 1.32178 1.65551 1.3139 1.54787 1.17762 1.17211 1.83093 1.80841 1.55831 1.36344 1.47132 1.73078 1.32178 1.36658 1.61014 1.56286 1.17211 1.42075 1.69164 1.32178 1.55831 2.40024 1.80637 1.98204 1.58057 2.0802 1.95821 1.876 2.11863 1.74046 1.36344 2.19872 1.87808 1.65396 2.14052 1.73078 1.74046 1.67657 1.97383 2.31422 1.91104 1.59424 1.53987 1.72311 1.68206 1.95836 2.09707 1.43479 1.80841 1.43479 1.68518 1.69443 1.73274 2.15203 1.85599 1.85599 2.10991 1.47248 
0.950893 1.74242 1.90354 0.804827 1.45697 1.1621 1.65467 1.14901 2.3964 1.31279 1.24558 1.40748 1.23608 2.63482 1.36635 1.35742 2.35302 1.48196 1.6206 1.71662 1.49479 1.63523 1.96768 1.23077 2.60236 1.40331 1.76589 1.43388 1.59018 1.61857 2.21365 1.73996 1.76886 1.59061 0 1.61217 2.32869 2.62289 2.50474 2.78482 1.94982 1.7532 1.14792 1.88386 1.83763 1.97794 1.77635 1.37247 2.51908 2.44777 1.90692 1.23086 2.11708 2.37616 1.26499 1.7411 2.11384 1.91685 1.66454 1.79943 1.86896 1.7314 2.00433 1.78655 2.42601 2.55749 1.67309 1.68856 1.54989 1.48436 1.71123 2.16893 1.3436 1.80708 2.41046 2.1551 1.52683 2.32609 2.39614 1.06288 2.59849 1.89022 1.36973 1.03908 2.24483 2.65111 2.28998 2.67345 1.70543 1.83413 2.41986 1.50318 1.07149 2.26052 2.9691 1.61072 2.20155 2.32056 2.96171 1.67297 
0.875488 6.41489 7.19904 0.680665 1.13606 1.0867 1.33844 4.60615 1.6843 0.972246 1.17017 1.33207 1.09844 2.455 6.31586 1.21531 7.03256 1.16106 1.54519 7.43161 1.41939 1.51106 1.74627 1.15537 2.3989 1.32791 7.62143 1.11298 1.12335 1.29767 1.94553 1.27313 7.44668 1.2697 1.61217 0 7.14894 3.42793 3.79991 2.58136 3.97262 6.8307 7.10908 2.70994 6.31719 4.22351 5.98178 5.32397 3.43329 4.65111 4.53038 5.69116 4.48891 3.29954 5.44342 2.44527 7.72772 6.6604 3.91952 7.18091 1.82606 5.59704 1.69824 1.71114 2.22255 2.45234 8.2149 1.61316 1.47558 1.40895 1.57359 2.10535 5.94515 1.73167 2.21789 7.92543 1.45142 3.11415 4.70145 0.987474 2.29805 1.76918 1.29433 1.06199 2.04137 2.44765 3.2063 3.71055 1.63002 8.20651 3.37877 7.50706 0.996086 2.1397 2.7309 1.53532 2.10104 7.70622 2.82411 5.45098 
1.1093 6.52665 8.36153 1.12083 1.77297 1.27824 2.03879 4.64019 2.03167 1.6596 1.55992 1.61885 1.67027 2.24747 6.36604 1.55357 8.03715 1.79797 1.86813 5.97209 1.82865 1.70224 2.33229 1.11257 2.71049 1.59809 6.55999 1.74988 1.9557 1.93458 1.67473 1.99437 7.1551 1.90661 2.32869 7.14894 0 3.77732 5.46699 2.16397 4.60246 6.41233 6.88055 3.33233 6.57737 4.5382 8.13559 5.54472 3.51526 5.13635 5.00497 5.35234 5.00283 3.47042 5.42693 3.08856 6.48983 5.97742 4.55161 7.15348 2.25771 6.06802 2.11919 1.96447 2.6414 2.96199 7.28299 1.59401 1.47202 1.38981 1.90491 2.2852 7.17621 1.71253 2.63674 7.31061 1.70475 3.19612 4.91839 1.2408 2.91828 2.06814 1.54765 1.40354 2.22403 2.8665 3.14121 4.04151 1.88335 7.60904 3.62992 7.43865 1.24941 2.57887 3.19538 1.78864 2.5199 9.07071 3.32096 6.23467 
1.36579 3.7749 3.68956 0.965684 1.01348 1.73294 2.34742 2.54851 2.63877 1.46782 1.54944 1.65035 1.56249 2.57385 3.4278 1.51827 3.56941 1.03848 1.91488 3.25236 1.92415 1.79608 2.77493 1.38138 3.01883 1.72516 3.41396 0.990393 1.40709 1.17509 2.64602 1.55687 3.86046 1.14712 2.62289 3.42793 3.77732 0 3.93174 3.17048 4.04745 3.01865 3.21238 3.74229 3.42158 3.77895 3.33852 2.62631 4.34432 3.70784 3.07585 3.22096 4.00922 3.78935 2.81764 3.6077 3.44011 3.3695 3.49406 3.36749 2.46772 3.22305 2.17527 1.70635 2.73266 3.04036 3.38512 1.73445 1.57674 1.53025 1.79712 2.57607 3.11555 1.85297 2.84676 3.55814 1.44664 4.06091 4.1859 1.36786 2.90505 1.60755 1.60233 1.28553 2.55139 2.95767 4.03934 4.62158 1.77556 3.46045 3.59714 3.46614 1.37647 2.6554 2.93374 1.84332 2.43398 3.61129 3.41212 3.72915 
1.4865 4.06028 5.29004 1.14333 1.28555 1.74152 2.02949 2.96849 2.71646 1.49055 1.72709 1.828 1.68319 3.31369 4.02194 1.69592 4.25647 1.31055 2.06715 4.47095 1.87269 1.97373 2.65678 1.50208 3.0128 1.79807 4.38232 1.26247 1.10722 1.44716 2.89252 1.257 5.44836 1.41919 2.50474 3.79991 5.46699 3.93174 0 3.43011 5.06931 4.54156 4.39027 3.64474 4.81626 5.19862 4.26111 3.64374 4.18137 5.65082 4.56855 3.96586 5.47653 4.09411 3.94457 3.26433 4.56726 4.49954 5.11525 4.65678 2.51711 5.16151 2.46732 2.16445 2.72662 3.03433 4.68713 1.8794 1.75741 1.6752 1.91783 2.63001 4.33669 1.99792 2.87155 4.82871 1.90473 3.87503 5.61577 1.44078 2.89902 2.11343 1.72304 1.40623 2.54536 2.95163 3.87638 4.52684 1.89627 4.95635 4.05593 4.67678 1.44939 2.72169 3.31288 1.96402 2.7793 5.59139 3.40609 5.14344 
1.64267 2.37246 2.88362 1.2355 1.88764 1.66865 2.62385 1.96226 2.58729 2.03572 1.81926 1.70492 1.97687 3.06062 2.29714 1.78809 3.25483 1.91264 2.14558 1.9464 2.25033 1.81691 2.93686 1.63472 3.16662 2.09509 2.34772 1.86455 2.1707 2.04925 2.59454 2.32048 1.99187 2.02128 2.78482 2.58136 2.16397 3.17048 3.43011 0 2.67001 2.57734 2.43816 2.81465 2.01897 2.5422 2.69982 2.18572 3.0386 3.26102 2.72017 2.16165 2.94609 2.80368 2.2159 2.68545 2.51031 2.44228 2.51161 2.68126 2.84277 2.37859 2.81759 2.47832 3.23926 3.54705 2.6469 2.10911 1.98712 1.90491 2.2243 2.97016 2.31741 2.22763 3.2346 2.79578 2.21861 2.71778 3.06951 1.75466 3.41174 2.4199 2.01672 1.69991 2.80909 3.46436 2.81681 3.41708 2.20274 2.81446 3.14582 2.63292 1.76327 3.17672 3.79323 2.2577 3.11775 3.1447 3.91882 2.65461 
0.945537 3.74187 4.32585 0.837224 1.48936 1.15675 1.51443 2.58109 2.25047 1.23497 1.24022 1.40212 0.913396 2.74521 3.48725 1.37962 4.64678 1.51436 1.61524 3.45837 1.28792 1.63676 2.10186 1.19598 2.48755 1.2133 3.84936 1.46627 1.52258 1.65097 2.28884 1.67236 4.67319 1.623 1.94982 3.97262 4.60246 4.04745 5.06931 2.67001 0 3.19271 3.35669 2.89032 3.7122 4.29537 3.52083 2.59024 3.37337 4.73178 4.1085 3.2555 4.65391 3.37117 2.9086 2.41935 3.73273 3.77554 4.28246 3.51498 1.96219 4.0005 1.78693 1.57968 2.09241 2.40558 3.80676 1.48169 1.3597 1.27749 1.43146 1.99396 3.38529 1.60021 2.15877 3.8238 1.31996 2.96263 4.68615 0.856011 2.55585 1.59469 1.16287 0.930091 1.92851 2.3175 3.15704 3.73125 1.49856 3.86459 3.22309 3.57976 0.864623 1.82128 2.56515 1.40385 1.8573 4.45599 2.75433 4.0962 
0.907649 9.60246 6.00327 0.634971 1.28711 1.2748 1.38881 6.53563 2.07579 1.10059 1.21873 1.31964 1.16204 2.21901 9.73597 1.18756 9.21815 1.31211 1.53658 6.51666 1.39656 1.46537 1.91613 0.980929 2.28869 1.17542 6.25009 1.26402 1.35587 1.44872 2.08304 1.50565 7.09963 1.42075 1.7532 6.8307 6.41233 3.01865 4.54156 2.57734 3.19271 0 6.23039 2.17321 5.10829 3.54938 5.63361 5.68759 2.75138 3.40623 4.01395 8.30742 3.53309 2.66597 7.11061 1.73252 7.86222 5.05873 3.46883 8.04692 1.45615 4.01261 1.10916 1.28851 1.56731 1.96915 6.00685 1.08331 0.820381 0.879101 1.19516 1.26282 4.30745 1.20182 1.63368 4.94646 1.0288 2.32066 2.91763 0.684771 2.09108 1.14212 0.973407 0.829292 1.48171 1.79241 2.5006 2.62634 1.1736 5.38877 2.38207 9.12883 0.764411 1.02564 1.84054 1.21439 1.35744 5.91871 2.29922 3.98298 
0.685969 8.10878 6.08327 0.535998 1.18814 1.05312 1.17377 5.12044 1.9494 1.00652 1.11975 1.22067 1.07586 2.12242 6.81656 1.08859 9.49845 1.21313 1.45981 6.69691 1.3858 1.3435 1.77292 0.894749 2.19114 1.13839 6.71121 1.16505 1.26969 1.34974 1.81547 1.41947 6.95912 1.32178 1.14792 7.10908 6.88055 3.21238 4.39027 2.43816 3.35669 6.23039 0 2.08485 5.52468 3.61376 5.85639 4.99468 2.72492 3.75766 4.51064 6.35425 3.67209 2.82333 4.64444 1.94605 7.82182 6.14547 2.79167 6.92272 1.05429 4.0585 1.30459 1.4593 1.71347 1.75857 5.9386 1.27207 1.13149 1.06786 1.31049 1.35426 4.27998 1.39058 1.70881 6.37062 1.19958 2.2423 3.61112 0.735632 2.10025 1.50609 0.953239 0.636435 1.54508 1.93857 2.60442 2.67444 1.28893 5.92979 2.75483 5.3941 0.744243 1.44585 2.21115 1.19423 1.47613 5.83614 2.14704 3.73338 
0.978041 2.51772 1.99347 0.869727 1.52187 1.31883 1.60275 1.80023 2.24194 1.45016 1.40231 1.5544 1.39281 2.57311 2.02575 1.42232 3.56381 1.54686 1.29735 2.72283 1.21502 1.70013 2.11727 1.22848 2.69129 1.24581 2.61524 1.49878 1.60342 1.68347 2.06269 1.7532 2.98226 1.65551 1.88386 2.70994 3.33233 3.74229 3.64474 2.81465 2.89032 2.17321 2.08485 0 2.84518 2.9836 2.7617 1.55904 3.49022 2.88619 2.6301 1.48955 3.19537 3.43841 1.76246 2.45056 2.73186 2.58039 2.54089 1.92739 1.85981 2.70132 1.73476 1.4704 2.0153 2.40797 1.78057 1.46041 1.30167 1.25621 1.49884 1.93262 1.55904 1.57893 2.08167 2.6897 1.35246 3.0883 3.21255 0.888514 2.49368 1.57407 1.19537 1.05126 1.9297 2.2404 3.27323 3.57754 1.47728 2.55446 2.9221 2.35894 0.755345 1.85778 2.49852 1.43636 1.75201 2.72504 2.76588 2.45808 
0.962879 5.62527 7.08531 0.528117 1.18026 0.973932 1.6398 4.03569 1.77091 1.32834 1.11187 1.21279 1.26949 2.24424 5.17527 1.0807 7.24391 1.20525 1.65344 5.56841 1.66271 1.10953 1.98967 1.02373 2.05763 1.4153 5.48902 1.15717 1.46332 1.34186 1.77816 1.6131 6.94106 1.3139 1.83763 6.31719 6.57737 3.42158 4.81626 2.01897 3.7122 5.10829 5.52468 2.84518 0 3.82914 6.70334 3.93441 2.62257 4.12306 4.83606 4.60795 3.96566 2.57772 4.61772 2.46477 4.66297 5.03151 3.96726 5.67537 1.79407 4.93863 1.76114 1.79853 2.02036 2.32815 5.88157 1.29462 1.17263 1.09042 1.51692 1.65416 5.88425 1.41314 2.16537 5.61344 1.53882 2.30343 3.7406 1.07486 2.19284 1.71252 1.30933 0.992529 1.59019 2.24546 2.11188 3.14882 1.49536 6.44561 2.77473 6.09262 1.08348 2.01551 2.6067 1.55032 2.12091 7.76598 2.69991 5.15019 
0.942791 3.92514 4.70285 0.762091 1.41423 1.06095 1.77047 2.43164 2.15378 1.26334 1.34585 1.44676 1.33268 2.5822 3.66403 1.31468 4.79318 1.43923 1.71663 3.57793 1.64263 1.3435 2.12998 1.15157 2.28735 1.39521 3.81576 1.39114 1.52651 1.57584 2.16103 1.67629 4.78985 1.54787 1.97794 4.22351 4.5382 3.77895 5.19862 2.5422 4.29537 3.54938 3.61376 2.9836 3.82914 0 4.21424 2.69535 2.86963 4.85021 4.17131 3.46231 4.66017 3.22277 2.93239 2.75584 3.56852 3.76167 4.3098 3.64845 1.83781 4.01782 1.81263 1.71612 2.22151 2.54209 3.88169 1.46492 1.34293 1.26071 1.56732 2.08403 3.58482 1.58343 2.21685 3.66556 1.4564 2.9843 4.60162 0.992454 2.45328 1.76291 1.21006 1.05572 1.43429 2.44661 2.99845 3.75292 1.54576 3.99973 3.178 3.55707 1.00106 2.15783 2.80785 1.45105 2.18925 4.74631 2.90107 4.12886 
0.884184 6.26838 7.68353 0.680665 0.824162 1.25133 1.4091 4.26021 1.9949 1.1644 1.26442 1.36534 0.913396 2.55452 5.93356 1.23325 6.64442 1.06898 1.65803 6.07211 1.58402 1.51106 2.03861 0.95446 2.44497 1.3366 6.0589 1.02089 1.3155 1.20559 2.13335 1.46528 8.25521 1.17762 1.77635 5.98178 8.13559 3.33852 4.26111 2.69982 3.52083 5.63361 5.85639 2.7617 6.70334 4.21424 0 4.40114 3.04245 4.4211 5.07242 5.47099 3.55745 3.03333 5.0262 2.54375 6.17057 6.00539 4.19042 5.72277 1.77894 5.63992 1.75376 1.65751 2.16264 2.48322 6.4532 1.22163 1.06391 1.01743 1.50871 1.66056 6.35977 1.34015 2.15798 6.24187 1.3978 2.75904 4.31792 0.933847 1.85327 1.70431 1.15145 0.997113 1.99425 2.38774 2.73746 3.31971 1.48715 6.62154 3.19461 6.35221 0.942458 2.04864 2.74898 1.39244 2.13038 7.97924 2.75504 5.27658 
0.716697 7.29118 4.629 0.386329 1.03847 1.08384 0.997198 31.4581 1.68417 1.03725 0.970086 1.071 0.913396 2.04668 7.0575 0.938917 7.42435 1.06346 1.29735 5.081 1.21502 1.21673 1.52451 0.732287 1.93087 0.984464 4.68955 1.01538 1.10722 1.20007 1.69143 1.257 5.73076 1.17211 1.37247 5.32397 5.54472 2.62631 3.64374 2.18572 2.59024 5.68759 4.99468 1.55904 3.93441 2.69535 4.40114 0 2.2066 2.67552 3.35903 6.80889 2.65196 2.12593 8.07414 1.38889 5.25083 4.03179 2.6145 4.78497 1.18777 3.15913 0.966189 1.28851 1.05362 1.57563 4.12197 0.908092 0.786102 0.703888 0.946518 1.17132 2.96573 1.02661 1.24207 3.8047 1.0288 1.67315 2.38091 0.564848 1.65463 1.14212 0.782455 0.636435 1.08666 1.27863 1.90161 2.05525 0.924959 4.38875 1.941 7.03812 0.573459 1.04869 1.63988 1.02344 1.21447 4.8894 1.73309 3.15778 
1.40284 3.02692 3.61309 1.04515 1.69729 1.59807 2.16648 2.2066 2.71068 1.72339 1.62891 1.72982 1.51088 3.1391 3.11262 1.59774 3.98768 1.72229 1.98349 2.52558 1.99277 1.62656 2.67112 1.25803 2.68179 1.76221 2.71002 1.6742 1.79337 1.8589 2.71793 1.94315 3.7943 1.83093 2.51908 3.43329 3.51526 4.34432 4.18137 3.0386 3.37337 2.75138 2.72492 3.49022 2.62257 2.86963 3.04245 2.2066 0 3.50617 3.08027 2.88743 3.14247 3.30813 2.55396 3.26245 2.58066 2.85565 3.26755 3.02392 2.32249 3.22516 2.2973 2.12858 2.5569 2.78873 3.2824 1.52521 1.36749 1.321 1.74552 2.05473 2.90876 1.64372 2.70153 2.71608 1.86887 2.94518 3.36367 1.40492 2.817 1.94111 1.63938 1.23392 2.11851 2.78191 3.01226 3.75484 1.81262 3.16646 3.46941 2.75428 1.41353 2.35415 3.0545 1.88037 2.58149 3.67294 3.06055 3.07312 
1.36579 4.26288 3.9681 1.02263 1.67477 1.73294 2.08529 3.19387 2.70333 1.68634 1.60638 1.7073 1.56249 2.97418 3.87906 1.57522 5.17232 1.69976 1.8341 4.10639 1.75178 1.85303 2.59981 1.38138 2.85659 1.70762 3.95195 1.65168 1.75632 1.83637 2.71058 1.9061 5.09147 1.80841 2.44777 4.65111 5.13635 3.70784 5.65082 3.26102 4.73178 3.40623 3.75766 2.88619 4.12306 4.85021 4.4211 2.67552 3.50617 0 4.3931 3.59438 4.73316 2.96278 3.61115 2.96466 3.75111 3.9375 4.83975 3.53174 2.15263 3.97588 2.12745 1.6265 2.34323 2.66381 3.83989 1.45217 1.29445 1.24796 1.66976 2.0446 3.73453 1.57068 2.50103 3.60102 1.36678 3.02125 4.53708 1.28801 2.73001 1.48019 1.50561 1.28553 2.17484 2.56833 3.20118 3.56913 1.64821 3.97256 2.88055 3.99481 1.28709 2.26606 2.5444 1.7466 2.07139 4.48478 3.01172 4.18107 
