0 520 670 528 1034 918 254 364 236 592 752 1214 1044 1130 192 866 968 694 1282 612 1128 1210 800 710 790 1004 480 1144 790 1284 466 1482 578 740 508 582 550 520 1132 1290 508 474 360 630 680 690 460 380 930 948 488 38 598 856 188 594 762 690 396 450 656 380 262 1008 974 1172 252 1240 676 444 1302 928 100 1130 574 796 604 988 910 162 1226 1348 910 642 582 774 842 952 874 584 914 468 570 898 504 1072 876 876 684 498 
520 0 3078 320 826 710 1020 780 1020 826 232 1006 914 1602 3090 346 3420 486 1074 1616 1302 1002 963 404 873 980 1088 936 582 1076 768 962 1295 532 696 1888 3409 624 2770 1623 1710 2250 1422 1212 1652 1245 882 1780 1444 2390 2166 2410 975 1296 2440 772 3465 1536 850 2130 1182 1068 843 1452 1425 1722 2848 1166 652 420 1278 1281 1904 1106 1311 2888 1048 1560 2090 606 1716 1324 1004 598 837 1125 1636 1856 850 2240 1780 2220 546 1311 720 1324 1371 3199 990 1362 
670 3078 0 852 1358 1242 810 2532 1245 1084 1076 1538 1330 2400 1673 1190 4646 1018 982 3400 458 1534 1629 976 1671 1144 2938 1468 1114 1608 1566 1680 3191 1064 1494 3174 4406 1688 3100 2421 1996 1981 3074 476 3638 2575 2868 1832 2508 2485 3050 2212 2305 2360 2482 1744 3169 3470 1260 1897 1677 1526 1131 1542 1623 1920 2811 1348 784 552 1410 1554 2429 1238 1599 3288 1198 2412 2545 756 1977 1456 1136 1114 1035 1323 1900 2120 982 2546 2044 2140 678 1485 918 1456 1545 3605 1188 3011 
528 320 852 0 834 718 706 164 688 834 552 794 922 1076 644 666 768 494 1082 412 1310 1010 650 716 590 988 60 944 590 1084 520 1282 378 540 472 480 1002 320 1116 1090 692 458 324 614 480 506 260 364 730 932 730 490 398 656 496 394 662 704 348 434 796 364 570 1460 958 1156 704 1140 660 428 1286 828 552 1114 882 696 1056 788 810 614 1152 1332 1012 606 566 758 826 936 858 568 898 452 554 882 488 1332 922 922 668 462 
1034 826 1358 834 0 1224 1212 670 1194 1340 1058 1520 1236 1582 1150 1172 372 1000 1588 918 1816 1516 1156 1230 1096 1494 786 548 1096 818 1026 1382 884 1046 978 986 1508 826 942 1596 1198 964 830 1120 986 1012 574 870 1236 1438 1236 996 904 1162 1002 900 1252 1210 854 940 1302 870 1076 1966 1464 1662 1210 1730 1166 934 1792 1380 1058 1620 1388 1248 1562 1294 1362 1120 1466 1838 1518 1112 1072 1264 1332 1442 1364 1074 1404 958 1060 1388 994 1838 1428 1428 1174 968 
918 710 1242 718 1224 0 968 554 1078 1224 942 1404 1312 1466 906 1056 1158 884 1472 306 1700 1214 1040 1114 484 1378 670 1334 980 1474 910 1672 768 930 862 870 976 710 1506 984 1082 848 714 1004 238 400 650 754 1120 1322 1120 880 788 550 886 784 874 1094 738 824 1186 754 960 1850 1348 1546 1094 1352 1050 818 1676 1040 942 1504 1272 908 1446 682 1022 1004 1542 1722 1402 996 956 1148 1046 1326 1248 958 1288 842 944 1272 878 1722 1312 1312 1058 852 
254 1020 810 706 1212 968 0 813 621 770 912 1164 790 1962 93 1026 1719 872 1224 1185 998 1388 1005 888 1452 1182 987 1322 968 1462 966 1438 780 918 918 492 1092 1047 1497 2202 381 978 807 1167 1287 1302 957 837 1662 1689 999 324 1164 1551 549 1158 1410 1302 861 942 1251 837 660 1186 1728 1797 645 1418 854 622 1328 1659 417 1308 1128 1461 782 1749 1632 340 2106 1374 1088 820 1140 1428 1530 1695 1052 915 1638 741 748 1395 795 1250 1581 1581 1293 1014 
364 780 2532 164 670 554 813 0 786 670 388 850 758 1368 2640 502 2718 330 918 992 1146 846 729 560 639 824 464 780 426 920 534 1118 749 376 462 1264 3149 312 2380 1389 1320 1770 720 900 1106 855 336 3382 1132 2000 1698 1956 585 984 2580 460 2910 2160 460 1350 948 600 609 1296 1191 1488 2224 1060 496 264 1122 1122 1358 950 1077 2464 892 1248 1825 450 1482 1168 848 442 603 891 1324 1544 694 1616 1468 1584 390 1077 486 1168 1137 2653 756 894 
236 1020 1245 688 1194 1078 621 786 0 752 912 1374 1204 1839 528 1026 1692 854 1442 1158 1288 1370 1440 870 1425 1164 960 1304 950 1444 939 1642 1107 900 1002 1113 471 1020 1938 1905 1002 951 780 1185 1260 1275 930 810 1635 1662 972 297 1137 1524 522 1131 1383 1275 834 915 1224 810 633 1168 1701 1998 618 1400 836 604 1462 1632 390 1290 1101 1434 764 1722 1605 322 2079 1508 1070 802 1113 1401 1503 1668 1034 1116 1611 942 730 1587 996 1232 1554 1554 1266 987 
592 826 1084 834 1340 1224 770 670 752 0 1058 1520 1428 746 708 1172 1274 1000 1588 918 1542 1516 1156 730 1096 1252 786 1450 1096 1590 982 1788 884 1046 724 956 1066 826 1348 1596 924 628 576 846 986 906 766 596 1236 1164 104 554 904 1162 404 900 978 710 612 652 872 596 330 1400 1190 1388 644 1456 892 660 1518 1114 492 1346 790 1012 996 1294 1126 554 1428 1564 1126 858 798 990 1058 1168 1090 800 1130 684 786 1100 720 1288 1092 1092 900 714 
752 232 1076 552 1058 942 912 388 912 1058 0 1238 1146 1300 850 578 992 718 1306 636 1534 1234 634 636 814 1212 504 1168 814 1308 744 1194 602 764 696 704 1206 544 1340 1314 916 682 548 838 704 730 484 588 954 1156 954 714 622 880 720 618 920 616 572 658 1020 588 794 1684 1182 1380 928 1398 884 652 1510 1086 776 1338 1106 954 1280 1012 1068 838 1376 1556 1236 830 790 982 1050 1160 1082 792 1122 676 778 1106 712 1556 1146 1146 892 686 
1214 1006 1538 794 1520 1404 1164 850 1374 1520 1238 0 1608 1762 1102 1352 1454 1180 1348 1098 1996 1696 1336 1390 1276 1674 734 1630 1276 1770 1206 1968 644 1226 1158 1166 1542 1006 1802 1628 1378 1144 1010 1300 1166 1192 946 1050 1416 1618 1416 1176 1084 1342 1182 1080 1336 1390 1034 1120 1482 1050 1256 2146 1644 1842 1390 1814 1346 1114 1972 1502 1238 1800 1568 1370 1742 1474 1484 1300 1838 2018 1698 1292 1252 1444 1508 1622 1544 1254 1584 1138 1240 1568 1174 2018 1608 1608 1354 1148 
1044 914 1330 922 1236 1312 790 758 1204 1428 1146 1608 0 1670 852 1260 1362 1088 1676 1006 1788 1604 1244 1318 1184 1520 874 1538 1184 1678 1114 1876 972 1134 1066 1074 1518 914 1616 1684 536 958 918 1114 1074 1100 662 864 1324 1432 1324 1006 992 1250 1056 988 1246 1298 880 934 1390 864 1130 1976 1458 1480 1220 1724 1160 928 1610 1412 1068 1614 1442 1280 1572 1382 1394 1130 1554 1656 1512 1200 1066 1258 1326 1436 1358 892 1398 776 1054 1212 812 1832 1422 1422 1168 1056 
1130 1602 2400 1076 1582 1466 1962 1368 1839 746 1300 1762 1670 0 1869 1414 2274 1242 1830 1740 2058 1758 2097 1268 2007 1736 1542 1692 1338 1832 1902 2030 1689 1288 1830 1842 1368 1134 2796 2757 2160 1749 1608 2043 1842 1881 1512 1668 2217 2292 963 1638 1719 2106 1413 1713 2241 1872 1644 1773 2115 1668 1302 1938 2559 2856 1773 1972 1408 1176 2034 2478 1545 1862 1992 2292 1534 2304 2463 1092 2850 2080 1664 1354 1971 2259 2361 2526 1606 1974 2343 1800 1302 2445 1854 1826 2445 2445 2124 1815 
192 3090 1673 644 1150 906 93 2640 528 708 850 1102 852 1869 0 964 4878 810 1162 2912 936 1326 912 826 1359 1120 2384 1260 906 1400 873 1500 1603 856 825 2169 3021 1272 2650 2109 1044 3489 2142 1432 2786 2015 2016 2876 2092 2815 2254 847 1785 1944 1908 1420 4464 3224 1280 2904 1158 1488 567 1124 1635 1890 1536 1356 792 560 1390 1566 756 1246 1035 3648 720 2208 2565 278 2013 1436 1026 758 1047 1335 1916 2136 990 2744 2060 3156 686 1488 888 1188 1488 3534 1200 1842 
866 346 1190 666 1172 1056 1026 502 1026 1172 578 1352 1260 1414 964 0 1106 832 1420 750 1648 1348 988 750 928 1326 618 1282 928 1422 858 1308 716 878 810 818 1320 658 1454 1428 1030 796 662 952 818 844 598 702 1068 1270 1068 828 736 994 834 732 1034 730 686 772 1134 702 908 1798 1296 1494 1042 1512 998 766 1624 1200 890 1452 1220 1068 1394 1126 1182 952 1490 1670 1350 944 904 1096 1164 1274 1196 906 1236 790 892 1220 826 1670 1260 1260 1006 800 
968 3420 4646 768 372 1158 1719 2718 1692 1274 992 1454 1362 2274 4878 1106 0 762 1522 3408 1750 1450 1635 1164 1545 1428 2880 176 1030 446 1440 1010 2863 934 1368 3640 5263 1520 1425 2295 2830 4041 3438 2108 3220 2365 2450 3618 2340 3510 3510 4185 2095 2192 4212 1668 5337 4576 1970 3933 1854 2412 1515 1900 2097 2394 4640 1664 1100 868 1726 2028 3472 1554 1983 4880 1496 2456 3335 1054 2388 1772 1452 1046 1509 1797 2532 2752 1298 4032 2676 4014 994 1983 1392 1772 2043 4767 1662 2706 
694 486 1018 494 1000 884 872 330 854 1000 718 1180 1088 1242 810 832 762 0 1248 578 1476 1176 816 890 756 1154 446 938 756 1208 686 1448 544 706 638 646 1168 486 1282 1256 858 624 490 780 646 672 426 530 896 1098 896 656 564 822 662 560 912 870 514 600 962 530 736 1626 1124 1322 870 1390 826 594 1452 1078 718 1280 1048 946 1222 954 1060 780 1318 1498 1178 772 732 924 992 1102 1024 734 1064 618 720 1048 654 1498 1088 1088 834 628 
1282 1074 982 1082 1588 1472 1224 918 1442 1588 1306 1348 1676 1830 1162 1420 1522 1248 0 1166 1440 1764 1404 1478 1344 1742 1034 1698 1344 1838 1274 2036 704 1294 1226 1234 1602 1074 1870 1688 1446 1212 1078 1220 1234 1260 1014 1118 1484 1686 1484 1244 1152 1410 1250 1148 1500 1458 1102 1188 1550 1118 1324 2214 1712 1910 1458 1978 1414 1182 2040 1666 1306 1868 1636 1534 1810 1542 1648 1368 1906 2086 1766 1360 1320 1512 1580 1690 1612 1322 1652 1206 1308 1636 1242 2086 1676 1676 1422 1216 
612 1616 3400 412 918 306 1185 992 1158 918 636 1098 1006 1740 2912 750 3408 578 1166 0 1394 908 1101 808 267 1072 1456 1028 674 1168 906 1366 1617 624 834 2256 2821 808 3000 1017 1940 2168 1632 1396 238 235 1204 1792 1628 2620 2442 2296 1205 488 2320 956 2855 3152 1080 2072 1320 1344 981 1544 1563 1860 3216 1182 744 512 1370 1305 2226 1198 1449 2991 1140 752 2130 698 1854 1416 1096 690 975 1263 1752 2040 942 2608 1964 2144 638 1449 858 1416 1509 3521 1128 1638 
1128 1302 458 1310 1816 1700 998 1146 1288 1542 1534 1996 1788 2058 936 1648 1750 1476 1440 1394 0 1992 1544 1434 1572 1602 1262 1926 1572 2066 1502 2138 1360 1522 1454 1326 1602 1302 1698 2072 1252 1024 1306 696 1462 1488 1242 946 1712 1452 1438 1090 1380 1638 1138 1330 1328 1414 962 1000 1576 946 1212 2000 1540 1738 1244 1806 1242 1010 1868 1494 1152 1696 1524 1362 1656 1664 1476 1214 1776 1914 1594 1572 1148 1340 1408 1518 1440 1150 1480 1034 1136 1448 1070 1914 1488 1488 1250 1444 
1210 1002 1534 1010 1516 1214 1388 846 1370 1516 1234 1696 1604 1758 1326 1348 1450 1176 1764 908 1992 0 1332 1406 730 1670 962 1626 1272 1766 1202 1964 1060 1222 1154 1162 1684 1002 1798 1586 1374 1140 1006 1296 976 1002 942 1046 1412 1614 1412 1172 1080 1152 1178 1076 1428 1386 1030 1116 1478 1046 1252 2142 1640 1838 1386 1906 1342 1110 1968 1594 1234 1796 1564 1462 1738 1284 1576 1296 1834 2014 1694 1288 1248 1440 1508 1618 1540 1250 1580 1134 1236 1564 1170 2014 1604 1604 1350 1144 
800 963 1629 650 1156 1040 1005 729 1440 1156 634 1336 1244 2097 912 988 1635 816 1404 1101 1544 1332 0 1046 1368 1310 903 1266 912 1406 1263 1604 1050 862 1191 1203 1911 963 2157 2118 1386 1170 969 1404 1203 1242 873 1029 1578 1881 1578 1143 1080 1467 1227 1074 1602 1539 1005 1134 1677 1029 1338 1732 1920 2217 1464 1546 982 750 1608 1851 1236 1436 1806 1653 1328 1665 1824 886 2211 1654 1334 928 1332 1620 1722 1887 1180 1335 1830 1161 876 1806 1215 1654 1866 1866 1485 1176 
710 404 976 716 1230 1114 888 560 870 730 636 1390 1318 1268 826 750 1164 890 1478 808 1434 1406 1046 0 986 1144 656 1340 986 1480 916 1366 774 936 868 876 610 716 1240 1486 816 582 720 738 876 902 656 488 1126 1056 626 672 794 862 680 790 324 20 504 558 1118 488 754 1642 1082 1280 886 802 784 552 1410 490 734 1238 1066 358 1238 730 472 796 1334 1456 1136 1002 690 882 496 1060 982 692 1022 576 678 1006 612 1456 1046 1046 792 858 
790 873 1671 590 1096 484 1452 639 1425 1096 814 1276 1184 2007 1359 928 1545 756 1344 267 1572 730 1368 986 0 1250 813 1206 852 1346 1173 1544 960 802 1101 1113 1476 873 2067 1284 1431 1080 879 1314 369 408 783 939 1488 1791 1488 1128 990 633 1137 984 1323 1449 915 1044 1587 939 1248 1722 1830 2127 1449 1360 922 690 1548 1572 1221 1376 1716 1374 1318 831 1545 876 2121 1594 1274 868 1242 1530 1581 1797 1120 1245 1740 1071 816 1716 1125 1594 1776 1776 1395 1086 
1004 980 1144 988 1494 1378 1182 824 1164 1252 1212 1674 1520 1736 1120 1326 1428 1154 1742 1072 1602 1670 1310 1144 1250 0 940 1604 1250 1744 1180 1848 1038 1200 1132 1140 1478 980 1408 1750 984 750 984 906 1140 1166 920 656 1390 1224 1148 966 1058 1316 848 1040 1038 1124 640 726 1286 656 922 1844 1250 1448 1088 1516 952 720 1578 1204 936 1406 1234 1072 1440 1374 1186 998 1502 1624 1304 1266 858 1050 1118 1228 1150 860 1190 744 846 1174 780 1624 1214 1214 960 1122 
480 1088 2938 60 786 670 987 464 960 786 504 734 874 1542 2384 618 2880 446 1034 1456 1262 962 903 656 813 940 0 896 542 1036 708 1234 1155 492 636 1728 3555 544 2670 1563 1610 1640 1104 1132 1512 1145 742 1264 1364 2290 2046 1768 875 1216 1792 692 2408 2624 750 1544 1122 948 783 1412 1365 1662 2688 1080 612 380 1238 1152 1764 1066 1251 2544 1008 1480 1875 566 1656 1284 964 558 777 1065 1548 1776 810 2080 1700 1616 506 1251 660 1284 1311 3059 930 1242 
1144 936 1468 944 548 1334 1322 780 1304 1450 1168 1630 1538 1692 1260 1282 176 938 1698 1028 1926 1626 1266 1340 1206 1604 896 0 1206 622 1136 1186 994 1110 1088 1086 1618 936 746 1706 1308 1074 940 1230 1096 1122 876 980 1346 1548 1346 1106 1014 1272 1112 1010 1362 1320 964 1050 1412 980 1186 2076 1574 1772 1320 1840 1276 1044 1902 1528 1168 1730 1498 1396 1672 1404 1510 1230 1768 1948 1628 1222 1182 1374 1442 1552 1474 1184 1514 1068 1170 1498 1104 1948 1538 1538 1284 1078 
790 582 1114 590 1096 980 968 426 950 1096 814 1276 1184 1338 906 928 1030 756 1344 674 1572 1272 912 986 852 1250 542 1206 0 1346 782 1270 640 802 734 742 1264 582 830 1352 954 720 586 876 742 768 522 626 992 1194 992 752 660 918 758 656 1008 966 610 696 1058 626 832 1722 1220 1418 966 1486 922 690 1548 1174 814 1376 1144 1042 1318 1050 1156 876 1414 1594 1274 868 828 1020 1088 1198 1120 830 1160 714 816 1144 750 1594 1184 1184 930 724 
1284 1076 1608 1084 818 1474 1462 920 1444 1590 1308 1770 1678 1832 1400 1422 446 1208 1838 1168 2066 1766 1406 1480 1346 1744 1036 622 1346 0 1276 1456 1134 1296 1228 1236 1758 1076 1016 1846 1448 1214 1080 1370 1236 1262 1016 1120 1486 1688 1486 1246 1154 1412 1252 1150 1502 1460 1104 1190 1552 1120 1326 2216 1714 1912 1460 1980 1416 1184 2042 1668 1308 1870 1638 1536 1812 1544 1650 1370 1908 2088 1768 1362 1322 1514 1582 1692 1614 1324 1654 1208 1310 1638 1244 2088 1678 1678 1424 1218 
466 768 1566 520 1026 910 966 534 939 982 744 1206 1114 1902 873 858 1440 686 1274 906 1502 1202 1263 916 1173 1180 708 1136 782 1276 0 1474 855 732 996 1008 1410 768 1962 1923 1326 975 774 1209 1008 1047 678 834 1383 1686 1317 642 885 1272 867 879 1407 1344 810 939 1482 834 978 1398 1725 2022 963 1416 852 620 1478 1656 735 1306 1446 1458 994 1470 1629 552 2016 1524 1204 798 1137 1425 1527 1692 1050 1140 1635 966 746 1611 1020 1462 1671 1671 1290 981 
1482 962 1680 1282 1382 1672 1438 1118 1642 1788 1194 1968 1876 2030 1500 1308 1010 1448 2036 1366 2138 1964 1604 1366 1544 1848 1234 1186 1270 1456 1474 0 1332 1494 1426 1110 1936 1274 440 2044 1520 1286 1278 1442 1434 1460 1214 1192 1684 1760 1684 1444 1352 1610 1384 1348 1574 1346 1208 1262 1750 1192 1458 2380 1786 1984 1624 2052 1488 1256 2114 1740 1472 1942 1770 1608 1976 1742 1722 1534 2038 2160 1840 1560 1394 1586 1654 1764 1686 1396 1726 1280 1382 1710 1316 2160 1750 1750 1496 1416 
578 1295 3191 378 884 768 780 749 1107 884 602 644 972 1689 1603 716 2863 544 704 1617 1360 1060 1050 774 960 1038 1155 994 640 1134 855 1332 0 590 783 1855 3143 740 2915 1476 1855 1778 1309 1328 1855 1390 1085 1449 1560 2535 2340 1890 1120 1412 1911 888 2786 2639 995 1694 1269 1242 930 1510 1512 1809 2639 1274 710 478 1336 1443 2107 1164 1398 2905 1106 1676 2360 664 1803 1382 1062 656 924 1212 1752 1972 908 2163 1896 1757 604 1398 807 1382 1458 3402 1077 1536 
740 532 1064 540 1046 930 918 376 900 1046 764 1226 1134 1288 856 878 934 706 1294 624 1522 1222 862 936 802 1200 492 1110 802 1296 732 1494 590 0 684 692 1214 532 1328 1302 904 670 536 826 692 718 472 576 942 1144 942 702 610 868 708 606 958 916 560 646 1008 576 782 1672 1170 1368 916 1436 872 640 1498 1124 764 1326 1094 992 1268 1000 1106 826 1364 1544 1224 818 778 970 1038 1148 1070 780 1110 664 766 1094 700 1544 1134 1134 880 674 
508 696 1494 472 978 862 918 462 1002 724 696 1158 1066 1830 825 810 1368 638 1226 834 1454 1154 1191 868 1101 1132 636 1088 734 1228 996 1426 783 684 0 936 1473 696 1890 1851 1254 903 222 1137 936 975 606 762 1311 1614 930 705 813 1200 480 807 1335 1272 738 867 930 762 591 1316 1653 1560 840 1368 804 572 1430 1485 612 1258 1059 1386 912 1398 1512 470 1944 1476 1042 430 1065 1353 1455 1620 1002 801 1563 894 698 1281 948 1204 1599 1599 1218 429 
582 1888 3174 480 986 870 492 1264 1113 956 704 1166 1074 1842 2169 818 3640 646 1234 2256 1326 1162 1203 876 1113 1140 1728 1086 742 1236 1008 1110 1855 692 936 0 4010 944 1675 1863 1586 2440 1904 1532 2212 1645 1442 2064 1764 2790 2646 2323 1375 1616 2592 1092 3592 3424 1250 2344 1422 1548 1083 1514 1665 1962 3243 1376 812 580 1438 1596 2219 1266 1551 3728 1110 1880 2615 668 1956 1484 1164 758 1077 1365 1956 2176 1010 2880 2100 2416 706 1551 960 1484 1611 3759 1230 1842 
550 3409 4406 1002 1508 976 1092 3149 471 1066 1206 1542 1518 1368 3021 1320 5263 1168 1602 2821 1602 1684 1911 610 1476 1478 3555 1618 1264 1758 1410 1936 3143 1214 1473 4010 0 1988 4015 1434 2555 3522 3299 2208 2583 2250 3485 3193 2808 3710 3120 2522 2680 2100 2905 2136 3129 2065 2175 3438 1695 2664 1104 1482 2172 2469 3271 1372 1150 918 1776 1590 2739 1604 1572 3248 1078 2364 2605 636 2550 1822 1384 1116 1584 1872 2132 2852 1348 3907 2776 3501 1044 2058 1467 1546 2025 4991 1737 3106 
520 624 1688 320 826 710 1047 312 1020 826 544 1006 914 1134 1272 658 1520 486 1074 808 1302 1002 963 716 873 980 544 936 582 1076 768 1274 740 532 696 944 1988 0 2216 1623 1368 900 632 1212 944 996 504 712 1444 1544 1444 964 780 1296 976 772 1476 1392 680 852 1182 712 843 1452 1425 1722 1392 1216 652 420 1278 1356 1088 1106 1311 1544 1048 1560 1772 606 1716 1324 1004 598 837 1125 1636 1856 850 1120 1612 888 546 1311 720 1324 1371 1828 990 908 
1132 2770 3100 1116 942 1506 1497 2380 1938 1348 1340 1802 1616 2796 2650 1454 1425 1282 1870 3000 1698 1798 2157 1240 2067 1408 2670 746 830 1016 1962 440 2915 1328 1890 1675 4015 2216 0 2817 2700 2115 2780 2004 3170 3235 2620 1880 3036 3455 3173 2735 2965 2888 2360 2272 2835 3050 1920 2055 2073 1880 1527 1940 2019 2316 2960 1612 1048 816 1674 1950 2580 1502 1995 2920 1536 2940 3205 1094 2397 1720 1400 1378 1431 1719 2428 2648 1246 2390 2572 2100 942 1905 1314 1720 1965 3275 1584 3125 
1290 1623 2421 1090 1596 984 2202 1389 1905 1596 1314 1628 1684 2757 2109 1428 2295 1256 1688 1017 2072 1586 2118 1486 1284 1750 1563 1706 1352 1846 1923 2044 1476 1302 1851 1863 1434 1623 2817 0 2181 1830 1629 2064 1119 1158 1533 1689 2238 2541 2238 1878 1740 1383 1887 1734 2073 2199 1665 1794 2337 1689 1998 2222 2580 2877 2199 1860 1422 1190 2048 2322 1971 1876 2466 2124 1818 1581 2295 1376 2871 2094 1774 1368 1992 2280 2331 2547 1620 1995 2490 1821 1316 2466 1875 2094 2526 2526 2145 1836 
508 1710 1996 692 1198 1082 381 1320 1002 924 916 1378 536 2160 1044 1030 2830 858 1446 1940 1252 1374 1386 816 1431 984 1610 1308 954 1448 1326 1520 1855 904 1254 1586 2555 1368 2700 2181 0 1055 1720 1156 2110 2175 1560 820 2188 2395 2113 1275 1905 2040 1300 1424 1775 1990 860 995 1437 820 891 1440 1383 1416 1748 1188 624 392 1074 1314 1368 1078 1359 1860 1036 2092 2145 594 1761 1120 976 778 795 1083 1580 1800 822 890 1724 600 518 1014 414 1296 1329 2215 948 2065 
474 2250 1981 458 964 848 978 1770 951 628 682 1144 958 1749 3489 796 4041 624 1212 2168 1024 1140 1170 582 1080 750 1640 1074 720 1214 975 1286 1778 670 903 2440 3522 900 2115 1830 1055 0 2043 688 2135 1590 1365 670 1720 1810 1572 2678 1320 1572 1669 956 2380 2248 275 120 1086 282 540 1282 939 1329 2230 954 390 158 1016 729 1309 844 1008 2040 878 1624 1320 436 1200 1062 742 720 444 732 1112 1332 588 1192 1256 1154 284 708 327 1062 696 1624 597 1776 
360 1422 3074 324 830 714 807 720 780 576 548 1010 918 1608 2142 662 3438 490 1078 1632 1306 1006 969 720 879 984 1104 940 586 1080 774 1278 1309 536 222 1904 3299 632 2780 1629 1720 2043 0 1220 1666 1255 896 1620 1452 2400 1670 1449 985 1304 774 780 3339 2800 860 1935 708 1080 369 1168 1431 1338 1766 1220 656 424 1282 1263 910 1110 837 3104 764 1568 2165 322 1722 1328 894 282 843 1131 1644 1864 854 1544 1788 2016 550 1059 726 1056 1377 3213 996 414 
630 1212 476 614 1120 1004 1167 900 1185 846 838 1300 1114 2043 1432 952 2108 780 1220 1396 696 1296 1404 738 1314 906 1132 1230 876 1370 1209 1442 1328 826 1137 1532 2208 1212 2004 2064 1156 688 1220 0 1532 1584 1092 500 2032 1636 1484 1184 1368 1884 884 1268 1264 1436 532 640 1320 500 774 1304 1266 1563 1096 1110 546 314 1172 1197 1060 1000 1242 1332 1034 1936 1560 592 1644 1218 898 876 678 966 1424 1644 744 908 1568 676 440 1152 561 1218 1212 1616 831 1496 
680 1652 3638 480 986 238 1287 1106 1260 986 704 1166 1074 1842 2786 818 3220 646 1234 238 1462 976 1203 876 369 1140 1512 1096 742 1236 1008 1434 1855 692 936 2212 2583 944 3170 1119 2110 2135 1666 1532 0 405 1442 1806 1764 2790 2646 2247 1375 624 2268 1092 2226 2996 1250 2051 1422 1548 1083 1612 1665 1962 2996 1114 812 580 1438 1203 2464 1266 1551 2345 1208 888 1960 766 1956 1484 1164 758 1077 1365 1616 2176 1010 2520 2100 2114 706 1551 960 1484 1611 3759 1230 1842 
690 1245 2575 506 1012 400 1302 855 1275 906 730 1192 1100 1881 2015 844 2365 672 1260 235 1488 1002 1242 902 408 1166 1145 1122 768 1262 1047 1460 1390 718 975 1645 2250 996 3235 1158 2175 1590 1255 1584 405 0 1095 1355 1668 2855 2058 1630 1440 676 1255 1144 1995 2205 1315 1530 1455 1355 864 1498 1704 2001 1855 1276 838 606 1464 1446 1475 1292 1332 2080 1094 940 2365 652 1995 1510 1190 784 1116 1404 1940 2228 1036 1865 2152 1575 732 1590 999 1386 1650 2750 1269 1600 
460 882 2868 260 574 650 957 336 930 766 484 946 662 1512 2016 598 2450 426 1014 1204 1242 942 873 656 783 920 742 876 522 1016 678 1214 1085 472 606 1442 3485 504 2620 1533 1560 1365 896 1092 1442 1095 0 1036 1324 2240 1986 1477 825 1176 1498 652 2373 2226 700 1281 1092 888 753 1392 1335 1632 2226 1156 592 360 1218 1209 1694 1046 1221 2359 988 1440 1970 546 1338 1264 944 538 747 1035 1516 1736 790 1750 1660 1344 486 1221 630 1264 1281 2989 900 1182 
380 1780 1832 364 870 754 837 3382 810 596 588 1050 864 1668 2876 702 3618 530 1118 1792 946 1046 1029 488 939 656 1264 980 626 1120 834 1192 1449 576 762 2064 3193 712 1880 1689 820 670 1620 500 1806 1355 1036 0 1532 1575 1602 2328 1085 1384 2055 768 1910 1872 40 350 945 0 399 1188 891 1188 1854 860 296 64 922 822 980 750 867 1664 784 1436 1325 342 1269 968 648 626 303 591 924 1144 494 816 1068 484 190 777 186 968 837 1953 456 1494 
930 1444 2508 730 1236 1120 1662 1132 1635 1236 954 1416 1324 2217 2092 1068 2340 896 1484 1628 1712 1412 1578 1126 1488 1390 1364 1346 992 1486 1383 1684 1560 942 1311 1764 2808 1444 3036 2238 2188 1720 1452 2032 1764 1668 1324 1532 0 2668 2264 1784 1600 2116 1796 1592 1692 2212 1500 1672 1797 1532 1458 1862 2040 2337 2212 1324 1062 830 1688 1416 1908 1516 1926 1624 1458 2380 1852 1016 2331 1734 1414 1008 1452 1740 1900 2676 1260 1940 2600 1708 956 1926 1335 1734 1986 2648 1605 1728 
948 2390 2485 932 1438 1322 1689 2000 1662 1164 1156 1618 1432 2292 2815 1270 3510 1098 1686 2620 1452 1614 1881 1056 1791 1224 2290 1548 1194 1688 1686 1760 2535 1144 1614 2790 3710 1544 3455 2541 2395 1810 2400 1636 2790 2855 2240 1575 2668 0 2867 2430 2585 1772 2055 1904 2250 2674 1615 1750 1797 1575 1251 1180 1743 2040 2619 1378 864 632 1490 1497 2275 1318 1719 2165 1066 2036 2450 910 2121 1108 1216 1194 1155 1443 2008 2280 1062 2085 68 1795 758 1629 1038 1536 537 1434 1308 2745 
488 2166 3050 730 1236 1120 999 1698 972 104 954 1416 1324 963 2254 1068 3510 896 1484 2442 1438 1412 1578 626 1488 1148 2046 1346 992 1486 1317 1684 2340 942 930 2646 3120 1444 3173 2238 2113 1572 1670 1484 2646 2058 1986 1602 2264 2867 0 1792 2000 2116 1410 1592 2658 1818 1333 1644 1152 1602 339 1296 1629 1926 2130 1352 788 556 1414 1515 1674 1242 1029 2760 892 2380 2558 450 1986 1460 1022 754 1041 1329 1908 2128 986 2214 2052 1866 682 1494 924 1184 1482 2964 1194 2084 
38 2410 2212 490 996 880 324 1956 297 554 714 1176 1006 1638 847 828 4185 656 1244 2296 1090 1172 1143 672 1128 966 1768 1106 752 1246 642 1444 1890 702 705 2323 2522 964 2735 1878 1275 2678 1449 1184 2247 1630 1477 2328 1784 2430 1792 0 1400 1636 1254 1112 3712 2608 895 2152 927 1026 336 970 1404 1701 920 1202 638 406 1264 1335 217 1092 804 3032 566 1900 2180 124 1782 1310 872 604 816 1104 1608 1828 836 2184 1752 2549 532 1290 699 1034 1257 2995 969 1380 
598 975 2305 398 904 788 1164 585 1137 904 622 1084 992 1719 1785 736 2095 564 1152 1205 1380 1080 1080 794 990 1058 875 1014 660 1154 885 1352 1120 610 813 1375 2680 780 2965 1740 1905 1320 985 1368 1375 1440 825 1085 1600 2585 2000 1400 0 1452 1415 928 2040 1935 1045 1260 1299 1085 960 1530 1542 1839 1935 1294 730 498 1356 1473 1555 1184 1428 2125 1126 1716 2410 684 1209 1402 1082 676 954 1242 1612 2012 928 1595 1936 1305 624 1428 837 1402 1488 2480 1107 1330 
856 1296 2360 656 1162 550 1551 984 1524 1162 880 1342 1250 2106 1944 994 2192 822 1410 488 1638 1152 1467 862 633 1316 1216 1272 918 1412 1272 1610 1412 868 1200 1616 2100 1296 2888 1383 2040 1572 1304 1884 624 676 1176 1384 2116 1772 2116 1636 1452 0 1648 1444 1076 1684 1352 1524 1686 1384 1347 1788 1929 2226 2064 1016 988 756 1614 1056 1760 1442 1815 1144 1384 264 1372 942 2220 1660 1340 934 1341 1629 1420 2528 1186 1792 1704 1560 882 1815 1224 1660 1764 2352 1494 1580 
188 2440 2482 496 1002 886 549 2580 522 404 720 1182 1056 1413 1908 834 4212 662 1250 2320 1138 1178 1227 680 1137 848 1792 1112 758 1252 867 1384 1911 708 480 2592 2905 976 2360 1887 1300 1669 774 884 2268 1255 1498 2055 1796 2055 1410 1254 1415 1648 0 1124 2870 2640 520 1310 702 576 111 996 1179 1476 1086 1052 488 256 1114 1110 308 942 579 2432 592 1820 1805 150 1557 1160 722 454 591 879 1308 1528 686 1584 1452 1663 382 1065 474 884 1125 2625 744 930 
594 772 1744 394 900 784 1158 460 1131 900 618 1080 988 1713 1420 732 1668 560 1148 956 1330 1076 1074 790 984 1040 692 1010 656 1150 879 1348 888 606 807 1092 2136 772 2272 1734 1424 956 780 1268 1092 1144 652 768 1592 1904 1592 1112 928 1444 1124 0 1532 1540 800 908 1293 768 954 1526 1467 1764 1540 1244 680 448 1306 1398 1236 1134 1422 1600 1122 1708 1828 680 1827 1352 1032 672 879 1167 1692 1912 878 1176 1836 944 574 1353 762 1352 1413 1884 1032 1056 
762 3465 3169 662 1252 874 1410 2910 1383 978 920 1336 1246 2241 4464 1034 5337 912 1500 2855 1328 1428 1602 324 1323 1038 2408 1362 1008 1502 1407 1574 2786 958 1335 3592 3129 1476 2835 2073 1775 2380 3339 1264 2226 1995 2373 1910 1692 2250 2658 3712 2040 1076 2870 1532 0 1216 995 2260 1518 1146 972 1570 1464 1761 3382 478 678 446 1304 249 2317 918 1440 136 1166 812 370 724 1842 1350 1030 1008 876 1164 344 1696 876 2344 1832 2350 572 1350 759 1350 1410 3290 1029 2620 
690 1536 3470 704 1210 1094 1302 2160 1275 710 616 1390 1298 1872 3224 730 4576 870 1458 3152 1414 1386 1539 20 1449 1124 2624 1320 966 1460 1344 1346 2639 916 1272 3424 2065 1392 3050 2199 1990 2248 2800 1436 2996 2205 2226 1872 2212 2674 1818 2608 1935 1684 2640 1540 1216 0 1210 2152 1647 1404 1101 1622 1593 1890 3528 782 764 532 1390 705 2499 1218 1569 1352 1218 1420 1130 776 1971 1436 1116 982 1005 1293 952 2080 962 2688 2004 2224 658 1479 888 1436 1539 3591 1158 2514 
396 850 1260 348 854 738 861 460 834 612 572 1034 880 1644 1280 686 1970 514 1102 1080 962 1030 1005 504 915 640 750 964 610 1104 810 1208 995 560 738 1250 2175 680 1920 1665 860 275 860 532 1250 1315 700 40 1500 1615 1333 895 1045 1352 520 800 995 1210 0 215 969 40 423 1204 915 1212 1120 876 312 80 938 846 740 766 891 1080 800 1468 1365 358 1293 984 664 626 327 615 956 1176 510 550 1100 260 206 801 210 984 861 1435 480 1205 
450 2130 1897 434 940 824 942 1350 915 652 658 1120 934 1773 2904 772 3933 600 1188 2072 1000 1116 1134 558 1044 726 1544 1050 696 1190 939 1262 1694 646 867 2344 3438 852 2055 1794 995 120 1935 640 2051 1530 1281 350 1672 1750 1644 2152 1260 1524 1310 908 2260 2152 215 0 1050 210 504 1258 903 1293 2134 930 366 134 992 765 1225 820 972 1944 854 1576 1356 412 1164 1038 718 696 408 696 1064 1284 564 1096 1208 790 260 672 291 1038 732 1708 561 1704 
656 1182 1677 796 1302 1186 1251 948 1224 872 1020 1482 1390 2115 1158 1134 1854 962 1550 1320 1576 1478 1677 1118 1587 1286 1122 1412 1058 1552 1482 1750 1269 1008 930 1422 1695 1182 2073 2337 1437 1086 708 1320 1422 1455 1092 945 1797 1797 1152 927 1299 1686 702 1293 1518 1647 969 1050 0 945 813 1464 1836 2046 1062 1490 926 694 1552 1767 834 1380 1281 1569 1060 1884 1740 618 2214 1598 1190 754 1248 1536 1638 1803 1124 1251 1746 1077 820 1722 1131 1352 1782 1782 1401 915 
380 1068 1526 364 870 754 837 600 810 596 588 1050 864 1668 1488 702 2412 530 1118 1344 946 1046 1029 488 939 656 948 980 626 1120 834 1192 1242 576 762 1548 2664 712 1880 1689 820 282 1080 500 1548 1355 888 0 1532 1575 1602 1026 1085 1384 576 768 1146 1404 40 210 945 0 399 1188 891 1188 1296 860 296 64 922 822 840 750 867 1248 784 1436 1325 342 1269 968 648 626 303 591 924 1144 494 612 1068 264 190 777 186 968 837 1674 456 1494 
262 843 1131 570 1076 960 660 609 633 330 794 1256 1130 1302 567 908 1515 736 1324 981 1212 1252 1338 754 1248 922 783 1186 832 1326 978 1458 930 782 591 1083 1104 843 1527 1998 891 540 369 774 1083 864 753 399 1458 1251 339 336 960 1347 111 954 972 1101 423 504 813 399 0 1070 1290 1587 471 1126 562 330 1188 1221 243 1016 690 1023 666 1476 1194 224 1668 1234 796 528 702 990 1092 1257 760 705 1200 531 456 1176 585 958 1236 1236 855 576 
1008 1452 1542 1460 1966 1850 1186 1296 1168 1400 1684 2146 1976 1938 1124 1798 1900 1626 2214 1544 2000 2142 1732 1642 1722 1844 1412 2076 1722 2216 1398 2380 1510 1672 1316 1514 1482 1452 1940 2222 1440 1282 1168 1304 1612 1498 1392 1188 1862 1180 1296 970 1530 1788 996 1526 1570 1622 1204 1258 1464 1188 1070 0 1782 1980 756 2048 1484 1252 2110 1736 908 1938 1382 1604 1412 1906 1718 970 2034 1572 1718 1450 1390 1582 1650 1760 1682 1392 1146 1276 1274 1706 1312 1880 822 822 1492 1266 
974 1425 1623 958 1464 1348 1728 1191 1701 1190 1182 1644 1458 2559 1635 1296 2097 1124 1712 1563 1540 1640 1920 1082 1830 1250 1365 1574 1220 1714 1725 1786 1512 1170 1653 1665 2172 1425 2019 2580 1383 939 1431 1266 1665 1704 1335 891 2040 1743 1629 1404 1542 1929 1179 1467 1464 1593 915 903 1836 891 1290 1782 0 2079 1539 1454 890 658 1516 1668 1311 1344 1758 1515 1378 1968 1686 936 2067 1562 1242 1220 1194 1482 1584 1749 1088 1197 1692 1023 784 1575 1077 1562 1635 1635 1347 1638 
1172 1722 1920 1156 1662 1546 1797 1488 1998 1388 1380 1842 1480 2856 1890 1494 2394 1322 1910 1860 1738 1838 2217 1280 2127 1448 1662 1772 1418 1912 2022 1984 1809 1368 1560 1962 2469 1722 2316 2877 1416 1329 1338 1563 1962 2001 1632 1188 2337 2040 1926 1701 1839 2226 1476 1764 1761 1890 1212 1293 2046 1188 1587 1980 2079 0 1836 1652 1088 856 1538 2010 1608 1542 2055 1812 1576 2265 1983 1134 2457 1584 1440 1174 1491 1779 1881 2046 1286 1230 1989 1056 982 1710 1110 1760 2025 2025 1194 1131 
252 2848 2811 704 1210 1094 645 2224 618 644 928 1390 1220 1773 1536 1042 4640 870 1458 3216 1244 1386 1464 886 1449 1088 2688 1320 966 1460 963 1624 2639 916 840 3243 3271 1392 2960 2199 1748 2230 1766 1096 2996 1855 2226 1854 2212 2619 2130 920 1935 2064 1086 1540 3382 3528 1120 2134 1062 1296 471 756 1539 1836 0 1292 728 496 1354 1470 532 1182 939 3518 656 2300 2405 214 1917 1374 962 694 951 1239 1788 2008 926 2670 1896 2206 518 1425 834 1124 936 2550 1104 1530 
1240 1166 1348 1140 1730 1352 1418 1060 1400 1456 1398 1814 1724 1972 1356 1512 1664 1390 1978 1182 1806 1906 1546 802 1360 1516 1080 1840 1486 1980 1416 2052 1274 1436 1368 1376 1372 1216 1612 1860 1188 954 1220 1110 1114 1276 1156 860 1324 1378 1352 1202 1294 1016 1052 1244 478 782 876 930 1490 860 1126 2048 1454 1652 1292 0 1156 924 1782 644 1140 1396 1438 512 1644 884 626 1202 1706 1828 1508 1486 1062 1254 650 1326 1354 1064 1394 948 1050 1378 984 1828 1418 1418 1164 1348 
676 652 784 660 1166 1050 854 496 836 892 884 1346 1160 1408 792 998 1100 826 1414 744 1242 1342 982 784 922 952 612 1276 922 1416 852 1488 710 872 804 812 1150 652 1048 1422 624 390 656 546 812 838 592 296 1062 864 788 638 730 988 488 680 678 764 312 366 926 296 562 1484 890 1088 728 1156 0 360 1218 758 576 1046 874 712 1080 1014 740 638 1142 1264 944 922 498 690 758 868 790 500 830 384 486 814 420 1264 854 854 600 794 
444 420 552 428 934 818 622 264 604 660 652 1114 928 1176 560 766 868 594 1182 512 1010 1110 750 552 690 720 380 1044 690 1184 620 1256 478 640 572 580 918 420 816 1190 392 158 424 314 580 606 360 64 830 632 556 406 498 756 256 448 446 532 80 134 694 64 330 1252 658 856 496 924 360 0 986 612 344 814 642 480 848 782 594 406 910 1032 712 690 266 458 526 636 558 268 598 152 254 582 188 1032 622 622 368 562 
1302 1278 1410 1286 1792 1676 1328 1122 1462 1518 1510 1972 1610 2034 1390 1624 1726 1452 2040 1370 1868 1968 1608 1410 1548 1578 1238 1902 1548 2042 1478 2114 1336 1498 1430 1438 1776 1278 1674 2048 1074 1016 1282 1172 1438 1464 1218 922 1688 1490 1414 1264 1356 1614 1114 1306 1304 1390 938 992 1552 922 1188 2110 1516 1538 1354 1782 1218 986 0 1470 1202 1672 1500 1338 1706 1640 1452 1264 1768 1714 1570 1372 1124 1316 1384 1494 1416 950 1456 834 1112 1270 870 1890 1480 1480 1226 1420 
928 1281 1554 828 1380 1040 1659 1122 1632 1114 1086 1502 1412 2478 1566 1200 2028 1078 1666 1305 1494 1594 1851 490 1572 1204 1152 1528 1174 1668 1656 1740 1443 1124 1485 1596 1590 1356 1950 2322 1314 729 1263 1197 1203 1446 1209 822 1416 1497 1515 1335 1473 1056 1110 1398 249 705 846 765 1767 822 1221 1736 1668 2010 1470 644 758 612 1470 0 1242 1084 1689 198 1332 858 27 890 1929 1516 1196 1124 1125 1413 405 1077 1042 1128 1548 954 738 1437 1008 1516 1425 1425 1278 1056 
100 1904 2429 552 1058 942 417 1358 390 492 776 1238 1068 1545 756 890 3472 718 1306 2226 1152 1234 1236 734 1221 936 1764 1168 814 1308 735 1472 2107 764 612 2219 2739 1088 2580 1971 1368 1309 910 1060 2464 1475 1694 980 1908 2275 1674 217 1555 1760 308 1236 2317 2499 740 1225 834 840 243 908 1311 1608 532 1140 576 344 1202 1242 0 1030 711 2436 504 1996 2025 62 1689 1248 810 542 723 1011 1484 1704 774 1694 1628 1288 470 1197 606 972 1164 2778 876 1194 
1130 1106 1238 1114 1620 1504 1308 950 1290 1346 1338 1800 1614 1862 1246 1452 1554 1280 1868 1198 1696 1796 1436 1238 1376 1406 1066 1730 1376 1870 1306 1942 1164 1326 1258 1266 1604 1106 1502 1876 1078 844 1110 1000 1266 1292 1046 750 1516 1318 1242 1092 1184 1442 942 1134 918 1218 766 820 1380 750 1016 1938 1344 1542 1182 1396 1046 814 1672 1084 1030 0 1328 952 1534 1324 1066 1092 1596 1718 1398 1376 952 1144 1090 1322 1244 954 1284 838 940 1268 874 1718 1308 1308 1054 1248 
574 1311 1599 882 1388 1272 1128 1077 1101 790 1106 1568 1442 1992 1035 1220 1983 1048 1636 1449 1524 1564 1806 1066 1716 1234 1251 1498 1144 1638 1446 1770 1398 1094 1059 1551 1572 1311 1995 2466 1359 1008 837 1242 1551 1332 1221 867 1926 1719 1029 804 1428 1815 579 1422 1440 1569 891 972 1281 867 690 1382 1758 2055 939 1438 874 642 1500 1689 711 1328 0 1491 978 1944 1662 536 2136 1546 336 840 1170 1458 1560 1725 1072 1173 1668 999 768 1644 1053 1270 1704 1704 1323 1044 
796 2888 3288 696 1248 908 1461 2464 1434 1012 954 1370 1280 2292 3648 1068 4880 946 1534 2991 1362 1462 1653 358 1374 1072 2544 1396 1042 1536 1458 1608 2905 992 1386 3728 3248 1544 2920 2124 1860 2040 3104 1332 2345 2080 2359 1664 1624 2165 2760 3032 2125 1144 2432 1600 136 1352 1080 1944 1569 1248 1023 1604 1515 1812 3518 512 712 480 1338 198 2436 952 1491 0 1200 880 285 758 1893 1384 1064 1042 927 1215 276 1628 910 2480 1800 2016 606 1401 810 1384 1461 3409 1080 2586 
604 1048 1198 1056 1562 1446 782 892 764 996 1280 1742 1572 1534 720 1394 1496 1222 1810 1140 1656 1738 1328 1238 1318 1440 1008 1672 1318 1812 994 1976 1106 1268 912 1110 1078 1048 1536 1818 1036 878 764 1034 1208 1094 988 784 1458 1066 892 566 1126 1384 592 1122 1166 1218 800 854 1060 784 666 1412 1378 1576 656 1644 1080 848 1706 1332 504 1534 978 1200 0 1502 1314 566 1630 1458 1314 1046 986 1178 1246 1356 1278 988 1032 872 974 1302 908 1476 708 708 1088 902 
988 1560 2412 788 1294 682 1749 1248 1722 1294 1012 1474 1382 2304 2208 1126 2456 954 1542 752 1664 1284 1665 730 831 1374 1480 1404 1050 1544 1470 1742 1676 1000 1398 1880 2364 1560 2940 1581 2092 1624 1568 1936 888 940 1440 1436 2380 2036 2380 1900 1716 264 1820 1708 812 1420 1468 1576 1884 1436 1476 1906 1968 2265 2300 884 1014 782 1640 858 1996 1324 1944 880 1502 0 1108 1060 2346 1686 1366 1066 1380 1668 1156 2508 1212 1608 1968 1612 908 1686 1263 1686 1914 2552 1533 1844 
910 2090 2545 810 1362 1022 1632 1825 1605 1126 1068 1484 1394 2463 2565 1182 3335 1060 1648 2130 1476 1576 1824 472 1545 1186 1875 1510 1156 1650 1629 1722 2360 1106 1512 2615 2605 1772 3205 2295 2145 1320 2165 1560 1960 2365 1970 1325 1852 2450 2558 2180 2410 1372 1805 1828 370 1130 1365 1356 1740 1325 1194 1718 1686 1983 2405 626 740 594 1452 27 2025 1066 1662 285 1314 1108 0 872 1956 1498 1178 1142 1098 1386 504 1400 1024 1835 2028 1545 720 1464 981 1498 1452 2480 1251 1958 
162 606 756 614 1120 1004 340 450 322 554 838 1300 1130 1092 278 952 1054 780 1368 698 1214 1296 886 796 876 998 566 1230 876 1370 552 1534 664 826 470 668 636 606 1094 1376 594 436 322 592 766 652 546 342 1016 910 450 124 684 942 150 680 724 776 358 412 618 342 224 970 936 1134 214 1202 638 406 1264 890 62 1092 536 758 566 1060 872 0 1188 1310 872 604 544 736 804 914 836 546 876 430 532 860 466 1034 838 838 646 460 
1226 1716 1977 1152 1466 1542 2106 1482 2079 1428 1376 1838 1554 2850 2013 1490 2388 1318 1906 1854 1776 1834 2211 1334 2121 1502 1656 1768 1414 1908 2016 2038 1803 1364 1944 1956 2550 1716 2397 2871 1761 1200 1722 1644 1956 1995 1338 1269 2331 2121 1986 1782 1209 2220 1557 1827 1842 1971 1293 1164 2214 1269 1668 2034 2067 2457 1917 1706 1142 910 1768 1929 1689 1596 2136 1893 1630 2346 1956 1188 0 1814 1494 1430 1572 1860 1962 2127 1340 1575 2070 1401 1036 1836 1455 1814 1896 1896 1725 1929 
1348 1324 1456 1332 1838 1722 1374 1168 1508 1564 1556 2018 1656 2080 1436 1670 1772 1498 2086 1416 1914 2014 1654 1456 1594 1624 1284 1948 1594 2088 1524 2160 1382 1544 1476 1484 1822 1324 1720 2094 1120 1062 1328 1218 1484 1510 1264 968 1734 1108 1460 1310 1402 1660 1160 1352 1350 1436 984 1038 1598 968 1234 1572 1562 1584 1374 1828 1264 1032 1714 1516 1248 1718 1546 1384 1458 1686 1498 1310 1814 0 1616 1418 1170 1362 1430 1540 1462 996 1074 880 1158 1316 844 1936 750 750 1272 1466 
910 1004 1136 1012 1518 1402 1088 848 1070 1126 1236 1698 1512 1664 1026 1350 1452 1178 1766 1096 1594 1694 1334 1136 1274 1304 964 1628 1274 1768 1204 1840 1062 1224 1042 1164 1384 1004 1400 1774 976 742 894 898 1164 1190 944 648 1414 1216 1022 872 1082 1340 722 1032 1030 1116 664 718 1190 648 796 1718 1242 1440 962 1508 944 712 1570 1196 810 1398 336 1064 1314 1366 1178 872 1494 1616 0 1176 850 1042 1110 1220 1142 852 1182 736 838 1166 772 1606 1206 1206 952 1032 
642 598 1114 606 1112 996 820 442 802 858 830 1292 1200 1354 758 944 1046 772 1360 690 1572 1288 928 1002 868 1266 558 1222 868 1362 798 1560 656 818 430 758 1116 598 1378 1368 778 720 282 876 758 784 538 626 1008 1194 754 604 676 934 454 672 1008 982 626 696 754 626 528 1450 1220 1174 694 1486 922 690 1372 1124 542 1376 840 1042 1046 1066 1142 604 1430 1418 1176 0 828 1020 1088 1198 1120 654 1160 538 816 974 574 1338 1184 1184 930 420 
582 837 1035 566 1072 956 1140 603 1113 798 790 1252 1066 1971 1047 904 1509 732 1320 975 1148 1248 1332 690 1242 858 777 1182 828 1322 1137 1394 924 778 1065 1077 1584 837 1431 1992 795 444 843 678 1077 1116 747 303 1452 1155 1041 816 954 1341 591 879 876 1005 327 408 1248 303 702 1390 1194 1491 951 1062 498 266 1124 1125 723 952 1170 927 986 1380 1098 544 1572 1170 850 828 0 894 996 1161 696 609 1104 435 392 1080 489 1170 1140 1140 759 1050 
