0 780 1005 792 1034 960 381 546 236 592 752 1214 900 1130 288 1299 1452 1041 1282 918 1128 1210 1200 1065 1185 1004 720 1144 790 1284 699 1398 867 740 762 873 1782 780 1803 888 762 816 540 981 1020 1035 690 675 1395 1527 732 57 822 1284 282 891 1248 1035 699 780 656 450 393 1512 1332 1242 378 1310 1119 514 1372 998 150 1359 861 1299 604 1482 1470 162 1944 1794 910 642 978 1266 1368 1533 944 746 1476 807 640 968 861 1608 876 1314 1131 498 
780 0 3016 480 826 1292 1020 780 680 826 232 1006 3109 1068 3090 519 3420 1944 1074 1616 1302 1002 1284 606 873 980 1088 936 582 1076 1908 1407 1295 532 696 1888 1948 936 2770 1196 1710 2250 1580 1515 1180 1245 1008 1780 2166 2390 2166 2410 1170 1620 2440 772 3465 1536 850 2130 788 356 843 2085 1191 1148 2848 1166 978 420 1278 854 1904 3871 1311 2888 1048 1950 2090 606 1716 2684 1004 598 837 1125 3681 1392 850 702 1780 2220 546 874 720 1986 914 3199 990 454 
1005 3016 0 1263 1358 2216 810 2470 830 1186 1076 1538 2800 1600 1673 1425 4584 3625 982 3338 458 1534 2172 1464 1671 1144 2863 1468 1114 1608 3269 1698 3174 1064 1494 3174 2776 2532 3100 2120 1996 1981 3021 595 2510 2575 2806 1770 3762 2485 3254 2212 2766 2950 2737 1744 3107 3408 1260 1897 1250 488 1284 1926 1389 1280 2781 1348 1176 552 1410 1036 2429 3662 1752 3226 1198 3015 2545 756 1977 2580 1136 1114 1035 1323 3387 1590 982 1234 2044 2078 678 990 918 2184 1030 3605 1188 986 
792 480 1263 0 834 981 1059 246 688 834 552 794 837 1076 966 999 1152 741 1082 618 1300 1010 975 1074 885 988 90 944 590 1084 720 1335 567 540 708 720 1719 480 1674 909 1038 486 486 921 720 759 390 546 1095 1398 1095 735 597 984 744 591 993 1056 522 450 796 364 855 2049 1203 1156 1056 1140 990 428 1286 810 828 1623 1323 1044 1056 1182 1215 614 1614 1998 1012 606 849 1137 1239 1404 858 710 1347 678 554 748 732 1998 788 1182 1002 462 
1034 826 1358 834 0 1160 1212 670 1194 1340 1058 1520 1120 1582 1150 1172 372 1000 1588 918 1816 1516 1156 1230 1096 1494 786 548 1096 818 986 1382 884 1046 978 986 1708 826 942 1112 1198 964 830 1120 986 1012 574 870 1236 1438 1236 996 904 1162 1002 900 1252 1210 854 940 1302 870 1076 1904 1230 1662 1210 1730 1166 934 1792 1380 1058 1620 1388 1248 1562 1294 1362 1120 1466 1838 1518 1112 1072 1264 1332 1442 1364 1216 1404 958 1060 1388 994 1838 1428 1428 1174 968 
960 1292 2216 981 1160 0 1227 980 800 1156 878 1340 616 1402 1512 1461 2188 1640 1408 612 1566 1214 1692 1011 726 1292 1212 1270 916 1410 348 960 1408 866 1197 1612 1792 1292 2160 600 1688 1180 1300 1772 476 800 1172 1272 2112 2408 2104 1204 512 1100 1504 1440 1748 1388 1304 1132 1122 636 1239 2358 1611 1428 1632 1352 1398 700 1558 1040 1328 2696 1707 1816 1168 1364 2044 726 1593 3225 1284 932 1257 1545 2092 1812 1130 1036 2340 1448 826 1014 1140 2406 1054 2108 1410 788 
381 1020 810 1059 1212 1227 0 813 414 770 912 1164 1167 1308 93 1530 1719 1308 1224 1185 998 1388 1005 1332 1452 1182 987 1322 968 1462 966 1665 780 918 918 492 2049 1047 1497 1155 381 954 807 1167 1287 1302 957 873 1662 1725 999 324 1089 1551 549 1158 1446 1302 897 918 834 582 660 1779 1530 1198 645 1442 1317 646 1328 1122 417 1626 1128 1497 782 1749 1668 340 2082 2061 1088 820 1176 1464 1566 1731 1076 924 1674 741 772 1060 795 1875 1054 1581 1329 676 
546 780 2470 246 670 980 813 0 524 670 388 850 2593 912 3120 753 2718 1320 918 992 1146 846 972 840 639 824 464 780 426 920 1284 1173 749 376 462 1264 2076 468 2380 884 1320 1617 800 1125 790 855 384 3382 1698 2000 1698 2119 702 1230 2302 460 2910 2160 460 2578 632 200 609 1851 957 992 2224 1060 744 264 1122 748 1358 3325 1077 2464 892 1560 1825 450 1482 2372 848 442 603 891 2979 1158 694 546 1468 1440 390 718 486 1752 758 2653 756 298 
236 680 830 688 1194 800 414 524 0 752 912 1374 760 1290 352 1026 1128 854 1442 772 1288 1370 960 870 950 1164 640 1304 950 1444 626 1092 738 900 668 742 1348 680 1362 752 668 704 520 814 840 850 620 610 1090 1178 648 198 708 1016 348 754 992 850 626 680 816 610 422 1168 970 1402 412 1470 906 674 1532 1158 260 1066 734 1026 764 1148 1140 322 1456 1356 1070 802 812 1004 1072 1182 1104 906 1144 698 800 1128 734 1232 1036 1036 914 658 
592 826 1186 834 1340 1156 770 670 752 0 1058 1520 910 746 708 1060 1274 944 1588 918 1644 1516 1156 730 1096 1378 786 1450 1096 1590 982 1242 884 1046 724 956 1300 826 1474 1108 1024 628 576 972 986 906 766 722 1236 1290 104 554 904 1162 404 900 1014 710 738 652 872 722 330 1400 1082 1514 644 1492 1018 786 1644 1114 492 1422 790 1048 996 1294 1132 554 1428 1690 1126 858 924 1116 1184 1294 1216 962 1256 810 912 1100 846 1288 1092 1092 1026 714 
752 232 1076 552 1058 878 912 388 912 1058 0 1238 838 1300 850 578 992 718 1306 636 1534 1234 634 636 814 1212 504 1168 814 1308 704 1170 602 764 696 704 1206 544 1340 830 916 682 548 838 704 730 484 588 954 1156 954 714 622 880 720 618 920 616 572 658 1020 588 794 1622 948 1380 928 1398 884 652 1510 1086 776 1338 1106 954 1280 1012 1068 838 1376 1556 1236 830 790 982 1050 1160 1082 934 1122 676 778 1106 712 1556 1146 1146 892 686 
1214 1006 1538 794 1520 1340 1164 850 1374 1520 1238 0 1300 1762 1102 1352 1454 1180 1348 1098 1996 1696 1336 1390 1276 1674 734 1630 1276 1770 1166 1632 644 1226 1158 1166 1542 1006 1802 1292 1378 1118 1010 1300 1166 1192 946 1050 1416 1618 1416 1176 1084 1342 1182 1080 1336 1390 1034 1094 1482 1050 1256 2084 1410 1842 1390 1814 1346 1114 1972 1502 1238 1800 1568 1370 1742 1474 1484 1300 1838 2018 1698 1292 1252 1444 1508 1622 1544 1396 1584 1138 1240 1542 1174 2018 1582 1582 1354 1148 
900 3109 2800 837 1120 616 1167 2593 760 910 838 1300 0 1362 4030 999 4783 3140 1368 2624 1258 1296 1076 549 1188 984 2284 1230 876 1370 536 498 2324 826 1137 3084 1176 1818 2084 520 1340 1551 3129 1445 1475 1812 2204 1804 2310 2481 2418 3269 648 2187 3964 1360 3500 2159 860 1419 1082 328 1179 1986 1149 1120 3168 1168 936 392 1250 768 2184 3640 1647 2926 1128 2503 2017 686 1533 2609 976 892 795 1083 3555 1350 822 996 1724 2080 518 706 678 1944 746 2611 948 748 
1130 1068 1600 1076 1582 1402 1308 912 1290 746 1300 1762 1362 0 1246 1414 1516 1242 1830 1160 2058 1758 1398 1268 1338 1736 1028 1692 1338 1832 1228 1694 1126 1288 1220 1228 1838 756 1864 1354 1440 1166 1072 1362 1228 1254 1008 1112 1478 1528 642 1092 1146 1404 942 1142 1494 1248 1096 1182 1410 1112 868 1938 1472 1904 1182 1972 1408 1176 2034 1652 1030 1862 1328 1528 1534 1536 1642 1092 1900 2080 1664 1354 1314 1506 1574 1684 1606 1458 1562 1200 1302 1630 1236 1826 1630 1630 1416 1210 
288 3090 1673 966 1150 1512 93 3120 352 708 850 1102 4030 1246 0 1437 4878 3240 1162 2912 936 1326 1216 1239 1359 1120 2384 1260 906 1400 2328 1572 1603 856 825 2169 2608 1908 2650 1416 1079 3157 2380 1790 1990 2015 2304 3760 3138 2972 2254 1001 1992 2430 2330 1420 4740 3224 1455 3575 772 566 567 1686 1506 1260 1536 1426 1293 630 1390 1060 756 3577 1035 3928 720 2760 2713 278 1989 2624 1026 758 1152 1440 4626 1707 1060 862 2200 3074 756 998 888 1782 992 3541 1305 614 
1299 519 1425 999 1172 1461 1530 753 1026 1060 578 1352 999 1414 1437 0 1659 1248 1420 1125 1408 1348 1482 1125 1392 1134 927 1282 928 1422 1200 1497 1074 878 1215 1227 1881 987 1845 1389 1209 648 993 1092 1227 1266 897 717 1602 1569 1434 1242 1104 1491 1251 1098 1290 1095 741 612 1134 478 1362 2211 1374 1270 1470 1338 1161 542 1400 918 1242 1785 1830 1341 1332 1689 1404 890 1776 2169 1126 944 1020 1308 1410 1575 972 1048 1518 849 668 856 903 2169 896 1344 1173 800 
1452 3420 4584 1152 372 2188 1719 2718 1128 1274 992 1454 4783 1516 4878 1659 0 3736 1522 3408 1750 1450 2180 1746 1545 1428 2880 176 1030 446 3700 1515 2863 934 1368 3640 3284 2280 1425 2092 2830 4041 3438 2635 2300 2365 2800 3618 3510 3510 3510 4185 2514 2740 4212 1668 5337 4576 1970 3933 1236 804 1515 2757 1863 1596 4640 1664 1650 868 1726 1352 3472 5439 1983 4880 1496 3070 3335 1054 2388 3580 1452 1046 1509 1797 5697 2064 1298 1150 2676 4014 994 1322 1392 2658 1362 4767 1662 902 
1041 1944 3625 741 1000 1640 1308 1320 854 944 718 1180 3140 1242 3240 1248 3736 0 1248 2312 1476 1176 1632 1335 1134 1154 1784 1110 756 1250 2604 1668 1904 706 774 2584 2736 1458 3205 1304 2145 2496 1472 1950 1615 1680 1704 2120 2688 2825 2576 2624 1692 2055 2160 1120 3648 3480 1285 2400 840 530 921 2304 1452 1322 3229 1390 1239 594 1452 1078 2198 4480 1389 3784 1132 2385 2650 690 1977 3032 1178 650 1098 1386 3968 1653 1024 754 2128 2472 720 1048 981 2136 1088 3808 1251 506 
1282 1074 982 1082 1588 1408 1224 918 1442 1588 1306 1348 1368 1830 1162 1420 1522 1248 0 1166 1440 1764 1404 1478 1344 1742 1034 1698 1344 1838 1234 1700 704 1294 1226 1234 1602 1074 1870 1360 1446 1212 1078 1220 1234 1260 1014 1118 1484 1686 1484 1244 1152 1410 1250 1148 1500 1458 1102 1188 1550 1118 1324 2152 1478 1910 1458 1978 1414 1182 2040 1666 1306 1868 1636 1534 1810 1542 1648 1368 1906 2086 1766 1360 1320 1512 1580 1690 1612 1464 1652 1206 1308 1636 1242 2086 1676 1676 1422 1216 
918 1616 3338 618 918 612 1185 992 772 918 636 1098 2624 1160 2912 1125 3408 2312 1166 0 1394 908 1468 1212 267 1072 1456 1028 674 1168 2088 1419 1617 624 834 2256 2404 1212 3000 1212 1940 2168 1632 1745 170 235 1376 1792 2442 2620 2442 2296 1446 610 2320 956 2894 3152 1080 2072 880 448 981 2223 1329 1240 3216 1182 1116 512 1370 870 2226 4193 1449 3030 1140 940 2130 698 1854 2868 1096 690 975 1263 3538 1530 942 794 1964 2144 638 966 858 2124 1006 3521 1128 546 
1128 1302 458 1300 1816 1566 998 1146 1288 1644 1534 1996 1258 2058 936 1408 1750 1476 1440 1394 0 1992 1544 1434 1572 1602 1262 1926 1572 2066 1392 1590 1360 1522 1454 1326 1846 1302 1698 1518 1252 1024 1306 696 1462 1488 1242 946 1712 1452 1540 1090 1380 1638 1240 1330 1328 1414 962 1000 1708 946 1314 1742 1306 1738 1244 1806 1242 1010 1868 1494 1152 1458 1626 1362 1656 1664 1476 1214 1776 1748 1594 1572 1148 1340 1408 1518 1440 1692 1480 1034 1136 1448 1070 1914 1488 1488 1250 1444 
1210 1002 1534 1010 1516 1214 1388 846 1370 1516 1234 1696 1296 1758 1326 1348 1450 1176 1764 908 1992 0 1332 1406 730 1670 962 1626 1272 1766 1162 1628 1060 1222 1154 1162 1884 1002 1798 1288 1374 1140 1006 1296 976 1002 942 1046 1412 1614 1412 1172 1080 1152 1178 1076 1428 1386 1030 1116 1478 1046 1252 2080 1406 1838 1386 1906 1342 1110 1968 1594 1234 1796 1564 1462 1738 1284 1576 1296 1834 2014 1694 1288 1248 1440 1508 1618 1540 1392 1580 1134 1236 1564 1170 2014 1604 1604 1350 1144 
1200 1284 2172 975 1156 1692 1005 972 960 1156 634 1336 1076 1398 1216 1482 2180 1632 1404 1468 1544 1332 0 1356 1368 1310 1204 1266 912 1406 1344 1305 1400 862 1191 1604 2252 1284 2620 1596 1848 1560 1292 1872 1604 1656 1164 1372 2104 2508 2104 1524 1440 1956 1636 1432 2136 1848 1340 1512 1118 686 1338 2580 1686 1478 1952 1546 1473 750 1608 1234 1648 2872 1806 2204 1328 2220 2432 886 2211 3344 1334 928 1332 1620 2296 1887 1180 1032 2440 1548 876 1204 1215 2481 1244 2488 1485 784 
1065 606 1464 1074 1230 1011 1332 840 870 730 636 1390 549 1268 1239 1125 1746 1335 1478 1212 1434 1406 1356 0 1479 1144 984 1340 986 1480 750 1047 1161 936 1302 1314 915 1074 1707 939 1224 873 1080 1107 1314 1353 984 732 1674 1584 939 1008 873 1293 1233 1185 486 30 756 837 1192 488 1278 2283 1389 1280 1329 802 1176 552 1410 490 1101 1857 1812 537 1238 1095 708 796 2001 1734 1136 1002 1035 1323 744 1590 982 1106 1533 864 678 1006 918 1902 1046 1569 1188 858 
1185 873 1671 885 1096 726 1452 639 950 1096 814 1276 1188 1338 1359 1392 1545 1134 1344 267 1572 730 1368 1479 0 1250 813 1206 852 1346 987 1686 960 802 1101 1113 2070 873 2067 1176 1431 1080 879 1314 369 408 783 939 1488 1791 1488 1128 990 633 1137 984 1323 1449 915 1044 1058 626 1248 2490 1596 1418 1449 1360 1383 690 1548 1048 1221 2064 1716 1374 1318 831 1545 876 2121 2391 1274 868 1242 1530 1581 1797 1120 972 1740 1071 816 1144 1125 2391 1184 1776 1395 724 
1004 980 1144 988 1494 1292 1182 824 1164 1378 1212 1674 984 1736 1120 1134 1428 1154 1742 1072 1602 1670 1310 1144 1250 0 940 1604 1250 1744 1118 1316 1038 1200 1132 1140 1572 980 1408 1244 984 750 984 906 1140 1166 920 656 1390 1224 1274 966 1058 1316 1094 1040 1038 1124 640 726 1456 656 1168 1690 1016 1448 1158 1516 952 720 1578 1204 1006 1406 1480 1072 1510 1374 1186 1068 1502 1624 1304 1266 858 1050 1118 1228 1150 1370 1190 744 846 1174 780 1624 1214 1214 960 1122 
720 1088 2863 90 786 1212 987 464 640 786 504 734 2284 1028 2384 927 2880 1784 1034 1456 1262 962 1204 984 813 940 0 896 542 1036 1748 1347 1155 492 636 1728 2308 816 2670 1116 1610 1575 1104 1415 1080 1145 848 1264 2046 2290 2046 1768 1050 1520 1792 692 2408 2624 750 1479 748 316 783 2025 1131 1108 2688 1080 918 380 1238 768 1764 3731 1251 2544 1008 1850 1875 566 1656 2604 964 558 777 1065 3096 1332 810 662 1700 1616 506 808 660 1926 848 2994 930 414 
1144 936 1468 944 548 1270 1322 780 1304 1450 1168 1630 1230 1692 1260 1282 176 1110 1698 1028 1926 1626 1266 1340 1206 1604 896 0 1206 622 1096 1186 994 1110 1088 1086 1818 936 746 1222 1308 1074 940 1230 1096 1122 876 980 1346 1548 1346 1106 1014 1272 1112 1010 1362 1320 964 1050 1412 980 1186 2014 1340 1772 1320 1840 1276 1044 1902 1528 1168 1730 1498 1396 1672 1404 1510 1230 1768 1948 1628 1222 1182 1374 1442 1552 1474 1326 1514 1068 1170 1498 1104 1948 1538 1538 1284 1078 
790 582 1114 590 1096 916 968 426 950 1096 814 1276 876 1338 906 928 1030 756 1344 674 1572 1272 912 986 852 1250 542 1206 0 1346 742 1208 640 802 734 742 1464 582 830 868 954 720 586 876 742 768 522 626 992 1194 992 752 660 918 758 656 1008 966 610 696 1058 626 832 1660 986 1418 966 1486 922 690 1548 1174 814 1376 1144 1042 1318 1050 1156 876 1414 1594 1274 868 828 1020 1088 1198 1120 972 1160 714 816 1144 750 1594 1184 1184 930 724 
1284 1076 1608 1084 818 1410 1462 920 1444 1590 1308 1770 1370 1832 1400 1422 446 1250 1838 1168 2066 1766 1406 1480 1346 1744 1036 622 1346 0 1236 1456 1134 1296 1228 1236 1958 1076 1016 1362 1448 1214 1080 1370 1236 1262 1016 1120 1486 1688 1486 1246 1154 1412 1252 1150 1502 1460 1104 1190 1552 1120 1326 2154 1480 1912 1460 1980 1416 1184 2042 1668 1308 1870 1638 1536 1812 1544 1650 1370 1908 2088 1768 1362 1322 1514 1582 1692 1614 1466 1654 1208 1310 1638 1244 2088 1678 1678 1424 1218 
699 1908 3269 720 986 348 966 1284 626 982 704 1166 536 1228 2328 1200 3700 2604 1234 2088 1392 1162 1344 750 987 1118 1748 1096 742 1236 0 699 1855 692 936 2548 1444 1416 2419 252 1675 1664 1924 1780 1140 1477 1668 1848 2646 2682 2638 1712 246 1852 2312 1092 3326 2584 1195 1568 948 462 978 2097 1350 1254 2632 1302 1137 526 1384 902 1715 4109 1446 3462 994 2182 2352 552 1332 2877 1110 758 996 1284 3570 1551 956 862 1992 2200 652 840 879 2145 880 3080 1149 614 
1398 1407 1698 1335 1382 960 1665 1173 1092 1242 1170 1632 498 1694 1572 1497 1515 1668 1700 1419 1590 1628 1305 1047 1686 1316 1347 1186 1208 1456 699 0 1494 1158 1635 1647 1380 1407 660 888 1302 921 1413 1365 1317 1560 1317 990 1653 1842 1707 1341 822 1785 1566 1518 1533 1077 1014 885 1414 660 1677 2484 1647 1452 1662 1500 1434 724 1582 1100 1434 2058 2145 1584 1460 1983 1677 1018 2031 2442 1308 1224 1293 1581 1683 1848 1154 1328 1791 1122 850 1038 1176 2442 1078 1617 1446 1080 
867 1295 3174 567 884 1408 780 749 738 884 602 644 2324 1126 1603 1074 2863 1904 704 1617 1360 1060 1400 1161 960 1038 1155 994 640 1134 1855 1494 0 590 783 1855 1796 1110 2915 1312 1855 1778 1309 1660 1325 1390 1085 1449 2340 2535 2340 1890 1344 1765 1911 888 2786 2639 995 1694 846 414 930 2172 1278 1206 2639 1274 1065 478 1336 962 2107 4074 1398 2905 1106 2095 2360 664 1803 2800 1062 656 924 1212 3066 1479 908 760 1896 1757 604 932 807 2073 972 3402 1077 512 
740 532 1064 540 1046 866 918 376 900 1046 764 1226 826 1288 856 878 934 706 1294 624 1522 1222 862 936 802 1200 492 1110 802 1296 692 1158 590 0 684 692 1414 532 1328 818 904 670 536 826 692 718 472 576 942 1144 942 702 610 868 708 606 958 916 560 646 1008 576 782 1610 936 1368 916 1436 872 640 1498 1124 764 1326 1094 992 1268 1000 1106 826 1364 1544 1224 818 778 970 1038 1148 1070 922 1110 664 766 1094 700 1544 1134 1134 880 674 
762 696 1494 708 978 1197 918 462 668 724 696 1158 1137 1220 825 1215 1368 774 1226 834 1454 1154 1191 1302 1101 1132 636 1088 734 1228 936 1635 783 684 0 936 2019 696 1890 1125 1254 903 222 1137 936 975 606 762 1311 1614 930 705 813 1200 480 807 1335 1272 738 867 620 508 591 1974 1419 1300 840 1368 1206 572 1430 1056 612 1887 1059 1386 912 1398 1557 470 1944 2214 1042 430 1065 1353 1455 1620 1002 534 1563 894 698 1026 948 1806 1066 1599 1218 286 
873 1888 3174 720 986 1612 492 1264 742 956 704 1166 3084 1228 2169 1227 3640 2584 1234 2256 1326 1162 1604 1314 1113 1140 1728 1086 742 1236 2548 1647 1855 692 936 0 2708 1416 1675 1516 1586 2440 1904 1915 1580 1645 1648 2064 2646 2790 2646 2323 1650 2020 2592 1092 3592 3424 1250 2344 948 516 1083 2271 1431 1308 3243 1376 1218 580 1438 1064 2219 4431 1551 3728 1110 2350 2615 668 1956 3004 1164 758 1077 1365 3912 1632 1010 862 2100 2416 706 1034 960 2226 1074 3759 1230 614 
1782 1948 2776 1719 1708 1792 2049 2076 1348 1300 1206 1542 1176 1838 2608 1881 3284 2736 1602 2404 1846 1884 2252 915 2070 1572 2308 1818 1464 1958 1444 1380 1796 1414 2019 2708 0 2388 2720 1696 2248 1740 2396 2332 2268 2592 2268 1832 2716 2968 2392 2300 1608 2864 2600 2536 1788 1180 1864 1692 1670 916 2061 2868 2031 1708 2728 1372 1818 980 1838 1060 2424 3256 2529 1856 1716 2600 2084 1274 2415 3452 1564 1480 1677 1965 2132 2232 1410 1584 2900 2008 1106 1294 1560 2757 1334 2668 1830 1336 
780 936 2532 480 826 1292 1047 468 680 826 544 1006 1818 756 1908 987 2280 1458 1074 1212 1302 1002 1284 1074 873 980 816 936 582 1076 1416 1407 1110 532 696 1416 2388 0 2770 1196 1710 1350 948 1515 1180 1245 756 1068 2166 1930 2166 1446 1170 1620 1464 772 2214 2088 850 1278 788 356 843 2085 1191 1148 2088 1216 978 420 1278 904 1632 3318 1311 2316 1048 1950 2215 606 1716 2684 1004 598 837 1125 2454 1392 850 702 1612 1332 546 874 720 1986 914 2742 990 454 
1803 2770 3100 1674 942 2160 1497 2380 1362 1474 1340 1802 2084 1864 2650 1845 1425 3205 1870 3000 1698 1798 2620 1707 2067 1408 2670 746 830 1016 2419 660 2915 1328 1890 1675 2720 2770 0 2064 2700 2115 2780 2505 3170 3235 2620 1880 3795 3580 3425 2910 2569 3610 2975 2272 2835 2926 1920 2055 1584 752 1896 2679 1785 1544 3135 1612 1572 816 1674 1300 2755 3755 2364 2920 1606 3675 3205 1164 2397 3476 1400 1378 1431 1719 3035 1986 1246 1498 2572 2100 942 1270 1314 2580 1310 3275 1584 1250 
888 1196 2120 909 1112 600 1155 884 752 1108 830 1292 520 1354 1416 1389 2092 1304 1360 1212 1518 1288 1596 939 1176 1244 1116 1222 868 1362 252 888 1312 818 1125 1516 1696 1196 2064 0 1592 1084 1204 1676 1076 1400 1076 1176 2016 2312 2008 1108 416 1700 1408 1344 1900 1292 1208 1036 1074 588 1167 2286 1539 1380 1536 1428 1326 652 1510 1028 1232 2600 1635 1968 1120 1964 2118 678 1521 3129 1236 884 1185 1473 2028 1740 1082 988 2244 1352 778 966 1068 2334 1006 2012 1338 740 
762 1710 1996 1038 1198 1688 381 1320 668 1024 916 1378 1340 1440 1079 1209 2830 2145 1446 1940 1252 1374 1848 1224 1431 984 1610 1308 954 1448 1675 1302 1855 904 1254 1586 2248 1710 2700 1592 0 1055 1720 1445 2110 2175 1560 820 2735 2520 2313 1310 1880 2550 1623 1424 1775 1990 860 995 1088 328 1041 2043 1149 944 1783 1188 936 392 1074 876 1403 2695 1509 1860 1036 2615 2145 594 1761 2364 976 778 795 1083 1975 1350 822 1074 1724 600 518 846 414 1944 886 2215 948 826 
816 2250 1981 486 964 1180 954 1617 704 628 682 1118 1551 1166 3157 648 4041 2496 1212 2168 1024 1140 1560 873 1080 750 1575 1074 720 1214 1664 921 1778 670 903 2440 1740 1350 2115 1084 1055 0 2270 860 1525 1590 1560 517 2580 1935 1572 2840 1494 1945 2629 956 2380 2248 275 132 926 94 828 1635 798 886 2487 954 585 158 1016 486 1554 2821 1296 2040 948 2030 1380 506 1200 2141 742 720 444 732 2502 999 588 840 1256 910 284 472 327 1593 464 1624 597 592 
540 1580 3021 486 830 1300 807 800 520 576 548 1010 3129 1072 2380 993 3438 1472 1078 1632 1306 1006 1292 1080 879 984 1104 940 586 1080 1924 1413 1309 536 222 1904 2396 948 2780 1204 1720 2270 0 1525 1190 1255 1024 1800 2178 2400 1670 1610 1182 1630 860 780 3710 2800 860 2150 472 360 369 1752 1197 1152 1766 1220 984 424 1282 908 910 3885 837 3104 764 1960 2225 322 1722 2692 894 282 843 1131 3699 1398 854 386 1788 2240 550 878 726 1584 918 3213 996 138 
981 1515 595 921 1120 1772 1167 1125 814 972 838 1300 1445 1362 1790 1092 2635 1950 1220 1745 696 1296 1872 1107 1314 906 1415 1230 876 1370 1780 1365 1660 826 1137 1915 2332 1515 2505 1676 1445 860 1525 0 1915 1980 1365 625 2540 2252 2170 1540 1710 2355 1720 1268 1580 1795 665 800 1082 250 1143 1569 1032 1042 1370 1110 819 314 1172 798 1500 1905 1611 1665 1104 2420 1950 662 1644 2104 898 876 678 966 1780 1233 744 996 1568 845 440 768 561 1827 808 2020 831 748 
1020 1180 2510 720 986 476 1287 790 840 986 704 1166 1475 1228 1990 1227 2300 1615 1234 170 1462 976 1604 1314 369 1140 1080 1096 742 1236 1140 1317 1325 692 936 1580 2268 1180 3170 1076 2110 1525 1190 1915 0 405 1030 1290 2205 2790 2205 1605 1263 780 1620 1092 1590 2140 1250 1465 948 516 1083 2325 1431 1308 2140 1114 1218 580 1438 802 1760 3165 1551 1675 1208 1110 1960 766 1950 2936 1164 758 1077 1365 2020 1632 1010 862 2100 1510 706 1034 960 2226 1074 2685 1230 614 
1035 1245 2575 759 1012 800 1302 855 850 906 730 1192 1812 1254 2015 1266 2365 1680 1260 235 1488 1002 1656 1353 408 1166 1145 1122 768 1262 1477 1560 1390 718 975 1645 2592 1245 3235 1400 2175 1590 1255 1980 405 0 1095 1355 2085 2855 2058 1630 1440 845 1255 1144 1995 2205 1315 1530 970 542 864 2247 1470 1334 1855 1276 1257 606 1464 964 1475 3230 1332 2080 1094 1175 2365 652 1995 3056 1190 784 1116 1404 2425 1671 1036 888 2152 1575 732 1060 999 2079 1100 2750 1269 640 
690 1008 2806 390 574 1172 957 384 620 766 484 946 2204 1008 2304 897 2800 1704 1014 1376 1242 942 1164 984 783 920 848 876 522 1016 1668 1317 1085 472 606 1648 2268 756 2620 1076 1560 1560 1024 1365 1030 1095 0 1184 1986 2240 1986 1688 990 1470 1712 652 2712 2544 700 1464 728 296 753 1995 1101 1088 2608 1156 888 360 1218 806 1694 3661 1221 2696 988 1800 1970 546 1338 2564 944 538 747 1035 3032 1302 790 642 1660 1536 486 814 630 1896 854 2989 900 394 
675 1780 1770 546 870 1272 873 3382 610 722 588 1050 1804 1112 3760 717 3618 2120 1118 1792 946 1046 1372 732 939 656 1264 980 626 1120 1848 990 1449 576 762 2064 1832 1068 1880 1176 820 517 1800 625 1290 1355 1184 0 2298 1700 1854 2849 1302 1730 2988 768 1910 1872 40 665 832 0 768 1551 657 792 2111 860 444 64 922 548 1225 2625 1236 1664 854 1795 1325 412 1269 1972 648 626 303 591 2079 858 494 746 1068 440 190 518 186 1452 558 1953 456 498 
1395 2166 3762 1095 1236 2112 1662 1698 1090 1236 954 1416 2310 1478 3138 1602 3510 2688 1484 2442 1712 1412 2104 1674 1488 1390 2046 1346 992 1486 2646 1653 2340 942 1311 2646 2716 2166 3795 2016 2735 2580 2178 2540 2205 2085 1986 2298 0 3415 3396 2676 2400 2645 2694 1592 2376 3288 1875 2508 1198 766 1458 2700 1806 1558 3318 1270 1593 830 1688 890 2862 4548 1926 2274 1458 2975 2180 1016 2331 2560 1414 1008 1452 1740 1860 2007 1260 1112 2600 2562 956 1284 1335 2088 1324 3972 1605 864 
1527 2390 2485 1398 1438 2408 1725 2000 1178 1290 1156 1618 2481 1528 2972 1569 3510 2825 1686 2620 1452 1614 2508 1584 1791 1224 2290 1548 1194 1688 2682 1842 2535 1144 1614 2790 2968 1930 3580 2312 2520 1935 2400 2252 2790 2855 2240 1700 3415 0 3119 2587 2585 2482 2642 1904 2250 2674 1724 1875 1400 568 1620 1770 1509 1360 2698 1378 1296 632 1490 998 2494 3545 2088 2165 1066 2689 2450 980 2121 2216 1216 1194 1155 1443 2240 1710 1062 1314 68 1920 758 1086 1038 2304 358 1559 1308 1066 
732 2166 3254 1095 1236 2104 999 1698 648 104 954 1416 2418 642 2254 1434 3510 2576 1484 2442 1540 1412 2104 939 1488 1274 2046 1346 992 1486 2638 1707 2340 942 930 2646 2392 2166 3425 2008 2313 1572 1670 2170 2205 2058 1986 1854 3396 3119 0 1792 2400 2645 1498 1592 2730 1818 1585 1644 768 618 339 1944 1584 1410 2186 1388 1371 682 1540 1010 1730 3966 1029 2832 892 2975 2600 450 1986 3183 1022 754 1230 1518 3240 1785 1112 858 2304 2118 808 996 1113 1776 988 2964 1383 610 
57 2410 2212 735 996 1204 324 2119 198 554 714 1176 3269 1092 1001 1242 4185 2624 1244 2296 1090 1172 1524 1008 1128 966 1768 1106 752 1246 1712 1341 1890 702 705 2323 2300 1446 2910 1108 1310 2840 1610 1540 1605 1630 1688 2849 2676 2587 1792 0 1530 2045 1329 1112 3970 2608 1070 3304 618 412 336 1455 1275 1204 920 1272 1062 476 1334 960 217 3038 804 3312 566 2375 2355 124 1887 2316 872 604 921 1209 3933 1476 906 708 1892 2500 602 930 804 1551 838 3131 1074 460 
822 1170 2766 597 904 512 1089 702 708 904 622 1084 648 1146 1992 1104 2514 1692 1152 1446 1380 1080 1440 873 990 1058 1050 1014 660 1154 246 822 1344 610 813 1650 1608 1170 2569 416 1880 1494 1182 1710 1263 1440 990 1302 2400 2585 2400 1530 0 1815 1698 928 2448 1892 1045 1422 866 434 960 2202 1308 1226 2172 1294 1095 498 1356 982 1716 3552 1428 2550 1076 2145 2410 634 1209 2836 1082 676 954 1242 2418 1509 928 780 1936 1566 624 922 837 2103 962 2886 1107 532 
1284 1620 2950 984 1162 1100 1551 1230 1016 1162 880 1342 2187 1404 2430 1491 2740 2055 1410 610 1638 1152 1956 1293 633 1316 1520 1272 918 1412 1852 1785 1765 868 1200 2020 2864 1620 3610 1700 2550 1945 1630 2355 780 845 1470 1730 2645 2482 2645 2045 1815 0 2060 1444 1345 2105 1690 1885 1124 692 1347 2589 1695 1484 2580 1016 1482 756 1614 704 2200 3605 1815 1430 1384 330 1715 942 2220 2740 1340 934 1341 1629 1775 1896 1186 936 1704 1950 882 1202 1224 2223 1176 2973 1494 790 
282 2440 2737 744 1002 1504 549 2302 348 404 720 1182 3964 942 2330 1251 4212 2160 1250 2320 1240 1178 1636 1233 1137 1094 1792 1112 758 1252 2312 1566 1911 708 480 2592 2600 1464 2975 1408 1623 2629 860 1720 1620 1255 1712 2988 2694 2642 1498 1329 1698 2060 0 1124 4100 3208 1135 3266 468 438 111 1494 1314 1230 1086 1298 1101 502 1360 964 308 3563 579 3416 592 2390 2420 150 1917 2616 722 454 960 1248 4050 1515 932 558 1944 2630 628 950 843 1326 864 3141 1113 310 
891 772 1744 591 900 1440 1158 460 754 900 618 1080 1360 1142 1420 1098 1668 1120 1148 956 1330 1076 1432 1185 984 1040 692 1010 656 1150 1092 1518 888 606 807 1092 2536 772 2272 1344 1424 956 780 1268 1092 1144 652 768 1592 1904 1592 1112 928 1444 1124 0 1532 1540 800 908 862 384 954 2127 1233 1176 1540 1244 1020 448 1306 932 1236 2268 1422 1600 1122 1708 1828 680 1827 2740 1032 672 879 1167 1692 1434 878 776 1836 944 574 902 762 2028 942 1884 1032 528 
1248 3465 3107 993 1252 1748 1446 2910 992 1014 920 1336 3500 1494 4740 1290 5337 3648 1500 2894 1328 1428 2136 486 1323 1038 2408 1362 1008 1502 3326 1533 2786 958 1335 3592 1788 2214 2835 1900 1775 2380 3710 1580 1590 1995 2712 1910 2376 2250 2730 3970 2448 1345 4100 1532 0 1216 995 2260 1214 382 1341 1803 1230 1174 3639 478 1017 446 1304 166 2562 3213 1809 136 1236 1015 370 794 1842 1664 1030 1008 876 1164 1110 1272 876 1128 1832 2350 572 900 759 1416 940 3290 1029 880 
1035 1536 3408 1056 1210 1388 1302 2160 850 710 616 1390 2159 1248 3224 1095 4576 3480 1458 3152 1414 1386 1848 30 1449 1124 2624 1320 966 1460 2584 1077 2639 916 1272 3424 1180 2088 2926 1292 1990 2248 2800 1795 2140 2205 2544 1872 3288 2674 1818 2608 1892 2105 3208 1540 1216 0 1210 2152 1172 468 1248 2253 1359 1260 3528 782 1146 532 1390 470 2499 4263 1782 1352 1218 1775 1130 776 1971 2272 1116 982 1005 1293 1904 1560 962 1086 2004 2224 658 986 888 1872 1026 3591 1158 838 
699 850 1260 522 854 1304 897 460 626 738 572 1034 860 1096 1455 741 1970 1285 1102 1080 962 1030 1340 756 915 640 750 964 610 1104 1195 1014 995 560 738 1250 1864 850 1920 1208 860 275 860 665 1250 1315 700 40 1875 1724 1585 1070 1045 1690 1135 800 995 1210 0 215 816 16 792 1575 681 808 1295 876 468 80 938 564 915 1915 1260 1080 870 1835 1365 428 1293 2004 664 626 327 615 1195 882 510 730 1100 260 206 534 210 1476 574 1435 480 482 
780 2130 1897 450 940 1132 918 2578 680 652 658 1094 1419 1182 3575 612 3933 2400 1188 2072 1000 1116 1512 837 1044 726 1479 1050 696 1190 1568 885 1694 646 867 2344 1692 1278 2055 1036 995 132 2150 800 1465 1530 1464 665 2508 1875 1644 3304 1422 1885 3266 908 2260 2152 215 0 902 70 864 1599 762 862 2391 930 549 134 992 510 1470 2737 1332 1944 924 1970 1392 482 1164 2093 718 696 408 696 2394 963 564 816 1208 790 260 448 291 1557 488 1708 561 568 
656 788 1250 796 1302 1122 834 632 816 872 1020 1482 1082 1410 772 1134 1236 840 1550 880 1708 1478 1118 1192 1058 1456 748 1412 1058 1552 948 1414 846 1008 620 948 1670 788 1584 1074 1088 926 472 1082 948 970 728 832 1198 1400 768 618 866 1124 468 862 1214 1172 816 902 0 832 542 1464 1192 1624 708 1692 1128 896 1754 1380 556 1486 854 1248 1060 1256 1362 618 1620 1776 1190 754 1034 1226 1294 1404 1326 858 1366 920 1022 1350 956 1352 1332 1332 1136 610 
450 356 488 364 870 636 582 200 610 722 588 1050 328 1112 566 478 804 530 1118 448 946 1046 686 488 626 656 316 980 626 1120 462 660 414 576 508 516 916 356 752 588 328 94 360 250 516 542 296 0 766 568 618 412 434 692 438 384 382 468 16 70 832 0 512 1034 360 792 502 860 296 64 922 548 350 750 824 416 854 718 530 412 846 968 648 626 202 394 462 572 494 746 534 88 190 518 124 968 558 558 304 498 
393 843 1284 855 1076 1239 660 609 422 330 794 1256 1179 868 567 1362 1515 921 1324 981 1314 1252 1338 1278 1248 1168 783 1186 832 1326 978 1677 930 782 591 1083 2061 843 1896 1167 1041 828 369 1143 1083 864 753 768 1458 1620 339 336 960 1347 111 954 1341 1248 792 864 542 512 0 1605 1425 1304 471 1372 1212 576 1434 1038 243 1638 690 1392 666 1545 1563 224 2028 2073 796 528 1071 1359 1461 1626 1006 632 1569 900 702 1024 954 1437 938 1407 1224 384 
1512 2085 1926 2049 1904 2358 1779 1851 1168 1400 1622 2084 1986 1938 1686 2211 2757 2304 2152 2223 1742 2080 2580 2283 2490 1690 2025 2014 1660 2154 2097 2484 2172 1610 1974 2271 2868 2085 2679 2286 2043 1635 1752 1569 2325 2247 1995 1551 2700 1770 1944 1455 2202 2589 1494 2127 1803 2253 1575 1599 1464 1034 1605 0 2208 1826 1134 1680 1995 1098 1956 1368 1362 426 2073 1854 1412 2412 2025 970 2763 861 1682 1450 1854 2142 1851 2409 1528 1554 1719 1683 1224 1514 1737 2820 822 1233 2007 1266 
1332 1191 1389 1203 1230 1611 1530 957 970 1082 948 1410 1149 1472 1506 1374 1863 1452 1478 1329 1306 1406 1686 1389 1596 1016 1131 1340 986 1480 1350 1647 1278 936 1419 1431 2031 1191 1785 1539 1149 798 1197 1032 1431 1470 1101 657 1806 1509 1584 1275 1308 1695 1314 1233 1230 1359 681 762 1192 360 1425 2208 0 1152 1410 1220 1101 424 1282 908 1182 1782 1893 1281 1214 1734 1452 772 1926 2109 1008 986 960 1248 1350 1515 854 1106 1458 789 550 878 843 2109 918 1494 1113 858 
1242 1148 1280 1156 1662 1428 1198 992 1402 1514 1380 1842 1120 1904 1260 1270 1596 1322 1910 1240 1738 1838 1478 1280 1418 1448 1108 1772 1418 1912 1254 1452 1206 1368 1300 1308 1708 1148 1544 1380 944 886 1152 1042 1308 1334 1088 792 1558 1360 1410 1204 1226 1484 1230 1176 1174 1260 808 862 1624 792 1304 1826 1152 0 1294 1652 1088 856 1538 1340 1142 1542 1616 1208 1646 1510 1322 1204 1638 1584 1440 1242 994 1186 1254 1364 1286 1538 1326 704 982 1310 740 1760 1350 1350 796 1290 
378 2848 2781 1056 1210 1632 645 2224 412 644 928 1390 3168 1182 1536 1470 4640 3229 1458 3216 1244 1386 1952 1329 1449 1158 2688 1320 966 1460 2632 1662 2639 916 840 3243 2728 2088 3135 1536 1783 2487 1766 1370 2140 1855 2608 2111 3318 2698 2186 920 2172 2580 1086 1540 3639 3528 1295 2391 708 502 471 1134 1410 1294 0 1362 1197 566 1424 1050 532 3682 939 3775 656 2910 2580 214 2022 2660 962 694 1056 1344 3959 1611 996 798 1896 2463 518 1020 939 1686 624 2838 1209 510 
1310 1166 1348 1140 1730 1352 1442 1060 1470 1492 1398 1814 1168 1972 1426 1338 1664 1390 1978 1182 1806 1906 1546 802 1360 1516 1080 1840 1486 1980 1302 1500 1274 1436 1368 1376 1372 1216 1612 1428 1188 954 1220 1110 1114 1276 1156 860 1270 1378 1388 1272 1294 1016 1298 1244 478 782 876 930 1692 860 1372 1680 1220 1652 1362 0 1156 924 1782 644 1210 1396 1684 512 1714 884 626 1272 1706 1310 1508 1486 1062 1254 650 1326 1354 1606 1394 948 1050 1378 984 1422 1418 1418 1164 1358 
1119 978 1176 990 1166 1398 1317 744 906 1018 884 1346 936 1408 1293 1161 1650 1239 1414 1116 1242 1342 1473 1176 1383 952 918 1276 922 1416 1137 1434 1065 872 1206 1218 1818 978 1572 1326 936 585 984 819 1218 1257 888 444 1593 1296 1371 1062 1095 1482 1101 1020 1017 1146 468 549 1128 296 1212 1995 1101 1088 1197 1156 0 360 1218 758 969 1569 1680 1068 1150 1521 1110 708 1713 1896 944 922 747 1035 1137 1302 790 1042 1245 576 486 814 630 1896 854 1281 900 794 
514 420 552 428 934 700 646 264 674 786 652 1114 392 1176 630 542 868 594 1182 512 1010 1110 750 552 690 720 380 1044 690 1184 526 724 478 640 572 580 980 420 816 652 392 158 424 314 580 606 360 64 830 632 682 476 498 756 502 448 446 532 80 134 896 64 576 1098 424 856 566 924 360 0 986 612 414 814 888 480 918 782 594 476 910 1032 712 690 266 458 526 636 558 810 598 152 254 582 188 1032 622 622 368 562 
1372 1278 1410 1286 1792 1558 1328 1122 1532 1644 1510 1972 1250 2034 1390 1400 1726 1452 2040 1370 1868 1968 1608 1410 1548 1578 1238 1902 1548 2042 1384 1582 1336 1498 1430 1438 1838 1278 1674 1510 1074 1016 1282 1172 1438 1464 1218 922 1688 1490 1540 1334 1356 1614 1360 1306 1304 1390 938 992 1754 922 1434 1956 1282 1538 1424 1782 1218 986 0 1470 1272 1672 1746 1338 1776 1640 1452 1334 1768 1714 1570 1372 1124 1316 1384 1494 1416 1668 1456 834 1112 1440 870 1890 1480 1480 1226 1420 
998 854 1036 810 1380 1040 1122 748 1158 1114 1086 1502 768 1652 1060 918 1352 1078 1666 870 1494 1594 1234 490 1048 1204 768 1528 1174 1668 902 1100 962 1124 1056 1064 1060 904 1300 1028 876 486 908 798 802 964 806 548 890 998 1010 960 982 704 964 932 166 470 564 510 1380 548 1038 1368 908 1340 1050 644 758 612 1470 0 898 1084 1350 132 1402 572 18 960 1286 930 1196 1174 750 942 270 718 1042 1294 1032 636 738 958 672 1042 950 950 852 1046 
150 1904 2429 828 1058 1328 417 1358 260 492 776 1238 2184 1030 756 1242 3472 2198 1306 2226 1152 1234 1648 1101 1221 1006 1764 1168 814 1308 1715 1434 2107 764 612 2219 2424 1632 2755 1232 1403 1554 910 1500 1760 1475 1694 1225 2862 2494 1730 217 1716 2200 308 1236 2562 2499 915 1470 556 350 243 1362 1182 1142 532 1210 969 414 1272 898 0 3255 711 2681 504 2530 2200 62 1794 2440 810 542 828 1116 2842 1383 844 646 1768 1533 540 868 711 1458 776 2914 981 398 
1359 3871 3662 1623 1620 2696 1626 3325 1066 1422 1338 1800 3640 1862 3577 1785 5439 4480 1868 4193 1458 1796 2872 1857 2064 1406 3731 1730 1376 1870 4109 2058 4074 1326 1887 4431 3256 3318 3755 2600 2695 2821 3885 1905 3165 3230 3661 2625 4548 3545 3966 3038 3552 3605 3563 2268 3213 4263 1915 2737 1486 750 1638 426 1782 1542 3682 1396 1569 814 1672 1084 3255 0 2106 3332 1434 3310 2665 992 2337 580 1398 1376 1428 1716 3465 1983 1244 1496 2568 2933 940 1230 1311 2577 1040 3706 1581 1248 
861 1311 1752 1323 1388 1707 1128 1077 734 790 1106 1568 1647 1328 1035 1830 1983 1389 1636 1449 1626 1564 1806 1812 1716 1480 1251 1498 1144 1638 1446 2145 1398 1094 1059 1551 2529 1311 2364 1635 1509 1296 837 1611 1551 1332 1221 1236 1926 2088 1029 804 1428 1815 579 1422 1809 1782 1260 1332 854 824 690 2073 1893 1616 939 1684 1680 888 1746 1350 711 2106 0 1860 978 2013 2031 536 2496 2541 336 840 1539 1827 1929 2094 1318 944 2037 1368 1014 1336 1422 1905 1250 1875 1692 696 
1299 2888 3226 1044 1248 1816 1497 2464 1026 1048 954 1370 2926 1528 3928 1341 4880 3784 1534 3030 1362 1462 2204 537 1374 1072 2544 1396 1042 1536 3462 1584 2905 992 1386 3728 1856 2316 2920 1968 1860 2040 3104 1665 1675 2080 2696 1664 2274 2165 2832 3312 2550 1430 3416 1600 136 1352 1080 1944 1248 416 1392 1854 1281 1208 3775 512 1068 480 1338 132 2681 3332 1860 0 1270 1100 285 828 1893 1596 1064 1042 927 1215 552 1221 910 1162 1800 2016 606 934 810 1365 974 3409 1080 914 
604 1048 1198 1056 1562 1168 782 892 764 996 1280 1742 1128 1534 720 1332 1496 1132 1810 1140 1656 1738 1328 1238 1318 1510 1008 1672 1318 1812 994 1460 1106 1268 912 1110 1716 1048 1606 1120 1036 948 764 1104 1208 1094 988 854 1458 1066 892 566 1076 1384 592 1122 1236 1218 870 924 1060 854 666 1412 1214 1646 656 1714 1150 918 1776 1402 504 1434 978 1270 0 1516 1384 566 1700 1458 1314 1046 1056 1248 1316 1426 1348 1150 1032 942 1044 1372 978 1476 708 708 1158 902 
1482 1950 3015 1182 1294 1364 1749 1560 1148 1294 1012 1474 2503 1536 2760 1689 3070 2385 1542 940 1664 1284 2220 1095 831 1374 1850 1404 1050 1544 2182 1983 2095 1000 1398 2350 2600 1950 3675 1964 2615 2030 1960 2420 1110 1175 1800 1795 2975 2689 2975 2375 2145 330 2390 1708 1015 1775 1835 1970 1256 718 1545 2412 1734 1510 2910 884 1521 782 1640 572 2530 3310 2013 1100 1516 0 1385 1074 2346 2476 1366 1066 1380 1668 1445 1881 1212 804 1968 2015 908 1236 1263 2025 1276 3190 1533 922 
1470 2090 2545 1215 1362 2044 1668 1825 1140 1132 1068 1484 2017 1642 2713 1404 3335 2650 1648 2130 1476 1576 2432 708 1545 1186 1875 1510 1156 1650 2352 1677 2360 1106 1557 2615 2084 2215 3205 2118 2145 1380 2225 1950 1960 2365 1970 1325 2180 2450 2600 2355 2410 1715 2420 1828 370 1130 1365 1392 1362 530 1563 2025 1452 1322 2580 626 1110 594 1452 18 2200 2665 2031 285 1384 1385 0 942 1956 1824 1178 1156 1098 1386 630 1050 1024 1276 2028 1545 720 976 981 1536 968 2540 1251 1028 
162 606 756 614 1120 726 340 450 322 554 838 1300 686 1092 278 890 1054 690 1368 698 1214 1296 886 796 876 1068 566 1230 876 1370 552 1018 664 826 470 668 1274 606 1164 678 594 506 322 662 766 652 546 412 1016 980 450 124 634 942 150 680 794 776 428 482 618 412 224 970 772 1204 214 1272 708 476 1334 960 62 992 536 828 566 1074 942 0 1258 1282 872 604 614 806 874 984 906 708 946 500 602 930 536 1034 838 838 716 460 
1944 1716 1977 1614 1466 1593 2082 1482 1456 1428 1376 1838 1533 1900 1989 1776 2388 1977 1906 1854 1776 1834 2211 2001 2121 1502 1656 1768 1414 1908 1332 2031 1803 1364 1944 1956 2415 1716 2397 1521 1761 1200 1722 1644 1950 1995 1338 1269 2331 2121 1986 1887 1209 2220 1917 1827 1842 1971 1293 1164 1620 846 2028 2763 1926 1638 2022 1706 1713 910 1768 1286 1794 2337 2496 1893 1700 2346 1956 1258 0 2721 1494 1430 1572 1860 1962 2127 1340 1534 2070 1401 1036 1224 1455 2721 1264 1896 1725 1286 
1794 2684 2580 1998 1838 3225 2061 2372 1356 1690 1556 2018 2609 2080 2624 2169 3580 3032 2086 2868 1748 2014 3344 1734 2391 1624 2604 1948 1594 2088 2877 2442 2800 1544 2214 3004 3452 2684 3476 3129 2364 2141 2692 2104 2936 3056 2564 1972 2560 2216 3183 2316 2836 2740 2616 2740 1664 2272 2004 2093 1776 968 2073 861 2109 1584 2660 1310 1896 1032 1714 930 2440 580 2541 1596 1458 2476 1824 1282 2721 0 1616 1418 1755 2043 1320 2310 1462 1714 2148 1884 1158 1486 1266 2148 750 1500 1908 1466 
910 1004 1136 1012 1518 1284 1088 848 1070 1126 1236 1698 976 1664 1026 1126 1452 1178 1766 1096 1594 1694 1334 1136 1274 1304 964 1628 1274 1768 1110 1308 1062 1224 1042 1164 1564 1004 1400 1236 976 742 894 898 1164 1190 944 648 1414 1216 1022 872 1082 1340 722 1032 1030 1116 664 718 1190 648 796 1682 1008 1440 962 1508 944 712 1570 1196 810 1398 336 1064 1314 1366 1178 872 1494 1616 0 1176 850 1042 1110 1220 1142 1280 1182 736 838 1166 772 1606 1206 1206 952 1032 
642 598 1114 606 1112 932 820 442 802 858 830 1292 892 1354 758 944 1046 650 1360 690 1572 1288 928 1002 868 1266 558 1222 868 1362 758 1224 656 818 430 758 1480 598 1378 884 778 720 282 876 758 784 538 626 1008 1194 754 604 676 934 454 672 1008 982 626 696 754 626 528 1450 986 1242 694 1486 922 690 1372 1174 542 1376 840 1042 1046 1066 1156 604 1430 1418 1176 0 828 1020 1088 1198 1120 668 1160 538 816 1144 574 1338 1184 1184 930 420 
978 837 1035 849 1072 1257 1176 603 812 924 790 1252 795 1314 1152 1020 1509 1098 1320 975 1148 1248 1332 1035 1242 858 777 1182 828 1322 996 1293 924 778 1065 1077 1677 837 1431 1185 795 444 843 678 1077 1116 747 303 1452 1155 1230 921 954 1341 960 879 876 1005 327 408 1034 202 1071 1854 960 994 1056 1062 747 266 1124 750 828 1428 1539 927 1056 1380 1098 614 1572 1755 850 828 0 894 996 1161 696 948 1104 435 392 720 489 1755 760 1140 759 700 
