0 1.92242 3.62627 1.30172 1.9779 1.92634 2.34745 2.51155 2.82888 2.15121 1.40353 2.51155 2.19178 1.84987 1.30172 1.30172 2.45365 2.10381 2.538 2.06605 1.89519 1.8463 1.97876 1.972 1.94502 2.26628 1.8463 2.14278 2.45293 1.84987 1.71825 2.14278 2.25078 2.32125 1.30172 2.36224 2.82888 2.77913 2.07554 2.29589 2.20016 1.572 1.972 1.91185 1.30172 1.82411 1.73384 1.67952 2.17974 1.97464 1.73384 1.71825 1.88342 2.32661 1.71825 1.81083 1.94159 2.06694 2.08791 1.94502 1.83998 2.27766 2.44528 2.10929 2.35226 2.52764 1.99114 2.10088 2.70927 2.57233 2.05664 2.3353 2.06694 2.27096 2.14417 2.33644 2.14529 2.52764 1.75186 2.39298 3.05658 1.73384 2.48195 1.88725 1.91185 1.75186 1.81083 2.05703 1.73384 2.18667 2.52392 2.10929 1.9373 2.67162 2.4166 2.10929 2.18171 2.55922 1.73384 2.35226 
1.92242 0 2.8301 8.56137 1.97336 3.00528 6.29166 2.78033 2.26069 1.13549 7.42338 1.64983 1.70623 7.72107 1.52842 6.914 2.79206 7.00681 1.28055 1.77817 1.32194 8.77106 3.10512 3.07677 3.64734 3.59599 7.25789 5.31785 1.58965 1.78029 5.6974 2.03152 3.20901 2.10302 1.11274 1.74638 4.22712 3.85163 2.8261 1.47503 3.51512 8.33818 3.85303 8.30663 7.41562 7.77505 7.13781 4.90124 7.69367 3.54581 7.92432 6.75234 5.91286 4.80814 2.9908 8.62136 4.42156 6.32353 3.72013 3.22399 1.41111 10.1947 5.03343 4.02189 4.38408 3.93424 10.0465 6.55464 2.03249 2.0101 8.84919 2.82545 4.5426 1.84324 1.6127 1.43515 2.90983 2.79231 4.93738 1.9379 2.6635 7.26899 2.02688 10.4209 4.7633 9.53899 9.5352 1.46656 6.17066 1.62443 3.2402 10.4855 3.0312 2.44807 1.85436 3.44726 2.05384 2.22443 6.69134 1.83417 
3.62627 2.8301 0 2.47787 2.69017 2.43764 2.90091 2.88675 2.46757 2.53237 2.79029 2.88675 2.97815 2.65809 2.94787 2.81659 3.44678 2.43764 2.93436 3.03634 2.79029 1.88948 2.70005 2.76088 2.43764 2.06827 2.20735 2.43041 3.56496 2.48269 2.82927 2.43041 2.70005 2.86826 2.81659 2.89571 1.88948 1.88948 2.53237 3.31449 2.70005 2.69017 3.0159 2.5646 2.94787 1.88948 2.20735 3.03495 2.46757 3.0515 2.20735 2.47787 2.71706 2.61884 2.47787 2.60063 2.71706 3.03173 2.58173 2.59032 2.63054 2.914 3.28515 2.6562 2.99928 3.21472 2.5229 2.79076 3.09177 3.04186 2.83375 3.17926 2.79076 3.17658 2.78613 2.85041 3.01227 3.22075 2.89162 2.86648 3.77053 2.61694 2.95546 2.62718 2.63533 2.61694 2.63054 2.78449 2.20735 2.6562 3.13514 2.6562 2.62718 3.46028 2.88613 2.77025 3.04686 3.2491 2.20735 2.99928 
1.30172 8.56137 2.47787 0 1.56491 2.71005 6.51139 2.28148 1.87757 0.894898 6.60617 1.25523 1.03062 8.11014 0.700147 5.70516 3.7312 7.11676 1.37944 1.25637 1.05634 8.83391 2.72489 2.62524 3.49576 3.27346 8.06843 5.11049 1.50162 1.48988 5.99375 2.04621 2.95102 1.84685 0.762318 1.35178 3.70399 3.53962 2.53444 1.34459 3.0301 7.36102 3.28796 7.7409 5.22069 7.07656 6.87757 3.8894 7.07993 2.37519 7.15532 6.30971 4.49805 4.72251 2.35788 8.40598 3.67832 5.42028 3.58964 3.11053 1.11386 9.89886 4.38437 3.19858 3.41684 3.87406 9.21023 5.6735 1.79546 1.5823 8.02509 2.15579 3.98925 1.53663 1.26944 1.21568 2.49736 2.77495 3.61474 1.54456 2.31332 5.88026 1.63354 9.59223 4.01553 7.91208 8.55174 0.895013 5.34743 1.1348 2.91371 9.58916 2.22994 1.88771 1.36473 2.79941 1.49225 1.77532 6.23225 1.11343 
1.9779 1.97336 2.69017 1.56491 0 2.05894 2.02117 2.76256 2.07613 1.2878 1.54897 1.58409 1.24628 1.70138 1.33374 2.00606 2.83049 1.89458 1.37621 1.6157 0.854764 1.80218 2.31669 1.79627 2.002 2.1521 2.01236 2.36251 1.68945 1.77279 2.17182 2.1952 2.47801 1.99584 1.16821 1.59856 4.18875 3.85791 2.08453 1.60451 2.59346 1.55379 2.1862 2.16462 2.37551 1.84531 1.6386 2.26415 2.12671 2.29312 1.97232 1.72409 2.08204 2.53202 1.9224 2.19642 1.85682 2.50657 2.04303 2.32236 1.32667 2.55853 3.06977 2.24772 2.65237 2.85715 1.98296 2.5132 1.89206 1.64327 2.04372 2.53605 2.48212 1.56414 1.38753 1.24319 2.45314 2.91867 2.22753 1.53728 2.25549 2.17279 1.62692 2.26622 2.2482 2.04851 2.41408 1.17036 1.94856 1.2576 3.35179 2.27655 2.74135 1.82989 1.48753 2.04688 1.43442 1.71749 1.86143 1.31198 
1.92634 3.00528 2.43764 2.71005 2.05894 0 3.13672 2.63532 1.85345 1.23547 2.34566 1.59581 1.35207 2.6594 1.34256 2.76132 4.17815 2.10255 1.38468 1.50252 1.03221 2.49356 2.39331 3.17434 2.21903 3.80315 2.70186 2.70186 1.77272 2.07178 3.19571 2.19105 2.79725 2.27921 1.11666 1.28594 3.70424 3.72397 3.14562 1.55642 3.04171 2.80726 3.50855 2.6647 3.31255 2.23443 2.22738 3.50556 3.26052 3.64042 2.42922 2.42881 3.0482 3.39777 3.09401 2.67911 2.92525 3.71842 2.92059 2.7218 1.04801 3.44621 4.57258 3.46287 3.61154 3.73802 3.03772 3.25196 1.63953 1.45933 3.38497 2.59194 4.0612 1.65414 1.2036 1.32798 2.70386 2.74895 3.5812 1.34405 2.24809 3.21772 1.43303 3.0438 3.29508 3.00288 2.92959 1.2963 2.68251 1.13376 2.71542 3.02341 2.49527 1.97209 1.36369 3.00717 1.52443 1.72667 2.61301 1.37683 
2.34745 6.29166 2.90091 6.51139 2.02117 3.13672 0 2.61857 2.33283 1.36195 5.81105 1.72745 1.62656 6.32447 1.7386 7.51263 3.32155 6.4278 0.971587 1.94029 1.17935 6.43217 3.44684 3.17192 3.95388 3.58097 6.49121 5.2362 1.72834 2.30172 6.76141 2.1798 3.41269 2.38628 1.53776 1.65995 4.24635 3.94713 3.13799 1.81121 3.7887 6.31677 3.72108 5.88351 8.22506 5.90912 4.86563 5.00103 7.85685 3.93381 5.99766 5.48268 5.51474 5.00949 3.03353 5.90231 4.20162 6.35741 3.43481 3.45096 1.28774 7.57404 4.8894 3.81309 4.14258 3.99978 6.88646 6.64549 1.99354 1.65174 7.94499 2.84531 4.44173 1.76699 1.396 1.3589 2.75695 2.81948 5.08583 1.69828 2.46108 7.51645 1.78726 7.1876 4.49828 6.63151 6.95432 1.51624 5.84957 1.26607 3.02402 7.36129 2.57144 2.25294 1.496 3.29981 1.80253 1.90631 6.63645 1.9241 
2.51155 2.78033 2.88675 2.28148 2.76256 2.63532 2.61857 0 2.52786 1.30973 2.40139 1.00322 1.69828 2.62215 1.81379 2.72213 3.4974 2.63411 1.79183 1.97822 1.55106 1.6905 2.59467 2.76039 2.1117 2.86237 1.89301 2.36572 2.41671 2.5589 2.81592 2.5879 2.55329 2.95231 1.70186 1.61106 4.47814 4.07689 2.4163 2.01437 2.67347 2.47077 3.0219 1.85479 2.90941 1.88776 1.97436 2.82689 3.04685 2.88239 2.18659 1.81026 2.39048 2.73594 1.92512 2.12767 2.41858 2.84296 2.47959 2.45524 1.51688 2.7324 3.53683 2.60626 3.22165 3.26161 2.32328 2.75757 2.17287 1.78766 2.73915 3.25189 2.80435 1.83945 1.41711 1.54093 3.10074 3.32313 2.88813 1.95939 2.80141 2.43461 2.04837 2.56313 2.142 2.56139 2.55188 1.57234 2.13896 1.402 3.48468 2.31683 2.94382 2.42836 1.63192 2.34171 1.93846 2.31596 2.00992 1.87314 
2.82888 2.26069 2.46757 1.87757 2.07613 1.85345 2.33283 2.52786 0 2.16752 1.85345 2.52786 2.25461 2.08869 2.2451 2.01919 2.87738 1.86957 2.33904 2.40506 1.93475 1.61203 1.90587 1.97148 1.86957 2.03202 1.61203 2.06988 2.7585 2.08869 2.29321 2.06988 2.22172 2.25422 2.01919 2.30039 1.60173 2.46757 2.16752 2.45895 2.22172 1.87757 2.16037 1.99653 2.2451 1.60173 1.61203 2.18397 1.60173 2.39929 1.60173 1.97052 2.02123 2.10423 2.11303 2.03256 2.14899 2.3236 2.01365 2.02225 2.06247 2.34592 2.67953 2.05058 2.27936 2.49948 1.97911 2.22268 2.55635 2.47379 2.2197 2.5272 2.22268 2.59478 2.21805 2.26861 2.04723 2.49948 2.16807 2.26086 3.16491 2.04557 2.34984 2.0591 2.15895 2.04557 2.06247 2.21312 1.60173 2.05058 2.55334 2.05058 2.0591 2.88891 2.28051 2.17352 2.44125 2.68103 1.63928 2.27936 
2.15121 1.13549 2.53237 0.894898 1.2878 1.23547 1.36195 1.30973 2.16752 0 1.26498 1.30973 1.60511 1.13549 1.57482 1.34152 1.76278 1.23547 1.42633 1.72739 1.34628 0.752389 1.3174 1.22699 1.10151 1.39792 0.977932 1.29332 2.06425 1.13549 1.2463 1.29332 1.56296 1.53431 1.34152 1.40628 2.16752 1.78642 0.752389 1.75342 1.47328 1.25077 1.45483 1.07465 1.57482 0.752389 0.977932 1.45198 1.65808 1.51708 0.939922 0.752389 1.43277 1.44242 0.894898 1.10151 1.51171 1.62824 1.20317 1.10151 1.16835 1.56313 2.01772 1.27432 1.51281 1.63778 0.939922 1.44773 1.89454 1.77556 1.25077 1.60316 1.57338 1.60048 1.32394 1.27432 1.56762 1.63778 1.51857 1.59906 2.5031 1.38376 1.68803 1.42501 1.07465 1.38376 1.16835 1.22381 0.939922 1.38877 1.86771 1.27432 1.42501 2.2271 1.6187 1.27432 1.77944 2.03172 0.939922 1.51281 
1.40353 7.42338 2.79029 6.60617 1.54897 2.34566 5.81105 2.40139 1.85345 1.26498 0 1.55106 1.09441 7.6659 0.98822 5.86882 3.59195 5.53743 1.48831 1.47432 0.854764 7.60995 2.57043 2.02527 3.32178 3.51883 6.68595 4.51912 1.23076 1.85243 5.69548 1.98732 2.51984 2.07548 0.762318 1.64761 3.72796 3.8257 2.83002 1.1181 2.93818 7.88624 2.96513 16.2656 5.54313 12.9951 14.654 3.66957 6.42903 3.0298 20.7263 9.92632 4.41978 4.45985 2.43674 8.39764 3.3593 5.0445 3.11622 2.87804 1.30887 8.70028 4.02026 3.06716 3.49492 3.77549 8.03998 5.52611 1.82768 1.63631 7.19616 2.19716 3.62514 1.59767 1.38058 1.2253 1.98754 2.64638 4.14932 1.632 2.20648 5.78988 1.72164 8.04177 3.73686 10.791 12.114 1.31651 4.97381 1.25065 3.08575 8.53239 2.28808 1.84522 1.48058 2.79819 1.58057 1.86364 5.53629 1.37683 
2.51155 1.64983 2.88675 1.25523 1.58409 1.59581 1.72745 1.00322 2.52786 1.30973 1.55106 0 1.77 1.58409 1.88551 1.70186 2.12828 1.59581 1.79183 1.97822 1.55106 1.00322 1.67774 1.58409 1.30629 1.64875 1.00322 1.45022 2.44183 1.46998 1.59483 1.45022 1.45022 1.8095 1.70186 1.61106 2.52786 2.03725 1.30973 2.0395 1.69329 1.61111 1.74091 1.10677 1.88551 1.10677 1.18271 1.71859 1.87316 1.87741 1.30026 1.00322 1.46286 1.72076 1.25523 1.30629 1.46286 1.81177 1.44596 1.30629 1.51688 1.76792 2.20689 1.402 1.87314 1.91611 1.18271 1.79626 2.17287 1.78766 1.61111 1.9635 1.81177 1.94901 1.53193 1.54093 1.92795 1.91611 1.8715 1.95939 2.80141 1.49058 2.04837 1.64399 1.42718 1.55459 1.51688 1.57234 1.30026 1.402 2.13433 1.402 1.69404 2.42836 1.63192 1.52493 1.93846 2.31596 1.18271 1.87314 
2.19178 1.70623 2.97815 1.03062 1.24628 1.35207 1.62656 1.69828 2.25461 1.60511 1.09441 1.77 0 1.59601 1.48895 1.45976 2.22308 1.52954 1.94304 1.90368 1.39243 1.28723 1.38679 1.55581 1.29009 1.70722 1.28723 1.56851 2.19907 1.41292 1.68866 1.56851 1.38679 1.46532 1.45976 1.97415 2.25461 2.22006 1.60511 1.85439 1.38679 0.95999 1.55581 0.95999 1.48895 1.08868 1.24628 1.57941 1.71452 1.37298 1.31447 1.32762 0.95999 1.81697 1.03062 1.46781 0.95999 1.53527 1.65041 1.46781 1.6784 1.72355 1.95548 1.33788 1.49046 2.13028 1.56485 1.67935 2.26909 1.72355 1.29825 1.67935 1.57713 1.97655 1.46781 1.72549 1.82271 2.11011 1.14176 1.95332 2.56677 1.14176 2.04296 1.4387 1.03062 1.14176 1.6784 1.58805 1.31447 1.33641 2.24226 1.33641 1.53043 2.20551 1.56634 1.33641 1.86928 2.15235 1.31447 1.49046 
1.84987 7.72107 2.65809 8.11014 1.70138 2.6594 6.32447 2.62215 2.08869 1.13549 7.6659 1.58409 1.59601 0 1.26609 6.43049 3.48777 6.38601 1.37273 1.7978 1.0864 7.96452 2.99478 2.51818 3.2054 3.22614 7.64544 4.90881 1.23076 1.79177 5.6647 2.043 3.1438 2.1145 1.04019 1.68064 3.82096 3.59735 2.59451 1.40581 3.27075 9.1881 3.36192 9.36425 6.85475 8.5783 7.67036 4.38051 6.88651 3.21085 9.30167 7.68672 5.34628 4.62357 2.76111 10.0668 3.97971 5.96326 3.31952 3.05011 1.34189 10.0309 4.81312 3.71853 4.03034 3.78862 9.72615 6.18145 1.92685 1.88322 8.27447 2.65819 4.41992 1.77402 1.54348 1.36594 2.43904 2.68736 4.45401 1.7659 2.60864 6.86065 1.85487 9.85027 4.48058 10.9229 11.0317 1.33969 5.73616 1.49756 3.14076 9.90534 2.80045 2.26933 1.72748 3.1113 1.87387 2.14852 6.26972 1.67882 
1.30172 1.52842 2.94787 0.700147 1.33374 1.34256 1.7386 1.81379 2.2451 1.57482 0.98822 1.88551 1.48895 1.26609 0 1.12984 2.00524 1.45968 1.92915 1.89417 1.42386 1.20214 1.39498 1.38821 1.45155 1.62213 1.20214 1.55899 1.86915 1.26609 1.54637 1.55899 1.70319 1.74333 1.12984 1.75631 2.2451 2.13497 1.56339 1.71211 1.61638 0.98822 1.38821 1.14613 0.700147 1.05839 1.20214 1.19716 1.73565 1.20892 1.05839 1.19716 1.33369 1.56089 1.14613 1.33638 1.33369 1.62101 1.54497 1.45155 1.16453 1.74596 1.82725 1.45788 1.71079 1.91707 1.28173 1.42542 2.01301 1.94081 1.42762 1.63247 1.42542 1.55065 1.61592 1.61612 1.53472 1.91707 1.04903 1.79944 2.42177 1.04903 1.88842 1.26185 1.14613 1.04903 1.16453 1.29131 1.20214 1.5311 1.95421 1.45788 1.26185 1.99616 1.76103 1.45788 1.50626 1.88377 1.20214 1.71079 
1.30172 6.914 2.81659 5.70516 2.00606 2.76132 7.51263 2.72213 2.01919 1.34152 5.86882 1.70186 1.45976 6.43049 1.12984 0 3.67066 7.03138 1.72831 1.25637 0.963938 5.7823 2.99087 2.98977 3.88112 3.84592 7.39461 5.49771 1.64324 2.03866 7.26281 2.34442 3.47255 2.43258 0.762318 1.55255 3.93831 3.97632 3.21429 1.4408 3.18227 6.03065 3.71139 6.05164 6.45907 5.94867 5.35127 4.45929 8.04889 3.20292 5.60394 5.26464 5.65019 5.07312 2.75319 6.20508 4.04548 6.0638 3.90302 3.18842 1.22435 7.89667 4.57281 3.59025 3.77655 4.0463 7.23829 6.45592 2.01847 1.84031 7.83163 2.69528 4.09951 1.90234 1.41215 1.49426 2.80333 2.99713 4.64595 1.72299 2.45224 7.20517 1.81197 6.97794 4.3185 6.80975 6.65192 1.29678 5.88126 1.45465 3.0253 7.57452 2.72935 2.22658 1.68458 2.95953 1.83112 2.10561 7.07016 1.54257 
2.45365 2.79206 3.44678 3.7312 2.83049 4.17815 3.32155 3.4974 2.87738 1.76278 3.59195 2.12828 2.22308 3.48777 2.00524 3.67066 0 3.94315 1.67969 2.16698 1.72277 3.63161 4.4077 4.15484 3.7336 4.7128 3.67959 4.50899 2.30755 2.85744 3.21177 3.01132 4.55109 3.1956 1.70508 1.92006 5.17554 4.80005 4.05652 2.2125 4.61263 4.07857 4.78976 3.97482 4.66911 3.88558 3.25499 4.74419 4.41757 4.91673 3.53972 3.07122 4.52421 4.78419 3.97482 3.40756 4.35463 4.58378 3.67733 4.19388 1.5786 4.49846 5.90497 4.88193 5.26072 4.86469 3.74216 4.38831 2.50746 2.17212 4.76322 3.70858 5.41414 2.31821 1.7205 1.89711 3.60213 3.47695 4.90514 2.19814 2.9106 4.60079 2.28712 4.3736 4.3569 4.5006 3.93315 1.94154 4.00241 1.97417 3.6973 4.50255 3.5945 2.75795 2.2041 4.18634 2.37852 2.58076 3.36975 2.32898 
2.10381 7.00681 2.43764 7.11676 1.89458 2.10255 6.4278 2.63411 1.86957 1.23547 5.53743 1.59581 1.52954 6.38601 1.45968 7.03138 3.94315 0 1.38468 1.67999 0.984548 7.03531 2.02756 2.96574 3.33373 3.36553 7.84079 4.65096 1.71679 1.90667 6.72902 1.88767 2.27333 2.33998 1.29413 1.28594 3.75382 3.4546 2.7707 1.73389 2.6454 6.87314 3.42757 6.79419 7.46443 5.35813 5.78145 4.86075 7.3166 3.6535 7.04516 6.14674 5.30832 4.31917 2.98015 7.01837 4.22309 6.11976 3.81023 2.93711 1.04801 8.79833 4.60701 3.52627 3.74442 3.65101 8.63673 6.53917 1.63953 1.45933 9.03325 2.65271 4.22866 1.65414 1.2036 1.32798 2.60328 2.62715 4.84604 1.34405 2.24809 6.96516 1.43303 8.61849 3.98244 7.76898 8.27841 1.2963 6.03218 1.13376 3.00925 8.52441 2.4966 1.97209 1.36369 3.31616 1.52443 1.72667 6.89816 1.51109 
2.538 1.28055 2.93436 1.37944 1.37621 1.38468 0.971587 1.79183 2.33904 1.42633 1.48831 1.79183 1.94304 1.37273 1.92915 1.72831 1.67969 1.38468 0 2.00467 1.48831 1.05309 1.61498 1.37273 1.38468 1.43762 0.971587 1.44074 2.23395 1.37944 1.52381 1.39848 1.62326 1.63175 1.72831 1.65995 2.33904 1.95047 1.28055 2.05857 1.77529 1.58669 1.75302 1.2798 1.92915 1.15439 0.971587 1.78358 1.73588 2.07502 1.15439 1.28055 1.63589 1.57489 1.53256 1.52202 1.62356 1.98481 1.06777 1.52202 1.56577 1.76731 2.23219 1.57503 1.98056 1.92822 1.30965 1.72599 2.027 1.9607 1.81932 2.09043 1.72599 2.07594 1.70496 1.66786 1.94006 1.92822 1.87719 1.81352 2.71756 1.59823 1.9025 1.56241 1.60021 1.59823 1.56577 1.76578 1.15439 1.57503 2.01938 1.57503 1.56241 2.44156 1.80496 1.62356 1.9939 2.18434 1.06777 1.98056 
2.06605 1.77817 3.03634 1.25637 1.6157 1.50252 1.94029 1.97822 2.40506 1.72739 1.47432 1.97822 1.90368 1.7978 1.89417 1.25637 2.16698 1.67999 2.00467 0 1.47432 1.25637 1.55494 1.69994 1.52415 1.73296 1.31297 1.60945 2.40086 1.47111 1.42088 1.60945 1.7613 1.79379 1.25637 1.82891 2.40506 2.2458 1.72739 1.99853 1.7613 1.52665 1.69994 1.62375 1.89417 1.25637 1.31297 1.72354 1.79641 2.03992 1.44972 1.42088 1.67031 1.91627 1.46629 1.52415 1.71542 1.96584 1.7323 1.52415 1.70049 2.1087 2.36096 1.7775 1.92844 2.24478 1.64643 1.96584 2.36839 2.28423 1.75928 2.10478 1.96584 2.37848 1.85608 2.00464 2.21057 2.24478 1.81715 2.10886 2.95548 1.85938 2.19783 1.86955 1.62375 1.81715 1.70049 1.77291 1.44972 1.89857 2.37751 1.7775 1.86955 2.70272 2.1285 1.7775 2.28924 2.49147 1.44972 1.92844 
1.89519 1.32194 2.79029 1.05634 0.854764 1.03221 1.17935 1.55106 1.93475 1.34628 0.854764 1.55106 1.39243 1.0864 1.42386 0.963938 1.72277 0.984548 1.48831 1.47432 0 1.03221 1.08463 1.16454 0.984548 1.41681 1.03221 1.09309 1.68945 1.27108 1.26911 1.09309 1.24493 1.27743 1.19796 1.64761 1.93475 1.96504 1.33163 1.46313 1.23578 0.854764 1.16454 1.15905 1.31141 1.03221 0.854764 1.18342 1.03548 1.36391 1.05946 0.974697 0.954487 1.37556 1.20118 1.09828 0.954487 1.24599 0.971364 1.09828 1.30887 1.4877 1.64111 1.01656 1.45813 1.57485 0.974697 1.24599 1.82768 1.63631 1.17044 1.34385 1.24599 1.71028 1.38058 1.33291 1.52612 1.56265 1.13269 1.632 2.23563 1.13269 1.72164 1.19166 1.26234 1.13269 1.30887 1.31651 1.01656 1.25065 1.92298 1.01656 1.24171 1.97603 1.48058 1.01656 1.58057 1.86364 0.971364 1.45813 
1.8463 8.77106 1.88948 8.83391 1.80218 2.49356 6.43217 1.6905 1.61203 0.752389 7.60995 1.00322 1.28723 7.96452 1.20214 5.7823 3.63161 7.03531 1.05309 1.25637 1.03221 0 2.40268 2.85461 3.4134 2.43725 7.28883 4.0113 1.93055 1.48185 6.47259 1.54076 2.54577 1.99194 1.03661 1.01444 2.98454 2.49589 2.47323 1.52821 2.579 8.2498 3.18053 8.11814 6.76429 7.74839 6.72239 4.08752 6.94498 2.92163 7.96899 7.52601 4.88448 3.66337 2.13228 8.43484 3.3629 5.68313 3.32149 2.24881 0.850563 10.342 4.06957 2.96762 3.10242 3.07465 10.5198 5.5077 1.31179 1.26189 8.58681 2.29152 3.52484 1.3966 1.00615 1.02964 2.24909 2.33255 4.02607 1.08651 1.99055 6.27077 1.17548 10.6759 3.49928 9.50101 9.60222 1.02681 5.20819 0.876222 2.34071 10.579 1.85431 1.71455 1.10615 2.42594 1.26689 1.46913 5.84937 1.25355 
1.97876 3.10512 2.70005 2.72489 2.31669 2.39331 3.44684 2.59467 1.90587 1.3174 2.57043 1.67774 1.38679 2.99478 1.39498 2.99087 4.4077 2.02756 1.61498 1.55494 1.08463 2.40268 0 3.555 2.64447 3.77829 2.56887 2.56887 1.853 2.3204 3.44292 2.04007 2.5146 2.53697 1.16908 1.46026 3.84159 3.88887 3.32787 1.60884 3.09695 2.85706 3.73123 2.5621 3.5421 2.20879 2.31265 3.7351 3.42861 3.86997 2.65877 2.65835 3.02184 3.26479 2.9633 2.63798 2.93713 3.77725 3.15013 3.20851 1.22233 3.80844 4.81944 3.60189 3.84108 3.9092 3.26726 3.6774 1.75548 1.82444 3.61451 2.84969 4.40512 1.96849 1.37792 1.64233 2.96161 2.91974 3.64864 1.72685 2.46312 3.1314 1.81583 3.21673 2.96143 3.05882 3.15914 1.44087 2.89529 1.40091 3.07002 3.16027 2.75303 2.20353 1.63084 3.23672 1.80806 2.09113 2.84255 1.42925 
1.972 3.07677 2.76088 2.62524 1.79627 3.17434 3.17192 2.76039 1.97148 1.22699 2.02527 1.58409 1.55581 2.51818 1.38821 2.98977 4.15484 2.96574 1.37273 1.69994 1.16454 2.85461 3.555 0 2.95084 3.9358 3.25099 3.49507 1.35289 1.87419 2.90661 2.05513 3.71282 2.14329 1.16231 1.68064 3.81375 3.7244 3.32208 1.30795 3.82458 2.78984 3.1832 3.29371 3.55321 2.83707 2.50628 3.4603 2.70643 3.50612 2.95516 2.39275 3.45705 3.48657 3.13573 3.23472 3.27475 3.94709 2.95021 3.27093 1.34189 3.49482 5.08769 3.98909 4.42217 3.99619 3.29651 3.72355 1.81761 1.74286 3.61782 2.68698 4.70935 1.58568 1.54348 1.36594 2.15305 2.63831 3.64132 1.86868 2.58571 3.43101 1.95766 3.49976 3.65875 3.33214 3.35005 1.39735 2.97374 1.55522 3.23457 3.68517 2.69715 2.1601 1.78514 3.48592 1.76464 2.0477 2.75054 1.68374 
1.94502 3.64734 2.43764 3.49576 2.002 2.21903 3.95388 2.1117 1.86957 1.10151 3.32178 1.30629 1.29009 3.2054 1.45155 3.88112 3.7336 3.33373 1.38468 1.52415 0.984548 3.4134 2.64447 2.95084 0 3.40802 3.7906 4.17663 1.79936 2.01409 4.09754 2.0762 2.35195 2.5243 1.24779 0.932936 3.86173 3.5625 2.77639 1.58671 2.83237 3.70502 3.30963 3.10507 4.54651 2.80585 2.86091 4.90689 4.43651 3.54717 3.15744 2.99242 4.04785 4.61189 2.46698 3.25707 4.07503 4.70965 4.05308 2.37555 0.594187 4.04856 4.26331 3.35896 3.61444 3.39566 3.93487 4.52625 1.5397 1.20466 4.59293 2.56673 3.75193 1.49623 0.948925 1.08814 2.61376 2.30156 4.90859 1.22341 1.97589 4.16993 1.31239 3.97822 3.93899 3.81645 3.87359 1.11955 3.62148 0.879089 2.38744 3.88443 2.18544 1.74213 1.10902 2.64049 1.40379 1.60603 3.55884 1.39682 
2.26628 3.59599 2.06827 3.27346 2.1521 3.80315 3.58097 2.86237 2.03202 1.39792 3.51883 1.64875 1.70722 3.22614 1.62213 3.84592 4.7128 3.36553 1.43762 1.73296 1.41681 2.43725 3.77829 3.9358 3.40802 0 3.28158 3.51981 2.01987 2.12239 3.80089 2.20171 3.98537 2.52309 1.4566 1.39897 3.32273 2.94591 3.5116 1.9482 4.18664 3.52628 4.48843 3.59884 4.44691 3.12888 2.52223 4.32849 3.92742 4.43348 3.25193 3.07006 3.80341 3.67804 3.58291 3.52699 3.72587 4.59064 3.50689 3.91411 1.27055 4.17536 5.55208 4.50467 4.63947 4.38255 3.68092 4.23821 1.76602 1.68187 4.20705 3.14232 5.00735 1.81659 1.42614 1.44963 2.819 2.86701 4.40328 1.50649 2.41054 3.98573 1.59547 3.91024 3.95095 3.72063 3.77747 1.45875 3.74798 1.29621 3.32292 4.18764 2.95095 2.13454 1.52614 4.07901 1.68687 1.88911 3.17392 1.67354 
1.8463 7.25789 2.20735 8.06843 2.01236 2.70186 6.49121 1.89301 1.61203 0.977932 6.68595 1.00322 1.28723 7.64544 1.20214 7.39461 3.67959 7.84079 0.971587 1.31297 1.03221 7.28883 2.56887 3.25099 3.7906 3.28158 0 4.07909 1.93055 2.0099 7.43218 1.49201 2.6934 2.05796 1.03661 0.932936 3.50244 3.20322 2.97134 1.52821 2.99685 7.28141 3.45898 6.58739 8.04821 6.75472 6.02785 5.06105 8.02986 3.55915 6.82235 6.45709 5.55162 4.46558 2.81833 7.15116 4.16152 6.4615 3.6707 2.7268 0.850563 8.82281 4.64898 3.38352 3.62749 3.47543 8.35782 6.50286 1.29999 1.26189 9.5063 2.49451 4.22878 1.3966 1.00615 1.02964 2.67926 2.27407 4.80608 1.08651 1.99055 7.52848 1.17548 8.69506 4.16171 8.17362 8.23104 1.03876 5.91807 0.876222 2.57127 8.65448 2.22814 1.71455 1.10615 3.0476 1.26689 1.46913 6.40282 1.25355 
2.14278 5.31785 2.43041 5.11049 2.36251 2.70186 5.2362 2.36572 2.06988 1.29332 4.51912 1.45022 1.56851 4.90881 1.55899 5.49771 4.50899 4.65096 1.44074 1.60945 1.09309 4.0113 2.56887 3.49507 4.17663 3.51981 4.07909 0 1.96996 2.25882 5.97338 1.81708 2.77595 2.48304 1.33309 1.40209 3.79988 3.51196 3.23188 1.66335 3.12959 4.8227 3.45427 4.50497 6.10823 4.10888 3.70235 4.89879 5.94588 3.77381 4.29286 4.58349 5.1769 4.45387 2.9134 4.66921 4.21273 6.32368 4.09876 3.10383 1.27106 5.84793 4.74161 3.58638 3.87901 3.64626 5.56529 6.50983 1.29999 1.60534 5.98661 2.85778 4.23023 1.8171 1.34961 1.49093 3.03229 2.57239 5.01233 1.507 2.41105 5.59182 1.59598 5.31786 4.00726 5.10764 5.31303 1.46984 5.70355 1.21968 2.88001 5.53701 2.53688 2.14685 1.4496 3.40539 1.68739 1.88962 4.7211 1.59326 
2.45293 1.58965 3.56496 1.50162 1.68945 1.77272 1.72834 2.41671 2.7585 2.06425 1.23076 2.44183 2.19907 1.23076 1.86915 1.64324 2.30755 1.71679 2.23395 2.40086 1.68945 1.93055 1.853 1.35289 1.79936 2.01987 1.93055 1.96996 0 1.50162 1.71521 1.96996 2.0557 1.72867 1.64324 2.53838 2.7585 2.63391 1.58965 2.00887 2.0557 1.50162 1.35289 1.96569 1.86915 1.85596 1.68945 1.73388 1.80881 2.08105 1.96451 1.52043 1.87121 2.30035 1.73708 1.98905 1.87121 2.21054 1.88386 1.98905 2.19964 2.32027 2.61718 1.99263 2.28188 2.30035 1.86547 2.22206 2.78459 2.61238 1.76962 2.12201 2.22206 2.48844 2.27264 2.11607 2.02546 2.30035 2.04598 2.60807 3.2117 2.10877 2.69771 2.16773 1.96569 2.04598 2.19964 2.19743 1.96451 2.22672 2.81708 1.99263 2.21778 2.9521 2.45665 1.99263 2.55664 2.83971 1.86547 2.28188 
1.84987 1.78029 2.48269 1.48988 1.77279 2.07178 2.30172 2.5589 2.08869 1.13549 1.85243 1.46998 1.41292 1.79177 1.26609 2.03866 2.85744 1.90667 1.37944 1.47111 1.27108 1.48185 2.3204 1.87419 2.01409 2.12239 2.0099 2.25882 1.50162 0 2.00774 2.09152 2.43845 2.05473 1.04019 1.56653 3.91306 3.53757 1.7642 1.62245 2.46472 1.85005 2.41318 2.06882 2.37386 1.59985 1.70394 2.48719 2.43017 2.53269 1.93395 1.46883 2.166 2.4113 1.76344 2.20501 2.16028 2.77579 2.21239 2.29265 1.4381 2.73313 3.33899 2.55118 2.81753 2.77752 2.20817 2.74519 1.905 1.79704 2.34425 2.80526 2.71411 1.86872 1.5413 1.4964 2.7566 2.90211 2.47116 1.67972 2.58376 2.37896 1.76869 2.43138 2.20887 2.27549 2.44288 1.21926 2.11372 1.41137 3.32208 2.49977 2.90651 2.21196 1.6413 2.35034 1.81649 2.06234 1.84732 1.43768 
1.71825 5.6974 2.82927 5.99375 2.17182 3.19571 6.76141 2.81592 2.29321 1.2463 5.69548 1.59483 1.68866 5.6647 1.54637 7.26281 3.21177 6.72902 1.52381 1.42088 1.26911 6.47259 3.44292 2.90661 4.09754 3.80089 7.43218 5.97338 1.71521 2.00774 0 2.29756 3.73419 2.38572 0.908564 1.69138 4.16237 3.99763 2.86411 1.4408 3.81231 6.25841 3.6872 6.45023 7.65577 6.17918 5.33337 4.63047 8.15097 3.5173 5.8688 5.20189 5.80947 5.10261 2.93609 6.11428 4.67194 6.15925 3.87417 3.32686 1.18163 7.51608 4.51663 3.92979 3.97084 4.05848 6.90158 6.47318 1.92863 1.95162 7.71998 2.5076 4.03891 1.61376 1.62084 1.2876 2.73965 2.92874 4.86641 1.61234 2.19076 7.67212 1.70132 7.04135 4.80589 6.93805 6.95799 1.23709 6.3802 1.47688 3.07327 7.78903 2.56899 2.03812 1.70681 3.35602 1.79272 1.90645 6.90506 1.80972 
2.14278 2.03152 2.43041 2.04621 2.1952 2.19105 2.1798 2.5879 2.06988 1.29332 1.98732 1.45022 1.56851 2.043 1.55899 2.34442 3.01132 1.88767 1.39848 1.60945 1.09309 1.54076 2.04007 2.05513 2.0762 2.20171 1.49201 1.81708 1.96996 2.09152 2.29756 0 2.15013 2.31574 1.33309 1.40209 4.17365 3.79817 1.98985 1.66335 2.31635 2.2558 2.44714 2.08857 2.81385 1.88284 1.79146 2.61031 2.56506 2.9803 1.9414 1.91747 2.42677 2.13096 2.1589 2.17347 2.51237 2.87585 2.19116 2.38929 1.27106 2.73843 3.48022 2.80398 3.1078 2.47825 2.31288 2.79318 1.29999 1.60534 2.67741 3.16974 2.74774 1.8171 1.34961 1.49093 2.99568 2.53978 2.9147 1.507 2.41105 2.61747 1.59598 2.6468 2.37578 2.5655 2.49653 1.46984 2.24161 1.21968 3.37006 2.55061 3.09028 2.14685 1.4496 2.57549 1.68739 1.88962 1.8953 1.59326 
2.25078 3.20901 2.70005 2.95102 2.47801 2.79725 3.41269 2.55329 2.22172 1.56296 2.51984 1.45022 1.38679 3.1438 1.70319 3.47255 4.55109 2.27333 1.62326 1.7613 1.24493 2.54577 2.5146 3.71282 2.35195 3.98537 2.6934 2.77595 2.0557 2.43845 3.73419 2.15013 0 2.69829 1.48493 1.46639 4.04765 3.86938 3.47241 1.81519 2.87904 2.97224 3.70089 2.64372 3.73082 1.99263 2.3985 3.87743 3.63569 3.96846 2.69016 2.85192 3.01948 3.47186 2.83632 2.6965 2.9586 3.85276 3.28084 3.04385 1.37222 3.69507 4.93463 3.71708 4.20507 4.11628 3.46151 3.87102 1.7347 1.60534 3.71906 3.12069 4.4964 1.88585 1.20605 1.66396 3.07479 2.92075 3.76383 1.83512 2.61909 3.24659 1.92476 3.32012 2.85998 3.17401 3.30385 1.46984 2.94801 1.21968 3.23272 3.27546 2.70212 2.24604 1.4496 3.35482 1.75614 2.13364 3.08694 1.7451 
2.32125 2.10302 2.86826 1.84685 1.99584 2.27921 2.38628 2.95231 2.25422 1.53431 2.07548 1.8095 1.46532 2.1145 1.74333 2.43258 3.1956 2.33998 1.63175 1.79379 1.27743 1.99194 2.53697 2.14329 2.5243 2.52309 2.05796 2.48304 1.72867 2.05473 2.38572 2.31574 2.69829 0 1.51156 1.81965 4.47069 4.13984 2.20507 1.81154 2.86451 2.0301 2.67044 2.45298 2.90202 2.08297 2.0552 2.69847 2.65322 2.78094 2.40657 1.97892 2.4351 2.93051 2.27353 2.61123 2.38333 2.92655 2.40814 2.71067 1.72547 3.08504 3.48974 2.68205 3.0537 3.26879 2.41729 2.94753 2.1867 2.06593 2.47805 2.97038 2.9021 1.9868 1.8102 1.66585 2.97965 3.33032 2.71534 1.95995 2.67816 2.6993 2.04959 2.68867 2.74019 2.54459 2.84841 1.59303 2.38282 1.68027 3.7401 2.75692 3.1638 2.25255 1.9102 2.48121 1.85709 2.14016 2.26534 1.49008 
1.30172 1.11274 2.81659 0.762318 1.16821 1.11666 1.53776 1.70186 2.01919 1.34152 0.762318 1.70186 1.45976 1.04019 1.12984 0.762318 1.70508 1.29413 1.72831 1.25637 1.19796 1.03661 1.16908 1.16231 1.24779 1.4566 1.03661 1.33309 1.64324 1.04019 0.908564 1.33309 1.48493 1.51156 0 1.55255 2.01919 1.96944 1.26585 1.48621 1.39048 0.762318 1.16231 1.22638 1.12984 1.03661 1.03661 1.21122 1.50975 1.34175 1.06386 0.908564 1.13191 1.56636 0.908564 1.13261 1.13191 1.57997 1.41793 1.24779 1.31462 1.76666 1.97509 1.38143 1.54257 1.89487 1.18146 1.57997 2.01847 1.84031 1.24696 1.59934 1.57997 1.94775 1.41215 1.53967 1.76315 1.89487 1.34175 1.72299 2.56961 1.44614 1.81197 1.48369 1.22638 1.43128 1.31462 1.29678 1.06386 1.45465 1.99165 1.38143 1.48369 2.28948 1.68458 1.38143 1.89401 2.10561 1.06386 1.54257 
2.36224 1.74638 2.89571 1.35178 1.59856 1.28594 1.65995 1.61106 2.30039 1.40628 1.64761 1.61106 1.97415 1.68064 1.75631 1.55255 1.92006 1.28594 1.65995 1.82891 1.64761 1.01444 1.46026 1.68064 0.932936 1.39897 0.932936 1.40209 2.53838 1.56653 1.69138 1.40209 1.46639 1.81965 1.55255 0 2.30039 1.91182 1.40628 2.13605 1.46026 1.59856 1.83746 1.31091 1.75631 1.11574 0.932936 1.81514 1.69723 1.97396 1.11361 1.09977 1.62545 1.53623 1.35178 0.932936 1.57189 1.97436 1.37257 0.932936 1.14352 1.54095 2.19141 1.33071 1.70158 1.87097 1.27926 1.65036 1.98835 1.76254 1.70766 2.06005 1.68734 2.04556 1.31091 1.63748 2.0245 1.98428 1.87649 1.77275 2.67679 1.55958 1.86172 1.52376 1.53153 1.55958 1.14352 1.66889 1.11361 1.56459 1.82746 1.33071 1.52376 2.40291 1.79451 1.33071 1.95313 2.14569 1.11361 1.70158 
2.82888 4.22712 1.88948 3.70399 4.18875 3.70424 4.24635 4.47814 1.60173 2.16752 3.72796 2.52786 2.25461 3.82096 2.2451 3.93831 5.17554 3.75382 2.33904 2.40506 1.93475 2.98454 3.84159 3.81375 3.86173 3.32273 3.50244 3.79988 2.7585 3.91306 4.16237 4.17365 4.04765 4.47069 2.01919 2.30039 0 3.48975 3.97279 2.45895 4.22604 3.74971 4.27897 3.91089 4.27351 3.02899 3.1571 4.2087 3.47593 4.43642 3.27217 3.70848 3.88484 3.8782 3.89156 3.86296 3.98629 4.40996 3.91452 3.9506 2.06247 4.34499 4.88254 4.27871 4.45943 4.63967 3.91101 4.31393 2.55635 2.47379 4.22519 4.67933 4.2353 2.59478 2.21805 2.26861 4.12074 4.76426 4.28806 2.26086 3.16491 3.95626 2.34984 3.9428 4.00295 3.85934 3.95207 2.21312 3.16409 2.05058 4.62694 4.05884 4.36573 2.88891 2.28051 4.21808 2.44125 2.68103 3.44172 2.27936 
2.77913 3.85163 1.88948 3.53962 3.85791 3.72397 3.94713 4.07689 2.46757 1.78642 3.8257 2.03725 2.22006 3.59735 2.13497 3.97632 4.80005 3.4546 1.95047 2.2458 1.96504 2.49589 3.88887 3.7244 3.5625 2.94591 3.20322 3.51196 2.63391 3.53757 3.99763 3.79817 3.86938 4.13984 1.96944 1.91182 3.48975 0 3.5973 2.46104 3.92681 3.69712 4.33904 3.63077 4.24938 2.76731 2.85787 4.25877 3.526 4.34012 3.11796 3.43157 3.88775 3.61652 3.60184 3.56374 3.72461 4.46453 3.67177 3.65137 1.78339 4.08331 4.62086 4.08457 4.34993 4.48417 3.62363 4.0147 2.27887 2.19472 4.08438 4.53558 4.07613 2.32943 1.93898 1.96247 4.20902 4.60876 4.14431 2.01934 2.92338 3.69458 2.10831 3.64687 3.74127 3.65497 3.69039 1.97159 3.26183 1.80905 4.59045 3.79716 4.10405 2.64738 2.03898 3.94751 2.19972 2.40196 3.20605 2.18638 
2.07554 2.8261 2.53237 2.53444 2.08453 3.14562 3.13799 2.4163 2.16752 0.752389 2.83002 1.30973 1.60511 2.59451 1.56339 3.21429 4.05652 2.7707 1.28055 1.72739 1.33163 2.47323 3.32787 3.32208 2.77639 3.5116 2.97134 3.23188 1.58965 1.7642 2.86411 1.98985 3.47241 2.20507 1.26585 1.40628 3.97279 3.5973 0 1.47503 3.67579 2.90698 3.81902 3.02816 3.67153 1.96759 2.47323 3.66053 3.53562 3.64488 2.78085 2.21289 3.48733 3.34855 2.80753 2.98093 3.40978 3.81526 2.78535 3.32236 1.16835 3.68652 4.95236 3.96009 4.17819 3.99404 2.98477 3.73772 1.89454 1.77556 3.51359 2.7622 4.57401 1.60048 1.32394 1.27432 2.79049 2.83263 3.70982 1.59906 2.5031 3.41759 1.68803 3.47096 3.26343 3.31084 3.26662 1.22381 3.2034 1.38877 3.12143 3.45336 2.83392 2.2271 1.6187 3.52745 1.77944 2.03172 2.47777 1.51281 
2.29589 1.47503 3.31449 1.34459 1.60451 1.55642 1.81121 2.01437 2.45895 1.75342 1.1181 2.0395 1.85439 1.40581 1.71211 1.4408 2.2125 1.73389 2.05857 1.99853 1.46313 1.52821 1.60884 1.30795 1.58671 1.9482 1.52821 1.66335 2.00887 1.62245 1.4408 1.66335 1.81519 1.81154 1.48621 2.13605 2.45895 2.46104 1.47503 0 1.72551 1.34459 1.30795 1.62102 1.71211 1.55642 1.46313 1.33155 1.76387 1.76264 1.66496 1.1181 1.62102 2.06006 1.34459 1.58671 1.70105 1.93048 1.58906 1.58671 1.7973 2.04833 2.3256 1.70105 1.98233 2.25541 1.46313 1.93048 2.51217 2.32193 1.36729 1.71967 1.93048 2.0861 1.87031 1.71373 1.98052 2.24826 1.76264 2.31649 2.92012 1.81719 2.40613 1.9262 1.62102 1.81719 1.7973 1.85276 1.66496 1.93514 2.41474 1.70105 1.9262 2.66052 2.16507 1.70105 2.26506 2.54813 1.46313 1.98233 
2.20016 3.51512 2.70005 3.0301 2.59346 3.04171 3.7887 2.67347 2.22172 1.47328 2.93818 1.69329 1.38679 3.27075 1.61638 3.18227 4.61263 2.6454 1.77529 1.7613 1.23578 2.579 3.09695 3.82458 2.83237 4.18664 2.99685 3.12959 2.0557 2.46472 3.81231 2.31635 2.87904 2.86451 1.39048 1.46026 4.22604 3.92681 3.67579 1.72551 0 3.03931 4.02864 2.49776 3.55755 2.54851 2.72753 3.93621 3.86837 3.88542 2.72901 2.62514 3.31341 3.66537 2.68605 2.86709 3.38685 3.9842 3.3689 3.51229 1.22233 3.92935 5.27916 4.06161 4.3202 4.18216 3.43373 3.95472 1.75548 1.65768 3.8505 3.16409 4.85273 2.0909 1.20605 1.79821 3.10971 2.83006 3.88861 1.84187 2.71841 3.48452 1.93085 3.65521 2.81338 3.52081 3.34462 1.44087 3.23674 1.40091 3.11711 3.55339 2.83835 2.34535 1.63084 3.42744 1.85545 2.22449 3.12467 1.7451 
1.572 8.33818 2.69017 7.36102 1.55379 2.80726 6.31677 2.47077 1.87757 1.25077 7.88624 1.61111 0.95999 9.1881 0.98822 6.03065 4.07857 6.87314 1.58669 1.52665 0.854764 8.2498 2.85706 2.78984 3.70502 3.52628 7.28141 4.8227 1.50162 1.85005 6.25841 2.2558 2.97224 2.0301 0.762318 1.59856 3.74971 3.69712 2.90698 1.34459 3.03931 0 3.13029 7.24164 6.30178 6.71821 6.20876 3.79586 6.42094 2.71542 7.87264 7.4247 3.91353 4.59411 2.33326 8.65858 2.59033 4.89928 3.51281 3.05275 1.32667 8.7381 3.95822 2.70904 3.07872 3.86373 7.94291 5.0831 1.89206 1.64327 6.67838 2.15167 3.55639 1.53663 1.38753 1.21568 2.26921 2.84136 3.23275 1.53728 2.16902 5.55198 1.62692 8.01887 3.67329 9.04691 9.36584 1.17036 4.97197 1.2576 2.92328 7.68558 2.15128 1.76158 1.48753 2.72954 1.43442 1.71749 5.59193 1.11343 
1.972 3.85303 3.0159 3.28796 2.1862 3.50855 3.72108 3.0219 2.16037 1.45483 2.96513 1.74091 1.55581 3.36192 1.38821 3.71139 4.78976 3.42757 1.75302 1.69994 1.16454 3.18053 3.73123 3.1832 3.30963 4.48843 3.45898 3.45427 1.35289 2.41318 3.6872 2.44714 3.70089 2.67044 1.16231 1.83746 4.27897 4.33904 3.81902 1.30795 4.02864 3.13029 0 3.3322 3.47857 3.09974 2.98864 3.59221 2.99505 3.78275 2.98771 3.07659 3.52645 3.45808 3.46358 3.34916 3.65159 3.83409 3.44497 3.3603 1.48126 3.3704 4.70895 4.05743 4.11965 4.02653 3.35562 3.46368 1.81761 1.74286 3.64511 2.64211 4.3306 1.58568 1.57172 1.41515 2.15299 2.73578 3.58487 1.9759 2.58571 3.41019 2.06487 3.31986 3.73777 3.13925 3.30248 1.55417 3.28963 1.63655 3.36305 3.57235 2.76312 2.1601 1.86648 3.69985 1.76464 2.0477 3.13739 1.68374 
1.91185 8.30663 2.5646 7.7409 2.16462 2.6647 5.88351 1.85479 1.99653 1.07465 16.2656 1.10677 0.95999 9.36425 1.14613 6.05164 3.97482 6.79419 1.2798 1.62375 1.15905 8.11814 2.5621 3.29371 3.10507 3.59884 6.58739 4.50497 1.96569 2.06882 6.45023 2.08857 2.64372 2.45298 1.22638 1.31091 3.91089 3.63077 3.02816 1.62102 2.49776 7.24164 3.3322 0 6.5262 14.3483 14.7521 4.13892 6.49672 2.9318 14.8805 11.3471 4.11216 4.34157 1.8249 7.96265 3.2918 5.18494 3.49096 2.43332 1.07299 7.99167 3.71349 2.91923 3.38842 3.73433 7.6002 5.14383 1.75986 1.20466 6.8068 2.54957 3.31837 1.44609 0.948925 1.2242 2.56047 2.75025 3.73388 1.34791 2.06086 5.02564 1.43755 7.59509 3.07717 9.59806 11.2551 0.98264 4.83188 0.814391 2.69362 6.88169 1.90295 1.6996 0.942114 2.46409 1.26893 1.64644 5.10207 1.41019 
1.30172 7.41562 2.94787 5.22069 2.37551 3.31255 8.22506 2.90941 2.2451 1.57482 5.54313 1.88551 1.48895 6.85475 0.700147 6.45907 4.66911 7.46443 1.92915 1.89417 1.31141 6.76429 3.5421 3.55321 4.54651 4.44691 8.04821 6.10823 1.86915 2.37386 7.65577 2.81385 3.73082 2.90202 1.12984 1.75631 4.27351 4.24938 3.67153 1.71211 3.55755 6.30178 3.47857 6.5262 0 6.18939 6.00689 3.9222 8.37867 3.24127 5.98805 5.66038 5.30181 5.33997 3.01824 6.61416 4.47141 6.36952 4.66455 3.52927 1.02483 8.06505 4.59605 3.74204 3.58656 4.17865 7.34625 6.59356 2.00026 1.9402 8.04349 2.81375 4.2177 1.55065 1.53825 1.61612 2.64378 3.14385 4.32349 1.76588 2.38821 7.29773 1.85486 6.80283 4.47334 6.72424 6.92392 1.29131 5.91356 1.5311 2.99151 7.47065 2.46439 1.9626 1.76103 3.4671 1.4727 1.85021 7.26204 1.71079 
1.82411 7.77505 1.88948 7.07656 1.84531 2.23443 5.90912 1.88776 1.60173 0.752389 12.9951 1.10677 1.08868 8.5783 1.05839 5.94867 3.88558 5.35813 1.15439 1.25637 1.03221 7.74839 2.20879 2.83707 2.80585 3.12888 6.75472 4.10888 1.85596 1.59985 6.17918 1.88284 1.99263 2.08297 1.03661 1.11574 3.02899 2.76731 1.96759 1.55642 2.54851 6.71821 3.09974 14.3483 6.18939 0 12.0618 3.83194 5.93448 2.62435 13.6336 11.1205 3.91614 3.67453 1.77379 8.07964 2.99442 4.98071 3.39709 2.30504 0.850563 8.11254 3.67753 2.66342 2.81963 3.19236 8.1018 5.12532 1.23824 1.26189 6.79503 2.19564 3.29918 1.3966 1.00615 1.07044 2.29354 2.41505 3.54971 1.08651 1.99055 5.20631 1.17548 7.7754 2.84221 10.3858 11.2247 0.895013 4.94108 0.814391 2.51684 8.03881 1.78206 1.5708 1.04432 2.58956 1.17534 1.45841 5.42679 1.1098 
1.73384 7.13781 2.20735 6.87757 1.6386 2.22738 4.86563 1.97436 1.61203 0.977932 14.654 1.18271 1.24628 7.67036 1.20214 5.35127 3.25499 5.78145 0.971587 1.31297 0.854764 6.72239 2.31265 2.50628 2.86091 2.52223 6.02785 3.70235 1.68945 1.70394 5.33337 1.79146 2.3985 2.0552 1.03661 0.932936 3.1571 2.85787 2.47323 1.46313 2.72753 6.20876 2.98864 14.7521 6.00689 12.0618 0 3.71167 5.45248 2.88007 15.9986 10.2114 3.44478 3.35499 2.20267 7.12196 2.74492 4.88123 2.49437 2.15723 0.594187 7.4346 3.5969 2.55595 2.77253 3.0063 6.50547 4.51304 1.29999 1.22094 6.43553 2.02874 3.18717 1.29363 0.965207 0.973324 2.15916 2.22169 3.4425 1.00473 1.76752 5.0697 1.0937 6.9443 3.31665 9.22917 10.5297 1.03876 3.753 0.835277 2.07817 6.99396 1.59177 1.55938 1.0652 2.01121 1.16392 1.21275 4.16613 1.25355 
1.67952 4.90124 3.03495 3.8894 2.26415 3.50556 5.00103 2.82689 2.18397 1.45198 3.66957 1.71859 1.57941 4.38051 1.19716 4.45929 4.74419 4.86075 1.78358 1.72354 1.18342 4.08752 3.7351 3.4603 4.90689 4.32849 5.06105 4.89879 1.73388 2.48719 4.63047 2.61031 3.87743 2.69847 1.21122 1.81514 4.2087 4.25877 3.66053 1.33155 3.93621 3.79586 3.59221 4.13892 3.9222 3.83194 3.71167 0 4.8606 3.42951 3.75058 3.71395 3.9915 5.52241 3.17219 4.20134 4.47174 5.03738 4.54645 3.39693 1.38731 4.75081 4.61981 3.50189 3.87584 4.40609 4.31009 4.77355 2.17364 2.04694 4.58553 2.504 4.14635 1.72146 1.59532 1.28575 2.59357 3.21211 4.48041 1.6924 2.39855 3.92787 1.78204 3.82761 4.76905 4.07953 4.24756 1.44277 4.0135 1.47503 3.22945 4.37848 2.53522 2.19659 1.70495 3.34324 1.87139 1.9207 3.9245 1.70734 
2.17974 7.69367 2.46757 7.07993 2.12671 3.26052 7.85685 3.04685 1.60173 1.65808 6.42903 1.87316 1.71452 6.88651 1.73565 8.04889 4.41757 7.3166 1.73588 1.79641 1.03548 6.94498 3.42861 2.70643 4.43651 3.92742 8.02986 5.94588 1.80881 2.43017 8.15097 2.56506 3.63569 2.65322 1.50975 1.69723 3.47593 3.526 3.53562 1.76387 3.86837 6.42094 2.99505 6.49672 8.37867 5.93448 5.45248 4.8606 0 3.93456 5.77217 6.20633 5.43946 4.84567 3.35584 6.91604 4.52667 6.72524 4.1686 3.39232 1.2694 7.66621 4.55812 3.53444 3.9728 3.84756 7.26419 6.23533 1.85121 1.9584 7.84377 2.72482 4.0404 1.81544 1.70267 1.40735 2.05527 2.83056 4.6786 1.50534 2.43897 7.44912 1.59432 7.02841 4.54449 6.60742 7.08214 1.60105 5.45971 1.51049 2.73956 7.52781 2.47834 2.13974 1.74042 3.25191 1.7153 1.88796 7.06042 1.76992 
1.97464 3.54581 3.0515 2.37519 2.29312 3.64042 3.93381 2.88239 2.39929 1.51708 3.0298 1.87741 1.37298 3.21085 1.20892 3.20292 4.91673 3.6535 2.07502 2.03992 1.36391 2.92163 3.86997 3.50612 3.54717 4.43348 3.55915 3.77381 2.08105 2.53269 3.5173 2.9803 3.96846 2.78094 1.34175 1.97396 4.43642 4.34012 3.64488 1.76264 3.88542 2.71542 3.78275 2.9318 3.24127 2.62435 2.88007 3.42951 3.93456 0 2.67952 2.66346 3.21782 4.0858 2.9318 3.40264 3.40776 3.76467 3.46755 3.57497 1.35179 3.71955 4.63978 3.8253 3.88632 4.48689 3.47205 3.49518 2.08963 1.8552 3.14714 2.47556 4.25031 1.53514 1.65421 1.60062 2.61841 3.21048 2.57516 1.75031 1.99667 3.17934 1.83995 3.28303 3.53181 2.52826 3.35408 1.43718 3.2459 1.54401 3.38931 3.38169 2.21509 1.62869 1.77393 3.55887 1.36474 1.73612 3.04881 1.63515 
