0 1950 3340 1096 1478 1716 1998 2276 2264 1550 1016 2054 1380 1642 1202 606 2184 1548 1682 1592 1062 1582 1466 1462 1468 2016 1628 1922 1838 1108 2402 1910 1692 1668 640 2124 2398 2436 1558 1966 1444 1302 1406 1782 968 1474 1408 1530 1660 1936 1620 1556 1520 1992 1282 1446 1620 1940 1850 1594 1666 2014 2444 1416 2186 1534 1788 1934 2182 2234 1440 2682 1990 1948 1644 1946 1868 1728 1620 1930 1574 1494 2206 1822 1374 1588 1798 1846 1540 1706 2238 1416 1816 2506 1860 1612 1768 2400 1472 2184 
1950 0 2754 1518 1210 1932 717 1908 2008 1102 1707 1468 1422 2262 1216 2253 1850 1029 1096 1542 1184 1494 1104 900 1800 2274 1563 1779 1464 1024 916 1222 1245 1710 1468 1600 2946 2775 588 1206 873 2016 816 1896 1473 1560 1710 1638 2106 2298 1137 828 1728 1920 1239 1530 1578 2157 1404 1821 804 1980 2589 831 2589 1650 1176 1875 1320 1716 2223 1678 1959 2238 1218 1084 1629 1299 2292 1602 1710 1722 1344 1839 1377 1863 1554 1132 1017 844 2511 831 1431 2010 998 1125 1422 1538 1806 1728 
3340 2754 0 2244 2118 2114 2710 2596 1564 1942 2760 2230 2654 2476 2544 2734 3166 2504 1858 2304 2714 1758 2470 2418 2108 1594 1804 2122 2794 2256 3384 2086 2478 2744 2700 2362 984 904 2362 2856 2400 2576 2362 2290 2778 1866 2048 2742 2168 2968 2148 2202 2646 2384 2430 2428 2636 2514 2530 2234 2194 2654 2910 2352 2578 1926 2434 2326 2710 2742 2714 3142 2382 2340 2626 2778 2850 2290 2836 2866 1966 2538 2734 2588 2522 2550 2426 2522 2228 2642 2630 2352 2344 3086 2796 2548 2812 2928 2112 2576 
1096 1518 2244 0 762 939 4781 1770 1866 454 2472 958 410 1866 300 2008 2499 1161 586 1032 664 1944 1648 1032 1128 2012 2128 2848 1596 12 1884 814 1836 698 456 1090 1953 2010 1550 1114 1675 1328 2770 2915 2631 1512 2852 2500 4417 1680 2640 2310 2130 2240 465 3856 2256 2052 2348 1878 706 4800 2898 1284 4596 1752 3238 2933 1222 1138 705 1586 2235 1278 1126 1036 4938 1604 1300 1734 717 4130 1246 4524 695 3807 3923 750 1850 932 1713 2983 1284 1598 1086 1676 1304 1440 942 1088 
1478 1210 2118 762 0 632 732 1106 1386 460 782 740 714 1408 1062 872 1188 946 368 906 736 360 988 860 130 678 314 632 1236 774 1406 596 988 1002 906 872 1308 1214 956 1458 842 636 804 808 1242 384 70 1296 782 1262 590 804 758 782 948 450 658 912 552 256 636 676 1308 794 1096 324 1036 724 1152 1260 774 1540 780 738 648 1294 872 688 954 1308 364 938 1176 610 1040 844 802 964 670 1084 1148 794 786 1484 1238 960 1212 1370 134 1094 
1716 1932 2114 939 632 0 1836 1949 1752 324 1050 828 1036 1989 926 1665 2520 1329 456 902 746 534 1278 1200 933 1314 603 1080 1764 638 1898 684 1545 1324 1082 960 1758 1815 1344 1454 1173 1437 1116 1008 1740 372 843 1821 1911 2025 795 1200 1542 1149 1218 1413 1692 1344 1566 1122 576 1605 1938 1101 1440 462 1548 1062 1092 1124 1644 1524 1146 1083 1140 1264 1929 1008 1827 1872 522 1380 1116 1497 1356 1398 1212 904 915 1024 1518 1101 1089 1468 1178 1395 1194 1310 747 958 
1998 717 2710 4781 732 1836 0 2573 1978 1052 3437 1332 1346 2412 1654 4176 1431 1746 960 1498 1028 3332 2428 1617 1083 2540 3171 3970 2181 1366 1172 1188 2616 1634 1426 1464 2850 2709 2417 1684 2837 4438 4138 3297 5620 3458 2317 3740 4809 3708 4137 3851 3245 3435 3329 4559 3750 3008 916 2118 1228 5258 3854 2064 6068 3308 3667 4700 1744 1394 2109 1856 3430 1995 1240 1306 5324 2560 3172 2319 1434 5187 1768 4207 3375 5026 5011 1556 2943 1322 2610 4143 2067 2076 1476 2456 1756 1962 1089 1686 
2276 1908 2596 1770 1106 1949 2573 0 2352 1022 2022 366 1590 2961 1480 2505 2889 1761 846 1384 1394 1420 1836 1614 1850 2200 1397 1874 2196 1192 2144 1074 1977 1732 1636 1350 2963 2701 1320 1374 1605 2268 1548 1257 2205 1577 1763 1890 2694 2550 1851 1080 1791 2348 1491 1782 1941 2459 2184 1913 1274 2543 3097 1563 2645 1667 1428 2267 1790 1290 2475 1846 2351 2250 1386 1296 2361 2031 2637 2334 1727 2067 1814 2429 1629 2208 2268 1558 1749 1258 2723 1563 2145 2166 1486 1857 1652 2008 1856 1656 
2264 2008 1564 1866 1386 1752 1978 2352 0 1580 1248 1986 1612 1874 2136 1658 2434 1606 1614 2152 1294 1606 1656 1520 1376 1924 1560 1878 1896 1878 2652 1842 1750 1900 1692 2118 580 2460 1616 2198 1502 1534 1464 1928 1902 1504 1316 1762 604 2182 1410 1776 1752 1932 1910 1696 1852 2090 1798 1502 1456 1922 2378 1454 2056 1564 2008 1902 1972 2380 1672 2718 1958 1978 1894 1984 1356 1786 1852 1968 1604 1800 1996 1856 2002 1894 1688 1784 1330 1744 2108 1454 1606 2662 1898 1650 2074 2190 1380 2058 
1550 1102 1942 454 460 324 1052 1022 1580 0 1024 656 864 1536 754 944 1508 714 284 730 1056 184 680 628 450 704 230 548 1004 466 1726 512 858 1152 910 788 1000 1038 710 1282 610 786 572 500 988 76 390 1168 1102 1178 358 628 856 594 640 770 956 724 872 576 404 898 1120 562 788 136 860 536 920 952 924 1352 592 550 968 1092 1114 500 1046 1076 176 748 944 826 732 760 636 732 438 852 840 562 554 1296 1006 758 1022 1138 326 786 
1016 1707 2760 2472 782 1050 3437 2022 1248 1024 0 1382 364 939 918 1230 2745 1104 1010 1396 46 4536 900 975 1158 2640 3824 2718 1410 630 2048 942 1704 652 444 1514 2764 2784 1865 950 1524 1430 4158 8647 3272 7752 7578 1285 2254 1868 10231 3454 1260 3331 2010 6022 1863 1848 1668 1992 854 6772 2856 1208 7286 4914 3440 4174 1370 1312 636 1754 2790 2070 1290 1134 4544 1832 1208 1677 1509 4043 1394 5076 2240 5699 7958 1182 2111 894 2205 3716 1506 1808 1048 1600 1258 1588 1164 1420 
2054 1468 2230 958 740 828 1332 366 1986 656 1382 0 1368 1874 1258 1448 1788 1218 480 1018 1336 472 1184 1132 730 992 426 744 1508 970 2006 708 1100 1366 1414 984 1504 1326 1076 1570 1114 1290 1076 1004 1492 580 670 1456 1382 1682 862 916 1358 1098 1144 1050 1258 1228 1152 856 908 1276 1624 1066 1292 640 1148 1040 1424 1456 1428 1856 1096 1054 1248 1492 1472 1004 1550 1580 680 1252 1448 1210 1236 1264 1140 1236 942 1356 1344 1066 1058 1800 1510 1262 1526 1642 734 1290 
1380 1422 2654 410 714 1036 1346 1590 1612 864 364 1368 0 990 710 774 1902 1100 996 1442 410 896 814 1014 844 1392 942 1260 1304 422 2120 1224 1216 444 808 1500 1712 1750 1030 1314 968 78 958 954 944 788 784 878 1008 726 1070 870 598 1306 596 1164 498 1288 1198 970 1116 1390 1548 968 1210 848 1102 1218 1632 1406 216 1996 1162 1262 1362 1134 1226 1212 396 1482 888 776 1656 916 688 682 1348 1160 1092 1258 1262 968 1188 1600 1412 800 1050 1848 848 1212 
1642 2262 2476 1866 1408 1989 2412 2961 1874 1536 939 1874 990 0 1544 1554 3684 1659 1502 1948 672 2103 1614 1530 2097 1323 2172 2298 798 1256 2424 1568 1875 1278 1070 2006 3576 2358 1674 1576 1503 1368 1446 2229 2103 2190 2007 1710 1905 2340 1767 1881 1695 2550 2115 2577 1845 2325 2190 2286 1224 2610 3081 1461 3066 2280 2229 2505 1740 1938 1575 2380 2523 2901 1916 1504 2259 1929 1845 2232 2340 2352 1764 2469 2253 2274 2184 1552 1647 1264 3141 1461 2061 2430 1418 1755 1842 1958 2103 2046 
1202 1216 2544 300 1062 926 1654 1480 2136 754 918 1258 710 1544 0 790 1966 814 886 1332 964 786 864 728 1052 1306 832 1150 1104 312 2132 1114 958 998 756 1390 1602 1640 824 1414 710 632 672 986 234 678 992 1088 1532 1140 886 760 1152 1196 486 1228 1052 1326 1474 1178 932 1448 1720 682 1390 738 992 1138 1448 1438 770 1886 1194 1152 1426 1212 1214 994 950 1196 778 760 1472 1088 578 854 1084 1050 806 972 1442 682 1082 1772 1126 878 1034 1666 928 1388 
606 2253 2734 2008 872 1665 4176 2505 1658 944 1230 1448 774 1554 790 0 2367 1719 1076 986 456 3044 1720 1590 1293 2820 3090 3948 2025 502 1796 1304 2524 1062 34 1518 2688 2745 2798 1360 2549 2088 3012 3622 3276 2852 2406 2310 3162 2660 3518 2938 2285 3529 1959 2520 3093 2668 2488 1999 1196 4293 3676 2028 4988 2912 3634 4112 1712 1628 1251 2076 3501 2013 1038 1526 3786 2584 2028 2292 1452 4182 1736 4026 2189 3900 3576 1240 2891 1304 2448 3042 2019 2088 1458 2420 1668 1930 1299 1578 
2184 1850 3166 2499 1188 2520 1431 2889 2434 1508 2745 1788 1902 3684 1966 2367 0 2490 1416 1954 1784 2112 2490 2343 1587 2589 2043 2520 2925 1678 218 1644 2631 2190 1612 1416 3534 3393 2049 1860 2259 2736 2277 2307 2910 2148 1677 2619 2745 3183 1965 1809 2709 2745 2220 1107 2559 2940 2118 1398 1322 2028 3417 2271 2790 2058 2157 2658 1872 1988 2943 2332 2742 2679 936 1782 1740 2604 2985 3042 2118 2550 1896 2487 2358 2556 1635 1684 2085 1804 2868 2271 2259 2532 1958 2259 1974 2090 1773 1862 
1548 1029 2504 1161 946 1329 1746 1761 1606 714 1104 1218 1100 1659 814 1719 2490 0 846 1292 782 1119 501 297 1404 1899 1188 1176 861 786 1602 820 642 1388 1180 1350 2343 2400 441 1108 270 1533 213 1293 870 957 1314 1491 1503 1887 534 681 1125 1317 882 1383 975 1554 1785 1593 402 1377 1986 228 1986 1047 1029 1272 918 1314 1740 1580 1356 1668 1120 682 1026 696 1689 999 1107 1119 942 1236 1020 1260 951 730 414 442 1908 228 828 1608 596 522 1020 1136 1332 1326 
1682 1096 1858 586 368 456 960 846 1614 284 1010 480 996 1502 886 1076 1416 846 0 646 964 100 812 760 358 620 54 372 1136 598 1634 336 728 994 1042 612 1132 954 704 1198 742 918 704 632 1120 208 298 1084 1010 1310 490 544 986 726 772 678 886 856 780 484 536 904 1252 694 920 268 776 668 1052 1084 1056 1484 724 682 876 1120 1100 632 1178 1208 308 880 1076 838 864 892 768 864 570 984 972 694 686 1428 1138 890 1154 1270 362 918 
1592 1542 2304 1032 906 902 1498 1384 2152 730 1396 1018 1442 1948 1332 986 1954 1292 646 0 1442 546 1258 1206 896 1066 592 910 1582 1044 2172 874 1266 1532 1020 1150 1578 1400 1150 1644 1188 1364 1150 1078 1566 654 836 1530 1548 1756 936 990 1434 1172 1218 1216 1424 1302 1318 1022 982 1442 1698 1140 1366 714 1222 1114 1498 1530 1502 1930 1170 1128 1414 1566 1638 1078 1624 1654 754 1326 1522 1376 1310 1338 1214 1310 1016 1430 1418 1140 1132 1874 1584 1336 1600 1716 900 1364 
1062 1184 2714 664 736 746 1028 1394 1294 1056 46 1336 410 672 964 456 1784 782 964 1442 0 956 496 696 726 1274 910 952 986 676 2002 988 898 698 490 1468 1874 1810 792 996 650 332 640 906 864 980 666 560 690 980 854 674 550 1376 850 1046 650 970 880 852 900 1272 1474 650 1464 920 906 1158 1416 1358 470 1800 1102 1334 1244 1180 1182 962 650 1164 960 1030 1440 1170 942 936 1132 1228 774 940 1516 650 1050 1854 1094 846 1304 1634 730 1466 
1582 1494 1758 1944 360 534 3332 1420 1606 184 4536 472 896 2103 786 3044 2112 1119 100 546 956 0 1424 990 525 1040 184 1390 1554 498 1626 328 1440 986 942 604 1548 1281 1510 1098 1681 3681 3098 2394 4113 486 1340 2460 3507 2420 1755 1998 2220 1565 1680 3741 2634 1512 1544 1267 436 4134 2358 1188 4044 756 2704 1988 952 984 1434 1384 1560 873 868 1020 4579 1064 2156 1662 312 3120 976 3749 1910 3564 3360 764 1175 884 1308 3567 879 1328 1038 1580 1054 1170 531 818 
1466 1104 2470 1648 988 1278 2428 1836 1656 680 900 1184 814 1614 864 1720 2490 501 812 1258 496 1424 0 372 1467 2464 1516 1516 936 836 1652 794 804 1102 894 1316 2292 2349 688 1158 308 1472 384 1824 1260 1208 1836 1928 2104 2616 812 1008 1600 1856 1276 1844 1400 2172 2480 2214 452 1936 2748 404 2632 1328 1472 1796 968 1364 1311 1630 1908 1617 1120 732 1468 1028 2108 1074 1056 1592 992 1748 1460 1780 1368 780 652 492 1983 404 903 1658 646 796 1070 1186 1281 1314 
1462 900 2418 1032 860 1200 1617 1614 1520 628 975 1132 1014 1530 728 1590 2343 297 760 1206 696 990 372 0 1275 1770 1059 1047 732 700 1516 734 513 1302 1094 1264 2214 2271 312 1010 141 1404 84 1164 741 828 1185 1344 1374 1758 405 534 996 1188 753 1236 846 1425 1638 1464 316 1248 1857 99 1857 918 882 1143 832 1228 1611 1482 1227 1539 1022 596 897 567 1560 870 978 990 856 1107 891 1131 822 644 285 356 1779 99 699 1522 510 393 934 1050 1203 1240 
1468 1800 2108 1128 130 933 1083 1850 1376 450 1158 730 844 2097 1052 1293 1587 1404 358 896 726 525 1467 1275 0 1002 456 933 1839 764 1276 586 1467 1132 896 862 1947 1806 1419 1442 1248 1149 1191 1155 1848 561 90 1929 1158 1878 870 1182 1122 1158 1407 480 972 1353 813 189 626 819 1947 1176 1629 471 1530 1071 1142 1182 1356 1530 1155 1092 518 1284 1113 1017 1626 1947 531 1392 1166 900 1545 1251 1008 954 990 1074 1707 1176 1164 1474 1228 1425 1202 1360 186 1084 
2016 2274 1594 2012 678 1314 2540 2200 1924 704 2640 992 1392 1323 1306 2820 2589 1899 620 1066 1274 1040 2464 1770 1002 0 1132 1768 2121 1018 1944 848 2480 1506 1444 1124 2328 1035 2248 1618 2324 2628 2248 2104 3080 1256 1216 3008 2640 3460 1820 1928 2592 2292 2384 2198 2392 2552 2180 2004 956 2546 3398 2228 2680 1376 2392 2176 1472 1504 2178 1904 2288 1653 1186 1540 2948 2104 3196 2442 1092 2600 1496 2296 2568 2624 2376 1284 1980 1404 2088 2228 1659 1848 1558 2620 1574 1690 1008 1338 
1628 1563 1804 2128 314 603 3171 1397 1560 230 3824 426 942 2172 832 3090 2043 1188 54 592 910 184 1516 1059 456 1132 0 1252 1623 544 1580 282 1348 940 988 558 1617 1350 1625 1144 1796 3456 2904 2312 4297 616 976 2575 3346 2512 1744 1960 2330 1680 1795 3331 2496 1604 1452 1221 482 3715 2450 1280 3700 856 2888 2149 998 1030 1503 1430 1675 942 822 1066 4625 1156 2248 1731 381 3304 1022 3136 2025 3352 2987 810 1290 930 1377 3136 948 1374 1084 1672 1100 1216 462 864 
1922 1779 2122 2848 632 1080 3970 1874 1878 548 2718 744 1260 2298 1150 3948 2520 1176 372 910 952 1390 1516 1047 933 1768 1252 0 1611 862 1898 36 712 1258 1306 876 2094 1827 2072 1462 1711 3556 2252 2738 3544 1714 1984 3406 4050 3148 2364 2570 3125 1090 2616 3423 3450 2240 2088 1857 800 3817 3086 1304 3850 1894 3266 3094 1300 1348 1980 1748 2619 1419 1140 1182 3732 1792 2884 1749 858 3534 1340 3528 2846 3652 3198 1128 1969 942 1854 2262 1425 1692 1096 1696 1418 1534 939 1182 
1838 1464 2794 1596 1236 1764 2181 2196 1896 1004 1410 1508 1304 798 1104 2025 2925 861 1136 1582 986 1554 936 732 1839 2121 1623 1611 0 1076 1892 1110 1077 1592 1384 1640 2778 2835 876 1398 705 1839 648 1728 1305 1392 1749 1926 1938 2322 969 1116 1560 1752 1317 1818 1410 1989 2220 2028 692 1812 2421 663 2421 1482 1464 1707 1208 1604 2046 1870 1791 2103 1410 972 1461 1131 2124 1434 1542 1554 1232 1671 1455 1695 1386 1020 849 732 2343 663 1263 1898 886 957 1310 1426 1767 1616 
1108 1024 2256 12 774 638 1366 1192 1878 466 630 970 422 1256 312 502 1678 786 598 1044 676 498 836 700 764 1018 544 862 1076 0 1896 826 930 710 468 1102 1314 1352 632 1126 682 344 644 698 546 390 704 1012 1274 852 672 472 864 908 198 940 764 1038 1186 890 718 1212 1434 654 1102 450 704 850 1234 1150 482 1598 906 864 1138 1048 1186 814 662 1168 490 1042 1258 1140 290 948 950 762 752 944 1154 654 868 1610 1098 850 1316 1452 640 1100 
2402 916 3384 1884 1406 1898 1172 2144 2652 1726 2048 2006 2120 2424 2132 1796 218 1602 1634 2172 2002 1626 1652 1516 1276 1944 1580 1898 1892 1896 0 1862 1746 2408 1830 1634 2574 2480 1308 2078 1498 2042 1460 1756 1898 1650 1336 1964 2048 2340 1528 1424 2024 2048 1698 956 1924 2178 1630 1150 1540 1570 2496 1470 2078 1590 1656 1990 2090 2206 2180 2550 2046 2004 1154 2000 1378 1782 2208 1984 1630 1918 2114 1876 1790 1922 1308 1902 1594 1760 2130 1470 1724 2750 1914 1666 2192 2308 1400 2080 
1910 1222 2086 814 596 684 1188 1074 1842 512 942 708 1224 1568 1114 1304 1644 820 336 874 988 328 794 734 586 848 282 36 1110 826 1862 0 392 1222 1270 840 1360 1182 830 1426 640 1146 678 860 1116 436 526 1312 1238 1538 718 772 1214 472 1000 906 1114 1084 1008 712 764 1132 1480 688 1148 496 1004 896 1280 1312 1284 1712 952 910 1104 1218 1220 860 1406 1202 536 1108 1304 1066 1092 1120 996 1092 798 978 1200 688 914 1656 1132 884 1382 1498 590 1146 
1692 1245 2478 1836 988 1545 2616 1977 1750 858 1704 1100 1216 1875 958 2524 2631 642 728 1266 898 1440 804 513 1467 2480 1348 712 1077 930 1746 392 0 1504 1296 1232 2559 2361 876 1252 496 2276 572 1180 1448 1564 1836 2276 2292 2804 1000 1196 1788 1584 1464 2032 1588 2360 2668 2261 546 2124 2936 592 2936 1684 1660 1984 1062 1042 1914 1724 2096 1884 1192 826 1656 1216 2540 1215 1323 1780 1086 1936 1648 1968 1556 874 840 586 2124 592 1044 1752 740 984 1164 1280 1473 1470 
1668 1710 2744 698 1002 1324 1634 1732 1900 1152 652 1366 444 1278 998 1062 2190 1388 994 1532 698 986 1102 1302 1132 1506 940 1258 1592 710 2408 1222 1504 0 1096 1498 2000 1840 1318 1602 1256 366 1246 1242 1232 1076 1072 1166 1296 1014 1358 1158 886 1594 884 1452 786 1576 1486 1258 1404 1678 1836 1256 1498 1136 1390 1506 1920 1694 504 2284 1450 1550 1650 1422 1514 1500 684 1770 1176 1064 1944 1204 976 970 1636 1448 1380 1546 1550 1256 1476 1888 1700 1088 1338 2136 1136 1500 
640 1468 2700 456 906 1082 1426 1636 1692 910 444 1414 808 1070 756 34 1612 1180 1042 1020 490 942 894 1094 896 1444 988 1306 1384 468 1830 1270 1296 1096 0 1546 1758 1796 1076 1394 1048 730 1038 1142 990 834 836 958 1088 1296 1116 916 948 1352 642 874 1048 1368 1278 1022 1162 1442 1872 1048 1546 894 1148 1294 1678 1594 868 2042 1350 1308 1072 1492 1296 1258 1048 1562 934 1428 1702 1376 734 1334 1226 1206 1172 1338 1598 1048 1312 2054 1492 1244 1702 1896 900 1544 
2124 1600 2362 1090 872 960 1464 1350 2118 788 1514 984 1500 2006 1390 1518 1416 1350 612 1150 1468 604 1316 1264 862 1124 558 876 1640 1102 1634 840 1232 1498 1546 0 1636 1458 1208 1702 1246 1422 1208 1136 1624 712 802 1588 1514 1814 994 1048 1490 1230 1276 678 1390 1360 1284 872 1040 1292 1756 1198 1424 772 1280 1172 1556 1588 1560 1988 1228 1186 876 1624 1100 1136 1682 1712 812 1384 1580 1342 1368 1396 1030 1368 1074 1488 1476 1198 1190 1932 1642 1394 1658 1774 866 1422 
2398 2946 984 1953 1308 1758 2850 2963 580 1000 2764 1504 1712 3576 1602 2688 3534 2343 1132 1578 1874 1548 2292 2214 1947 2328 1617 2094 2778 1314 2574 1360 2559 2000 1758 1636 0 2829 2358 2130 2187 2451 2130 2022 2754 1386 1857 3024 2159 3039 1809 2214 2556 2163 2232 2427 2706 2358 2580 2136 1252 2619 2952 2115 2454 1476 2562 2076 1768 1800 2658 2200 2160 2097 1816 1940 2917 2022 2841 2886 1536 2394 1792 2511 2370 2412 2226 1580 1929 1700 2532 2115 2103 2144 1854 2409 1870 1986 1761 1634 
2436 2775 904 2010 1214 1815 2709 2701 2460 1038 2784 1326 1750 2358 1640 2745 3393 2400 954 1400 1810 1281 2349 2271 1806 1035 1350 1827 2835 1352 2480 1182 2361 1840 1796 1458 2829 0 2187 1952 2244 2508 2187 2079 2811 1443 1716 2757 2784 3096 1866 1947 2613 2220 2289 2286 2598 2415 2439 1995 1290 2625 3009 2172 2511 1533 2295 2133 1806 1838 2715 2238 2217 2154 1722 1874 2919 2079 2898 2943 1593 2451 1830 2526 2427 2469 2283 1618 1986 1738 2589 2172 2160 2182 1892 2466 1908 2024 1812 1672 
1558 588 2362 1550 956 1344 2417 1320 1616 710 1865 1076 1030 1674 824 2798 2049 441 704 1150 792 1510 688 312 1419 2248 1625 2072 876 632 1308 830 876 1318 1076 1208 2358 2187 0 814 475 2380 380 2180 1475 1652 2219 1750 2587 2280 1229 400 1900 2391 1085 1570 1650 2092 1792 1644 412 2320 2668 324 3355 1802 980 2302 928 1324 1635 1286 2442 1650 826 692 1735 948 2272 1014 1122 2070 952 2367 1315 2305 1778 740 1109 452 1923 405 843 1618 606 716 1030 1146 1347 1336 
1966 1206 2856 1114 1458 1454 1684 1374 2198 1282 950 1570 1314 1576 1414 1360 1860 1108 1198 1644 996 1098 1158 1010 1442 1618 1144 1462 1398 1126 2078 1426 1252 1602 1394 1702 2130 1952 814 0 1004 1236 966 1428 1404 1206 1388 1194 1594 1634 1180 654 1454 1702 928 1122 1474 1854 1390 1316 1226 1736 2148 976 1918 1266 886 1666 1742 1880 1374 1780 1722 1594 1320 1230 1508 1288 1554 1490 1306 1570 1766 1648 1020 1664 1458 1492 1100 1266 1970 976 1376 2426 1420 1172 1844 1960 1452 1916 
1444 873 2400 1675 842 1173 2837 1605 1502 610 1524 1114 968 1503 710 2549 2259 270 742 1188 650 1681 308 141 1248 2324 1796 1711 705 682 1498 640 496 1256 1048 1246 2187 2244 475 1004 0 2239 95 1895 1190 1447 2033 2225 2302 2308 967 875 1615 2068 1210 1920 1365 1864 2172 1918 298 2035 2440 96 3070 1550 1455 2050 814 1210 1542 1476 2190 1512 966 578 1450 720 2044 843 951 1785 838 2082 1440 2020 1620 626 847 338 1752 120 672 1504 492 488 916 1032 1176 1222 
1302 2016 2576 1328 636 1437 4438 2268 1534 786 1430 1290 78 1368 632 2088 2736 1533 918 1364 332 3681 1472 1404 1149 2628 3456 3556 1839 344 2042 1146 2276 366 730 1422 2451 2508 2380 1236 2239 0 4400 4735 3821 3641 3630 2000 3255 1296 5008 4204 1300 3070 1295 6100 1260 2420 2240 2065 1038 7330 2940 1780 6060 3941 4218 4005 1554 1328 207 1918 2710 1776 1284 1056 4729 2268 636 2106 1215 3077 1578 4091 1525 4157 6602 1082 2564 1180 1776 4492 1665 1522 1334 1444 972 1770 1155 1134 
1406 816 2362 2770 804 1116 4138 1548 1464 572 4158 1076 958 1446 672 3012 2277 213 704 1150 640 3098 384 84 1191 2248 2904 2252 648 644 1460 678 572 1246 1038 1208 2130 2187 380 966 95 4400 0 5765 1752 4797 6180 2130 3181 2232 4893 1866 1520 2011 1115 4299 1858 1788 2096 1867 260 4525 2364 20 6040 3170 2176 3041 776 1172 1527 1438 2095 1455 978 540 2168 644 1968 786 894 3136 800 4479 1345 5127 5512 588 752 300 1695 746 615 1466 454 412 878 994 1119 1184 
1782 1896 2290 2915 808 1008 3297 1257 1928 500 8647 1004 954 2229 986 3622 2307 1293 632 1078 906 2394 1824 1164 1155 2104 2312 2738 1728 698 1756 860 1180 1242 1142 1136 2022 2079 2180 1428 1895 4735 5765 0 4264 3392 6295 3285 5077 2104 6105 4725 890 2355 1250 5277 1744 1784 2440 1841 752 5756 2792 1420 5980 2420 4189 3094 1268 452 1521 1700 2350 1347 602 1092 4712 1696 1840 1836 786 2160 1292 3906 1020 3647 6324 880 1965 420 1782 3902 1353 1552 726 1516 814 1486 1011 1134 
968 1473 2778 2631 1242 1740 5620 2205 1902 988 3272 1492 944 2103 234 3276 2910 870 1120 1566 864 4113 1260 741 1848 3080 4297 3544 1305 546 1898 1116 1448 1232 990 1624 2754 2811 1475 1404 1190 3821 1752 4264 0 3681 4796 2135 4714 2076 3136 3000 2615 3063 1800 4808 3008 2464 2972 2735 698 5032 2972 896 5088 3921 3928 4022 1214 1518 1506 1876 2750 1740 1400 978 3920 1520 1812 1443 1518 2104 1238 3416 2030 2480 3400 1026 1642 738 1986 2024 1272 1538 892 1288 800 1432 1743 1274 
1474 1560 1866 1512 384 372 3458 1577 1504 76 7752 580 788 2190 678 2852 2148 957 208 654 980 486 1208 828 561 1256 616 1714 1392 390 1650 436 1564 1076 834 712 1386 1443 1652 1206 1447 3641 4797 3392 3681 0 3002 2730 3622 2204 2256 3164 1950 1295 1410 4457 2651 1296 1592 1265 328 4110 2142 972 4032 300 3136 1610 844 876 1272 1276 1290 711 892 1016 4364 848 1940 1500 150 2688 868 3393 1640 3762 4445 656 905 776 1146 3807 717 1220 930 1364 946 1062 375 710 
1408 1710 2048 2852 70 843 2317 1763 1316 390 7578 670 784 2007 992 2406 1677 1314 298 836 666 1340 1836 1185 90 1216 976 1984 1749 704 1336 526 1836 1072 836 802 1857 1716 2219 1388 2033 3630 6180 6295 4796 3002 0 3065 2492 2384 4940 4164 1720 1780 2195 4938 1764 1684 964 922 566 4567 2530 1448 5770 1678 3864 2383 1082 1190 1266 1470 1775 1002 578 1224 4414 1236 2048 1857 441 3472 1106 2430 2425 4369 4727 894 1500 1014 1617 4502 1074 1414 1168 1780 1142 1300 96 1024 
1530 1638 2742 2500 1296 1821 3740 1890 1762 1168 1285 1456 878 1710 1088 2310 2619 1491 1084 1530 560 2460 1928 1344 1929 3008 2575 3406 1926 1012 1964 1312 2276 1166 958 1588 3024 2757 1750 1194 2225 2000 2130 3285 2135 2730 3065 0 2895 2896 2819 1350 2545 3981 2035 2520 2795 2748 2552 2404 1112 4055 3756 1724 4510 2880 1930 3245 1628 1766 1407 1666 3105 2220 1206 1116 3485 2348 2236 2064 1788 3310 1652 2490 2265 3075 3368 1378 2699 1152 2784 2155 1893 2058 1306 2116 1598 1846 1935 1802 
1660 2106 2168 4417 782 1911 4809 2694 604 1102 2254 1382 1008 1905 1532 3162 2745 1503 1010 1548 690 3507 2104 1374 1158 2640 3346 4050 1938 1274 2048 1238 2292 1296 1088 1514 2159 2784 2587 1594 2302 3255 3181 5077 4714 3622 2492 2895 0 3156 2889 4252 2870 3320 3322 3986 3770 2972 2388 2031 852 4933 3548 1700 5082 3472 5064 4577 1368 1902 1602 2114 3385 2070 1290 1380 2632 2364 2496 2046 1509 4254 1392 4382 3552 4518 3862 1180 1815 1140 2256 3176 1503 2058 1294 2092 1470 1586 1164 1454 
1936 2298 2968 1680 1262 2025 3708 2550 2182 1178 1868 1682 726 2340 1140 2660 3183 1887 1310 1756 980 2420 2616 1758 1878 3460 2512 3148 2322 852 2340 1538 2804 1014 1296 1814 3039 3096 2280 1634 2308 1296 2232 2104 2076 2204 2384 2896 3156 0 1804 1960 2336 2848 2052 2768 2136 2060 3348 2856 948 2728 2568 2212 2516 2324 2424 1908 1464 1504 1179 1770 1796 1719 1582 1556 1924 2876 660 2430 1803 1024 1488 1304 2236 836 2360 1276 1964 1396 1965 2212 1386 1336 1550 2604 786 1584 1884 1260 
1620 1137 2148 2640 590 795 4137 1851 1410 358 10231 862 1070 1767 886 3518 1965 534 490 936 854 1755 812 405 870 1820 1744 2364 969 672 1528 718 1000 1358 1116 994 1809 1866 1229 1180 967 5008 4893 6105 3136 2256 4940 2819 2889 1804 0 3971 2135 1305 1735 3146 2512 1360 2004 1442 46 5030 1936 408 5238 1710 3400 1722 562 1158 1695 1308 1370 1134 770 734 3500 1072 1540 1077 573 1560 586 2481 1845 2880 2993 374 200 494 1569 3042 294 1252 648 800 664 780 798 992 
1556 828 2202 2310 804 1200 3851 1080 1776 628 3454 916 870 1881 760 2938 1809 681 544 990 674 1998 1008 534 1182 1928 1960 2570 1116 472 1424 772 1196 1158 916 1048 2214 1947 400 654 875 4204 1866 4725 3000 3164 4164 1350 4252 1960 3971 0 2300 2631 685 2574 2656 2400 1472 1324 572 5419 2988 644 6780 3060 928 3542 1088 1226 1395 1126 2670 1410 666 576 3416 1268 2220 1254 978 4280 1112 5173 915 6346 4478 838 1349 612 1974 2406 1083 1772 766 1036 1190 1306 1197 1262 
1520 1728 2646 2130 758 1542 3245 1791 1752 856 1260 1358 598 1695 1152 2285 2709 1125 986 1434 550 2220 1600 996 1122 2592 2330 3125 1560 864 2024 1214 1788 886 948 1490 2556 2613 1900 1454 1615 1300 1520 890 2615 1950 1720 2545 2870 2336 2135 2300 0 3245 2140 2758 250 2032 2340 1986 848 3305 3040 1196 2530 2100 2772 2350 1364 808 987 1756 2210 1881 958 736 2875 1860 1676 1668 1320 1870 1388 1595 1910 2105 2830 1176 2015 776 1596 1495 1365 1700 1042 804 1022 1570 1128 1014 
1992 1920 2384 2240 782 1149 3435 2348 1932 594 3331 1098 1306 2550 1196 3529 2745 1317 726 1172 1376 1565 1856 1188 1158 2292 1680 1090 1752 908 2048 472 1584 1594 1352 1230 2163 2220 2391 1702 2068 3070 2011 2355 3063 1295 1780 3981 3320 2848 1305 2631 3245 0 2705 2732 3098 2092 2388 1991 568 3050 2908 1452 3075 1145 3211 2145 864 1394 2049 1674 2285 1308 1290 1256 3313 1644 2584 1860 747 2280 1108 2475 2935 2515 2000 896 1505 1016 1923 1996 1077 1618 1170 1844 1186 1302 972 1228 
1282 1239 2430 465 948 1218 3329 1491 1910 640 2010 1144 596 2115 486 1959 2220 882 772 1218 850 1680 1276 753 1407 2384 1795 2616 1317 198 1698 1000 1464 884 642 1276 2232 2289 1085 928 1210 1295 1115 1250 1800 1410 2195 2035 3322 2052 1735 685 2140 2705 0 1855 2345 2424 2020 1872 706 3055 3226 912 3190 1560 1265 2560 1222 952 984 1400 2700 1557 940 850 2470 1536 1672 1455 996 2600 1246 2905 230 2805 2423 564 1615 746 1992 1140 1284 1784 900 1304 1314 1440 1221 1274 
1446 1530 2428 3856 450 1413 4559 1782 1696 770 6022 1050 1164 2577 1228 2520 1107 1383 678 1216 1046 3741 1844 1236 480 2198 3331 3423 1818 940 956 906 2032 1452 874 678 2427 2286 1570 1122 1920 6100 4299 5277 4808 4457 4938 2520 3986 2768 3146 2574 2758 2732 1855 0 3057 2459 1895 388 584 3871 3080 1552 5687 4150 2800 3679 1134 1250 1836 1594 2755 1572 198 1044 1688 2048 2504 1935 1011 3848 1158 4500 2085 5403 1936 946 1630 1066 1761 4183 1152 1794 1220 1536 1236 1352 666 1124 
1620 1578 2636 2256 658 1692 3750 1941 1852 956 1863 1258 498 1845 1052 3093 2559 975 886 1424 650 2634 1400 846 972 2392 2496 3450 1410 764 1924 1114 1588 786 1048 1390 2706 2598 1650 1474 1365 1260 1858 1744 3008 2651 1764 2795 3770 2136 2512 2656 250 3098 2345 3057 0 2232 2140 1793 748 3687 3240 996 2736 2526 3244 3197 1264 908 837 1856 2460 1884 1058 636 3320 1660 1476 1518 1323 2666 1288 2409 2160 2867 3280 1076 1838 788 1446 1828 1347 1800 942 604 1122 1482 978 914 
1940 2157 2514 2052 912 1344 3008 2459 2090 724 1848 1228 1288 2325 1326 2668 2940 1554 856 1302 970 1512 2172 1425 1353 2552 1604 2240 1989 1038 2178 1084 2360 1576 1368 1360 2358 2415 2092 1854 1864 2420 1788 1784 2464 1296 1684 2748 2972 2060 1360 2400 2032 2092 2424 2459 2232 0 2648 2115 726 1452 1008 1768 2720 1176 2248 376 1242 1344 2022 1004 264 1503 1420 1414 1988 1904 1796 2097 942 1412 1266 756 2600 1224 1916 1054 1520 1174 2118 1768 975 948 1328 2160 980 1310 1167 1358 
1850 1404 2530 2348 552 1566 916 2184 1798 872 1668 1152 1198 2190 1474 2488 2118 1785 780 1318 880 1544 2480 1638 813 2180 1452 2088 2220 1186 1630 1008 2668 1486 1278 1284 2580 2439 1792 1390 2172 2240 2096 2440 2972 1592 964 2552 2388 3348 2004 1472 2340 2388 2020 1895 2140 2648 0 1701 1048 2351 3494 2116 3016 1472 1008 2272 1564 1672 1887 1398 2384 1725 1060 848 2721 2200 2876 2358 1164 2700 1588 2044 2204 2512 2336 1376 2164 1348 2340 2116 1797 1896 1502 2400 1624 1782 819 1506 
1594 1821 2234 1878 256 1122 2118 1913 1502 576 1992 856 970 2286 1178 1999 1398 1593 484 1022 852 1267 2214 1464 189 2004 1221 1857 2028 890 1150 712 2261 1258 1022 872 2136 1995 1644 1316 1918 2065 1867 1841 2735 1265 922 2404 2031 2856 1442 1324 1986 1991 1872 388 1793 2115 1701 0 752 840 2961 1850 2476 1205 1788 1739 1268 1056 1545 1656 1851 1281 392 1238 1232 1854 2538 2136 720 2159 1292 1706 2056 2020 1092 1080 1602 1200 1896 1850 1353 1600 1354 1924 1328 1486 375 1210 
1666 804 2194 706 636 576 1228 1274 1456 404 854 908 1116 1224 932 1196 1322 402 536 982 900 436 452 316 626 956 482 800 692 718 1540 764 546 1404 1162 1040 1252 1290 412 1226 298 1038 260 752 698 328 566 1112 852 948 46 572 848 568 706 584 748 726 1048 752 0 1016 1014 250 1040 388 804 538 608 1204 1176 1354 594 802 782 780 802 582 816 764 428 436 632 514 784 530 232 420 126 540 1092 250 242 1298 694 446 710 826 578 1038 
2014 1980 2654 4800 676 1605 5258 2543 1922 898 6772 1276 1390 2610 1448 4293 2028 1377 904 1442 1272 4134 1936 1248 819 2546 3715 3817 1812 1212 1570 1132 2124 1678 1442 1292 2619 2625 2320 1736 2035 7330 4525 5756 5032 4110 4567 4055 4933 2728 5030 5419 3305 3050 3055 3871 3687 1452 2351 840 1016 0 2460 1532 7184 3810 3736 1883 1532 636 2175 1354 1485 1764 812 1278 2904 1768 2464 1920 1203 4160 1556 4239 3285 4730 4350 1344 2335 1056 2217 3830 1668 1298 1210 1924 1314 1750 1005 1428 
2444 2589 2910 2898 1308 1938 3854 3097 2378 1120 2856 1624 1548 3081 1720 3676 3417 1986 1252 1698 1474 2358 2748 1857 1947 3398 2450 3086 2421 1434 2496 1480 2936 1836 1872 1756 2952 3009 2668 2148 2440 2940 2364 2792 2972 2142 2530 3756 3548 2568 1936 2988 3040 2908 3226 3080 3240 1008 3494 2961 1014 2460 0 2344 3412 2022 3256 1384 1530 1848 2412 1508 1272 2097 1738 1702 2820 2750 2304 2529 1416 1920 1554 1764 3403 1732 2492 1342 2096 1462 2637 2344 1731 1452 1616 2736 1234 1748 1761 1708 
1416 831 2352 1284 794 1101 2064 1563 1454 562 1208 1066 968 1461 682 2028 2271 228 694 1140 650 1188 404 99 1176 2228 1280 1304 663 654 1470 688 592 1256 1048 1198 2115 2172 324 976 96 1780 20 1420 896 972 1448 1724 1700 2212 408 644 1196 1452 912 1552 996 1768 2116 1850 250 1532 2344 0 2344 1092 1108 1392 766 1162 1542 1448 1504 1440 974 530 1104 664 1948 771 879 1188 790 1344 1096 1376 964 578 248 290 1680 0 600 1456 444 392 868 984 1104 1174 
2186 2589 2578 4596 1096 1440 6068 2645 2056 788 7286 1292 1210 3066 1390 4988 2790 1986 920 1366 1464 4044 2632 1857 1629 2680 3700 3850 2421 1102 2078 1148 2936 1498 1546 1424 2454 2511 3355 1918 3070 6060 6040 5980 5088 4032 5770 4510 5082 2516 5238 6780 2530 3075 3190 5687 2736 2720 3016 2476 1040 7184 3412 2344 0 4332 6076 4160 1556 1588 1491 1988 3070 1779 1320 1548 2800 2272 2252 1047 1218 2984 1580 4437 3420 4390 4656 1368 2633 1462 78 5980 1785 1758 1616 2428 1020 1774 1443 2 
1534 1650 1926 1752 324 462 3308 1667 1564 136 4914 640 848 2280 738 2912 2058 1047 268 714 920 756 1328 918 471 1376 856 1894 1482 450 1590 496 1684 1136 894 772 1476 1533 1802 1266 1550 3941 3170 2420 3921 300 1678 2880 3472 2324 1710 3060 2100 1145 1560 4150 2526 1176 1472 1205 388 3810 2022 1092 4332 0 3376 1400 904 936 1362 1216 1140 621 832 1076 4394 728 2060 1590 60 2928 928 3297 1790 3720 3571 716 1055 836 1236 3876 807 1160 990 1484 1006 1122 285 770 
1788 1176 2434 3238 1036 1548 3667 1428 2008 860 3440 1148 1102 2229 992 3634 2157 1029 776 1222 906 2704 1472 882 1530 2392 2888 3266 1464 704 1656 1004 1660 1390 1148 1280 2562 2295 980 886 1455 4218 2176 4189 3928 3136 3864 1930 5064 2424 3400 928 2772 3211 1265 2800 3244 2248 1008 1788 804 3736 3256 1108 6076 3376 0 3276 1320 1458 1743 894 2480 1062 898 344 4344 1732 2684 1602 1326 4960 1344 4928 1495 5336 2656 1070 1867 844 2304 2376 1431 1696 998 1392 1422 1538 1545 1494 
1934 1875 2326 2933 724 1062 4700 2267 1902 536 4174 1040 1218 2505 1138 4112 2658 1272 668 1114 1158 1988 1796 1143 1071 2176 2149 3094 1707 850 1990 896 1984 1506 1294 1172 2076 2133 2302 1666 2050 4005 3041 3094 4022 1610 2383 3245 4577 1908 1722 3542 2350 2145 2560 3679 3197 376 2272 1739 538 1883 1384 1392 4160 1400 3276 0 1054 1174 1917 816 140 1221 1232 1226 3378 1528 1644 1815 660 2331 1078 1386 2790 2096 2695 866 1430 986 1836 3036 861 760 1140 1784 904 1234 885 1170 
2182 1320 2710 1222 1152 1092 1744 1790 1972 920 1370 1424 1632 1740 1448 1712 1872 918 1052 1498 1416 952 968 832 1142 1472 998 1300 1208 1234 2090 1280 1062 1920 1678 1556 1768 1806 928 1742 814 1554 776 1268 1214 844 1082 1628 1368 1464 562 1088 1364 864 1222 1134 1264 1242 1564 1268 608 1532 1530 766 1556 904 1320 1054 0 1720 1692 1870 1110 1318 1332 1296 1318 1098 1332 1280 944 952 1148 1030 1300 1046 840 936 642 1056 1608 766 758 1814 1210 962 1226 1342 1094 1554 
2234 1716 2742 1138 1260 1124 1394 1290 2380 952 1312 1456 1406 1938 1438 1628 1988 1314 1084 1530 1358 984 1364 1228 1182 1504 1030 1348 1604 1150 2206 1312 1042 1694 1594 1588 1800 1838 1324 1880 1210 1328 1172 452 1518 876 1190 1766 1902 1504 1158 1226 808 1394 952 1250 908 1344 1672 1056 1204 636 1848 1162 1588 936 1458 1174 1720 0 1466 1990 1230 1350 1054 1544 1362 1300 1372 1676 976 992 1744 1320 860 1086 1436 1332 1238 872 1640 1162 1354 1934 1178 1210 1266 1938 1126 1586 
1440 2223 2714 705 774 1644 2109 2475 1672 924 636 1428 216 1575 770 1251 2943 1740 1056 1502 470 1434 1311 1611 1356 2178 1503 1980 2046 482 2180 1284 1914 504 868 1560 2658 2715 1635 1374 1542 207 1527 1521 1506 1272 1266 1407 1602 1179 1695 1395 987 2049 984 1836 837 2022 1887 1545 1176 2175 2412 1542 1491 1362 1743 1917 1692 1466 0 2056 1833 1983 1422 1194 1929 1908 684 2313 1422 1254 1716 1464 1122 1113 2112 1220 1728 1318 1569 1542 1872 1660 1472 1290 1110 1908 1362 996 
2682 1678 3142 1586 1540 1524 1856 1846 2718 1352 1754 1856 1996 2380 1886 2076 2332 1580 1484 1930 1800 1384 1630 1482 1530 1904 1430 1748 1870 1598 2550 1712 1724 2284 2042 1988 2200 2238 1286 1780 1476 1918 1438 1700 1876 1276 1470 1666 2114 1770 1308 1126 1756 1674 1400 1594 1856 1004 1398 1656 1354 1354 1508 1448 1988 1216 894 816 1870 1990 2056 0 872 1602 1792 1238 1734 1580 1638 1962 1256 1446 1894 1118 1492 1352 1558 1682 1388 1738 2040 1448 1390 1576 1892 1572 1720 2050 1406 1986 
1990 1959 2382 2235 780 1146 3430 2351 1958 592 2790 1096 1162 2523 1194 3501 2742 1356 724 1170 1102 1560 1908 1227 1155 2288 1675 2619 1791 906 2046 952 2096 1450 1350 1228 2160 2217 2442 1722 2190 2710 2095 2350 2750 1290 1775 3105 3385 1796 1370 2670 2210 2285 2700 2755 2460 264 2384 1851 594 1485 1272 1504 3070 1140 2480 140 1110 1230 1833 872 0 1305 1288 1282 2155 1640 1532 1899 744 1435 1134 615 2930 1200 2065 922 1570 1042 1920 2080 777 816 1196 1896 848 1178 969 1226 
1948 2238 2340 1278 738 1083 1995 2250 1978 550 2070 1054 1262 2901 1152 2013 2679 1668 682 1128 1334 873 1617 1539 1092 1653 942 1419 2103 864 2004 910 1884 1550 1308 1186 2097 2154 1650 1594 1512 1776 1455 1347 1740 711 1002 2220 2070 1719 1134 1410 1881 1308 1557 1572 1884 1503 1725 1281 802 1764 2097 1440 1779 621 1062 1221 1318 1350 1983 1602 1305 0 1246 1052 1908 1167 1521 2211 681 951 1342 1443 1695 1092 1551 1130 1254 1250 1857 1440 1428 1574 1404 1734 908 1536 906 1184 
1644 1218 2626 1126 648 1140 1240 1386 1894 968 1290 1248 1362 1916 1426 1038 936 1120 876 1414 1244 868 1120 1022 518 1186 822 1140 1410 1138 1154 1104 1192 1650 1072 876 1816 1722 826 1320 966 1284 978 602 1400 892 578 1206 1290 1582 770 666 958 1290 940 198 1058 1420 1060 392 782 812 1738 974 1320 832 898 1232 1332 1054 1422 1792 1288 1246 0 1242 620 1196 1450 1488 872 1142 1356 1118 1010 1164 550 1144 850 1022 1372 974 966 1992 1328 966 1416 1550 642 1322 
1946 1084 2778 1036 1294 1264 1306 1296 1984 1092 1134 1492 1134 1504 1212 1526 1782 682 1120 1566 1180 1020 732 596 1284 1540 1066 1182 972 1048 2000 1218 826 1422 1492 1624 1940 1874 692 1230 578 1056 540 1092 978 1016 1224 1116 1380 1556 734 576 736 1256 850 1044 636 1414 848 1238 780 1278 1702 530 1548 1076 344 1226 1296 1544 1194 1238 1282 1052 1242 0 1082 862 1374 1044 1116 1124 1320 1202 942 1218 1008 1108 654 820 1600 530 930 1986 974 334 1398 1514 1266 1550 
1868 1629 2850 4938 872 1929 5324 2361 1356 1114 4544 1472 1226 2259 1214 3786 1740 1026 1100 1638 1182 4579 1468 897 1113 2948 4625 3732 1461 1186 1378 1220 1656 1514 1296 1100 2917 2919 1735 1508 1450 4729 2168 4712 3920 4364 4414 3485 2632 1924 3500 3416 2875 3313 2470 1688 3320 1988 2721 1232 802 2904 2820 1104 2800 4394 4344 3378 1318 1362 1929 1734 2155 1908 620 1082 0 1728 1660 1599 1644 2552 1342 3112 2700 2176 3096 1130 1889 842 1128 2440 1428 1462 996 1496 912 1536 1299 702 
1728 1299 2290 1604 688 1008 2560 2031 1786 500 1832 1004 1212 1929 994 2584 2604 696 632 1078 962 1064 1028 567 1017 2104 1156 1792 1131 814 1782 860 1216 1500 1258 1136 2022 2079 948 1288 720 2268 644 1696 1520 848 1236 2348 2364 2876 1072 1268 1860 1644 1536 2048 1660 1904 2200 1854 582 1768 2750 664 2272 728 1732 1528 1098 1300 1908 1580 1640 1167 1196 862 1728 0 2612 1269 606 1852 1122 2008 1720 2040 1628 910 912 622 1782 664 1098 1524 776 1056 1200 1316 831 1134 
1620 2292 2836 1300 954 1827 3172 2637 1852 1046 1208 1550 396 1845 950 2028 2985 1689 1178 1624 650 2156 2108 1560 1626 3196 2248 2884 2124 662 2208 1406 2540 684 1048 1682 2841 2898 2272 1554 2044 636 1968 1840 1812 1940 2048 2236 2496 660 1540 2220 1676 2584 1672 2504 1476 1796 2876 2538 816 2464 2304 1948 2252 2060 2684 1644 1332 1372 684 1638 1532 1521 1450 1374 1660 2612 0 2232 1605 760 1356 1040 1856 572 2096 1144 1700 1264 1767 1948 1188 1204 1418 2080 654 1452 1632 1128 
1930 1602 2866 1734 1308 1872 2319 2334 1968 1076 1677 1580 1482 2232 1196 2292 3042 999 1208 1654 1164 1662 1074 870 1947 2442 1731 1749 1434 1168 1984 1202 1215 1770 1562 1712 2886 2943 1014 1490 843 2106 786 1836 1443 1500 1857 2064 2046 2430 1077 1254 1668 1860 1455 1935 1518 2097 2358 2136 764 1920 2529 771 1047 1590 1602 1815 1280 1676 2313 1962 1899 2211 1488 1044 1599 1269 2232 0 1650 1662 1304 1779 1593 1803 1494 1092 957 804 1125 771 1371 1970 958 1065 1382 1498 1875 700 
1574 1710 1966 717 364 522 1434 1727 1604 176 1509 680 888 2340 778 1452 2118 1107 308 754 960 312 1056 978 531 1092 381 858 1542 490 1630 536 1323 1176 934 812 1536 1593 1122 1306 951 1215 894 786 1518 150 441 1788 1509 1803 573 978 1320 747 996 1011 1323 942 1164 720 428 1203 1416 879 1218 60 1326 660 944 976 1422 1256 744 681 872 1116 1644 606 1605 1650 0 1158 968 1113 1134 1176 990 756 693 876 1296 879 867 1200 1030 1173 1046 1162 345 810 
1494 1722 2538 4130 938 1380 5187 2067 1800 748 4043 1252 776 2352 760 4182 2550 1119 880 1326 1030 3120 1592 990 1392 2600 3304 3534 1554 1042 1918 1108 1780 1064 1428 1384 2394 2451 2070 1570 1785 3077 3136 2160 2104 2688 3472 3310 4254 1024 1560 4280 1870 2280 2600 3848 2666 1412 2700 2159 436 4160 1920 1188 2984 2928 4960 2331 952 992 1254 1446 1435 951 1142 1124 2552 1852 760 1662 1158 0 976 1312 2370 376 2834 764 1175 884 1197 3274 879 1012 1038 1580 274 1170 1383 748 
2206 1344 2734 1246 1176 1116 1768 1814 1996 944 1394 1448 1656 1764 1472 1736 1896 942 1076 1522 1440 976 992 856 1166 1496 1022 1340 1232 1258 2114 1304 1086 1944 1702 1580 1792 1830 952 1766 838 1578 800 1292 1238 868 1106 1652 1392 1488 586 1112 1388 1108 1246 1158 1288 1266 1588 1292 632 1556 1554 790 1580 928 1344 1078 1148 1744 1716 1894 1134 1342 1356 1320 1342 1122 1356 1304 968 976 0 1054 1324 1070 864 960 666 1080 1632 790 782 1838 1234 986 1250 1366 1118 1578 
1822 1839 2588 4524 610 1497 4207 2429 1856 826 5076 1210 916 2469 1088 4026 2487 1236 838 1376 1170 3749 1748 1107 900 2296 3136 3528 1671 1140 1876 1066 1936 1204 1376 1342 2511 2526 2367 1648 2082 4091 4479 3906 3416 3393 2430 2490 4382 1304 2481 5173 1595 2475 2905 4500 2409 756 2044 1706 514 4239 1764 1344 4437 3297 4928 1386 1030 1320 1464 1118 615 1443 1118 1202 3112 2008 1040 1779 1113 1312 1054 0 3015 1053 3702 842 1370 962 1557 4434 408 1062 1116 1736 602 932 906 988 
