0 1628 3340 1096 1478 1716 1998 2188 2264 1550 1016 2054 1380 1642 1202 606 1992 1838 1682 1592 1062 1582 1466 1666 1468 2016 1628 1922 1956 1108 1028 1910 1868 1668 640 2124 2398 2436 1628 1966 1620 1302 1610 1782 968 1474 1408 1530 1660 1936 1574 1468 1520 2096 1282 1446 1620 1928 1802 1594 1620 2014 2432 1618 2100 2296 1700 2066 2136 2234 1440 1718 2060 2128 1644 2044 2132 1932 1620 2132 2720 1494 2160 1822 1374 1588 1798 1846 1494 1908 2352 1618 1770 2506 2062 1814 1768 2354 1472 2102 
1628 0 2636 3537 1380 2092 1673 1908 1900 1102 3537 1468 1116 720 1006 3577 1640 3256 1096 1542 832 4755 2472 756 2625 2084 4350 3726 1052 1041 2100 1497 2780 1209 1056 1600 3012 2598 784 1206 2780 4722 868 6202 4852 4908 4680 2730 4670 3064 5517 2757 3870 3729 1652 4863 3475 4500 2340 2352 1202 7286 4008 2400 3612 2644 3801 4944 1718 1778 4738 2181 3264 1492 1218 1128 1464 1134 3390 1714 2292 5445 1742 7083 2750 7200 6267 1390 3228 1490 2901 6431 2028 2408 1644 2792 1820 1936 3708 1794 
3340 2636 0 2244 2118 2114 2710 2596 1564 1942 2760 2230 2654 2476 2544 2734 3166 2346 1858 2304 2714 1758 2470 2558 2108 1594 1804 2122 3368 2256 2642 2086 2478 2744 2700 2362 984 904 2362 2856 2624 2576 2614 2290 2778 1866 2048 2742 2168 2968 2148 2202 2646 2558 2430 2428 2636 2828 2442 2234 2194 2654 3116 2258 2578 3016 2420 2640 2710 2742 2714 2992 2696 3128 2626 2764 2920 2936 2836 2772 3356 2538 2734 2588 2522 2550 2426 2522 2134 2548 2992 2258 2344 3400 2702 2454 2812 2928 2112 2576 
1096 3537 2244 0 1269 1252 4264 1770 1866 454 2781 958 410 3189 300 2522 3052 3782 586 1032 664 2187 1964 1528 2090 2012 2128 2848 1438 18 3156 1221 2412 1047 456 1090 1953 2010 1240 1114 2272 1494 1640 3371 2364 1701 3517 2500 4417 1680 2970 2775 2651 2855 372 4518 1880 4083 2730 1924 706 6745 3256 1728 2200 3059 3681 3456 1222 1138 1880 1122 2416 1400 1126 1036 2043 1713 1625 1378 1868 3605 1246 5139 1158 4338 4563 750 2220 1106 2463 4660 1284 1854 1308 2108 1304 1440 2706 1088 
1478 1380 2118 1269 0 1074 1098 1803 1386 544 1173 740 714 1140 1146 1308 1782 753 368 906 736 540 1608 1467 195 1017 471 948 1652 1287 1581 894 1482 1503 906 872 2088 1821 1251 1328 1827 954 1551 1218 1728 702 105 1803 1173 1707 354 1011 1137 1137 1422 675 987 1374 696 384 282 1014 1806 420 1770 1824 663 1092 798 1264 1161 1578 1176 1150 648 786 1896 2034 1431 794 1444 939 822 915 1461 1080 771 610 234 570 1521 420 648 1488 724 714 900 1016 201 1178 
1716 2092 2114 1252 1074 0 2616 1949 1752 324 1400 828 1036 2016 926 2220 3324 464 456 902 746 712 1704 2312 1208 1752 804 1440 1640 957 2480 1026 1756 1986 1082 960 1758 1815 1920 1454 2012 1916 2424 1344 2320 496 1292 2428 2672 2700 1060 1600 2056 2024 1624 1848 2256 2420 1924 1460 576 2300 2996 1468 2315 2940 1880 2044 1092 1124 2192 2061 2156 1554 1122 1264 2214 2301 2436 1248 1738 1840 1116 1996 1808 1864 1616 904 1220 1024 2268 1468 1089 1782 1178 1860 1194 1310 1264 958 
1998 1673 2710 4264 1098 2616 0 2573 1978 1136 3437 1332 1346 2233 1484 4872 1908 3928 960 1498 1028 3332 2864 1712 1805 2540 3171 3970 1530 1758 3773 1782 3064 1926 1426 1464 2976 2709 1740 1684 3172 4438 1824 3297 6052 3710 2317 3740 4809 3460 3075 3687 3894 3375 2608 4184 3125 4687 1145 1696 874 4993 3592 1744 3682 3301 3403 3960 1390 1394 4921 2526 2752 1670 1240 1306 2181 1851 3965 1386 2036 4395 1414 4207 3375 4654 4015 1202 2244 1162 2409 3832 1536 2080 1316 2136 1492 1608 2541 1770 
2188 1908 2596 1770 1803 1949 2573 0 2352 1022 2022 366 1590 1941 1480 2373 2889 2297 846 1384 1394 1420 2449 1614 1788 2200 1397 1874 2186 1788 1740 1820 2142 2671 1616 1350 2963 2701 1320 1374 2514 2268 1698 1257 2571 1577 1698 1890 2744 2550 1883 1080 1791 2488 1491 1782 1941 2595 2158 1913 1248 2543 3287 1949 2645 2727 1428 2621 1764 1290 2130 2547 2681 1660 1386 1296 2511 2181 2637 1760 2410 2067 1788 2429 1629 2208 2250 1558 1763 1258 3050 1949 2177 2390 1564 2240 1652 1982 1730 1656 
2264 1900 1564 1866 1386 1752 1978 2352 0 1580 1248 1986 1612 1740 2166 1658 2434 1748 1614 2152 1294 1606 1698 1522 1376 1924 1560 1878 2188 1878 2080 1842 2100 1900 1692 2118 580 2460 2036 2198 1852 1534 1578 1928 2066 1504 1316 1762 604 2182 1410 1876 1752 1932 2052 1696 1852 2090 1682 1502 1456 1922 2378 1454 2216 2264 1660 1902 1972 2380 1672 1950 1958 2368 1894 1984 1356 1900 1852 1968 2618 1800 1996 1856 2144 1894 1688 1784 1330 1744 2232 1454 1606 2662 1898 1650 2074 2190 1352 2214 
1550 1102 1942 454 544 324 1136 1022 1580 0 1024 656 864 1000 754 944 1592 556 284 730 1070 184 680 984 534 704 230 548 1892 466 1068 512 904 1152 910 788 1000 1038 710 1282 834 786 1040 500 988 76 474 1168 1164 1178 358 628 856 840 640 854 956 1038 790 660 404 1080 1326 562 788 1298 768 850 920 952 924 1202 906 1382 1052 1092 1304 1362 1046 1076 1566 748 944 826 732 760 636 732 438 852 1340 562 554 1610 1006 758 1022 1138 460 786 
1016 3537 2760 2781 1173 1400 3437 2022 1248 1024 0 1382 364 3130 918 1435 3212 3288 1010 1396 46 4536 900 1300 1930 2640 3824 2718 940 945 2912 1413 1704 978 444 1514 2764 2784 1576 950 1208 1430 1188 8662 2863 7254 7578 1285 2254 1868 10633 4082 1512 3355 1608 5472 1510 2772 2085 1796 924 6761 2856 1844 2168 2820 3870 3465 1440 1312 1696 1053 2112 1568 1290 1204 1704 1374 1510 1436 1716 3444 1464 5076 2426 5807 7804 1252 2394 1212 2484 4509 1611 1808 1366 1812 1258 1658 2716 1086 
2054 1468 2230 958 740 828 1332 366 1986 656 1382 0 1368 1490 1258 1448 1788 1060 480 1018 1336 472 1184 1272 730 992 426 744 2322 970 1356 708 1100 1366 1414 984 1504 1326 1076 1570 1338 1290 1328 1004 1492 580 670 1456 1382 1682 836 916 1358 1180 1144 1050 1258 1516 1064 856 882 1276 1804 880 1292 1638 1042 1328 1398 1456 1428 1706 1384 1750 1248 1386 1808 1650 1550 1394 2044 1226 1422 1210 1236 1264 1114 1210 756 1170 1614 880 1032 2088 1324 1076 1500 1616 734 1290 
1380 1116 2654 410 714 1036 1346 1590 1612 864 364 1368 0 956 710 774 1902 1186 996 1442 410 896 814 1014 844 1392 942 1260 1304 422 1196 1224 1216 444 808 1500 1712 1750 1030 1314 968 78 958 954 944 788 784 878 1008 726 950 870 598 1472 596 1164 498 1212 1178 970 996 1390 1548 994 876 1644 1102 1218 1512 1406 216 494 1162 1410 1362 1134 1226 1280 396 1508 1822 776 1536 916 688 682 1228 1160 870 1284 1728 994 1146 1600 1438 800 1050 1730 848 878 
1642 720 2476 3189 1140 2016 2233 1941 1740 1000 3130 1490 956 0 846 3626 1960 3104 1118 1564 672 4595 2152 436 2225 1764 4261 3920 892 801 2660 1737 2844 1449 1002 1622 2772 2358 1104 1228 2460 4458 548 6722 4292 5024 4590 2785 4110 2772 5400 3077 3390 3645 1464 5417 3075 4650 2740 2032 1042 6748 3928 2080 3292 2428 3765 4464 1558 1684 4098 1941 3088 1514 1240 1150 1224 894 2990 1554 2204 4885 1582 6495 2515 7221 6610 1296 2748 1330 2661 5984 1788 2248 1484 2472 1660 1776 3239 1634 
1202 1006 2544 300 1146 926 1484 1480 2166 754 918 1258 710 846 0 790 1826 1158 886 1332 964 786 1282 1064 1136 1306 832 1150 1738 312 1200 1114 1506 998 756 1390 1602 1640 920 1414 1436 632 1120 986 234 678 1076 1088 1562 1140 960 760 1152 1442 486 1228 1052 1466 1392 1262 1006 1682 1720 1164 1390 1806 992 1390 1522 1438 770 1048 1334 1394 1426 1336 1398 1442 950 1678 1994 760 1546 1088 578 854 1084 1050 1040 1406 1942 1164 1156 1772 1608 1354 1034 1740 1062 1388 
606 3577 2734 2522 1308 2220 4872 2373 1658 944 1435 1448 774 3626 790 0 2772 4312 1076 986 456 3590 1720 2120 2155 2820 3613 3948 1350 753 1477 1956 2524 1593 34 1518 2688 2745 2044 1360 2028 2436 2008 4257 3890 3536 2807 2310 3689 2660 3479 3017 2742 3725 1352 2940 2535 3966 2990 1976 1014 5159 3652 2024 2988 3509 3829 4380 1530 1628 2919 1668 2908 1802 1038 1438 2319 1989 2535 1526 2114 4771 1554 4697 2375 4550 4172 1240 2664 1302 2619 4042 1746 2218 1456 2416 1632 1748 3031 1496 
1992 1640 3166 3052 1782 3324 1908 2889 2434 1592 3212 1788 1902 1960 1826 2772 0 2860 1416 1954 1652 2816 3320 2396 2116 3452 2724 3360 1872 2271 1928 2466 3508 2439 1420 1416 3660 3393 2424 1860 3012 3648 2508 3076 3880 3032 2236 3492 3660 4372 2568 2412 3612 3612 2960 1476 3412 3728 2824 1864 1322 2704 4504 2656 4064 3922 2876 3552 1846 1988 3812 3276 3664 2146 936 1782 2694 2364 4108 1842 2492 3348 1870 3316 3144 3536 2180 1658 2408 1618 2943 2656 2220 2536 1772 3012 1948 2064 2364 2034 
1838 3256 2346 3782 753 464 3928 2297 1748 556 3288 1060 1186 3104 1158 4312 2860 0 688 1134 868 2486 1288 1988 930 2080 2578 2906 1668 1305 4949 1374 1292 2211 1266 1192 2106 2163 2384 1686 1596 4432 2100 3854 5055 2270 2174 3340 4165 3000 2556 4132 3430 2800 2088 3762 2550 4068 2065 996 644 4678 3132 1284 2697 3156 3584 3270 1160 1356 4984 2286 2292 1512 890 1148 2388 2058 3420 1156 1806 3540 1184 4146 2928 4410 3752 972 1554 932 2064 3957 1191 1850 1086 1676 1262 1378 1920 1190 
1682 1096 1858 586 368 456 960 846 1614 284 1010 480 996 1118 886 1076 1416 688 0 646 964 100 812 900 358 620 54 372 1950 598 984 336 728 994 1042 612 1132 954 704 1198 966 918 956 632 1120 208 298 1084 1010 1310 464 544 986 808 772 678 886 1144 692 484 510 904 1432 508 920 1266 670 956 1026 1084 1056 1334 1012 1378 876 1014 1436 1278 1178 1022 1672 854 1050 838 864 892 742 838 384 798 1242 508 660 1716 952 704 1128 1244 362 918 
1592 1542 2304 1032 906 902 1498 1384 2152 730 1396 1018 1442 1564 1332 986 1954 1134 646 0 1442 546 1258 1346 896 1066 592 910 2336 1044 1408 874 1266 1532 1020 1150 1578 1400 1150 1644 1412 1364 1402 1078 1566 654 836 1530 1548 1756 936 990 1434 1346 1218 1216 1424 1616 1230 1022 982 1442 1904 1046 1366 1804 1208 1428 1498 1530 1502 1780 1484 1916 1414 1552 1882 1724 1624 1560 2144 1326 1522 1376 1310 1338 1214 1310 922 1336 1780 1046 1132 2188 1490 1242 1600 1716 900 1364 
1062 832 2714 664 736 746 1028 1394 1294 1070 46 1336 410 672 964 456 1652 868 964 1442 0 956 496 696 726 1274 910 952 986 676 878 988 898 698 490 1468 1874 1810 834 996 650 332 640 906 864 994 666 560 690 980 832 674 550 1354 850 1046 650 970 880 852 878 1272 1474 876 1130 1326 906 1158 1394 1358 470 748 1102 1614 1244 1250 1182 962 650 1390 1762 1030 1418 1170 942 936 1110 1206 752 1166 1610 876 1028 1854 1320 952 1304 1612 730 1132 
1582 4755 1758 2187 540 712 3332 1420 1606 184 4536 472 896 4595 786 3590 2816 2486 100 546 956 0 1424 1600 875 1040 184 1390 1910 747 3094 492 1440 1479 942 604 1548 1281 1208 1098 1732 3681 1712 2394 3999 486 1340 2460 3507 2420 1755 1998 2664 2036 1344 3620 2195 3387 1710 952 436 4992 2716 1000 2035 2516 2986 2646 952 984 3824 1851 1876 1370 868 1006 2004 1767 2695 1014 1598 2730 976 3749 1998 3564 3360 764 1128 790 1851 3734 879 1642 944 1392 1054 1170 1239 818 
1466 2472 2470 1964 1608 1704 2864 2449 1698 680 900 1184 814 2152 1282 1720 3320 1288 812 1258 496 1424 0 2200 2032 2464 1516 1516 1390 1491 2564 1191 804 1653 894 1316 2292 2349 2476 1400 308 1472 2088 1984 2536 1208 2004 1928 2188 2768 1772 2156 1908 2388 2336 1844 2108 2748 2568 2232 932 3072 3708 2180 2741 3304 2592 2756 1448 1444 1748 1728 2868 1910 1120 1620 2379 2049 2108 1604 2094 2552 1472 2708 2288 2576 2328 1260 1932 1380 2802 2180 1623 2138 1534 2572 1550 1666 1976 1314 
1666 756 2558 1528 1467 2312 1712 1614 1522 984 1300 1272 1014 436 1064 2120 2396 1988 900 1346 696 1600 2200 0 2040 2200 1692 2328 1110 1128 1592 1692 3004 1776 1094 1404 2748 2481 1032 1010 2508 1872 112 2260 2596 1816 1920 1792 1836 2672 1996 712 2308 2560 1260 1648 2508 3148 2184 2036 1044 2612 3932 2084 3288 2102 1176 2980 1560 1582 2112 2001 3092 1296 1022 932 897 567 2508 1556 2206 2548 1584 2797 1444 2454 2352 1194 1836 1332 2664 2084 1791 2060 1486 2476 1510 1778 1792 1618 
1468 2625 2108 2090 195 1208 1805 1788 1376 534 1930 730 844 2225 1136 2155 2116 930 358 896 726 875 2032 2040 0 1336 760 1704 1712 1272 2610 879 1956 1698 896 862 2073 1806 1648 1318 2176 1915 2152 1925 2855 1145 150 2980 1930 2256 565 1660 1870 1870 1876 1039 1620 2265 1135 252 272 1610 2388 540 2478 2412 1080 1795 788 1182 2260 1773 1548 1140 518 776 1881 2097 2490 784 1434 1540 812 1500 2410 1775 1260 600 365 560 1506 675 633 1478 714 932 890 1006 310 1168 
2016 2084 1594 2012 1017 1752 2540 2200 1924 704 2640 992 1392 1764 1306 2820 3452 2080 620 1066 1274 1040 2464 2200 1336 0 1132 1768 1774 1527 2808 1272 2480 2259 1444 1124 2328 1035 2248 1618 2772 2628 2312 2104 3080 1256 1216 3008 2640 3352 1548 1928 2592 2592 2384 1976 2392 2908 2004 1588 820 2428 3484 1636 3007 3508 1960 2532 1336 1504 2904 2595 2644 1688 1186 1324 2547 2217 3088 1332 1982 2328 1360 2296 2568 2516 2104 1148 1388 1108 2328 1636 1455 2026 1262 2028 1438 1554 1344 1338 
1628 4350 1804 2128 471 804 3171 1397 1560 230 3824 426 942 4261 832 3613 2724 2578 54 592 910 184 1516 1692 760 1132 0 1252 1896 816 3255 423 1348 1410 988 558 1617 1350 1300 1144 1824 3456 1804 2312 4121 616 976 2575 3346 2512 1666 1960 2797 1967 1436 3164 2080 3460 1595 860 456 4140 2756 908 2114 2424 2464 2706 972 1030 4008 1920 1916 1324 822 960 2073 1836 2810 968 1618 2813 996 3136 2113 3352 2909 784 990 744 1782 3067 909 1662 898 1300 1074 1190 1078 864 
1922 3726 2122 2848 948 1440 3970 1874 1878 548 2718 744 1260 3920 1150 3948 3360 2906 372 910 952 1390 1516 2328 1704 1768 1252 0 1846 1293 4042 54 712 1887 1306 876 2094 1827 1936 1462 1208 3556 2440 2738 4492 1714 1984 3406 4098 3148 2414 2722 3802 1090 2072 3256 3001 4550 2539 1496 774 3992 3392 1544 2750 1788 3100 3890 1290 1348 3970 2397 2552 1642 1140 1278 2550 1887 3639 1286 1936 3584 1314 3604 2933 3754 3248 1102 2242 1062 2259 2907 1386 1980 1216 1936 1392 1508 2176 1182 
1956 1052 3368 1438 1652 1640 1530 2186 2188 1892 940 2322 1304 892 1738 1350 1872 1668 1950 2336 986 1910 1390 1110 1712 1774 1896 1846 0 1426 1652 1882 1792 1592 1384 2454 2740 2464 1444 1890 1544 1226 1166 1800 1758 1816 1652 1454 1584 1874 1818 1466 1444 2282 1624 1934 1544 1864 1774 1838 1864 2258 2368 1862 2024 1852 1698 2052 2380 2252 1364 1642 1996 2406 2132 2042 1708 1488 1544 2376 2656 1924 2404 2064 1716 1830 2096 2188 1738 2152 2596 1862 2014 2748 2306 1846 2198 2598 1716 2026 
1108 1041 2256 18 1287 957 1758 1788 1878 466 945 970 422 801 312 753 2271 1305 598 1044 676 747 1491 1128 1272 1527 816 1293 1426 0 1368 1239 1827 1065 468 1102 1971 2028 948 1126 1722 516 1212 1047 819 585 1182 1518 1911 1278 1008 708 1296 1731 297 1410 1146 2028 1656 1461 718 2091 2460 1314 1653 2241 1056 1746 1234 1150 723 1140 1830 1412 1138 1048 2025 1695 993 1390 1880 1563 1258 1710 435 1422 1425 762 1128 1118 2481 1314 1302 1866 1320 1599 1316 1452 1161 1100 
1028 2100 2642 3156 1581 2480 3773 1740 2080 1068 2912 1356 1196 2660 1200 1477 1928 4949 984 1408 878 3094 2564 1592 2610 2808 3255 4042 1652 1368 0 1818 3208 2109 456 1488 2874 2607 1200 1094 2872 3913 1704 4414 5343 3472 3474 2450 5166 2840 2863 1540 4008 3350 1428 3178 3590 2700 2940 2204 864 5369 2808 2044 3456 3206 2352 3375 1380 1666 3990 2127 2064 1380 1106 1016 2091 1761 3590 1536 1692 4228 1404 4481 2390 4557 3836 1192 2694 1312 2700 4101 1521 1848 1466 2436 1482 1598 3250 1702 
1910 1497 2086 1221 894 1026 1782 1820 1842 512 1413 708 1224 1737 1114 1956 2466 1374 336 874 988 492 1191 1692 879 1272 423 54 1882 1239 1818 0 588 1833 1270 840 2040 1773 1398 1426 960 1719 1776 1290 2022 654 789 1968 1857 2307 1038 1158 1821 708 1500 1359 1671 2058 1380 1068 738 1698 2490 1104 1722 1395 1347 1776 1254 1312 1926 2343 1860 1606 1104 1242 2496 1941 2109 1250 1900 1623 1278 1599 1638 1680 1455 1066 918 1026 2205 1104 1332 1944 1180 1398 1356 1472 885 1146 
1868 2780 2478 2412 1482 1756 3064 2142 2100 904 1704 1100 1216 2844 1506 2524 3508 1292 728 1266 898 1440 804 3004 1956 2480 1348 712 1792 1827 3208 588 0 2256 1296 1232 2628 2361 2648 1802 496 2276 2892 1180 3312 1656 1836 2732 2992 3284 2168 2328 1892 1584 2180 2032 2092 2964 2624 2208 1130 3048 3972 2256 3278 2500 2580 3152 1646 1042 2552 2331 3228 1764 1192 1634 2652 2421 2912 1642 2274 2260 1670 2916 1996 2448 2724 1458 2008 1010 2793 2256 1920 2142 1316 2648 1404 1864 1964 1538 
1668 1209 2744 1047 1503 1986 1926 2671 1900 1152 978 1366 444 1449 998 1593 2439 2211 994 1532 698 1479 1653 1776 1698 2259 1410 1887 1592 1065 2109 1833 2256 0 1096 1498 3000 2760 1797 1602 1884 549 1860 1863 1848 1614 1608 1749 1944 1521 1857 1737 1329 2541 1326 2178 1179 2250 2199 1887 1284 2517 2754 1923 1746 2889 2085 2259 1800 1694 756 1173 2175 1698 1650 1422 2271 2343 1026 1796 2110 1596 1824 1806 1464 1455 2274 1448 1737 1572 3024 1923 2151 1888 1726 1632 1338 2018 1704 1166 
640 1056 2700 456 906 1082 1426 1616 1692 910 444 1414 808 1002 756 34 1420 1266 1042 1020 490 942 894 1094 896 1444 988 1306 1384 468 456 1270 1296 1096 0 1546 1758 1796 1056 1394 1048 730 1038 1142 990 834 836 958 1088 1296 1002 896 948 1524 642 874 1048 1356 1230 1022 1048 1442 1860 1046 1528 1724 1128 1494 1564 1594 868 1146 1488 1836 1072 1472 1580 1360 1048 1560 2148 1392 1588 1376 734 1334 1226 1206 922 1336 1780 1046 1198 2252 1490 1242 1666 1782 900 1530 
2124 1600 2362 1090 872 960 1464 1350 2118 788 1514 984 1500 1622 1390 1518 1416 1192 612 1150 1468 604 1316 1404 862 1124 558 876 2454 1102 1488 840 1232 1498 1546 0 1636 1458 1208 1702 1446 1422 1460 1136 1624 712 802 1588 1514 1814 968 1048 1490 1312 1276 678 1390 1648 1196 872 1014 1292 1936 1012 1424 1770 1174 1460 1530 1588 1560 1838 1516 1882 876 1518 1940 1782 1682 1526 2176 1358 1554 1342 1368 1396 1030 1342 888 1302 1746 1012 1164 2220 1456 1208 1632 1748 866 1422 
2398 3012 984 1953 2088 1758 2976 2963 580 1000 2764 1504 1712 2772 1602 2688 3660 2106 1132 1578 1874 1548 2292 2748 2073 2328 1617 2094 2740 1971 2874 2040 2628 3000 1758 1636 0 2829 2454 2130 2523 2451 2832 2022 2754 1386 1983 3024 2190 3039 1809 2214 2556 2532 2232 2553 2706 2829 2457 2262 1252 2892 3261 2115 2454 3219 2424 2547 1768 1800 2658 3075 2631 2230 1900 1940 3012 3315 2841 1924 2414 2394 1792 2511 2370 2412 2226 1580 1929 1700 3282 2115 2103 2458 1854 2409 1870 1986 1962 1634 
2436 2598 904 2010 1821 1815 2709 2701 2460 1038 2784 1326 1750 2358 1640 2745 3393 2163 954 1400 1810 1281 2349 2481 1806 1035 1350 1827 2464 2028 2607 1773 2361 2760 1796 1458 2829 0 2187 1952 2580 2508 2565 2079 2811 1443 1716 2757 2784 3096 1866 1947 2613 2481 2289 2286 2598 2886 2307 1995 1290 2625 3318 2031 2511 3168 2274 2604 1806 1838 2715 3132 2688 2224 1722 1860 3285 3048 2898 1868 2452 2451 1830 2526 2427 2469 2283 1618 1845 1644 3132 2031 2160 2496 1798 2325 1908 2024 1812 1672 
1628 784 2362 1240 1251 1920 1740 1320 2036 710 1576 1076 1030 1104 920 2044 2424 2384 704 1150 834 1208 2476 1032 1648 2248 1300 1936 1444 948 1200 1398 2648 1797 1056 1208 2454 2187 0 814 2784 1904 1144 1868 2308 1424 1528 1400 2864 2280 1604 320 2580 2648 868 1256 2688 2964 1792 1644 848 2484 3540 1692 2896 2778 784 2588 1364 1386 1720 1707 2700 1100 826 736 1671 1341 2540 1360 2010 2384 1388 2540 1052 2572 1960 998 1444 1136 2370 1692 1497 2054 1290 2084 1466 1582 1400 1422 
1966 1206 2856 1114 1328 1454 1684 1374 2198 1282 950 1570 1314 1228 1414 1360 1860 1686 1198 1644 996 1098 1400 1010 1318 1618 1144 1462 1890 1126 1094 1426 1802 1602 1394 1702 2130 1952 814 0 1554 1236 1066 1428 1648 1206 1258 1194 1594 1634 1296 654 1454 1818 928 1122 1554 1874 1390 1316 1342 1736 2264 1340 1918 1752 886 1788 1858 1880 1354 1632 1844 1594 1320 1230 1608 1388 1554 1854 2504 1686 1882 1764 1020 1780 1474 1492 1216 1630 2074 1340 1492 2548 1784 1536 1960 2076 1194 1916 
1620 2780 2624 2272 1827 2012 3172 2514 1852 834 1208 1338 968 2460 1436 2028 3012 1596 966 1412 650 1732 308 2508 2176 2772 1824 1208 1544 1722 2872 960 496 1884 1048 1446 2523 2580 2784 1554 0 1780 2396 1676 2844 1516 2296 2236 2496 3076 2080 2464 2216 2080 2164 1536 2416 3056 2876 1924 1086 2764 4016 2488 3049 2996 2900 3064 1602 1290 2056 1959 3176 2012 966 1774 2610 2280 2416 1758 2248 2756 1626 3016 1980 2884 2240 1414 2240 1258 2988 2488 1854 2292 1564 2880 1652 1820 2284 1468 
1302 4722 2576 1494 954 1916 4438 2268 1534 786 1430 1290 78 4458 632 2436 3648 4432 918 1364 332 3681 1472 1872 1915 2628 3456 3556 1226 516 3913 1719 2276 549 730 1422 2451 2508 1904 1236 1780 0 1760 4745 3388 3641 3630 2000 3255 1296 4600 4052 1695 3485 1036 5952 1050 3402 2750 1784 918 6499 2940 1832 1596 3275 4677 3466 1434 1328 552 624 2168 1332 1284 1056 1722 1803 795 1430 1744 2443 1458 4091 1862 4148 6317 1082 2376 1206 2475 4126 1602 1522 1360 1444 972 1652 2720 800 
1610 868 2614 1640 1551 2424 1824 1698 1578 1040 1188 1328 958 548 1120 2008 2508 2100 956 1402 640 1712 2088 112 2152 2312 1804 2440 1166 1212 1704 1776 2892 1860 1038 1460 2832 2565 1144 1066 2396 1760 0 2372 2708 1928 2032 1904 1948 2784 2108 824 2196 2504 1372 1760 2396 3036 2296 2148 1100 2556 3939 2196 3353 2046 1288 3092 1616 1638 2036 1944 3150 1352 1078 988 813 483 2396 1612 2226 2492 1640 2741 1556 2371 2464 1250 1948 1388 2748 2196 1875 2004 1542 2588 1454 1834 1904 1674 
1782 6202 2290 3371 1218 1344 3297 1257 1928 500 8662 1004 954 6722 986 4257 3076 3854 632 1078 906 2394 1984 2260 1925 2104 2312 2738 1800 1047 4414 1290 1180 1863 1142 1136 2022 2079 1868 1428 1676 4745 2372 0 3731 3180 6307 3315 5089 2104 6102 5756 1068 2970 1000 4580 1140 2676 2840 1792 752 5352 2792 1420 2541 3292 4797 3299 1268 452 4269 1938 2048 1174 602 1092 1767 2262 2300 1224 1684 1890 1292 3906 1020 3647 6324 880 2358 420 2529 3595 1353 1552 726 1516 814 1486 2821 1134 
968 4852 2778 2364 1728 2320 6052 2571 2066 988 2863 1492 944 4292 234 3890 3880 5055 1120 1566 864 3999 2536 2596 2855 3080 4121 4492 1758 819 5343 2022 3312 1848 990 1624 2754 2811 2308 1648 2844 3388 2708 3731 0 3621 3901 2135 5117 2076 3206 4009 3822 3595 1440 4207 3259 3951 3370 2536 962 5481 2972 2240 3268 3568 4441 3594 1478 1518 3871 1923 2200 1160 1400 1570 1746 2514 2265 1634 1760 1841 1502 2989 2361 2170 2975 1284 2988 1410 2583 4576 1668 1538 1564 2632 800 1696 3741 1622 
1474 4908 1866 1701 702 496 3710 1577 1504 76 7254 580 788 5024 678 3536 3032 2270 208 654 994 486 1208 1816 1145 1256 616 1714 1816 585 3472 654 1656 1614 834 712 1386 1443 1424 1206 1516 3641 1928 3180 3621 0 3170 2730 3819 2204 2115 3874 2340 1910 1128 4118 2200 3063 1785 1168 328 5138 2500 972 1819 2444 3238 2322 844 876 3392 1689 1660 1306 976 1016 1842 1929 2425 1000 1490 2352 868 3627 1728 3762 4685 656 1086 776 1896 3483 717 1534 930 1364 946 1062 1383 710 
1408 4680 2048 3517 105 1292 2317 1698 1316 474 7578 670 784 4590 1076 2807 2236 2174 298 836 666 1340 2004 1920 150 1216 976 1984 1652 1182 3474 789 1836 1608 836 802 1983 1716 1528 1258 2296 3630 2032 6307 3901 3170 0 2830 2492 2136 3618 4251 2239 1720 1756 2974 1470 2932 985 372 212 3652 2268 420 2358 2292 1937 1974 728 1194 3426 1683 1428 1080 578 716 1791 2007 2340 724 1374 2102 752 2430 2260 3885 3613 540 258 500 1416 2676 543 1418 654 812 830 946 224 1108 
1530 2730 2742 2500 1803 2428 3740 1890 1762 1168 1285 1456 878 2785 1088 2310 3492 3340 1084 1530 560 2460 1928 1792 2980 3008 2575 3406 1454 1518 2450 1968 2732 1749 958 1588 3024 2757 1400 1194 2236 2000 1904 3315 2135 2730 2830 0 2895 2896 2815 1350 2545 4120 1628 2520 2795 3435 3190 2404 1172 4055 3756 1844 3196 3510 1930 3245 1688 1766 2345 1824 2484 1480 1206 1116 2241 1911 2795 1436 1902 3310 1712 2490 2703 3075 3400 1378 2615 1212 2922 2305 1902 2058 1366 2236 1598 1906 2670 1600 
1660 4670 2168 4417 1173 2672 4809 2744 604 1164 2254 1382 1008 4110 1562 3689 3660 4165 1010 1548 690 3507 2188 1836 1930 2640 3346 4098 1584 1911 5166 1857 2992 1944 1088 1514 2190 2784 2864 1594 2496 3255 1948 5089 5117 3819 2492 2895 0 3156 2857 4452 3444 3320 2896 4251 3120 4499 2695 1796 852 5060 3548 1700 3456 3383 3710 3894 1368 1906 3738 2019 2708 1764 1290 1380 1128 1944 3120 1364 2014 4222 1392 4382 3852 4518 3830 1180 2178 1140 2442 3840 1503 2058 1294 2092 1470 1586 2632 1730 
1936 3064 2968 1680 1707 2700 3460 2550 2182 1178 1868 1682 726 2772 1140 2660 4372 3000 1310 1756 980 2420 2768 2672 2256 3352 2512 3148 1874 1278 2840 2307 3284 1521 1296 1814 3039 3096 2280 1634 3076 1296 2784 2104 2076 2204 2136 2896 3156 0 1804 1960 2336 2848 2052 2896 2136 2060 2668 2508 948 2728 2568 2212 2892 3764 2424 1908 1464 1504 1572 1596 1796 1146 1646 1556 1443 2571 660 1620 1558 1024 1488 1304 2236 836 2360 1276 1964 1396 2826 2212 1386 1336 1550 2604 786 1584 2008 1448 
1574 5517 2148 2970 354 1060 3075 1883 1410 358 10633 836 950 5400 960 3479 2568 2556 464 936 832 1755 1772 1996 565 1548 1666 2414 1818 1008 2863 1038 2168 1857 1002 968 1809 1866 1604 1296 2080 4600 2108 6102 3206 2115 3618 2815 2857 1804 0 4845 2562 1305 1660 2808 1781 2436 1080 704 46 3969 1936 408 2101 1960 2593 1476 562 1158 4160 1932 1096 1024 744 734 1542 2016 1925 718 1208 1365 586 2463 1845 2880 2993 374 240 494 1473 2266 294 1252 648 800 664 780 598 992 
1468 2757 2202 2775 1011 1600 3687 1080 1876 628 4082 916 870 3077 760 3017 2412 4132 544 990 674 1998 2156 712 1660 1928 1960 2722 1466 708 1540 1158 2328 1737 896 1048 2214 1947 320 654 2464 4052 824 5756 4009 3874 4251 1350 4452 1960 4845 0 3392 2910 548 2340 2964 3975 1840 1324 688 4995 3220 1372 2576 2458 1044 3402 1204 1226 2800 1467 2380 940 666 576 1431 1101 2775 1200 1850 3708 1228 5111 1378 6468 4958 838 1686 976 2130 4090 1257 1894 1130 1764 1306 1422 1890 1262 
1520 3870 2646 2651 1137 2056 3894 1791 1752 856 1512 1358 598 3390 1152 2742 3612 3430 986 1434 550 2664 1908 2308 1870 2592 2797 3802 1444 1296 4008 1821 1892 1329 948 1490 2556 2613 2580 1454 2216 1695 2196 1068 3822 2340 2239 2545 3444 2336 2562 3392 0 3336 1712 3292 250 3164 2689 1748 848 3992 3040 1196 2636 3564 3275 2997 1364 808 2109 1404 1768 1382 958 736 2079 2130 2095 1112 1544 2244 1388 1914 1910 2526 3396 1176 2329 776 2436 2178 1365 1700 1042 804 1022 1570 2351 1320 
2096 3729 2558 2855 1137 2024 3375 2488 1932 840 3355 1180 1472 3645 1442 3725 3612 2800 808 1346 1354 2036 2388 2560 1870 2592 1967 1090 2282 1731 3350 708 1584 2541 1524 1312 2532 2481 2648 1818 2080 3485 2504 2970 3595 1910 1720 4120 3320 2848 1305 2910 3336 0 2656 2683 3086 3005 2385 1748 568 3087 2980 1452 3085 916 2330 2535 864 1640 3830 2715 2140 1546 1266 1256 2325 1233 3230 1240 1730 2280 1108 2475 3150 2515 2000 896 1505 1016 2256 1815 1077 1774 1170 1844 1186 1302 1560 1474 
1282 1652 2430 372 1422 1624 2608 1491 2052 640 1608 1144 596 1464 486 1352 2960 2088 772 1218 850 1344 2336 1260 1876 2384 1436 2072 1624 297 1428 1500 2180 1326 642 1276 2232 2289 868 928 2164 1036 1372 1000 1440 1128 1756 1628 2896 2052 1660 548 1712 2656 0 1484 1876 2784 2020 1872 876 2712 3596 1920 2572 2951 1012 2644 1392 952 1312 1401 2756 1214 940 850 1842 1512 1672 1474 2038 2080 1416 2596 184 2244 2188 564 1672 920 2541 1920 1539 2040 1226 2312 1314 1610 1628 1274 
1446 4863 2428 4518 675 1848 4184 1782 1696 854 5472 1050 1164 5417 1228 2940 1476 3762 678 1216 1046 3620 1844 1648 1039 1976 3164 3256 1934 1410 3178 1359 2032 2178 874 678 2553 2286 1256 1122 1536 5952 1760 4580 4207 4118 2974 2520 4251 2896 2808 2340 3292 2683 1484 0 2471 3924 2050 388 584 3675 3028 1180 2588 2572 3150 3140 1108 1250 4672 2169 2188 1408 198 1044 2133 1803 3303 1104 1754 3315 1132 4440 2272 5290 1760 920 1584 880 1836 3496 1113 1798 1034 1536 1210 1326 1899 1296 
1620 3475 2636 1880 987 2256 3125 1941 1852 956 1510 1258 498 3075 1052 2535 3412 2550 886 1424 650 2195 2108 2508 1620 2392 2080 3001 1544 1146 3590 1671 2092 1179 1048 1390 2706 2598 2688 1554 2416 1050 2396 1140 3259 2200 1470 2795 3120 2136 1781 2964 250 3086 1876 2471 0 2790 2439 1548 748 3020 3240 996 2436 3364 2384 2600 1264 908 1395 1254 1968 1482 1058 636 2229 2280 1845 1012 1644 2120 1288 1845 2160 2355 2476 1076 1581 788 2286 1395 1347 1800 942 604 1122 1482 1614 1220 
1928 4500 2828 4083 1374 2420 4687 2595 2090 1038 2772 1516 1212 4650 1466 3966 3728 4068 1144 1616 970 3387 2748 3148 2265 2908 3460 4550 1864 2028 2700 2058 2964 2250 1356 1648 2829 2886 2964 1874 3056 3402 3036 2676 3951 3063 2932 3435 4499 2060 2436 3975 3164 3005 2784 3924 2790 0 2780 2064 726 2805 1008 1768 2728 2976 3511 1452 1242 1344 2988 1506 264 1340 1424 1414 1734 2415 2245 1398 792 2481 1266 1747 3250 2215 3270 1054 2676 1174 2493 3011 975 948 1328 2160 980 1310 2742 1366 
1802 2340 2442 2730 696 1924 1145 2158 1682 790 2085 1064 1178 2740 1392 2990 2824 2065 692 1230 880 1710 2568 2184 1135 2004 1595 2539 1774 1656 2940 1380 2624 2199 1230 1196 2457 2307 1792 1390 2876 2750 2296 2840 3370 1785 985 3190 2695 2668 1080 1840 2689 2385 2020 2050 2439 2780 0 1160 478 2621 2800 952 2965 2824 1260 2310 994 1588 3095 2097 1960 1212 972 848 2190 2205 3005 990 1640 2055 1018 2250 2789 2290 1775 806 880 766 1815 1190 942 1684 920 1344 1096 1212 825 1424 
1594 2352 2234 1924 384 1460 1696 1913 1502 660 1796 856 970 2032 1262 1976 1864 996 484 1022 852 952 2232 2036 252 1588 860 1496 1838 1461 2204 1068 2208 1887 1022 872 2262 1995 1644 1316 1924 1784 2148 1792 2536 1168 372 2404 1796 2508 704 1324 1748 1748 1872 388 1548 2064 1160 0 398 840 2640 792 2688 2364 1116 1688 914 1056 2060 1962 1800 1266 392 902 2070 1956 2244 910 1560 1484 938 1452 2056 1672 1092 726 544 686 1695 792 822 1604 840 1184 1016 1132 500 1294 
1620 1202 2194 706 282 576 874 1248 1456 404 924 882 996 1042 1006 1014 1322 644 510 982 878 436 932 1044 272 820 456 774 1864 718 864 738 1130 1284 1048 1014 1252 1290 848 1342 1086 918 1100 752 962 328 212 1172 852 948 46 688 848 568 876 584 748 726 478 398 0 818 1014 250 1040 1026 456 538 608 1204 1056 1334 594 1070 782 780 1074 1390 816 764 1254 436 632 514 784 530 232 420 126 540 1028 250 242 1298 694 446 710 826 148 1038 
2014 7286 2654 6745 1014 2300 4993 2543 1922 1080 6761 1276 1390 6748 1682 5159 2704 4678 904 1442 1272 4992 3072 2612 1610 2428 4140 3992 2258 2091 5369 1698 3048 2517 1442 1292 2892 2625 2484 1736 2764 6499 2556 5352 5481 5138 3652 4055 5060 2728 3969 4995 3992 3087 2712 3675 3020 2805 2621 840 818 0 2460 1532 3480 1524 4203 1614 1334 636 6164 2031 1188 1642 812 1278 2235 1326 3080 1280 1254 3640 1358 4392 3644 4257 3915 1146 2274 1056 2325 3447 1452 1298 1210 1924 1314 1552 2708 1714 
2432 4008 3116 3256 1806 2996 3592 3287 2378 1326 2856 1804 1548 3928 1720 3652 4504 3132 1432 1904 1474 2716 3708 3932 2388 3484 2756 3392 2368 2460 2808 2490 3972 2754 1860 1936 3261 3318 3540 2264 4016 2940 3939 2792 2972 2500 2268 3756 3548 2568 1936 3220 3040 2980 3596 3028 3240 1008 2800 2640 1014 2460 0 2344 3736 3896 2756 1384 1530 1848 3000 2262 1272 1594 1712 1702 2115 3171 2304 1686 944 1920 1554 1764 3412 1732 2492 1342 2096 1462 2925 2344 1731 1452 1616 2736 1234 1748 2140 1870 
1618 2400 2258 1728 420 1468 1744 1949 1454 562 1844 880 994 2080 1164 2024 2656 1284 508 1046 876 1000 2180 2084 540 1636 908 1544 1862 1314 2044 1104 2256 1923 1046 1012 2115 2031 1692 1340 2488 1832 2196 1420 2240 972 420 1844 1700 2212 408 1372 1196 1452 1920 1180 996 1768 952 792 250 1532 2344 0 2509 2368 908 1392 766 1162 1972 1896 1504 1162 788 530 1848 2130 1948 514 1412 1188 790 1344 1884 1376 964 578 248 290 1539 0 600 1456 444 392 868 984 292 1196 
2100 3612 2578 2200 1770 2315 3682 2645 2216 788 2168 1292 876 3292 1390 2988 4064 2697 920 1366 1130 2035 2741 3288 2478 3007 2114 2750 2024 1653 3456 1722 3278 1746 1528 1424 2454 2511 2896 1918 3049 1596 3353 2541 3268 1819 2358 3196 3456 2892 2101 2576 2636 3085 2572 2588 2436 2728 2965 2688 1040 3480 3736 2509 0 3752 2902 2576 1556 1588 1320 1407 2464 1948 1492 1728 2646 2997 2232 1712 1892 2628 1580 1972 2756 2440 1884 1368 2261 1488 2721 2509 1785 2048 1642 2851 1588 1774 2305 2 
2296 2644 3016 3059 1824 2940 3301 2727 2264 1298 2820 1638 1644 2428 1806 3509 3922 3156 1266 1804 1326 2516 3304 2102 2412 3508 2424 1788 1852 2241 3206 1395 2500 2889 1724 1770 3219 3168 2778 1752 2996 3275 2046 3292 3568 2444 2292 3510 3383 3764 1960 2458 3564 916 2951 2572 3364 2976 2824 2364 1026 1524 3896 2368 3752 0 2690 2600 1322 1398 3551 2973 2712 2004 1484 1674 1842 546 3500 1698 2016 2740 1566 2896 3055 2928 1868 1354 2120 1474 2709 2368 1764 2060 1628 2760 1644 1760 2164 1878 
1700 3801 2420 3681 663 1880 3403 1428 1660 768 3870 1042 1102 3765 992 3829 2876 3584 670 1208 906 2986 2592 1176 1080 1960 2464 3100 1698 1056 2352 1347 2580 2085 1128 1174 2424 2274 784 886 2900 4677 1288 4797 4441 3238 1937 1930 3710 2424 2593 1044 3275 2330 1012 3150 2384 3511 1260 1116 456 4203 2756 908 2902 2690 0 2706 972 1458 3728 1341 1916 708 898 344 1779 1449 2950 968 1618 3020 996 4165 1770 4541 2988 784 990 744 1782 3090 909 1662 898 1300 1074 1190 1078 1402 
2066 4944 2640 3456 1092 2044 3960 2621 1902 850 3465 1328 1218 4464 1390 4380 3552 3270 956 1428 1158 2646 2756 2980 1795 2532 2706 3890 2052 1746 3375 1776 3152 2259 1494 1460 2547 2604 2588 1788 3064 3466 3092 3299 3594 2322 1974 3245 3894 1908 1476 3402 2997 2535 2644 3140 2600 1452 2310 1688 538 1614 1384 1392 2576 2600 2706 0 1054 1174 3372 1224 112 1264 1236 1226 1620 2133 2055 1210 716 2016 1078 1235 3075 1828 2310 866 1716 986 2211 2392 861 760 1140 1784 904 1234 1782 1290 
2136 1718 2710 1222 798 1092 1390 1764 1972 920 1440 1398 1512 1558 1522 1530 1846 1160 1026 1498 1394 952 1448 1560 788 1336 972 1290 2380 1234 1380 1254 1646 1800 1564 1530 1768 1806 1364 1858 1602 1434 1616 1268 1478 844 728 1688 1368 1464 562 1204 1364 864 1392 1108 1264 1242 994 914 608 1334 1530 766 1556 1322 972 1054 0 1720 1572 1850 1110 1586 1306 1296 1590 1686 1332 1280 1770 952 1148 1030 1300 1046 840 936 642 1056 1544 766 758 1814 1210 962 1226 1342 664 1554 
2234 1778 2742 1138 1264 1124 1394 1290 2380 952 1312 1456 1406 1684 1438 1628 1988 1356 1084 1530 1358 984 1444 1582 1182 1504 1030 1348 2252 1150 1666 1312 1042 1694 1594 1588 1800 1838 1386 1880 1290 1328 1638 452 1518 876 1194 1766 1906 1504 1158 1226 808 1640 952 1250 908 1344 1588 1056 1204 636 1848 1162 1588 1398 1458 1174 1720 0 1466 1744 1230 1626 1054 1544 1630 1520 1372 1676 1890 992 1744 1320 860 1086 1436 1332 1238 872 2138 1162 1354 1934 1178 1210 1266 1938 1258 1586 
1440 4738 2714 1880 1161 2192 4921 2130 1672 924 1696 1428 216 4098 770 2919 3812 4984 1056 1502 470 3824 1748 2112 2260 2904 4008 3970 1364 723 3990 1926 2552 756 868 1560 2658 2715 1720 1354 2056 552 2036 4269 3871 3392 3426 2345 3738 1572 4160 2800 2109 3830 1312 4672 1395 2988 3095 2060 1056 6164 3000 1972 1320 3551 3728 3372 1572 1466 0 417 2256 1470 1366 1194 1929 2010 1140 1500 1788 2926 1596 4064 2207 3208 5328 1220 2790 1276 2682 4014 1809 1660 1430 1720 1110 1790 3203 662 
1718 2181 2992 1122 1578 2061 2526 2547 1950 1202 1053 1706 494 1941 1048 1668 3276 2286 1334 1780 748 1851 1728 2001 1773 2595 1920 2397 1642 1140 2127 2343 2331 1173 1146 1838 3075 3132 1707 1632 1959 624 1944 1938 1923 1689 1683 1824 2019 1596 1932 1467 1404 2715 1401 2169 1254 1506 2097 1962 1334 2031 2262 1896 1407 2973 1341 1224 1850 1744 417 0 1308 1602 1644 1238 2346 2427 1101 1778 1532 1671 1874 1677 1539 1530 2337 1498 1812 1554 3099 1896 2085 1576 1708 1707 1388 2050 1779 940 
2060 3264 2696 2416 1176 2156 2752 2681 1958 906 2112 1384 1162 3088 1334 2908 3664 2292 1012 1484 1102 1876 2868 3092 1548 2644 1916 2552 1996 1830 2064 1860 3228 2175 1488 1516 2631 2688 2700 1844 3176 2168 3150 2048 2200 1660 1428 2484 2708 1796 1096 2380 1768 2140 2756 2188 1968 264 1960 1800 594 1188 1272 1504 2464 2712 1916 112 1110 1230 2256 1308 0 1208 1292 1282 1536 2217 1532 1266 660 1148 1134 492 2572 960 1652 922 1256 1042 2295 1504 777 816 1196 1896 848 1178 1300 1234 
2128 1492 3128 1400 1150 1554 1670 1660 2368 1382 1568 1750 1410 1514 1394 1802 2146 1512 1378 1916 1614 1370 1910 1296 1140 1688 1324 1642 2406 1412 1380 1606 1764 1698 1836 1882 2230 2224 1100 1594 2012 1332 1352 1174 1160 1306 1080 1480 1764 1146 1024 940 1382 1546 1214 1408 1482 1340 1212 1266 1070 1642 1594 1162 1948 2004 708 1264 1586 1626 1470 1602 1208 0 1606 1052 1272 1674 1014 1676 1868 634 1610 962 1306 728 1302 1398 1038 1452 1896 1162 1220 1646 1606 1358 908 1804 1016 1950 
1644 1218 2626 1126 648 1122 1240 1386 1894 1052 1290 1248 1362 1240 1426 1038 936 890 876 1414 1244 868 1120 1022 518 1186 822 1140 2132 1138 1106 1104 1192 1650 1072 876 1900 1722 826 1320 966 1284 1078 602 1400 976 578 1206 1290 1646 744 666 958 1266 940 198 1058 1424 972 392 782 812 1712 788 1492 1484 898 1236 1306 1054 1366 1644 1292 1606 0 1242 1620 1400 1514 1302 1952 1134 1330 1118 1010 1228 550 1118 664 1022 1422 788 940 1996 1232 966 1408 1524 642 1494 
2044 1128 2764 1036 786 1264 1306 1296 1984 1092 1204 1386 1134 1150 1336 1438 1782 1148 1014 1552 1250 1006 1620 932 776 1324 960 1278 2042 1048 1016 1242 1634 1422 1472 1518 1940 1860 736 1230 1774 1056 988 1092 1570 1016 716 1116 1380 1556 734 576 736 1256 850 1044 636 1414 848 902 780 1278 1702 530 1728 1674 344 1226 1296 1544 1194 1238 1282 1052 1242 0 1530 1310 1374 1044 1942 1124 1320 1202 942 1218 1008 1108 654 820 1532 530 930 1986 974 334 1398 1514 652 1726 
2132 1464 2920 2043 1896 2214 2181 2511 1356 1304 1704 1808 1226 1224 1398 2319 2694 2388 1436 1882 1182 2004 2379 897 1881 2547 2073 2550 1708 2025 2091 2496 2652 2271 1580 1940 3012 3285 1671 1608 2610 1722 813 1767 1746 1842 1791 2241 1128 1443 1542 1431 2079 2325 1842 2133 2229 1734 2190 2070 1074 2235 2115 1848 2646 1842 1779 1620 1590 1630 1929 2346 1536 1272 1620 1530 0 1296 1245 1746 1684 957 1614 1167 1980 816 1959 1402 1662 1522 3015 1848 1575 1462 1676 2142 912 1710 1695 1766 
1932 1134 2936 1713 2034 2301 1851 2181 1900 1362 1374 1650 1280 894 1442 1989 2364 2058 1278 1724 962 1767 2049 567 2097 2217 1836 1887 1488 1695 1761 1941 2421 2343 1360 1782 3315 3048 1341 1388 2280 1803 483 2262 2514 1929 2007 1911 1944 2571 2016 1101 2130 1233 1512 1803 2280 2415 2205 1956 1390 1326 3171 2130 2997 546 1449 2133 1686 1520 2010 2427 2217 1674 1400 1310 1296 0 2280 1934 2138 2253 1930 2463 1650 2112 1947 1572 1944 1710 3231 2130 2310 2182 1864 2424 1776 2124 1911 1996 
1620 3390 2836 1625 1431 2436 3965 2637 1852 1046 1510 1550 396 2990 950 2535 4108 3420 1178 1624 650 2695 2108 2508 2490 3088 2810 3639 1544 993 3590 2109 2912 1026 1048 1682 2841 2898 2540 1554 2416 795 2396 2300 2265 2425 2340 2795 3120 660 1925 2775 2095 3230 1672 3303 1845 2245 3005 2244 816 3080 2304 1948 2232 3500 2950 2055 1332 1372 1140 1101 1532 1014 1514 1374 1245 2280 0 1488 1426 950 1356 1300 2520 715 2620 1144 2125 1264 2628 2435 1188 1204 1418 2080 654 1452 2180 1118 
2132 1714 2772 1378 794 1248 1386 1760 1968 1076 1436 1394 1508 1554 1678 1526 1842 1156 1022 1560 1390 1014 1604 1556 784 1332 968 1286 2376 1390 1536 1250 1642 1796 1560 1526 1924 1868 1360 1854 1758 1430 1612 1224 1634 1000 724 1436 1364 1620 718 1200 1112 1240 1474 1104 1012 1398 990 910 764 1280 1686 514 1712 1698 968 1210 1280 1676 1500 1778 1266 1676 1302 1044 1746 1934 1488 0 1926 1108 1304 1186 1456 1202 996 1092 638 804 1540 514 914 1970 958 710 1382 1498 660 1710 
2720 2292 3356 1868 1444 1738 2036 2410 2618 1566 1716 2044 1822 2204 1994 2114 2492 1806 1672 2144 1762 1598 2094 2206 1434 1982 1618 1936 2656 1880 1692 1900 2274 2110 2148 2176 2414 2452 2010 2504 2248 1744 2226 1684 1760 1490 1374 1902 2014 1558 1208 1850 1544 1730 2038 1754 1644 792 1640 1560 1254 1254 944 1412 1892 2016 1618 716 1770 1890 1788 1532 660 1868 1952 1942 1684 2138 1426 1926 0 1234 1794 906 1946 1140 1486 1582 1288 1702 2190 1412 1178 1476 1856 1608 1508 1838 1310 1894 
1494 5445 2538 3605 939 1840 4395 2067 1800 748 3444 1226 776 4885 760 4771 3348 3540 854 1326 1030 2730 2552 2548 1540 2328 2813 3584 1924 1563 4228 1623 2260 1596 1392 1358 2394 2451 2384 1686 2756 2443 2492 1890 1841 2352 2102 3310 4222 1024 1365 3708 2244 2280 2080 3315 2120 2481 2055 1484 436 3640 1920 1188 2628 2740 3020 2016 952 992 2926 1671 1148 634 1134 1124 957 2253 950 1108 1234 0 976 1148 2370 329 2338 764 1410 884 2058 2735 879 1012 1038 1580 274 1170 1942 1316 
