0 2.218 3.58359 1.30172 1.9779 1.92634 2.218 2.43511 2.82888 1.91405 1.40353 2.43511 2.19178 2.01076 1.30172 1.30172 2.63895 1.96738 2.538 2.06605 1.93978 1.8463 1.53581 1.69172 1.98325 2.26628 1.8463 1.98935 1.90109 2.00443 2.63895 2.00314 1.98935 2.32712 1.30172 2.36224 2.82888 2.77913 1.64181 2.17404 1.53581 1.572 1.51126 1.91185 1.30172 1.69411 1.77843 1.67952 1.96782 1.97464 1.69411 1.64181 1.77242 2.07433 1.57112 1.81083 1.77242 2.07378 2.15657 1.98325 1.85461 2.10362 2.45212 1.69411 2.21707 1.76097 2.04498 2.02989 2.52645 2.5325 2.1621 2.80307 2.03451 2.04237 2.14417 2.04498 1.91133 1.81738 1.75186 2.22829 2.15623 1.75186 2.31727 1.88725 1.87287 1.75186 1.81083 1.92703 1.69411 1.95995 2.39421 1.75484 2.02367 2.60525 2.18988 1.77242 2.27198 2.64559 1.8047 2.21707 
2.218 0 3.06405 3.02572 1.59977 3.15768 2.16056 3.41602 2.49017 1.32035 2.78744 1.72745 1.9056 3.67651 1.68001 3.04851 2.1665 3.52716 1.28055 2.2032 1.49865 2.52568 2.91588 3.03918 2.72105 3.60854 2.53159 3.07323 3.75762 1.68291 1.28472 1.44905 3.01326 2.02244 1.69088 1.824 5.13675 4.84333 2.46606 1.81121 2.64794 3.03233 2.55452 2.68522 3.17362 2.5828 2.34255 3.17222 3.15819 3.59801 2.43773 2.28713 3.08019 3.20223 2.76708 2.21162 2.89334 3.70243 2.48596 2.57388 1.46239 2.98878 3.87628 2.63331 3.45307 2.61893 2.56147 3.04278 2.02487 1.91924 3.9496 2.14792 3.20272 3.39102 1.62443 1.43952 2.92402 2.9202 3.37408 3.57659 3.8888 3.02861 1.83695 2.9973 2.969 3.00541 2.62606 1.7153 2.69246 1.34669 3.50403 2.76588 3.42381 2.36531 1.57662 2.71636 2.0081 2.08095 2.75958 1.95408 
3.58359 3.06405 0 2.47787 2.69017 2.59032 2.86553 2.88675 2.46757 2.53237 2.79029 2.88675 2.97815 2.92894 2.81787 2.81659 3.50924 2.84233 2.86553 3.03634 2.79029 1.88948 2.53918 2.5159 2.59032 2.06827 2.13851 2.43041 2.92894 2.48269 3.62211 2.43041 2.59136 2.86826 2.81659 2.82687 1.88948 1.88948 2.46599 3.31449 2.53918 2.69017 2.46599 2.5646 2.81787 1.88948 2.13851 3.03495 2.46757 3.0515 2.23996 2.46599 2.71706 2.49656 2.47787 2.60063 2.71706 2.87509 2.8269 2.59032 2.63054 2.6962 3.03945 2.46599 2.72077 2.13851 2.7663 2.50889 3.00544 3.04186 3.16995 3.26066 2.63412 2.7663 2.78613 2.85729 2.89173 2.51511 2.89162 2.98101 2.68824 2.61694 3.06999 2.62718 2.63533 2.61694 2.63054 2.78449 2.46599 2.70387 2.95513 2.6977 2.62718 3.30364 2.9338 2.77025 3.06482 3.2491 2.13851 2.72077 
1.30172 3.02572 2.47787 0 0.868602 1.93069 7.24476 2.28148 1.87757 0.894898 5.82053 1.25523 1.03062 2.37103 0.700147 4.67871 3.26434 2.2889 1.53256 1.25637 1.01475 6.91803 2.45725 1.97069 1.9357 3.66484 8.4266 4.77359 2.34754 0.702712 1.98464 1.06686 2.85162 1.08829 0.762318 1.35178 3.70399 3.54301 3.68512 1.34459 3.53741 6.33689 5.70879 6.13531 6.20879 5.57128 5.82845 3.8894 7.01224 2.37519 5.76093 5.77324 3.44529 4.38859 3.18807 6.50009 4.7406 3.34284 3.08201 2.97304 1.11386 7.85057 3.66099 2.79189 7.81067 6.98899 8.75136 7.35636 1.59016 1.48955 2.33261 1.62319 4.1548 1.96405 1.26944 1.21568 8.05583 3.36343 2.4069 2.37556 2.64925 7.01098 1.38099 7.52718 3.80063 6.40223 6.80359 0.895013 4.20862 1.08173 2.55301 7.26648 2.22994 1.73107 1.31165 2.73166 1.49225 1.77532 1.61397 1.28047 
1.9779 1.59977 2.69017 0.868602 0 1.132 1.32073 1.63141 2.03454 1.38503 0.854764 1.63141 1.24564 1.55819 1.37833 1.10532 2.02883 1.62128 1.62969 1.6157 0.854764 0.910194 1.18442 1.32837 1.17862 1.33018 0.910194 1.23447 1.55499 1.12494 2.15784 1.23447 1.38631 1.13129 1.16821 1.59856 2.03454 1.84302 1.27847 1.66959 1.18971 0.73248 1.16516 1.16536 1.37833 0.868602 0.73248 1.3946 1.17686 1.27674 1.11204 1.12012 1.09587 1.45019 1.12012 1.17862 0.859767 1.38407 1.15708 1.17862 1.36063 1.42629 1.712 1.16516 1.43743 0.868602 1.36262 1.25584 1.92311 1.64327 1.19803 2.05188 1.25584 1.35814 1.38753 1.54069 1.33402 1.26717 1.04552 1.69935 1.37757 1.16115 1.78832 1.04552 1.23599 1.04552 1.36063 1.34496 1.16516 1.51412 1.7489 1.17835 1.27016 1.82658 1.74405 1.17835 1.60902 1.89209 0.868602 1.43743 
1.92634 3.15768 2.59032 1.93069 1.132 0 2.37952 2.788 1.85345 1.24421 1.81737 1.62532 1.35207 2.75567 1.34256 2.0036 3.3963 2.74986 1.53736 1.50252 0.990619 1.69861 1.95458 2.44028 1.91612 2.33656 1.77527 2.08402 2.83677 1.29928 2.07614 1.16735 2.35751 1.35168 1.11666 1.31099 3.85691 3.94835 2.04925 1.55642 1.92298 1.81499 1.90609 1.9599 2.41764 1.61915 1.47626 2.4354 2.18603 2.63716 1.77 1.79267 1.95013 2.3698 2.14157 1.94376 2.05239 2.50619 2.26657 1.7673 1.07307 2.1774 2.92268 1.99655 2.59562 1.70451 2.47911 2.13578 1.82326 1.48439 2.80335 1.99328 2.14395 2.72116 1.22866 1.58991 2.36065 2.19243 2.51385 2.86867 2.8877 2.35969 1.64743 2.17282 2.45808 2.13868 2.15471 1.49158 2.05571 1.34816 2.82708 2.22793 2.64795 1.99447 1.57809 2.14746 1.75564 1.87934 1.84515 1.53339 
2.218 2.16056 2.86553 7.24476 1.32073 2.37952 0 2.61857 2.33904 1.32035 6.00733 1.72745 1.62656 2.87907 1.68001 6.40353 2.17745 2.84793 0.971587 1.94029 1.17935 6.50858 3.45209 2.46588 2.13159 4.11042 6.65051 5.36437 2.91905 1.67876 1.28472 1.44074 3.37587 1.7434 1.62234 1.65995 4.27265 3.98788 3.93491 1.81121 4.38631 6.66396 5.95377 5.91687 7.71102 5.79387 5.05586 5.13275 8.0236 4.06575 5.98357 5.53429 4.32418 4.98157 4.08049 6.12939 5.72581 3.9852 2.59689 3.54757 1.46239 7.25369 4.45566 3.50571 7.97558 6.73144 7.4736 8.18639 2.02487 1.65174 3.2291 1.99753 4.73118 2.5629 1.396 1.43952 7.6195 4.04965 3.83615 3.05004 3.2458 7.40368 1.83695 7.19674 4.60829 6.91181 6.92151 1.69084 5.04912 1.34669 3.19616 7.12073 2.74608 2.28913 1.57662 3.19911 1.97713 2.08095 2.02652 1.91684 
2.43511 3.41602 2.88675 2.28148 1.63141 2.788 2.61857 0 2.47954 1.30973 2.40139 1.00322 1.69828 3.28703 1.66939 2.81134 3.65463 2.86057 1.79183 2.02363 1.55106 1.6905 2.46679 2.68463 2.1117 3.12849 1.9165 2.36572 3.44386 1.46998 2.28551 1.39683 2.11208 1.8095 1.75782 1.61106 4.42982 4.07689 2.16867 2.01437 2.23055 2.49107 2.10253 1.85479 2.62342 1.87588 2.07424 2.92061 2.99757 2.88239 2.08454 1.81026 2.39048 2.55675 1.92512 2.12767 2.23673 2.80502 2.61127 2.45524 1.52869 2.69581 3.22801 2.01958 3.00756 2.11499 2.63086 2.54045 2.07569 1.78766 3.28528 2.03802 2.65266 2.55188 1.41711 1.61756 2.72143 2.77365 2.88813 3.11636 3.34967 2.37771 1.86651 2.50623 2.1538 2.50448 2.56368 1.58414 2.58929 1.30009 3.29381 2.25096 2.88692 2.28352 1.53002 2.43543 1.95026 2.2733 2.25563 1.89534 
2.82888 2.49017 2.46757 1.87757 2.03454 1.85345 2.33904 2.47954 0 1.95849 1.85345 2.47954 2.25461 2.42629 2.16458 2.01919 2.94117 2.29854 2.33904 2.40506 1.89316 1.61203 1.88589 1.79462 1.9946 2.03202 1.61203 2.04758 2.31663 2.20182 3.04823 2.04758 2.04758 2.25422 2.01919 2.30039 1.57044 2.46757 1.9222 2.45895 1.88589 1.87757 1.79462 1.99653 2.16458 1.57044 1.57044 2.18397 1.57044 2.39929 1.60173 1.9222 2.02123 1.98195 1.99402 1.9946 2.13426 2.16696 2.19547 1.9946 2.06247 2.12813 2.46807 1.79462 2.13943 1.57044 2.30042 1.93751 2.43407 2.47379 2.4464 2.8475 2.06605 2.21163 2.21805 2.3135 1.95456 1.86182 2.16807 2.26086 2.11687 2.04557 2.34984 2.0591 2.15895 2.04557 2.06247 2.21312 1.60173 2.05058 2.30183 2.02633 2.0591 2.77451 2.28051 2.17352 2.44125 2.68103 1.57044 2.13943 
1.91405 1.32035 2.53237 0.894898 1.38503 1.24421 1.32035 1.30973 1.95849 0 1.24421 1.30973 1.60511 1.7113 1.14833 1.40995 1.87842 1.26112 1.42633 1.7728 1.28391 0.752389 0.869643 0.932922 1.05992 1.42141 1.00142 1.03133 1.63404 1.21914 1.87842 1.03133 1.03133 1.60472 1.40995 1.40628 1.95849 1.78642 0.722297 1.75342 0.869643 1.26833 0.722297 1.0462 1.14833 0.722297 0.999051 1.45198 1.41775 1.51708 0.722297 0.752389 1.16913 1.10252 0.894898 1.05992 1.16913 1.55772 1.24392 1.05992 1.16835 1.27308 1.58864 0.722297 1.4224 0.789153 1.18333 1.05808 1.55463 1.61874 1.63165 1.67769 1.19912 1.18333 1.32394 1.27432 1.30437 0.84557 1.45876 1.25648 1.23744 1.16614 1.34546 1.19912 1.07465 1.16614 1.16835 1.22381 0.722297 1.0462 1.4224 0.954007 1.19912 1.89507 1.27613 1.16913 1.56181 1.8141 0.999051 1.4224 
1.40353 2.78744 2.79029 5.82053 0.854764 1.81737 6.00733 2.40139 1.85345 1.24421 0 1.55106 1.09441 2.15399 0.98822 4.98491 3.02606 1.99033 1.48831 1.47432 0.854764 7.63895 2.39734 1.60142 1.9144 3.51883 6.68595 4.34255 1.56544 1.27108 2.05672 1.09309 2.47773 1.27743 0.762318 1.64761 3.72796 3.8257 3.54062 1.1181 3.25514 8.53147 10.3848 16.5433 6.05009 14.6282 14.8667 3.50942 6.33179 3.00638 17.6296 7.80619 3.44716 4.26774 2.95797 9.24555 4.31873 3.22042 2.4205 2.7393 1.27238 9.08583 3.46405 2.9205 9.74925 8.39392 7.65832 6.5602 1.79249 1.63631 2.3256 1.84403 3.7589 2.28957 1.38058 1.17277 6.78248 3.29986 2.89032 2.61869 2.70511 6.89893 1.64694 7.88119 3.70119 10.5523 11.7309 1.28131 4.03755 1.09051 2.76481 8.88404 2.25289 1.84522 1.32043 2.55991 1.54537 1.82844 1.7162 1.54386 
2.43511 1.72745 2.88675 1.25523 1.63141 1.62532 1.72745 1.00322 2.47954 1.30973 1.55106 0 1.77 2.11112 1.66939 1.75782 2.28551 1.6478 1.79183 2.02363 1.55106 1.00322 1.3907 1.29326 1.30629 1.66778 1.00322 1.39683 2.08084 1.46998 2.28551 1.39683 1.39683 1.8095 1.75782 1.61106 2.47954 2.03725 1.24335 2.0395 1.3907 1.63141 1.24335 1.10677 1.66939 1.10677 1.28324 1.76451 1.82484 1.87741 1.24335 1.00322 1.46286 1.62357 1.25523 1.30629 1.46286 1.66694 1.4903 1.30629 1.52869 1.73133 2.1097 1.24335 1.89534 1.30975 1.4903 1.57914 2.07569 1.78766 2.02799 2.03802 1.66694 1.54366 1.53193 1.63465 1.71146 1.36662 1.8715 1.77754 1.75849 1.50239 1.86651 1.64399 1.42718 1.55459 1.52869 1.58414 1.24335 1.49572 1.94346 1.47506 1.65138 2.28352 1.72565 1.58758 1.95026 2.2733 1.30975 1.89534 
2.19178 1.9056 2.97815 1.03062 1.24564 1.35207 1.62656 1.69828 2.25461 1.60511 1.09441 1.77 0 1.82338 1.48895 1.45976 2.38518 1.65187 1.94304 1.90368 1.39178 1.28723 1.34843 1.4871 1.29009 1.70722 1.28723 1.56851 1.71371 1.41292 2.53343 1.56851 1.38679 1.46532 1.45976 1.97415 2.25461 2.22006 1.43719 1.85439 1.34843 0.95999 1.32388 0.95999 1.48895 1.08868 1.24564 1.57941 1.71387 1.37298 1.42141 1.36596 0.95999 1.73171 1.03062 1.46781 0.95999 1.57273 1.6941 1.46781 1.73622 1.72355 1.95548 1.32388 1.6575 1.24564 1.72549 1.53737 2.20463 1.72355 1.29825 2.3334 1.53737 1.63966 1.46781 1.72549 1.70961 1.5487 1.14176 1.95961 1.65909 1.14176 2.04859 1.4387 1.03062 1.14176 1.73622 1.60522 1.42542 1.32388 2.00916 1.32388 1.53043 2.10811 1.55381 1.33641 1.86928 2.15235 1.24564 1.6575 
2.01076 3.67651 2.92894 2.37103 1.55819 2.75567 2.87907 3.28703 2.42629 1.7113 2.15399 2.11112 1.82338 0 1.59545 2.71407 3.91513 2.93761 2.04837 1.98833 1.41681 2.30722 2.17832 2.71118 2.94341 2.46661 2.48372 2.45844 2.2759 1.78509 2.55621 1.65315 2.68316 1.83749 1.56651 2.20638 4.15857 4.17242 2.42035 1.75754 2.30759 2.50791 2.10284 2.55963 2.64112 2.28067 2.26954 2.71817 2.65395 3.19499 2.422 2.1942 2.50405 2.85715 2.48714 2.68132 2.39713 3.1263 2.72832 2.86989 1.77187 3.01711 3.38615 2.34048 3.21673 2.35651 2.91308 2.69858 2.29198 2.16254 3.35728 2.43914 2.8108 3.20039 2.02131 1.67226 2.91736 2.95261 2.8452 3.40012 3.5078 2.83733 2.11452 2.72267 2.90029 2.69652 2.92486 1.78081 2.49099 1.59 3.57757 2.58945 3.1978 2.44033 1.81993 2.67816 2.04487 2.32794 2.49715 2.11671 
1.30172 1.68001 2.81787 0.700147 1.37833 1.34256 1.68001 1.66939 2.16458 1.14833 0.98822 1.66939 1.48895 1.59545 0 1.12984 2.16449 1.34422 1.78599 1.80629 1.38227 1.11205 1.07573 0.925995 1.40996 1.66672 1.23742 1.23742 1.48579 1.25263 2.16449 1.23742 1.23742 1.63821 1.12984 1.75631 2.16458 2.14608 0.876091 1.71211 1.07573 0.98822 0.805394 1.14613 0.700147 0.928388 1.20514 1.19716 1.55251 1.20892 0.928388 0.876091 1.31717 1.30861 0.805394 1.33638 1.12101 1.65608 1.60358 1.40996 1.16453 1.47917 1.72494 0.928388 1.45134 0.995244 1.27925 1.26417 1.76072 1.76678 1.45927 2.03735 1.26879 1.27665 1.61592 1.27925 1.43687 1.05166 1.04903 1.46257 1.39051 1.04903 1.55155 1.26185 1.10714 1.04903 1.16453 1.16131 0.928388 1.19423 1.62849 1.04897 1.26185 1.83952 1.42416 1.12101 1.50626 1.88377 1.20514 1.45134 
1.30172 3.04851 2.81659 4.67871 1.10532 2.0036 6.40353 2.81134 2.01919 1.40995 4.98491 1.75782 1.45976 2.71407 1.12984 0 3.28712 2.70827 1.72831 1.25637 0.963938 4.85436 3.2672 2.4048 1.98929 3.94919 5.8783 5.8063 2.79518 1.25135 2.11183 1.33309 3.5715 1.51743 0.762318 1.55255 3.93831 4.02975 4.60995 1.48621 4.20928 5.17882 4.81634 5.17753 5.33248 4.75321 4.45895 4.80691 6.22058 3.48594 4.83588 4.78533 4.54903 5.04045 4.22222 5.25901 6.16779 3.97307 3.28565 3.01988 1.31462 6.42613 4.28411 3.48123 6.56537 5.5162 6.43748 6.70117 2.02235 1.84031 2.88471 2.15903 4.64886 2.70228 1.41215 1.54088 6.30186 3.54965 3.58073 2.95007 2.9691 5.86053 1.81317 5.76692 4.79138 5.48546 5.59587 1.42293 4.8923 1.45585 2.92377 6.09553 2.72935 2.16022 1.68578 3.1936 1.92139 2.10561 1.92655 1.70961 
2.63895 2.1665 3.50924 3.26434 2.02883 3.3963 2.17745 3.65463 2.94117 1.87842 3.02606 2.28551 2.38518 3.91513 2.16449 3.28712 0 3.76578 1.67969 2.51128 1.88745 2.7643 3.1545 3.27779 2.95967 3.84715 2.77021 3.31184 3.99624 2.24098 1.28472 2.00711 3.25188 2.4515 2.11183 1.92006 5.37537 5.08195 2.70468 2.37718 2.88656 3.27094 2.79313 2.92384 3.41224 2.82142 2.58117 3.41084 3.39681 3.83663 2.67634 2.52574 3.31881 3.44085 3.0057 2.45024 3.13196 3.94105 2.72458 2.8125 1.63685 3.2274 4.1149 2.87193 3.69169 2.85755 2.80009 3.2814 2.53708 2.17212 4.18822 2.70563 3.44134 3.62964 1.7205 2.00586 3.16263 3.15882 3.6127 3.81521 4.12742 3.26723 2.2301 3.23592 3.20762 3.24402 2.86467 2.10845 2.93108 1.97452 3.74264 3.0045 3.66243 2.8317 2.20445 2.95498 2.44645 2.59316 2.99819 2.25642 
1.96738 3.52716 2.84233 2.2889 1.62128 2.74986 2.84793 2.86057 2.29854 1.26112 1.99033 1.6478 1.65187 2.93761 1.34422 2.70827 3.76578 0 1.7644 2.02637 1.4799 1.94951 1.57611 2.36683 2.55486 3.1285 2.06116 2.15846 2.78617 1.53257 2.11453 1.06235 1.71052 1.82948 1.52313 1.74435 4.37454 4.26174 2.0556 1.71416 1.07204 2.31494 1.51836 2.02366 2.41929 1.8206 2.14186 2.37382 2.46277 2.89919 1.99765 1.89611 2.10954 2.18065 2.01087 2.24493 2.2118 2.73179 2.72251 2.56593 1.33019 2.70293 3.26462 1.78589 2.86943 1.95883 2.60694 2.57705 1.61414 1.62524 3.28806 2.02315 2.68927 2.78574 1.48401 1.25628 2.5563 2.39801 2.63872 2.98733 3.31875 2.30229 1.61243 2.61163 2.19302 2.53535 2.48846 1.34194 2.39947 1.0527 3.22644 1.84256 2.99232 2.20401 1.28263 2.34132 1.71411 2.09162 2.20035 1.76246 
2.538 1.28055 2.86553 1.53256 1.62969 1.53736 0.971587 1.79183 2.33904 1.42633 1.48831 1.79183 1.94304 2.04837 1.78599 1.72831 1.67969 1.7644 0 2.00467 1.48831 1.05309 1.5073 1.48402 1.52202 1.43762 0.971587 1.44074 2.02575 1.67876 2.00841 1.44074 1.51344 1.80778 1.72831 1.65995 2.33904 1.95047 1.28055 2.05857 1.5073 1.58669 1.35996 1.2798 1.78599 1.08555 0.971587 1.78358 1.8104 2.10841 1.32898 1.28055 1.63589 1.58513 1.53256 1.52202 1.63589 1.83997 1.11211 1.52202 1.57758 1.64324 2.12657 1.35996 1.91684 1.08555 1.36257 1.58116 2.14006 1.9607 2.1191 2.16495 1.58116 1.6706 1.70496 1.76158 1.82806 1.48323 1.87719 1.89414 1.66623 1.67542 1.98312 1.57422 1.60021 1.6572 1.57758 1.837 1.35996 1.66875 2.06006 1.59167 1.57422 2.38613 1.89868 1.70418 2.1233 2.19614 1.08555 1.91684 
2.06605 2.2032 3.03634 1.25637 1.6157 1.50252 1.94029 2.02363 2.40506 1.7728 1.47432 2.02363 1.90368 1.98833 1.80629 1.25637 2.51128 2.02637 2.00467 0 1.47432 1.25637 1.55494 1.69994 1.52415 1.73296 1.31297 1.60945 1.96571 1.47111 2.62415 1.60945 1.7613 1.79379 1.25637 1.82891 2.40506 2.2458 1.65003 1.99853 1.60043 1.52665 1.57588 1.62375 1.80629 1.25637 1.31297 1.72354 1.79641 2.03992 1.57588 1.46629 1.67031 1.86345 1.46629 1.52415 1.71542 1.81604 1.77664 1.52415 1.70049 1.93857 2.26548 1.57588 2.08766 1.38088 1.98105 1.81604 2.37233 2.28423 2.09548 2.5011 1.81604 2.00674 1.85608 2.0532 1.97594 1.69915 1.81715 2.11006 1.93776 1.85938 2.19904 1.86955 1.62375 1.81715 1.70049 1.77291 1.57588 1.89978 2.23866 1.80758 1.86955 2.54608 2.1297 1.82517 2.30726 2.49147 1.38088 2.08766 
1.93978 1.49865 2.79029 1.01475 0.854764 0.990619 1.17935 1.55106 1.89316 1.28391 0.854764 1.55106 1.39178 1.41681 1.38227 0.963938 1.88745 1.4799 1.48831 1.47432 0 1.03221 1.04304 1.22962 1.09828 1.41681 1.03221 1.09309 1.41361 1.27108 2.05672 1.09309 1.24493 1.27743 1.15637 1.64761 1.89316 1.96504 1.17972 1.52821 1.04833 0.854764 1.02378 1.1584 1.356 0.990619 0.854764 1.25322 1.03548 1.42288 1.02378 1.03978 0.954487 1.38274 1.2502 1.09828 0.954487 1.24269 1.0157 1.09828 1.27238 1.34897 1.69213 1.02378 1.58357 0.990619 1.28228 1.24269 1.83486 1.63631 1.34417 1.97154 1.24269 1.47718 1.38058 1.5741 1.3291 1.12579 1.19166 1.55797 1.36441 1.30729 1.64694 1.19166 1.38213 1.19166 1.27238 1.4911 1.02378 1.38787 1.76407 1.20522 1.26902 1.97273 1.6178 1.20522 1.75516 1.89094 0.990619 1.58357 
1.8463 2.52568 1.88948 6.91803 0.910194 1.69861 6.50858 1.6905 1.61203 0.752389 7.63895 1.00322 1.28723 2.30722 1.11205 4.85436 2.7643 1.94951 1.05309 1.25637 1.03221 0 2.59136 1.69711 1.44808 2.71481 7.16655 3.61075 2.46405 0.702712 1.77422 0.54093 2.39358 1.08829 1.03661 1.01444 2.98454 2.49589 3.23483 1.52821 3.17087 8.82895 7.58028 8.40291 7.92799 7.57144 6.83609 4.11939 6.9341 2.9806 7.9548 8.1704 3.78805 3.42136 3.01723 8.71525 4.9247 3.37332 2.66817 2.26627 0.850563 10.3842 3.37474 2.54374 11.1057 8.96018 8.65294 7.13579 1.31179 1.26189 2.43362 1.48069 3.894 1.884 1.00615 1.07731 8.37774 2.9459 3.02529 2.19009 2.30515 8.04395 1.30918 10.6788 3.64575 9.98802 9.65745 1.02681 3.99619 1.00992 2.33622 10.1382 2.0289 1.65912 1.23984 2.42594 1.42029 1.46913 1.11797 1.18982 
1.53581 2.91588 2.53918 2.45725 1.18442 1.95458 3.45209 2.46679 1.88589 0.869643 2.39734 1.3907 1.34843 2.17832 1.07573 3.2672 3.1545 1.57611 1.5073 1.55494 1.04304 2.59136 0 1.89094 2.13621 4.05072 2.92801 2.71656 2.33516 1.22942 1.95939 0.920073 2.6487 1.4041 1.09157 1.46026 3.68072 3.77216 2.74381 1.28259 2.56041 2.69347 1.70108 2.55858 2.80806 2.25335 2.51064 3.07378 2.90916 3.4406 2.46963 2.10899 2.96002 3.12142 2.53713 2.81378 2.81638 3.63416 3.28844 3.18308 1.11349 3.21925 3.94824 2.98447 3.43605 2.29847 3.13173 3.03897 1.48204 1.54615 2.42753 1.75866 3.10396 2.27065 1.37792 1.19732 3.30155 3.35687 3.25643 2.47037 2.57806 2.91907 1.27286 3.09935 2.97497 2.83801 3.17269 1.23408 2.99605 0.9736 2.64782 2.51718 2.392 1.82248 1.20353 3.05864 1.48921 1.7415 1.5674 1.3498 
1.69172 3.03918 2.5159 1.97069 1.32837 2.44028 2.46588 2.68463 1.79462 0.932922 1.60142 1.29326 1.4871 2.71118 0.925995 2.4048 3.27779 2.36683 1.48402 1.69994 1.22962 1.69711 1.89094 0 2.19765 2.73601 1.87362 2.17106 2.5716 1.20267 1.6526 0.93545 2.17969 1.5491 1.18762 1.38981 3.56877 3.76772 1.73288 1.30795 1.93053 1.99672 1.25548 2.14371 2.11778 1.71027 1.76064 1.9849 1.73557 2.51028 1.66688 1.46094 2.11349 2.37575 1.75388 1.84603 2.15581 2.73573 2.34834 2.05047 0.868257 2.30153 3.09381 1.49312 2.62238 1.7464 2.07779 2.29192 1.56826 1.52918 3.06989 1.53423 2.46082 2.45148 1.20593 0.767357 1.76127 2.15096 2.44468 2.69843 3.10633 2.30863 1.35908 2.29901 2.13913 2.28829 2.05592 0.923716 1.5588 0.956637 2.83563 1.88409 2.79798 1.9087 1.18656 2.00374 1.57543 1.81192 1.88705 1.43602 
1.98325 2.72105 2.59032 1.9357 1.17862 1.91612 2.13159 2.1117 1.9946 1.05992 1.9144 1.30629 1.29009 2.94341 1.40996 1.98929 2.95967 2.55486 1.52202 1.52415 1.09828 1.44808 2.13621 2.19765 0 2.64151 1.60904 2.10029 3.02452 1.26176 1.69945 1.16163 1.84268 1.60129 1.20619 0.932936 3.95228 3.73327 1.88467 1.58671 1.77068 2.00408 1.77834 1.35016 2.30352 1.36708 1.49567 2.51483 2.27545 2.50974 1.47901 1.56784 1.9035 2.07881 1.64111 1.52604 1.63751 2.31968 2.12429 1.65387 0.768782 1.74347 2.66807 1.69539 2.2992 1.41352 2.08469 1.82583 1.54995 1.20466 2.76964 1.72677 1.89441 2.20643 0.948925 1.32933 2.02001 1.96639 2.41271 2.72253 2.63816 1.76564 1.5689 1.80475 1.82961 1.76704 1.66734 1.29415 1.83907 1.1356 2.58704 1.77958 2.18544 1.80109 1.36553 1.80447 1.5572 1.60603 1.55416 1.26929 
2.26628 3.60854 2.06827 3.66484 1.33018 2.33656 4.11042 3.12849 2.03202 1.42141 3.51883 1.66778 1.70722 2.46661 1.66672 3.94919 3.84715 3.1285 1.43762 1.73296 1.41681 2.71481 4.05072 2.73601 2.64151 0 3.51981 3.51981 2.62344 1.37173 2.19421 1.17977 4.09631 1.59732 1.4566 1.39897 3.32273 2.90432 3.72527 1.9482 3.77922 3.52628 3.42106 3.72495 4.31432 3.33005 2.77692 4.37617 4.23498 4.53813 3.2806 3.52176 3.87287 3.83086 3.80634 3.80058 3.87622 4.74894 4.05135 4.08523 1.27055 4.16743 5.07644 4.17392 4.74697 3.39521 4.18854 4.04672 1.83303 1.68187 3.21772 2.08826 3.95601 3.07742 1.42614 1.69081 4.46673 4.54632 4.58283 3.15483 3.30207 4.29452 1.85198 3.98665 4.28634 3.97493 3.96584 1.63334 4.16808 1.55272 3.30095 4.05543 3.04224 2.07911 1.78265 4.20192 1.84028 1.88911 2.13131 1.60981 
1.8463 2.53159 2.13851 8.4266 0.910194 1.77527 6.65051 1.9165 1.61203 1.00142 6.68595 1.00322 1.28723 2.48372 1.23742 5.8783 2.77021 2.06116 0.971587 1.31297 1.03221 7.16655 2.92801 1.87362 1.60904 3.51981 0 4.03595 2.64055 0.951744 1.77422 0.469157 2.86942 1.08829 1.03661 0.932936 3.50244 3.20322 3.57798 1.52821 3.87068 7.30017 6.62169 6.58739 9.14584 6.52536 5.91448 4.85233 7.51002 3.51685 6.52762 6.44153 4.2445 3.93993 3.85561 7.15116 5.4128 3.70479 2.75798 2.61036 0.850563 8.47029 3.86721 2.99365 9.10542 7.35497 9.00228 7.88513 1.31179 1.26189 2.55324 1.66827 4.36665 2.27923 1.00615 1.27083 8.92078 3.0902 3.24726 2.29244 2.4882 8.71789 1.432 8.62986 4.33631 8.03216 7.95959 1.21336 4.34347 1.13274 2.43856 8.23487 2.17985 1.65912 1.36266 2.8606 1.42029 1.46913 1.26892 1.18982 
1.98935 3.07323 2.43041 4.77359 1.23447 2.08402 5.36437 2.36572 2.04758 1.03133 4.34255 1.39683 1.56851 2.45844 1.23742 5.8063 3.31184 2.15846 1.44074 1.60945 1.09309 3.61075 2.71656 2.17106 2.10029 3.51981 4.03595 0 2.61528 1.24364 2.00712 0.469157 2.78953 1.41256 1.33309 1.40209 3.77758 3.46047 3.84315 1.66335 3.73796 4.60708 3.91738 4.50497 5.50884 3.93136 3.71187 4.60318 5.42765 3.67255 3.97033 4.1404 4.03431 3.83245 3.77302 4.66921 5.52552 3.59368 3.29993 3.06691 1.22277 5.53457 3.92499 2.99288 6.07932 4.12934 5.57186 5.88608 1.31179 1.60534 2.81715 1.92035 4.12888 2.41919 1.34961 1.28871 5.77399 3.42818 3.40295 2.38973 2.68584 5.33949 1.43455 5.20381 4.18185 5.1085 5.08451 1.39577 4.33615 1.13529 2.56718 5.15467 2.43994 1.98416 1.36522 3.20389 1.6509 1.84134 1.57767 1.51149 
1.90109 3.75762 2.92894 2.34754 1.55499 2.83677 2.91905 3.44386 2.31663 1.63404 1.56544 2.08084 1.71371 2.2759 1.48579 2.79518 3.99624 2.78617 2.02575 1.96571 1.41361 2.46405 2.33516 2.5716 3.02452 2.62344 2.64055 2.61528 0 1.76247 2.44655 1.63053 2.72194 1.81487 1.45685 2.17739 4.3154 4.32925 2.57718 1.64787 2.34638 2.40892 1.88762 2.71493 2.47601 2.4375 2.42637 2.57859 2.73506 3.10396 2.57883 2.24446 2.46579 3.01398 2.34756 2.76243 2.18086 3.05787 2.80942 2.951 1.66221 3.14573 3.45669 2.49732 3.33298 2.51334 2.81253 2.85542 2.18232 2.05288 3.35525 2.32948 2.86904 3.35484 1.91165 1.5626 2.95772 3.10944 2.88982 3.55695 3.66464 2.69391 2.03677 2.74794 2.83186 2.75604 3.00597 1.67114 2.64782 1.48034 3.7344 2.36153 3.22307 2.33067 1.71026 2.59742 1.9352 2.21827 2.65398 2.00705 
2.00443 1.68291 2.48269 0.702712 1.12494 1.29928 1.67876 1.46998 2.20182 1.21914 1.27108 1.46998 1.41292 1.78509 1.25263 1.25135 2.24098 1.53257 1.67876 1.47111 1.27108 0.702712 1.22942 1.20267 1.26176 1.37173 0.951744 1.24364 1.76247 0 2.24098 1.24364 1.2816 1.30303 1.25135 1.56653 2.20182 1.73675 1.15277 1.79529 1.22942 1.12494 1.08207 1.0701 1.25263 0.702712 0.951744 1.5203 1.59317 1.48627 1.05319 0.912638 1.33264 1.30979 0.912638 1.26176 1.27608 1.6128 1.44576 1.26176 1.4381 1.50943 1.85268 1.08207 1.534 0.951744 1.44576 1.32212 1.81867 1.79704 1.60471 1.94744 1.44735 1.45308 1.5413 1.54407 1.59623 1.20534 1.32638 1.61626 1.50148 1.36862 1.70523 1.44041 1.0701 1.32638 1.4381 1.21926 1.08207 1.40597 1.76836 1.31378 1.44041 2.05532 1.6359 1.38583 1.81649 2.06234 0.951744 1.534 
2.63895 1.28472 3.62211 1.98464 2.15784 2.07614 1.28472 2.28551 3.04823 1.87842 2.05672 2.28551 2.53343 2.55621 2.16449 2.11183 1.28472 2.11453 2.00841 2.62415 2.05672 1.77422 1.95939 1.6526 1.69945 2.19421 1.77422 2.00712 2.44655 2.24098 0 2.00711 2.00711 2.5805 2.11183 2.07899 3.04823 2.70705 1.44912 2.54645 1.61436 2.15784 1.60694 1.97452 2.03302 1.81204 1.69945 2.18351 2.19055 2.39814 1.60694 1.44912 2.09745 2.13081 1.8063 1.44912 1.95329 2.50924 1.83998 1.69945 1.63685 1.90933 2.61694 1.60694 2.36691 1.81204 1.83968 2.08638 2.58236 2.42614 2.56141 2.70599 2.18067 2.21163 1.97452 2.00586 1.69357 1.87387 2.33983 2.14112 2.26573 2.0472 2.2301 2.01709 2.00297 2.0472 1.63685 2.10845 1.60694 1.97452 2.36691 1.69909 2.01709 2.89054 2.20445 1.69909 2.44645 2.63901 1.81204 2.38079 
2.00314 1.44905 2.43041 1.06686 1.23447 1.16735 1.44074 1.39683 2.04758 1.03133 1.09309 1.39683 1.56851 1.65315 1.23742 1.33309 2.00711 1.06235 1.44074 1.60945 1.09309 0.54093 0.920073 0.93545 1.16163 1.17977 0.469157 0.469157 1.63053 1.24364 2.00711 0 0.811388 1.41256 1.33309 1.40209 2.04758 1.57496 0.885546 1.66335 0.811388 1.19147 0.811388 0.92445 1.23742 0.716586 0.795229 1.38836 1.39288 1.71319 0.811388 0.885546 1.25822 0.716586 1.06686 1.16163 1.15561 1.48086 1.37262 1.16163 1.22277 1.29936 1.67773 0.811388 1.51149 0.716586 1.28871 1.14717 1.31179 1.60534 1.72074 1.92035 1.28821 1.42129 1.34961 1.28871 1.2795 0.93466 1.48197 1.34557 1.29726 1.25523 1.43455 1.21941 1.24486 1.25523 1.22277 1.39577 0.811388 1.13529 1.51149 1.0431 1.21941 1.98416 1.36522 1.15561 1.6509 1.84134 0.827692 1.51149 
1.98935 3.01326 2.59136 2.85162 1.38631 2.35751 3.37587 2.11208 2.04758 1.03133 2.47773 1.39683 1.38679 2.68316 1.23742 3.5715 3.25188 1.71052 1.51344 1.7613 1.24493 2.39358 2.6487 2.17969 1.84268 4.09631 2.86942 2.78953 2.72194 1.2816 2.00711 0.811388 0 1.56441 1.48493 1.46639 3.8735 3.7607 2.69586 1.73613 2.32954 3.00051 1.93825 2.29931 3.13685 2.07431 2.50783 3.49308 3.324 3.70197 2.37252 2.17017 2.90551 2.77016 2.30158 2.64564 2.71309 3.61525 3.46468 3.1819 1.22277 3.13829 4.01078 2.88736 3.46722 2.29729 3.3122 3.12117 1.36318 1.37428 2.91583 1.92035 3.18616 2.30985 1.20605 1.25628 3.17685 3.33872 3.51833 2.56004 2.79335 2.69978 1.43455 3.04149 2.71241 2.88632 3.14712 1.17685 3.2791 0.801734 2.73749 2.43122 2.3306 1.95304 1.03166 2.96947 1.46314 1.84065 1.69931 1.51149 
2.32712 2.02244 2.86826 1.08829 1.13129 1.35168 1.7434 1.8095 2.25422 1.60472 1.27743 1.8095 1.46532 1.83749 1.63821 1.51743 2.4515 1.82948 1.80778 1.79379 1.27743 1.08829 1.4041 1.5491 1.60129 1.59732 1.08829 1.41256 1.81487 1.30303 2.5805 1.41256 1.56441 0 1.51743 1.81965 2.25422 2.11017 1.49919 1.84769 1.44959 1.08829 1.42504 1.38504 1.63821 1.08829 1.13129 1.5727 1.59952 1.61 1.42102 1.29821 1.38504 1.64932 1.29821 1.60129 1.28243 1.6652 1.57975 1.60129 1.73728 1.80294 1.99313 1.42504 1.65711 1.24525 1.71878 1.53698 2.20425 2.06593 1.62069 2.33301 1.53698 1.63928 1.8102 1.71878 1.75668 1.54831 1.37878 1.95922 1.6587 1.42102 2.0482 1.46818 1.45567 1.37878 1.73728 1.60483 1.42504 1.74894 2.00877 1.43823 1.53004 2.10772 1.97886 1.43823 1.86889 2.15196 1.24525 1.65711 
1.30172 1.69088 2.81659 0.762318 1.16821 1.11666 1.62234 1.75782 2.01919 1.40995 0.762318 1.75782 1.45976 1.56651 1.12984 0.762318 2.11183 1.52313 1.72831 1.25637 1.15637 1.03661 1.09157 1.18762 1.20619 1.4566 1.03661 1.33309 1.45685 1.25135 2.11183 1.33309 1.48493 1.51743 0 1.55255 2.01919 1.96944 1.13771 1.48621 1.09157 0.762318 1.06702 1.22638 1.12984 0.995018 0.995018 1.21122 1.47846 1.34175 1.19001 0.99777 1.13191 1.57023 0.99777 1.13261 1.13191 1.43017 1.45868 1.20619 1.31462 1.55271 1.87962 1.19001 1.70961 0.995018 1.46873 1.43017 2.02235 1.84031 1.47017 2.15903 1.43017 1.66467 1.41215 1.54088 1.46708 1.31328 1.34175 1.7242 1.5519 1.47352 1.81317 1.48369 1.22638 1.43128 1.31462 1.42293 1.19001 1.45585 1.8528 1.31059 1.48369 2.16022 1.68578 1.32817 1.92139 2.10561 0.995018 1.70961 
2.36224 1.824 2.82687 1.35178 1.59856 1.31099 1.65995 1.61106 2.30039 1.40628 1.64761 1.61106 1.97415 2.20638 1.75631 1.55255 1.92006 1.74435 1.65995 1.82891 1.64761 1.01444 1.46026 1.38981 0.932936 1.39897 0.932936 1.40209 2.17739 1.56653 2.07899 1.40209 1.46639 1.81965 1.55255 0 2.30039 1.91182 1.3399 2.13605 1.35157 1.59856 1.3399 1.31091 1.75631 1.0469 0.932936 1.86106 1.68626 1.97396 1.12542 1.09977 1.62545 1.50564 1.35178 0.932936 1.57189 1.87108 1.58685 0.932936 1.15533 1.41687 1.99176 1.3399 1.61565 1.0469 1.49033 1.4612 1.95775 1.76254 2.08797 2.13457 1.54251 1.64021 1.31091 1.70499 1.43078 1.46317 1.84035 1.86647 1.62757 1.56568 1.95545 1.53344 1.53153 1.52344 1.15533 1.68069 1.3399 1.65618 1.6935 1.42443 1.53344 2.25238 1.88611 1.42443 1.96493 2.15536 1.0469 1.61565 
2.82888 5.13675 1.88948 3.70399 2.03454 3.85691 4.27265 4.42982 1.57044 1.95849 3.72796 2.47954 2.25461 4.15857 2.16458 3.93831 5.37537 4.37454 2.33904 2.40506 1.89316 2.98454 3.68072 3.56877 3.95228 3.32273 3.50244 3.77758 4.3154 2.20182 3.04823 2.04758 3.8735 2.25422 2.01919 2.30039 0 3.48975 3.6343 2.45895 3.74453 3.74971 3.54722 3.91089 4.14351 2.9977 3.08826 4.2087 3.47593 4.43642 3.23766 3.66016 3.88484 3.75592 3.72662 3.78274 3.98629 4.25332 4.1597 3.87038 2.06247 4.0299 4.63062 3.78486 4.04099 3.31415 4.2106 3.87803 2.43407 2.47379 4.73806 2.8475 4.02857 4.27753 2.21805 2.3135 3.87614 3.94074 4.33573 4.39442 4.64313 3.95626 2.34984 3.86676 4.00295 3.85934 3.95207 2.21312 3.42273 2.05058 4.44693 4.0224 4.36573 2.77451 2.28051 4.22496 2.44125 2.68103 3.4548 2.13943 
2.77913 4.84333 1.88948 3.54301 1.84302 3.94835 3.98788 4.07689 2.46757 1.78642 3.8257 2.03725 2.22006 4.17242 2.14608 4.02975 5.08195 4.26174 1.95047 2.2458 1.96504 2.49589 3.77216 3.76772 3.73327 2.90432 3.20322 3.46047 4.32925 1.73675 2.70705 1.57496 3.7607 2.11017 1.96944 1.91182 3.48975 0 3.52149 2.46104 3.63172 3.69712 3.50161 3.63077 4.15435 2.69847 2.78903 4.30014 3.57367 4.37108 3.15057 3.54327 3.95721 3.54038 3.60184 3.56374 3.77228 4.34476 4.03858 3.65137 1.78339 3.8857 4.36563 3.66148 4.12287 3.01823 3.91137 3.5821 2.34582 2.19472 4.59431 2.51472 3.73264 4.08281 1.93898 2.11135 3.97389 3.91259 4.28103 4.36764 4.37815 3.79579 2.34321 3.57083 3.83052 3.65497 3.68833 2.06084 3.62168 2.04395 4.41043 3.89285 4.122 2.59195 2.27388 3.95439 2.35312 2.40196 3.15887 2.12265 
1.64181 2.46606 2.46599 3.68512 1.27847 2.04925 3.93491 2.16867 1.9222 0.722297 3.54062 1.24335 1.43719 2.42035 0.876091 4.60995 2.70468 2.0556 1.28055 1.65003 1.17972 3.23483 2.74381 1.73288 1.88467 3.72527 3.57798 3.84315 2.57718 1.15277 1.44912 0.885546 2.69586 1.49919 1.13771 1.3399 3.6343 3.52149 0 1.25804 3.98771 3.87524 3.08342 3.42571 4.30447 2.48042 2.92478 4.70961 4.47362 3.33975 3.03495 2.96533 4.35942 4.38414 3.34507 3.57713 4.20773 3.63426 2.70145 2.72797 0.818353 4.14044 3.85107 2.65666 4.76722 3.29294 3.71105 4.06753 1.51835 1.47928 2.60852 1.48433 4.53154 1.883 1.15602 0.717453 4.4624 3.2494 3.18461 2.32084 2.61379 4.14525 1.30918 4.02017 3.97992 4.15108 3.82319 0.873812 4.42355 0.906733 2.3507 3.93814 2.41709 1.85879 1.13666 2.91399 1.52553 1.76201 1.50616 1.38612 
2.17404 1.81121 3.31449 1.34459 1.66959 1.55642 1.81121 2.01437 2.45895 1.75342 1.1181 2.0395 1.85439 1.75754 1.71211 1.48621 2.37718 1.71416 2.05857 1.99853 1.52821 1.52821 1.28259 1.30795 1.58671 1.9482 1.52821 1.66335 1.64787 1.79529 2.54645 1.66335 1.73613 1.84769 1.48621 2.13605 2.45895 2.46104 1.25804 0 1.28259 1.34459 1.25804 1.62102 1.59026 1.55642 1.52821 1.33155 1.7146 1.76264 1.62977 1.1181 1.5192 2.00315 1.34459 1.58671 1.5192 1.86993 1.58906 1.58671 1.76211 2.01175 2.2687 1.50162 2.14937 1.59612 1.58906 1.86993 2.45527 2.32193 1.90888 2.33246 1.86993 1.96562 1.87031 1.66121 1.81883 1.75304 1.76028 2.16395 1.99165 1.76028 2.25293 1.8693 1.62102 1.76028 1.76211 1.81757 1.62977 1.75329 2.26612 1.50162 1.8693 2.59997 1.98321 1.5192 2.20815 2.49122 1.59612 2.14937 
1.53581 2.64794 2.53918 3.53741 1.18971 1.92298 4.38631 2.23055 1.88589 0.869643 3.25514 1.3907 1.34843 2.30759 1.07573 4.20928 2.88656 1.07204 1.5073 1.60043 1.04833 3.17087 2.56041 1.93053 1.77068 3.77922 3.87068 3.73796 2.34638 1.22942 1.61436 0.811388 2.32954 1.44959 1.09157 1.35157 3.74453 3.63172 3.98771 1.28259 0 3.60536 2.68128 2.87945 3.79685 2.75018 3.14848 4.50978 4.24461 3.4425 2.93636 2.80161 3.99012 4.14336 2.92898 3.26514 3.80399 3.49666 3.20456 2.67736 0.830023 4.1211 3.93637 2.80485 4.65554 3.27096 4.20392 4.17298 1.36318 1.37428 2.6663 1.75866 4.3493 2.27276 1.16769 1.19732 4.28128 3.15445 3.23062 2.41979 2.75626 4.0274 1.27286 4.02578 3.36616 3.88566 3.80633 1.04856 4.33293 0.801734 2.34723 3.63134 2.3623 1.82248 1.03166 2.76696 1.46314 1.7415 1.56119 1.3498 
1.572 3.03233 2.69017 6.33689 0.73248 1.81499 6.66396 2.49107 1.87757 1.26833 8.53147 1.63141 0.95999 2.50791 0.98822 5.17882 3.27094 2.31494 1.58669 1.52665 0.854764 8.82895 2.69347 1.99672 2.00408 3.52628 7.30017 4.60708 2.40892 1.12494 2.15784 1.19147 3.00051 1.08829 0.762318 1.59856 3.74971 3.69712 3.87524 1.34459 3.60536 0 8.03922 7.61608 7.61067 6.53369 6.45764 4.09816 6.59815 2.75376 7.78193 8.6182 3.01519 4.34744 3.24342 8.91104 3.77623 3.16376 2.86274 3.05275 1.36063 9.93726 3.52312 2.78225 9.79137 9.38313 8.14542 6.85441 1.87671 1.64327 1.96986 1.94229 3.83302 2.19167 1.38753 1.21568 7.22298 3.30436 2.68182 2.49954 2.61327 6.40299 1.67155 8.21292 3.82228 9.33375 9.36108 1.2773 4.03615 1.24361 2.67699 9.09399 2.2091 1.73107 1.47353 2.69168 1.49225 1.77532 1.73393 1.28047 
1.51126 2.55452 2.46599 5.70879 1.16516 1.90609 5.95377 2.10253 1.79462 0.722297 10.3848 1.24335 1.32388 2.10284 0.805394 4.81634 2.79313 1.51836 1.35996 1.57588 1.02378 7.58028 1.70108 1.25548 1.77834 3.42106 6.62169 3.91738 1.88762 1.08207 1.60694 0.811388 1.93825 1.42504 1.06702 1.3399 3.54722 3.50161 3.08342 1.25804 2.68128 8.03922 0 11.0535 6.20875 10.3295 10.4389 3.17261 5.36849 2.71414 10.2595 7.94602 3.22662 3.4651 2.32859 7.95763 4.40977 3.13118 2.64479 2.54931 0.818353 7.83388 3.37154 2.03926 8.84783 7.41265 7.15485 6.233 1.36318 1.37428 2.36496 1.48433 3.35006 1.80167 1.15602 0.717453 6.06551 2.33223 2.5899 1.95435 2.4202 6.1267 1.0736 7.70592 2.92874 9.6645 10.5208 0.803115 3.49078 0.801734 2.22046 7.90532 2.03321 1.72646 1.03166 2.2575 1.23656 1.61407 1.37317 1.22925 
1.91185 2.68522 2.5646 6.13531 1.16536 1.9599 5.91687 1.85479 1.99653 1.0462 16.5433 1.10677 0.95999 2.55963 1.14613 5.17753 2.92384 2.02366 1.2798 1.62375 1.1584 8.40291 2.55858 2.14371 1.35016 3.72495 6.58739 4.50497 2.71493 1.0701 1.97452 0.92445 2.29931 1.38504 1.22638 1.31091 3.91089 3.63077 3.42571 1.62102 2.87945 7.61608 11.0535 0 7.10853 15.1722 14.4937 4.13892 6.38725 2.9318 14.4644 8.9279 3.22015 3.91799 2.37086 8.84686 4.31814 2.88178 2.91789 2.43332 1.07299 8.2331 3.1303 2.45282 9.14168 7.60122 7.26633 6.21185 1.64673 1.16914 2.35609 1.80294 3.43966 1.897 0.948925 1.2242 6.71152 2.9824 2.68505 2.34152 2.32455 6.03241 1.43755 7.55768 3.048 9.30754 10.7691 0.98264 4.01945 0.801734 2.51963 7.61443 1.90295 1.6022 0.942114 2.46409 1.26893 1.64644 1.52148 1.21401 
1.30172 3.17362 2.81787 6.20879 1.37833 2.41764 7.71102 2.62342 2.16458 1.14833 6.05009 1.66939 1.48895 2.64112 0.700147 5.33248 3.41224 2.41929 1.78599 1.80629 1.356 7.92799 2.80806 2.11778 2.30352 4.31432 9.14584 5.50884 2.47601 1.25263 2.03302 1.23742 3.13685 1.63821 1.12984 1.75631 4.14351 4.15435 4.30447 1.59026 3.79685 7.61067 6.20875 7.10853 0 6.63383 6.67269 3.47919 7.52993 2.95528 6.57801 6.29125 3.73646 4.65327 3.46182 7.18466 5.33191 3.5973 3.59771 3.28693 0.894829 8.45745 3.66307 2.90383 8.68853 7.65597 9.26906 7.69535 1.76072 1.68911 2.59417 1.9289 4.09185 2.12422 1.53825 1.27925 8.84016 3.39396 2.7434 2.41544 2.66027 8.20136 1.41185 7.77377 3.99993 7.48747 7.59324 1.16131 3.97735 1.11657 2.31297 7.91882 2.21376 1.72646 1.34649 3.1061 1.23656 1.61407 1.96188 1.45134 
1.69411 2.5828 1.88948 5.57128 0.868602 1.61915 5.79387 1.87588 1.57044 0.722297 14.6282 1.10677 1.08868 2.28067 0.928388 4.75321 2.82142 1.8206 1.08555 1.25637 0.990619 7.57144 2.25335 1.71027 1.36708 3.33005 6.52536 3.93136 2.4375 0.702712 1.81204 0.716586 2.07431 1.08829 0.995018 1.0469 2.9977 2.69847 2.48042 1.55642 2.75018 6.53369 10.3295 15.1722 6.63383 0 12.4891 3.7559 5.51418 2.62435 12.9187 8.52102 3.07934 2.72437 2.31542 8.73258 3.76645 2.8018 2.83126 1.95938 0.779604 8.16578 2.80144 2.15411 8.01328 7.31582 7.20551 6.03313 1.11596 1.16914 2.20143 1.48069 3.14242 1.64166 0.96456 1.07731 6.35807 2.64299 2.56941 1.79783 2.03821 5.28979 1.18051 7.07801 2.76531 9.33151 9.73949 0.895013 3.16581 0.814391 1.85033 8.03979 1.6953 1.41416 1.04432 2.40546 1.17534 1.38237 0.818933 0.83129 
1.77843 2.34255 2.13851 5.82845 0.73248 1.47626 5.05586 2.07424 1.57044 0.999051 14.8667 1.28324 1.24564 2.26954 1.20514 4.45895 2.58117 2.14186 0.971587 1.31297 0.854764 6.83609 2.51064 1.76064 1.49567 2.77692 5.91448 3.71187 2.42637 0.951744 1.69945 0.795229 2.50783 1.13129 0.995018 0.932936 3.08826 2.78903 2.92478 1.52821 3.14848 6.45764 10.4389 14.4937 6.67269 12.4891 0 3.89114 5.46944 2.90356 17.127 8.29303 2.92396 3.19058 2.88293 8.00429 3.97352 2.97054 2.31389 2.17469 0.768782 7.99894 2.96462 2.41504 8.20085 6.81959 6.17319 5.55232 1.33126 1.22029 2.21127 1.66827 3.05257 1.92634 0.96456 1.27083 6.22646 2.70312 2.78045 2.20779 2.09011 5.91648 1.39041 7.09257 3.44827 9.21984 10.0039 1.17177 3.33782 1.09114 2.14718 7.95973 1.80655 1.55608 1.32107 2.30871 1.33851 1.38734 0.937214 1.18982 
1.67952 3.17222 3.03495 3.8894 1.3946 2.4354 5.13275 2.92061 2.18397 1.45198 3.50942 1.76451 1.57941 2.71817 1.19716 4.80691 3.41084 2.37382 1.78358 1.72354 1.25322 4.11939 3.07378 1.9849 2.51483 4.37617 4.85233 4.60318 2.57859 1.5203 2.18351 1.38836 3.49308 1.5727 1.21122 1.86106 4.2087 4.30014 4.70961 1.33155 4.50978 4.09816 3.17261 4.13892 3.47919 3.7559 3.89114 0 4.79757 3.42951 3.75058 3.46015 3.9915 5.28005 4.0319 4.23321 4.53682 3.81445 3.53565 3.52262 1.38731 4.75081 4.14281 3.27672 4.98181 3.90748 4.51887 4.56717 2.08731 2.04694 3.06435 1.89289 4.52911 2.66663 1.59532 1.28575 4.4773 4.03473 3.20361 2.9542 2.99751 3.92787 1.72514 3.89269 4.6018 3.9614 4.24756 1.44277 4.8804 1.47503 3.13773 3.76359 2.50686 2.19659 1.70495 3.34324 1.84351 1.89235 2.20489 1.87438 
1.96782 3.15819 2.46757 7.01224 1.17686 2.18603 8.0236 2.99757 1.57044 1.41775 6.33179 1.82484 1.71387 2.65395 1.55251 6.22058 3.39681 2.46277 1.8104 1.79641 1.03548 6.9341 2.90916 1.73557 2.27545 4.23498 7.51002 5.42765 2.73506 1.59317 2.19055 1.39288 3.324 1.59952 1.47846 1.68626 3.47593 3.57367 4.47362 1.7146 4.24461 6.59815 5.36849 6.38725 7.52993 5.51418 5.46944 4.79757 0 3.85398 5.48347 5.94848 4.27515 4.77341 4.07769 6.02546 5.7633 3.9124 3.51941 3.22263 1.2694 6.93446 3.98505 2.97536 7.19362 6.14906 7.45554 8.22481 1.83188 1.9584 2.89089 2.24532 4.00373 2.71713 1.70267 1.61746 6.92686 3.34405 3.42956 2.61108 2.94333 6.87986 1.6239 6.76388 4.37699 6.51716 6.65274 1.58594 3.77468 1.50984 2.66358 6.75347 2.47834 2.13974 1.73977 3.32766 1.7153 1.88796 1.85104 1.59869 
1.97464 3.59801 3.0515 2.37519 1.27674 2.63716 4.06575 2.88239 2.39929 1.51708 3.00638 1.87741 1.37298 3.19499 1.20892 3.48594 3.83663 2.89919 2.10841 2.03992 1.42288 2.9806 3.4406 2.51028 2.50974 4.53813 3.51685 3.67255 3.10396 1.48627 2.39814 1.71319 3.70197 1.61 1.34175 1.97396 4.43642 4.37108 3.33975 1.76264 3.4425 2.75376 2.71414 2.9318 2.95528 2.62435 2.90356 3.42951 3.85398 0 2.62262 2.6449 3.21782 3.73394 2.80968 3.21864 3.18432 3.98971 3.9137 3.61656 1.35179 3.58632 3.88605 3.34837 3.73191 3.03699 3.76094 3.19427 2.03659 1.8552 2.80001 1.9408 3.47162 2.38319 1.65421 1.60062 3.40936 3.79455 2.41454 2.9322 2.6575 3.12243 1.83248 3.21785 3.45656 2.47136 3.35408 1.43718 3.62067 1.53719 3.06731 3.14888 2.21509 1.62869 1.76712 3.55402 1.36474 1.73612 2.2192 1.59721 
