0 2.56493 1.98906 1.57175 1.79221 1.8138 1.90379 2.6575 2.2914 2.36665 3.00231 1.55397 2.39548 2.22619 2.47 3.47356 3.01356 3.38045 2.03067 2.42666 2.52032 1.74677 3.06802 2.68575 1.99346 2.42819 2.17742 1.70606 2.53931 2.52944 2.64732 3.63528 2.10654 2.34174 2.45778 1.6922 1.77982 1.91045 2.72377 1.93003 2.47734 2.77051 3.19996 3.16719 2.62818 2.70408 3.04491 2.5895 2.72474 2.40135 1.67649 2.14878 2.30004 3.48714 2.32781 2.99292 2.50389 2.49599 2.28491 1.93282 2.72486 3.2698 2.8329 1.93162 2.68355 3.43487 2.41021 2.13515 2.94652 1.89973 3.52056 3.07261 3.39049 2.97502 2.82168 3.17981 2.86357 2.94301 2.1987 3.06259 2.0733 2.60955 2.39645 2.94091 2.04335 3.48187 2.05569 2.52717 3.13632 2.0918 3.17008 3.25797 2.4223 1.97393 2.33771 3.24816 1.73557 3.35656 2.21855 3.30204 
2.56493 0 3.24259 1.58914 1.50976 1.79389 2.68121 4.06738 2.20969 3.20262 4.07477 1.04986 2.5537 3.19303 3.72174 3.20898 4.39361 3.05933 2.99049 3.54075 2.25715 3.62213 2.47316 2.60521 2.06473 3.82152 1.99893 1.44364 3.5003 1.92793 2.55047 3.34088 2.33334 2.90809 3.28764 0.68191 1.9534 2.04088 2.4866 3.02523 3.0613 3.81864 4.10715 4.33894 3.61447 3.71143 4.38363 3.47663 3.89889 2.96793 2.63569 3.43217 2.87409 3.41715 3.03649 3.33381 2.9909 3.03467 2.52546 2.97041 3.76309 4.8335 5.01419 1.87781 3.36499 3.1767 3.26123 2.179 4.21258 1.76976 4.55344 2.75554 3.42262 3.82118 2.81904 4.31849 3.78364 3.7511 2.18233 3.70494 1.75957 2.87833 2.08272 2.71523 1.78093 3.55303 2.04537 3.61516 2.61906 2.00762 3.08849 4.18544 3.53027 1.76508 2.28391 4.58557 1.92957 3.4829 2.21569 4.48801 
1.98906 3.24259 0 1.75884 1.52825 5.78576 5.40091 3.54095 1.99167 7.40561 4.97687 1.17641 3.73691 5.21171 6.49236 3.01509 6.50568 2.50085 2.28412 6.98755 2.1881 5.76565 2.77862 1.76798 1.95334 3.09415 1.79933 1.54064 4.73995 2.08658 4.32418 3.21936 1.99636 4.1176 4.07721 1.27545 1.87441 1.95496 1.99967 5.50598 6.48793 7.05803 5.14389 5.1569 7.1884 7.10594 3.99251 6.37174 8.23635 5.68255 4.96414 5.9517 6.27623 3.36911 5.9722 4.94436 6.98806 6.05521 5.82954 5.20284 7.7848 6.36035 4.55748 1.55768 6.83606 2.82403 6.71953 1.91554 3.94389 1.64603 4.27977 2.70506 3.32973 7.57667 2.4948 3.89217 3.47211 3.4537 1.98013 8.55413 1.59133 2.59151 1.91449 2.39059 1.87793 3.36555 1.7753 7.20283 2.66963 1.81141 2.9193 4.0256 7.36663 1.46522 1.96377 4.24043 1.60397 3.15826 1.90003 4.06424 
1.57175 1.58914 1.75884 0 1.78067 0.950483 0.950483 1.80616 2.34252 1.31909 1.86798 1.32077 1.32077 1.44872 1.84108 1.31678 1.67052 2.18914 1.52847 1.44872 2.80122 1.47111 1.75968 1.76481 2.1559 1.76481 1.30363 1.75546 0.950483 1.50158 1.58914 2.33406 2.10481 1.63229 0.950483 1.63239 1.42792 1.77058 1.75884 1.06352 1.32077 1.68832 2.03194 1.93442 1.9459 1.86394 1.8727 1.46248 1.94092 1.00057 1.26879 1.47111 1.27569 1.41573 1.32077 1.61806 1.36346 1.21151 1.4747 1.26879 1.48362 2.27552 1.69876 2.017 1.68832 1.99744 1.46065 2.52318 2.1422 1.92574 2.16714 1.90682 2.1598 1.98425 1.80898 1.78836 1.48362 1.60566 2.04415 1.93202 2.13012 2.85794 2.45328 1.81172 2.09275 2.14281 1.9465 1.66837 1.84843 1.90875 2.0692 1.98827 1.5832 1.93442 2.40326 1.64293 2.10771 2.117 2.38099 1.99744 
1.79221 1.50976 1.52825 1.78067 0 1.19824 1.47739 2.02789 2.51609 1.55118 1.97732 1.19824 1.19824 1.46567 1.90448 1.99064 2.27786 2.12499 1.35625 1.58095 2.451 1.23006 2.12556 1.81777 2.27191 1.82595 1.61112 1.84637 1.67443 1.35625 1.50976 2.064 2.48172 1.50976 1.59915 1.61514 2.10178 2.44444 1.52825 1.59437 1.19824 1.73987 1.93892 2.01862 1.59567 1.79962 1.98255 1.57849 1.7722 1.67443 1.23006 1.19824 1.49614 2.08959 1.19824 1.61207 1.56316 1.41055 1.35625 1.33813 1.82272 2.17501 1.75031 1.9063 1.53227 2.13191 1.23006 2.17501 1.7722 1.7832 1.73422 1.53227 2.10127 1.89719 1.86574 1.8167 1.70767 1.70767 2.18093 1.80949 2.06597 2.87434 2.323 1.74757 2.10465 2.50475 2.26983 1.47388 1.47388 2.27069 1.93892 1.6516 1.46067 2.01862 2.3124 2.02337 1.86666 1.99008 2.35736 2.17675 
1.8138 1.79389 5.78576 0.950483 1.19824 0 6.89331 2.82487 1.65491 5.31427 4.07116 0.814798 3.12765 6.78368 8.69379 2.28875 5.52118 2.57614 2.41759 5.80297 1.99297 4.3452 2.06217 2.09096 1.42607 2.87907 1.64854 0.80498 3.13001 1.54683 2.94616 3.00269 1.70752 3.08546 2.94811 0.68191 1.32168 1.40222 2.34834 12.57 5.3959 15.3907 4.44801 4.18061 8.40156 12.8534 3.12352 4.59646 6.44582 12.2836 12.3593 4.68851 8.14754 2.45074 5.83136 3.94378 9.63894 4.68517 12.9337 13.3578 9.52975 5.44816 3.82387 1.33056 13.9505 2.57462 5.86467 1.90989 3.23466 1.51808 3.54256 2.25427 2.49548 7.4914 1.99054 3.30466 2.83323 2.82767 1.6758 6.61299 1.49046 2.37531 1.81361 2.05248 1.14227 2.65285 1.53883 5.89972 2.26326 1.50108 2.43804 3.17456 8.77303 1.24442 1.73665 3.33369 1.29091 2.55575 1.65116 3.63568 
1.90379 2.68121 5.40091 0.950483 1.47739 6.89331 0 2.97737 1.78317 6.22584 4.46199 0.92876 3.18192 7.08261 9.57179 2.44021 5.60984 2.45416 2.18327 5.52584 2.21048 4.9175 1.73777 2.06025 1.59444 2.6689 1.7452 1.23906 3.12193 1.59321 3.56349 3.13265 1.63483 3.47937 2.80403 1.21425 0.893932 1.23659 2.26087 6.90086 5.69099 8.97428 4.53038 4.47944 9.87309 9.47499 3.33179 5.49907 7.66055 6.88377 6.76823 5.37237 8.32246 2.30854 5.7726 4.34782 9.50347 5.0942 7.45767 7.70562 11.0922 5.60528 4.19818 1.58006 8.86683 2.57047 6.52994 1.92253 3.55411 1.3251 4.23047 2.40939 3.05157 8.43635 2.16113 3.79039 3.04869 2.96019 1.628 7.72016 1.5573 2.50494 1.86121 2.13703 1.57635 2.58186 1.65667 6.52007 2.5374 1.61892 2.67448 3.86941 10.1403 1.50105 1.98615 3.62049 1.56973 2.9891 1.81953 3.84605 
2.6575 4.06738 3.54095 1.80616 2.02789 2.82487 2.97737 0 1.70699 3.2239 3.91253 1.65325 3.46913 3.11885 2.65551 2.65263 3.67266 2.7777 3.2656 3.57642 2.51945 3.46528 3.12742 2.93308 2.13635 3.84845 2.50474 1.81536 3.51088 2.43202 3.78925 3.67213 1.80011 3.69524 3.31542 1.92453 1.62521 1.70575 2.61737 2.79953 3.61026 2.7937 3.96396 3.38815 3.65656 3.43284 3.42104 3.47074 3.95727 3.13562 2.6855 3.43548 2.91088 2.81123 3.52673 3.74139 2.61575 3.24152 2.86325 2.8226 3.66744 4.38274 4.33309 1.37001 2.921 2.78714 3.51518 1.76258 4.47944 1.16515 4.77018 2.60244 2.98603 3.68312 2.50829 4.29331 3.50191 3.4977 1.576 3.80251 2.03933 2.12827 1.99995 2.3537 2.15265 2.80595 1.43854 3.6863 3.13349 1.25669 3.11208 4.1927 3.29908 1.28236 1.77611 3.95627 1.8257 2.86402 1.90009 4.32933 
2.2914 2.20969 1.99167 2.34252 2.51609 1.65491 1.78317 1.70699 0 1.86796 2.58764 1.96745 1.96745 1.88665 1.65491 1.65491 2.04507 2.03905 1.99434 1.96258 3.19588 1.85723 2.55181 2.27867 2.78424 2.27867 1.93373 2.16315 1.92542 1.96745 2.14209 2.80971 2.61867 2.21495 1.92542 2.25294 2.28983 2.37037 1.99167 1.78317 2.21941 1.70699 2.48392 2.22674 2.34056 2.18331 2.04507 2.18214 2.46509 1.70699 1.65491 1.85723 1.86796 2.13992 2.01772 2.04229 1.87994 1.87994 1.94057 1.65491 2.00522 2.56785 1.99108 2.32555 1.98064 2.28976 1.97786 2.8155 2.60807 2.21806 2.6238 2.26214 2.68397 2.39898 2.18331 2.08068 1.70699 1.70699 2.06283 2.32667 2.596 3.08223 2.91915 2.10924 2.50044 2.43513 2.23882 2.13424 2.3143 2.20107 2.48392 2.43366 1.97786 2.22674 2.71693 2.06283 2.49383 2.40932 2.70036 2.28976 
2.36665 3.20262 7.40561 1.31909 1.55118 5.31427 6.22584 3.2239 1.86796 0 4.49713 1.02785 4.12894 6.88109 7.3378 2.57778 5.76666 2.68554 3.02683 6.89741 2.00115 5.20706 2.91247 2.34931 1.79438 3.11806 2.14042 1.1418 4.15715 2.13112 4.6565 3.32151 1.72401 4.34906 3.95567 1.32958 1.61086 1.6914 2.45478 5.63028 7.07165 5.91718 4.73153 4.2683 6.88396 6.11561 3.02114 5.92845 6.98511 5.91897 5.17534 5.57561 5.80359 2.79619 6.6339 4.67569 6.17847 5.41075 5.52609 5.30555 6.41515 5.13372 3.52142 1.20966 5.78079 2.28739 6.85983 1.67175 3.13214 1.45949 4.27086 2.40909 2.2905 6.72481 1.78322 3.77982 2.61454 2.76443 1.674 7.02705 1.46054 2.17895 1.73444 2.00385 1.47909 2.86416 1.42648 6.11175 2.77299 1.50529 1.99582 3.7599 6.44586 1.2526 1.61576 3.35969 1.02357 2.35397 1.53269 3.71781 
3.00231 4.07477 4.97687 1.86798 1.97732 4.07116 4.46199 3.91253 2.58764 4.49713 0 1.454 4.66959 4.02651 5.00572 3.82279 5.13498 3.26651 3.45284 4.54398 2.40959 5.11174 3.34032 2.82365 2.06478 4.26357 2.41745 1.81477 5.47817 2.31054 5.321 3.64337 2.18538 5.34553 5.01932 1.93432 1.9189 2.04012 2.99286 4.23903 5.16496 4.40198 5.28537 4.69487 4.92555 4.16892 3.58784 4.40847 5.35507 4.84516 3.80758 5.10412 4.10838 3.08915 4.11906 5.68517 4.36012 5.08891 4.21912 3.67572 5.03536 6.46153 4.60612 1.65792 4.3211 2.88345 4.64421 2.2947 4.52221 1.77948 4.70478 2.69139 3.27523 4.80771 2.44323 4.23165 3.91857 3.75712 2.20406 5.24616 2.03424 2.64252 1.87235 2.67504 2.15206 2.87986 1.97876 5.45761 3.1715 2.05757 2.69896 3.83656 4.75217 1.42676 2.06402 4.31143 1.98635 3.32498 1.69837 4.51689 
1.55397 1.04986 1.17641 1.32077 1.19824 0.814798 0.92876 1.65325 1.96745 1.02785 1.454 0 0.814798 0.917037 1.46391 1.53074 1.75453 1.57635 0.91568 1.05762 2.15537 1.01712 1.66566 1.35787 1.72327 1.41619 1.09362 1.32305 1.21452 0.861916 1.04986 1.73105 1.93308 1.04986 1.13925 1.15524 1.64188 1.9459 1.17641 1.04573 1.02373 1.54496 1.45641 1.46998 1.30004 1.34242 1.72934 1.02986 1.53396 1.21452 0.814798 1.01712 1.02785 1.59847 0.814798 1.06343 1.03983 0.861916 0.861916 0.814798 1.30532 1.93677 1.5554 1.63894 1.29403 1.71956 0.814798 1.93677 1.52941 1.54496 1.52128 1.29403 1.75284 1.37147 1.34242 1.39407 1.24776 1.24776 1.9401 1.28616 1.51734 2.6361 1.84049 1.19893 1.58132 1.99944 1.80313 1.05558 1.23564 1.76538 1.45641 1.34242 0.937345 1.46998 2.04503 1.6302 1.65372 1.72271 1.85946 1.65342 
2.39548 2.5537 3.73691 1.32077 1.19824 3.12765 3.18192 3.46913 1.96745 4.12894 4.66959 0.814798 0 3.50424 4.13218 2.8588 4.91401 2.47572 2.57565 3.90326 1.78215 4.34183 2.62428 1.72615 1.59173 3.16661 1.79376 1.32305 4.45126 1.62613 4.16071 2.59968 1.76478 4.11805 3.90176 1.15524 1.53595 1.8786 2.173 3.31013 4.04764 4.09811 4.56571 4.49906 3.78926 3.96026 3.69856 4.05986 4.45927 3.48371 2.7855 3.89123 2.96444 3.06698 3.64856 4.51797 3.94948 3.99406 2.7747 2.85915 4.27368 6.0363 4.32576 1.35214 3.77989 2.55711 3.53627 1.71 3.48039 1.20506 3.70866 2.25715 2.98991 4.01391 2.20868 3.32106 3.17985 3.06267 1.64611 4.49229 1.3858 2.3849 1.58924 2.12366 1.58132 2.99071 1.67159 4.79279 1.96534 1.70771 2.53848 3.43358 3.91156 1.4123 1.75823 3.90873 1.46055 2.89715 1.73781 3.64838 
2.22619 3.19303 5.21171 1.44872 1.46567 6.78368 7.08261 3.11885 1.88665 6.88109 4.02651 0.917037 3.50424 0 7.68868 2.62291 5.4977 2.33147 2.38871 6.33154 1.87967 5.29337 2.70118 1.63627 1.69397 2.95895 1.85028 1.42528 4.23824 1.83997 4.38537 2.81109 1.4621 3.76602 3.67064 1.42267 1.5244 1.60495 2.08312 6.52848 6.40643 7.53903 4.52063 4.48651 8.03184 7.32385 3.5187 5.75196 7.85927 6.99798 5.51412 5.59303 7.26091 2.82687 5.06868 4.56766 7.4519 5.63523 6.28866 6.41144 9.09437 5.99924 4.34157 1.60963 7.26441 2.60174 6.2532 1.93686 4.02635 1.49619 4.17822 2.49492 3.25236 8.11131 2.33718 3.81437 3.22193 2.98323 1.8543 7.74289 1.48804 2.5582 1.81119 2.1683 1.76257 2.95611 1.61738 6.88858 2.59454 1.80875 2.73276 3.68014 8.24402 1.17681 2.01573 3.78388 1.65381 3.15673 1.80107 3.9515 
2.47 3.72174 6.49236 1.84108 1.90448 8.69379 9.57179 2.65551 1.65491 7.3378 5.00572 1.46391 4.13218 7.68868 0 2.59726 6.17315 2.17746 2.71025 6.92072 2.39248 6.13946 3.00765 2.48957 2.07527 3.55118 2.26127 1.78787 4.98649 2.23228 4.77743 3.4252 1.80011 4.51184 4.30348 1.7494 1.83208 1.91262 2.01305 8.30961 6.91205 9.04755 5.04438 4.57932 10.7 10.0476 3.35799 6.14214 7.94572 8.65584 7.96235 5.96777 9.09514 2.88412 6.70364 5.17171 10.172 6.29687 7.78075 7.8194 11.2917 5.6194 4.03558 1.37001 9.16053 2.50065 7.25421 1.76258 4.19179 1.16515 4.3727 2.4052 3.21756 8.30443 2.50713 3.98601 3.3419 3.33769 1.576 8.09908 1.79572 2.12827 1.99995 2.0672 2.12516 2.87885 1.43854 6.9308 2.97006 1.47466 2.93272 3.85873 10.3125 1.50033 1.77611 3.80691 1.8257 3.04608 1.90009 4.04167 
3.47356 3.20898 3.01509 1.31678 1.99064 2.28875 2.44021 2.65263 1.65491 2.57778 3.82279 1.53074 2.8588 2.62291 2.59726 0 2.99627 3.32331 3.00074 2.95561 2.75762 3.01357 3.67592 3.41393 2.34598 3.19358 3.09548 1.7249 2.77107 3.21892 3.12906 4.4419 2.05267 3.0513 2.62449 1.63034 1.63789 1.71844 2.96765 2.49104 3.07363 2.66191 3.5474 3.24857 3.40043 3.28445 3.07084 3.29897 3.52926 2.33769 2.33097 2.92983 2.69023 3.24678 2.89641 2.89934 2.83306 2.66509 2.72998 2.45891 2.85381 3.75887 3.04637 1.98108 2.81985 3.56636 3.0077 2.47104 3.77061 1.8736 4.04897 3.62114 3.98476 3.40967 3.25185 3.6028 2.69077 2.7702 1.99201 3.61824 2.17693 2.8058 2.50008 3.21305 2.06219 3.82105 1.89436 3.3129 3.91004 1.85661 3.95418 3.74653 3.0073 1.88228 2.35112 3.07766 2.05557 3.99582 2.3559 3.43353 
3.01356 4.39361 6.50568 1.67052 2.27786 5.52118 5.60984 3.67266 2.04507 5.76666 5.13498 1.75453 4.91401 5.4977 6.17315 2.99627 0 3.44087 3.72418 5.48781 2.10129 6.30367 3.41563 3.01741 2.36603 3.7965 2.68675 2.0778 5.3852 2.70713 5.60484 3.37901 1.43764 5.29969 4.818 1.98407 1.48957 1.57011 3.03691 5.27411 6.294 5.34972 4.41264 5.08791 5.71329 5.33636 3.40972 6.44186 6.99746 5.29517 5.05609 6.90485 5.68793 2.5493 5.9465 4.83951 5.88756 6.8061 5.14989 4.95037 6.20147 6.49594 4.62484 1.81918 5.56915 2.67996 5.82003 2.14573 4.78236 1.54829 4.96812 2.459 3.45221 5.83917 2.70555 4.49069 3.56667 3.55362 1.42097 7.12181 2.42248 2.44037 2.18596 2.80843 2.35865 2.67763 1.85794 7.59222 3.50202 1.73254 2.82722 4.15024 5.78496 1.75821 2.07508 3.92904 2.20532 3.47201 2.09485 4.45343 
3.38045 3.05933 2.50085 2.18914 2.12499 2.57614 2.45416 2.7777 2.03905 2.68554 3.26651 1.57635 2.47572 2.33147 2.17746 3.32331 3.44087 0 2.38745 2.91358 2.66018 3.02967 3.63115 3.08 2.313 3.2512 2.9339 1.93845 3.13969 2.82271 2.99447 4.01563 2.34726 2.98385 3.06456 1.86184 2.39776 2.53542 2.60347 2.47959 2.81843 2.54667 2.98933 3.18629 3.08492 2.80202 2.8772 2.97563 3.12688 2.83857 1.97892 2.86873 2.26324 3.6988 2.5775 2.931 2.75997 2.61328 2.07306 2.2696 2.82787 3.33721 2.65313 1.90942 2.51621 2.93581 2.33998 2.13633 3.22932 1.5389 3.51338 2.91046 3.80798 2.77912 3.04999 2.9937 2.92343 2.87567 2.08557 3.06686 1.90816 2.71875 2.23131 2.50237 2.27574 3.53827 1.82269 2.62141 3.5133 2.01406 3.36789 3.07881 2.59314 2.03973 2.31551 3.28899 2.10709 3.63651 2.28423 3.23166 
2.03067 2.99049 2.28412 1.52847 1.35625 2.41759 2.18327 3.2656 1.99434 3.02683 3.45284 0.91568 2.57565 2.38871 2.71025 3.00074 3.72418 2.38745 0 2.70202 1.84425 2.99103 2.4013 1.98144 1.65233 3.16407 1.64763 1.27778 3.20767 1.53644 2.9374 3.07193 1.82715 2.70791 2.82441 1.20117 1.47757 1.65706 2.04128 2.34432 2.58323 3.31596 3.42797 3.78329 3.26331 3.04049 3.71716 3.10958 3.42293 2.85697 1.8565 2.97109 2.41302 2.83126 2.49969 3.55748 3.1239 2.82927 2.22124 2.39655 3.12501 4.11445 4.35962 1.21383 3.138 2.50377 2.7105 1.57169 3.71555 1.30219 4.45312 2.40832 3.07406 3.23912 2.27336 4.06552 3.41227 3.40023 1.73811 3.52047 1.24749 2.30486 1.57064 2.07032 1.61507 2.82598 1.53328 3.15409 2.56125 1.5694 2.63716 4.08466 2.91546 1.51319 1.61992 4.07184 1.32224 2.93682 1.70361 4.00749 
2.42666 3.54075 6.98755 1.44872 1.58095 5.80297 5.52584 3.57642 1.96258 6.89741 4.54398 1.05762 3.90326 6.33154 6.92072 2.95561 5.48781 2.91358 2.70202 0 2.03004 6.276 2.84347 1.7238 1.83455 2.75547 2.04163 1.56017 4.48805 2.18103 4.65723 3.26783 1.43764 3.89143 3.69044 1.53794 1.5244 1.60495 2.1972 5.76177 7.02931 6.43665 5.14274 4.81881 7.22374 6.94769 3.57664 6.19314 8.30172 5.59076 5.47383 5.95407 6.31962 2.87409 6.33925 4.81947 7.13352 5.66954 6.21986 6.00168 7.83867 6.10542 4.48594 1.62264 6.59498 2.71458 7.3434 2.07744 4.18089 1.49619 4.46697 2.60776 3.3652 7.34034 2.56221 3.8637 3.27127 2.99011 1.75227 8.49297 1.62862 2.5582 1.95177 2.28114 1.89746 3.03219 1.61738 7.32012 2.92725 1.80875 3.06519 3.97862 7.11587 1.17681 2.02873 3.81607 1.76221 3.23739 1.94544 4.00084 
2.52032 2.25715 2.1881 2.80122 2.451 1.99297 2.21048 2.51945 3.19588 2.00115 2.40959 2.15537 1.78215 1.87967 2.39248 2.75762 2.10129 2.66018 1.84425 2.03004 0 1.81119 2.80781 2.22357 2.82737 2.22357 2.21048 2.38195 2.54619 1.78215 2.19772 0.855327 2.38572 2.25715 2.54619 2.40171 3.0536 3.14269 2.34417 2.32745 2.19149 2.32163 1.79246 2.29345 0.855327 1.79246 2.32163 2.24069 2.41905 2.29261 1.7701 2.07566 1.7701 2.7927 1.78215 1.75209 1.7701 1.99297 1.75209 1.87967 2.18359 2.87914 2.33207 2.37782 2.06276 2.65011 1.7701 2.92537 2.53423 2.44381 2.61555 2.19288 2.46939 2.09774 1.9439 2.28822 2.50744 2.5771 2.94617 2.27911 2.60116 3.46885 2.53667 2.28276 2.64022 2.76816 2.74135 1.98415 2.40051 2.56444 2.09774 2.12648 2.00222 2.29345 2.78391 2.78861 2.44779 2.46159 2.38194 2.66097 
1.74677 3.62213 5.76565 1.47111 1.23006 4.3452 4.9175 3.46528 1.85723 5.20706 5.11174 1.01712 4.34183 5.29337 6.13946 3.01357 6.30367 3.02967 2.99103 6.276 1.81119 0 2.67952 2.6677 1.78365 3.69181 2.1727 1.16256 4.48902 2.16873 4.7846 3.02743 2.01191 4.68394 4.08597 1.33622 1.70243 1.83306 2.7481 4.44246 6.04648 5.72428 4.62781 5.29077 5.61799 5.29152 3.65244 6.24925 6.13894 5.26118 3.98874 6.14116 5.16176 3.02716 5.9971 5.05018 5.05662 6.14915 4.68204 4.23368 6.06262 5.80069 3.89988 1.22249 5.57079 2.68151 5.31881 1.69919 3.47019 1.46377 4.53429 2.35295 2.38078 5.9484 2.2176 3.98816 3.80888 3.71653 1.79085 6.34939 1.74654 2.05117 2.00357 2.48092 1.49985 3.02188 1.58602 6.44906 2.67633 1.62213 2.33272 4.08658 5.82308 1.56634 1.62859 4.24344 1.02645 2.2093 1.75257 4.38725 
3.06802 2.47316 2.77862 1.75968 2.12556 2.06217 1.73777 3.12742 2.55181 2.91247 3.34032 1.66566 2.62428 2.70118 3.00765 3.67592 3.41563 3.63115 2.4013 2.84347 2.80781 2.67952 0 3.13494 2.36308 3.0038 2.59708 1.99183 2.76564 2.65813 2.35939 4.21891 2.47617 2.54494 2.38864 1.29771 1.78752 2.13018 3.10299 1.93554 2.68795 3.20492 3.37634 3.48286 3.37308 3.27925 3.47191 2.79159 3.59633 2.73543 2.53432 2.98915 2.74071 3.70989 2.67798 2.6599 2.62359 2.72652 2.18056 2.39877 3.30003 4.08066 3.44241 2.32717 3.19514 3.74746 2.86585 2.63245 3.77844 2.03502 4.08534 3.50458 4.18213 3.45492 3.39685 3.76647 3.30818 3.19626 2.52159 3.50326 2.30777 3.21486 2.57113 3.31402 2.32912 3.81758 2.42531 3.18616 3.67551 2.28241 3.85147 3.76784 3.11902 2.16454 2.73326 3.75279 2.37893 4.18914 2.58818 3.8772 
2.68575 2.60521 1.76798 1.76481 1.81777 2.09096 2.06025 2.93308 2.27867 2.34931 2.82365 1.35787 1.72615 1.63627 2.48957 3.41393 3.01741 3.08 1.98144 1.7238 2.22357 2.6677 3.13494 0 2.1348 2.18737 2.3331 1.69888 2.45898 2.43325 2.54034 3.40436 1.75373 2.14539 2.27515 1.69675 1.84049 1.92103 2.27031 2.11502 1.62517 2.78822 2.90547 2.80778 2.47366 2.58115 3.22078 2.62825 2.90261 2.0784 1.62847 2.51834 2.03898 3.53102 1.61262 2.71163 2.50985 2.38902 2.13984 1.82864 2.52913 3.47029 2.99671 1.87252 2.74275 3.27939 1.85122 2.3114 3.00505 1.88154 3.29488 3.07934 3.67298 2.69526 2.69875 2.95574 2.43912 2.51856 2.06836 2.78919 1.92887 2.87726 2.25202 2.84595 2.03617 3.64079 2.04565 2.39715 3.09442 2.09716 3.26255 3.04085 2.10438 1.46522 2.27861 3.16543 1.76221 3.50151 2.05828 3.08498 
1.99346 2.06473 1.95334 2.1559 2.27191 1.42607 1.59444 2.13635 2.78424 1.79438 2.06478 1.72327 1.59173 1.69397 2.07527 2.34598 2.36603 2.313 1.65233 1.83455 2.82737 1.78365 2.36308 2.1348 0 2.19033 1.65085 1.93431 2.02114 1.59173 2.06473 2.4677 2.50317 1.95334 1.97437 2.10798 2.36397 2.46609 1.95334 1.56509 1.80066 2.03145 1.92297 2.29818 1.97204 1.53079 2.18876 1.42607 2.23625 2.02114 1.59173 1.78365 1.79223 2.23564 1.59173 2.09681 1.80636 1.80636 1.65233 1.42607 1.92574 2.62096 2.04189 2.05428 1.80942 2.27106 1.59173 2.70281 2.26606 2.29556 2.31282 2.04463 2.45513 1.92297 1.53079 1.80942 2.23597 2.24781 2.52543 2.04784 2.25399 3.11467 2.4541 1.93558 2.2716 2.52418 2.26255 1.79223 2.26902 2.45392 1.92297 2.06903 1.71428 2.37376 2.46037 2.36787 2.42025 2.13805 2.04784 2.27106 
2.42819 3.82152 3.09415 1.76481 1.82595 2.87907 2.6689 3.84845 2.27867 3.11806 4.26357 1.41619 3.16661 2.95895 3.55118 3.19358 3.7965 3.2512 3.16407 2.75547 2.22357 3.69181 3.0038 2.18737 2.19033 0 2.20196 1.69888 3.33481 2.38587 3.95501 3.57557 1.75373 3.00637 3.02724 1.69675 1.79792 1.87846 2.58531 2.84794 3.11276 3.74399 4.31245 3.98998 3.85521 3.9223 4.3101 3.91065 4.44459 2.66075 2.54939 3.7466 3.16389 3.22056 3.1591 4.06963 3.65283 3.43132 2.97866 2.69854 3.6555 4.89147 5.13664 1.87252 3.91502 3.22165 3.66468 2.3114 4.58789 1.92446 5.15125 3.18915 3.64674 4.10481 2.80585 4.70005 3.85365 3.70553 2.06836 4.50208 1.98613 2.87187 2.30929 2.8501 2.03617 3.46198 2.04565 4.13979 3.29094 2.09178 3.43375 4.78325 3.58907 1.46522 2.27861 4.5988 1.76221 3.53031 2.05828 4.75571 
2.17742 1.99893 1.79933 1.30363 1.61112 1.64854 1.7452 2.50474 1.93373 2.14042 2.41745 1.09362 1.79376 1.85028 2.26127 3.09548 2.68675 2.9339 1.64763 2.04163 2.21048 2.1727 2.59708 2.3331 1.65085 2.20196 0 1.23906 1.9956 1.94458 2.00134 3.55597 1.76394 1.75269 1.94216 1.25026 1.49106 1.5716 2.1237 1.89502 1.73518 2.61775 2.69833 2.9148 2.62526 2.47843 2.89215 2.19216 2.81065 1.85764 1.5491 2.1619 1.97927 3.03508 1.58172 2.3058 1.99237 2.03258 1.57566 1.76894 2.456 3.32699 2.76753 1.58006 2.583 3.05021 1.79151 1.93792 2.94535 1.59084 3.06742 2.85977 3.50518 2.57547 2.63904 2.7791 2.21587 2.2953 1.91791 2.65562 1.61372 2.5293 1.93687 2.61677 1.57635 3.20471 1.71309 2.33745 2.82434 1.7492 3.1345 2.86421 2.04468 1.63133 1.98615 3.06976 1.56973 3.41242 1.87595 3.02527 
1.70606 1.44364 1.54064 1.75546 1.84637 0.80498 1.23906 1.81536 2.16315 1.1418 1.81477 1.32305 1.32305 1.42528 1.78787 1.7249 2.0778 1.93845 1.27778 1.56017 2.38195 1.16256 1.99183 1.69888 1.93431 1.69888 1.23906 0 1.62071 1.41609 1.44364 2.09315 2.21577 1.67833 1.60876 1.48689 2.04723 2.17786 1.67833 1.27769 1.53198 1.71046 1.81851 1.6334 1.52662 1.59105 1.86776 1.64236 1.61516 1.40868 1.066 1.16256 1.066 1.82384 1.32305 1.59856 1.066 0.80498 1.27778 0.80498 1.41926 2.22841 1.7209 1.73329 1.48842 1.9925 1.28319 2.32826 1.89151 1.93413 2.04413 1.72364 1.71478 1.73356 1.59105 1.48842 1.62351 1.74555 2.20443 1.49877 1.87944 2.79368 2.20259 1.56103 1.53125 2.14896 1.94156 1.41768 1.77077 1.91714 1.81851 1.85066 1.28319 1.6334 2.13938 1.78283 1.79916 1.81706 1.96936 1.85982 
2.53931 3.5003 4.73995 0.950483 1.67443 3.13001 3.12193 3.51088 1.92542 4.15715 5.47817 1.21452 4.45126 4.23824 4.98649 2.77107 5.3852 3.13969 3.20767 4.48805 2.54619 4.48902 2.76564 2.45898 2.02114 3.33481 1.9956 1.62071 0 2.34395 4.76472 3.63073 1.81609 4.24998 3.88592 1.52615 0.882567 1.22522 2.68403 3.46472 4.21807 4.80962 5.63654 5.54825 5.21561 4.97809 3.83848 4.89713 5.61409 3.96438 3.26938 4.9678 3.7859 2.71066 4.38276 5.45398 4.87138 4.41411 3.79544 3.67223 4.83719 6.57418 4.7393 1.61285 4.70619 2.94069 4.76715 2.05603 4.20268 1.4586 4.74947 2.70799 3.38182 5.19717 2.61794 4.26264 3.27587 3.29497 1.61664 5.71807 1.99537 2.49759 2.2934 2.50725 1.958 2.95208 1.79017 5.66676 3.07768 1.71749 3.14174 4.38147 4.69738 1.74317 2.01894 4.19009 1.87119 3.31903 2.24623 4.18105 
2.52944 1.92793 2.08658 1.50158 1.35625 1.54683 1.59321 2.43202 1.96745 2.13112 2.31054 0.861916 1.62613 1.83997 2.23228 3.21892 2.70713 2.82271 1.53644 2.18103 1.78215 2.16873 2.65813 2.43325 1.59173 2.38587 1.94458 1.41609 2.34395 0 1.86307 2.90547 1.82715 1.99137 1.88948 1.17428 1.53595 1.8786 2.51999 1.64799 2.07215 2.12468 2.00295 2.66315 1.97477 1.8195 2.64657 1.76329 2.65549 2.1659 1.53979 2.13287 1.82411 3.07686 1.77615 2.11345 2.15897 1.87742 1.56897 1.71966 2.24264 3.02604 2.26853 1.35214 1.86957 2.74926 1.76254 1.71 2.75858 1.20506 2.44451 2.21377 3.17117 1.87769 2.18718 2.37384 2.40732 2.3087 1.64611 2.42733 1.3858 2.3849 1.58924 2.22711 1.67437 3.00637 1.67159 2.18229 2.32545 1.70771 2.50508 2.01139 2.01571 1.51319 1.75823 2.82274 1.46055 2.9997 1.73781 2.8691 
2.64732 2.55047 4.32418 1.58914 1.50976 2.94616 3.56349 3.78925 2.14209 4.6565 5.321 1.04986 4.16071 4.38537 4.77743 3.12906 5.60484 2.99447 2.9374 4.65723 2.19772 4.7846 2.35939 2.54034 2.06473 3.95501 2.00134 1.44364 4.76472 1.86307 0 3.17087 2.33334 4.14283 4.39295 0.68191 1.9534 2.04088 2.42174 3.77332 4.36094 4.78179 5.34506 5.58401 4.83435 4.81484 4.09596 4.68262 5.12253 4.02392 3.40876 4.68051 3.85073 3.33723 4.33758 4.98024 4.29988 4.22288 3.48039 3.85774 5.183 6.71794 4.74981 1.79619 4.47565 2.97026 4.50769 2.11141 3.9428 1.62818 4.28906 2.59927 3.15651 5.08663 2.66786 4.05747 3.70548 3.56075 2.11474 5.14272 1.69197 2.71933 2.01512 2.44811 1.78093 3.44492 1.97777 5.55707 2.5542 1.83487 2.99269 3.92106 4.75944 1.71033 2.20229 4.30613 1.92198 3.21914 2.14809 4.20989 
3.63528 3.34088 3.21936 2.33406 2.064 3.00269 3.13265 3.67213 2.80971 3.32151 3.64337 1.73105 2.59968 2.81109 3.4252 4.4419 3.37901 4.01563 3.07193 3.26783 0.855327 3.02743 4.21891 3.40436 2.4677 3.57557 3.55597 2.09315 3.63073 2.90547 3.17087 0 2.2078 3.40924 3.6027 1.8634 2.5153 2.60438 3.85121 3.24983 3.40549 3.34719 2.76807 3.61042 1.9106 2.93807 3.47634 3.41406 3.53518 3.22089 2.58071 3.27703 2.65198 4.23558 2.72761 2.92274 2.85763 2.91618 2.43062 2.89046 3.35265 4.10573 3.49103 2.0292 2.98489 3.92495 2.61882 2.38706 3.63827 1.9055 3.92249 3.27869 4.0954 2.96449 3.29718 3.68783 3.64858 3.67796 2.52759 3.44254 2.06286 2.99665 1.99837 3.4028 2.35143 4.16319 2.34866 3.2412 3.66383 2.17175 3.48714 3.42368 3.1662 2.11554 2.43529 4.03317 2.13761 4.07813 2.23793 4.02048 
2.10654 2.33334 1.99636 2.10481 2.48172 1.70752 1.63483 1.80011 2.61867 1.72401 2.18538 1.93308 1.76478 1.4621 1.80011 2.05267 1.43764 2.34726 1.82715 1.43764 2.38572 2.01191 2.47617 1.75373 2.50317 1.75373 1.76394 2.21577 1.81609 1.82715 2.33334 2.2078 0 1.97246 1.81609 2.38943 2.18049 2.26103 2.19105 1.4621 1.89472 1.69172 1.77221 1.69172 1.53039 1.77221 1.69172 1.97965 2.31372 1.43764 1.70794 2.0634 1.90396 2.03058 1.76478 1.95678 1.97082 1.9474 1.82715 1.67818 1.92277 2.38326 1.87716 2.11158 1.86671 2.07579 1.72969 2.50109 2.59508 1.90366 2.28251 1.94773 2.61959 1.89784 1.77221 1.86671 1.8039 1.8039 2.15974 2.20105 2.58301 2.96567 2.54133 1.89527 2.55306 2.39686 2.02485 2.08664 2.51912 2.21622 1.89784 2.04326 1.79375 2.08799 2.51767 2.08209 2.49772 2.19535 2.28926 2.07579 
2.34174 2.90809 4.1176 1.63229 1.50976 3.08546 3.47937 3.69524 2.21495 4.34906 5.34553 1.04986 4.11805 3.76602 4.51184 3.0513 5.29969 2.98385 2.70791 3.89143 2.25715 4.68394 2.54494 2.14539 1.95334 3.00637 1.75269 1.67833 4.24998 1.99137 4.14283 3.40924 1.97246 0 3.69781 1.15524 1.67709 1.77963 2.28803 3.78274 3.76959 4.688 5.319 5.48414 5.01396 4.82322 4.06494 4.74226 5.32405 3.56159 3.09208 4.73652 3.8553 3.02205 4.07066 4.72193 4.30802 4.1808 3.20978 3.6131 4.76267 6.61494 4.82596 1.71375 4.62237 3.00284 4.497 2.07161 4.32892 1.59471 4.62725 2.84434 3.44333 5.03319 2.68235 4.23477 3.38526 3.309 1.90722 5.46793 1.74741 2.77455 2.07056 2.56939 1.95627 3.32111 1.98988 5.59224 2.80891 2.01716 3.11907 4.25925 4.47872 1.76508 2.11985 4.3333 1.82216 3.35555 2.06423 4.29044 
2.45778 3.28764 4.07721 0.950483 1.59915 2.94811 2.80403 3.31542 1.92542 3.95567 5.01932 1.13925 3.90176 3.67064 4.30348 2.62449 4.818 3.06456 2.82441 3.69044 2.54619 4.08597 2.38864 2.27515 1.97437 3.02724 1.94216 1.60876 3.88592 1.88948 4.39295 3.6027 1.81609 3.69781 0 1.52615 0.882567 1.22522 2.6306 2.97799 3.55996 4.35278 5.00653 5.17375 4.7218 4.42591 3.74655 4.34496 5.12033 3.49181 2.86647 4.41562 3.4705 2.49283 3.73208 4.96018 4.53807 4.05757 3.12808 3.21579 4.48065 6.21764 4.73104 1.75646 4.34965 2.93444 4.21498 2.05603 4.18162 1.4586 4.53868 2.71512 3.46658 4.74705 2.57688 4.08747 3.23795 3.04898 1.61664 5.20774 1.98342 2.63604 2.24115 2.501 1.94605 2.88041 1.79017 5.31022 2.87654 1.75242 3.18816 4.10525 4.25311 1.77809 2.16255 4.03524 1.87753 3.36115 2.19947 4.14313 
1.6922 0.68191 1.27545 1.63239 1.61514 0.68191 1.21425 1.92453 2.25294 1.32958 1.93432 1.15524 1.15524 1.42267 1.7494 1.63034 1.98407 1.86184 1.20117 1.53794 2.40171 1.33622 1.29771 1.69675 2.10798 1.69675 1.25026 1.48689 1.52615 1.17428 0.68191 1.8634 2.38943 1.15524 1.52615 0 2.00359 2.08413 1.27545 1.31953 1.15524 1.83044 1.7419 1.82118 1.7144 1.7419 2.01483 1.51425 1.78883 1.3913 1.20117 1.33622 1.25378 1.72928 1.15524 1.1474 1.02466 1.02466 1.1474 1.20117 1.60704 2.22226 1.84088 1.92106 1.57616 2.00504 1.29512 2.22226 1.8149 1.83044 2.00161 1.57952 1.87317 1.65695 1.7419 1.6762 1.66466 1.66466 2.22559 1.68655 1.80282 2.92158 2.12598 1.48442 1.82418 2.28493 2.08862 1.34106 1.52113 2.05087 1.7419 1.82274 1.41767 1.82118 2.32716 1.95649 1.97282 2.00484 2.25894 2.00504 
1.77982 1.9534 1.87441 1.42792 2.10178 1.32168 0.893932 1.62521 2.28983 1.61086 1.9189 1.64188 1.53595 1.5244 1.83208 1.63789 1.48957 2.39776 1.47757 1.5244 3.0536 1.70243 1.78752 1.84049 2.36397 1.79792 1.49106 2.04723 0.882567 1.53595 1.9534 2.5153 2.18049 1.67709 0.882567 2.00359 0 1.58963 1.98111 0.882567 1.53595 1.62521 2.20941 2.13928 2.20501 2.06846 1.85583 1.67056 2.22607 1.32168 1.49106 1.70243 1.49796 1.35918 1.53595 1.62093 1.68457 1.53262 1.47757 1.53898 1.70589 2.52605 1.93065 2.24888 1.93065 2.27733 1.68292 2.52605 2.28441 1.92861 2.4452 1.97268 2.4809 2.09922 2.07202 2.08013 1.62521 1.62521 1.98104 2.22378 2.42189 3.00044 2.63075 2.10349 2.38452 2.08626 2.23826 1.71801 2.16211 2.22986 2.24667 2.16574 1.87496 2.23566 2.63515 1.9347 2.37657 2.33927 2.58906 2.28921 
1.91045 2.04088 1.95496 1.77058 2.44444 1.40222 1.23659 1.70575 2.37037 1.6914 2.04012 1.9459 1.8786 1.60495 1.91262 1.71844 1.57011 2.53542 1.65706 1.60495 3.14269 1.83306 2.13018 1.92103 2.46609 1.87846 1.5716 2.17786 1.22522 1.8786 2.04088 2.60438 2.26103 1.77963 1.22522 2.08413 1.58963 0 2.08365 1.22522 1.8786 1.70575 2.28996 2.21983 2.29223 2.14901 1.93637 1.80119 2.30661 1.22522 1.5716 1.83306 1.78643 1.43972 1.8786 1.70148 1.89548 1.61316 1.65706 1.6411 1.78643 2.60659 2.01119 2.33604 2.01119 2.35787 1.92732 2.60659 2.36496 2.00916 2.6272 2.05323 2.56145 2.17977 2.17413 2.16067 1.70575 1.70575 2.06159 2.31286 2.54593 3.08099 2.81024 2.18922 2.51515 2.1668 2.31881 1.92891 2.29274 2.3104 2.34141 2.43706 1.96405 2.33607 2.71569 2.01524 2.45711 2.41981 2.69118 2.36975 
2.72377 2.4866 1.99967 1.75884 1.52825 2.34834 2.26087 2.61737 1.99167 2.45478 2.99286 1.17641 2.173 2.08312 2.01305 2.96765 3.03691 2.60347 2.04128 2.1972 2.34417 2.7481 3.10299 2.27031 1.95334 2.58531 2.1237 1.67833 2.68403 2.51999 2.42174 3.85121 2.19105 2.28803 2.6306 1.27545 1.98111 2.08365 0 2.29023 2.09193 2.49419 2.98017 2.83813 2.92051 2.65356 2.86805 2.76757 3.11772 2.32765 1.68831 2.59294 2.25408 3.32168 1.91471 2.56895 2.39103 2.60413 1.90865 2.2568 2.73081 3.20344 2.64398 1.70677 2.49462 2.92666 2.06632 2.07161 3.22016 1.65305 3.23972 2.83121 3.64357 2.69987 2.91385 2.72004 2.41251 2.38333 1.98013 2.96355 1.74741 2.59151 2.07056 2.49322 2.01562 3.34498 1.7753 2.48307 3.15733 1.81141 3.35873 2.80515 2.31949 1.77392 2.11286 2.95466 1.82216 3.4721 2.06423 3.00386 
1.93003 3.02523 5.50598 1.06352 1.59437 12.57 6.90086 2.79953 1.78317 5.63028 4.23903 1.04573 3.31013 6.52848 8.30961 2.49104 5.27411 2.47959 2.34432 5.76177 2.32745 4.44246 1.93554 2.11502 1.56509 2.84794 1.89502 1.27769 3.46472 1.64799 3.77332 3.24983 1.4621 3.78274 2.97799 1.31953 0.882567 1.22522 2.29023 0 5.96086 18.2034 4.25684 4.22799 8.34479 12.1369 3.16152 5.10047 6.97347 14.3722 13.7283 5.07086 8.93662 2.35938 5.51795 4.56448 10.0778 5.23156 16.1654 16.9042 9.84728 5.72121 4.26146 1.64456 16.6666 2.5959 6.25859 1.91511 3.64173 1.31767 4.27281 2.38237 3.12102 7.67572 2.19398 3.8216 3.13237 3.0658 1.61664 7.31147 1.64493 2.49752 1.85379 2.16246 1.61498 2.50042 1.62732 6.21711 2.72004 1.61892 2.6933 3.79052 9.12026 1.50105 2.05065 3.69675 1.65817 3.07983 1.79018 3.93368 
2.47734 3.0613 6.48793 1.32077 1.19824 5.3959 5.69099 3.61026 2.21941 7.07165 5.16496 1.02373 4.04764 6.40643 6.91205 3.07363 6.294 2.81843 2.58323 7.02931 2.19149 6.04648 2.68795 1.62517 1.80066 3.11276 1.73518 1.53198 4.21807 2.07215 4.36094 3.40549 1.89472 3.76959 3.55996 1.15524 1.53595 1.8786 2.09193 5.96086 0 6.98204 5.3046 5.12492 7.37504 7.29659 3.67815 6.39579 8.24132 5.26109 4.90918 5.30906 5.93889 2.96951 7.00167 4.45111 6.9766 6.22304 5.98814 5.7604 7.92317 6.31635 4.5124 1.56107 6.82309 2.61943 7.41128 1.80249 4.02765 1.20506 4.33511 2.52398 3.33634 7.72053 2.44786 3.96151 3.00432 2.85808 1.64611 8.70423 1.59473 2.3849 1.91788 2.18599 1.86927 3.07842 1.69169 7.17549 2.73253 1.72781 3.05151 3.96711 7.00228 1.62124 1.96716 3.85939 1.66948 3.16487 1.91155 3.89578 
2.77051 3.81864 7.05803 1.68832 1.73987 15.3907 8.97428 2.7937 1.70699 5.91718 4.40198 1.54496 4.09811 7.53903 9.04755 2.66191 5.34972 2.54667 3.31596 6.43665 2.32163 5.72428 3.20492 2.78822 2.03145 3.74399 2.61775 1.71046 4.80962 2.12468 4.78179 3.34719 1.69172 4.688 4.35278 1.83044 1.62521 1.70575 2.49419 18.2034 6.98204 0 3.92634 3.90489 8.7195 11.3251 2.57115 5.42366 6.47414 17.311 14.285 5.54214 8.08046 2.33277 6.18901 4.43 8.73342 5.58405 16.4257 17.064 7.61489 4.63467 2.68497 1.28962 15.9532 2.01905 6.23519 1.5179 3.71212 0.964534 3.33471 1.75902 2.5144 5.80439 2.06808 3.55753 2.61767 2.87964 0.822965 7.06731 1.79464 1.37523 1.75526 1.91424 2.00118 2.29197 1.26918 5.48972 2.59813 1.06692 2.20106 2.83359 7.75066 1.0926 1.47707 2.38326 1.81159 2.72611 1.68415 3.31578 
3.19996 4.10715 5.14389 2.03194 1.93892 4.44801 4.53038 3.96396 2.48392 4.73153 5.28537 1.45641 4.56571 4.52063 5.04438 3.5474 4.41264 2.98933 3.42797 5.14274 1.79246 4.62781 3.37634 2.90547 1.92297 4.31245 2.69833 1.81851 5.63654 2.00295 5.34506 2.76807 1.77221 5.319 5.00653 1.7419 2.20941 2.28996 2.98017 4.25684 5.3046 3.92634 0 5.22568 3.42822 4.01808 3.23259 4.78434 5.04942 4.51587 3.6945 4.97043 4.06566 3.05503 4.47216 4.82095 4.44437 4.81437 3.62605 4.00791 4.24727 5.95 4.0766 1.42133 3.82291 2.37769 3.91051 1.95538 3.9892 1.37118 4.07909 1.60699 2.97368 4.00527 1.97429 4.20562 3.50324 3.56955 1.76192 5.19798 1.78822 2.25824 1.46404 2.3569 2.12247 2.74546 1.74538 5.23123 2.84256 1.81447 2.17986 3.57948 4.21712 1.76517 1.59966 4.11271 1.63224 2.89342 1.55656 4.06828 
3.16719 4.33894 5.1569 1.93442 2.01862 4.18061 4.47944 3.38815 2.22674 4.2683 4.69487 1.46998 4.49906 4.48651 4.57932 3.24857 5.08791 3.18629 3.78329 4.81881 2.29345 5.29077 3.48286 2.80778 2.29818 3.98998 2.9148 1.6334 5.54825 2.66315 5.58401 3.61042 1.69172 5.48414 5.17375 1.82118 2.13928 2.21983 2.83813 4.22799 5.12492 3.90489 5.22568 0 4.72767 3.99707 3.45183 4.76685 5.27557 4.67266 4.224 5.14385 3.9249 3.17926 4.1567 5.43933 3.96367 5.00238 4.19586 3.76495 4.71034 6.03945 4.00889 1.43006 3.43341 2.7911 4.91742 2.09362 4.52049 1.49619 4.45109 2.58209 2.9243 4.55176 2.44655 3.98704 3.23729 3.5045 1.63585 5.24391 2.21465 2.15767 2.24952 2.55385 1.97069 3.04523 1.61738 5.44215 3.30963 1.29928 2.9558 3.68412 4.4119 1.01113 1.83615 3.72111 2.00958 2.95754 1.97978 4.02306 
2.62818 3.61447 7.1884 1.9459 1.59567 8.40156 9.87309 3.65656 2.34056 6.88396 4.92555 1.30004 3.78926 8.03184 10.7 3.40043 5.71329 3.08492 3.26331 7.22374 0.855327 5.61799 3.37308 2.47366 1.97204 3.85521 2.62526 1.52662 5.21561 1.97477 4.83435 1.9106 1.53039 5.01396 4.7218 1.7144 2.20501 2.29223 2.92051 8.34479 7.37504 8.7195 3.42822 4.72767 0 8.75145 3.35371 6.03845 6.98972 8.69215 7.46725 5.4565 8.32432 3.21918 6.48631 4.38323 9.42169 5.76631 7.32389 7.87634 10.3686 5.92785 4.41327 1.52249 7.98078 2.7687 5.99069 2.15317 3.78493 1.67162 4.36198 2.34799 2.89188 7.75681 2.07193 3.91054 3.76126 3.59981 2.09085 7.15236 1.82897 2.61353 1.76448 2.4721 1.7849 3.0998 1.88602 6.44809 2.73313 1.70911 2.44166 3.57735 9.50792 1.43813 1.92859 4.20949 1.59246 2.87461 1.52661 4.05776 
2.70408 3.71143 7.10594 1.86394 1.79962 12.8534 9.47499 3.43284 2.18331 6.11561 4.16892 1.34242 3.96026 7.32385 10.0476 3.28445 5.33636 2.80202 3.04049 6.94769 1.79246 5.29152 3.27925 2.58115 1.53079 3.9223 2.47843 1.59105 4.97809 1.8195 4.81484 2.93807 1.77221 4.82322 4.42591 1.7419 2.06846 2.14901 2.65356 12.1369 7.29659 11.3251 4.01808 3.99707 8.75145 0 2.72725 5.13892 6.77324 13.1955 11.3942 5.29812 9.16812 2.8499 5.78553 4.52386 9.78369 5.68605 10.7933 10.8827 9.09437 5.38467 3.66493 1.2365 10.4628 2.00019 5.15193 1.96862 3.64073 1.37118 3.56124 1.82689 2.79421 6.88712 1.72739 2.81872 3.13137 3.22594 1.59815 6.6227 1.78822 2.11997 1.46404 2.08088 1.75627 2.36426 1.44477 5.63677 2.52046 1.60537 2.17532 2.919 8.74965 1.57933 1.51726 3.40351 1.63224 2.62274 1.16438 3.27363 
3.04491 4.38363 3.99251 1.8727 1.98255 3.12352 3.33179 3.42104 2.04507 3.02114 3.58784 1.72934 3.69856 3.5187 3.35799 3.07084 3.40972 2.8772 3.71716 3.57664 2.32163 3.65244 3.47191 3.22078 2.18876 4.3101 2.89215 1.86776 3.83848 2.64657 4.09596 3.47634 1.69172 4.06494 3.74655 2.01483 1.85583 1.93637 2.86805 3.16152 3.67815 2.57115 3.23259 3.45183 3.35371 2.72725 0 3.49585 3.80442 3.01145 3.09751 3.67422 3.05093 2.98754 3.60972 3.65692 3.02986 3.48154 3.07491 2.91082 3.32287 4.35262 3.9592 1.40064 2.53312 2.48202 3.3492 1.80464 4.54476 1.20721 4.50191 2.31248 2.85211 3.07978 2.35453 4.12398 2.8922 3.30298 1.30238 3.95227 2.06115 1.8242 1.99793 2.24477 2.20505 2.65174 1.42648 3.84278 3.21162 1.3096 2.54922 3.66732 3.04618 1.33527 1.71975 3.26339 1.96889 3.01257 1.88802 4.08672 
2.5895 3.47663 6.37174 1.46248 1.57849 4.59646 5.49907 3.47074 2.18214 5.92845 4.40847 1.02986 4.05986 5.75196 6.14214 3.29897 6.44186 2.97563 3.10958 6.19314 2.24069 6.24925 2.79159 2.62825 1.42607 3.91065 2.19216 1.64236 4.89713 1.76329 4.68262 3.41406 1.97965 4.74226 4.34496 1.51425 1.67056 1.80119 2.76757 5.10047 6.39579 5.42366 4.78434 4.76685 6.03845 5.13892 3.49585 0 6.65802 5.66354 4.73229 5.96539 5.15055 2.79783 5.7994 4.71245 5.85195 6.2723 4.72366 4.27761 6.20115 6.15804 4.37243 1.6576 4.90095 2.71704 5.71353 2.07674 4.33131 1.47931 4.15615 2.12417 3.25023 5.83164 2.2795 3.82067 3.66718 3.52633 1.99421 6.31562 1.85731 2.55429 1.63786 2.38004 1.94632 2.59433 1.86587 6.91493 2.65469 1.82812 2.62862 3.3255 5.70632 1.77232 2.04309 4.03108 2.03397 3.25454 1.65116 4.23459 
2.72474 3.89889 8.23635 1.94092 1.7722 6.44582 7.66055 3.95727 2.46509 6.98511 5.35507 1.53396 4.45927 7.85927 7.94572 3.52926 6.99746 3.12688 3.42293 8.30172 2.41905 6.13894 3.59633 2.90261 2.23625 4.44459 2.81065 1.61516 5.61409 2.65549 5.12253 3.53518 2.31372 5.32405 5.12033 1.78883 2.22607 2.30661 3.11772 6.97347 8.24132 6.47414 5.04942 5.27557 6.98972 6.77324 3.80442 6.65802 0 6.988 5.37091 6.04337 5.79991 3.53395 7.98214 5.63557 6.64676 5.99947 5.7695 5.80352 6.26702 5.61592 3.9978 1.71779 6.10431 2.64881 6.59674 1.5044 3.48087 1.69979 4.64991 2.46354 2.5707 6.70669 2.4786 4.09459 3.93798 3.87796 2.10621 7.18784 1.89516 2.05117 2.17966 2.59432 1.80023 3.47283 1.85869 5.98639 3.03622 1.85926 2.30398 4.25356 6.52181 1.82558 2.12388 4.35299 1.02357 2.5118 1.81307 4.29644 
2.40135 2.96793 5.68255 1.00057 1.67443 12.2836 6.88377 3.13562 1.70699 5.91897 4.84516 1.21452 3.48371 6.99798 8.65584 2.33769 5.29517 2.83857 2.85697 5.59076 2.29261 5.26118 2.73543 2.0784 2.02114 2.66075 1.85764 1.40868 3.96438 2.1659 4.02392 3.22089 1.43764 3.56159 3.49181 1.3913 1.32168 1.22522 2.32765 14.3722 5.26109 17.311 4.51587 4.67266 8.69215 13.1955 3.01145 5.66354 6.988 0 14.241 5.23187 8.35064 2.10274 6.03963 4.14847 10.2642 4.95348 15.014 15.3731 9.93441 5.60683 4.27665 1.4811 15.6955 2.63957 6.28265 1.89287 3.62282 1.29543 4.37422 2.51848 3.00635 7.64677 2.32234 3.88739 3.01128 2.86526 1.42097 7.39767 1.8322 2.3524 2.13023 2.20613 1.74597 2.81413 1.54963 6.53189 2.85703 1.54039 2.735 4.00622 9.02242 1.56606 1.88719 3.66882 1.60218 2.88023 2.01117 3.94305 
