0 2.50448 2.94331 1.57175 1.67203 1.86232 1.97936 2.19164 2.26322 2.70502 2.86086 1.2936 2.24021 1.96915 2.30212 2.86351 2.58852 2.11447 1.08208 2.85803 1.96069 2.00818 2.28093 1.75791 3.52672 2.68088 1.41755 1.78592 2.59929 1.34017 2.39637 2.74815 1.97332 2.51455 2.35393 1.57886 2.80646 1.91045 3.01675 1.61292 2.48813 2.5367 3.14345 2.84282 1.95604 2.70478 2.70925 2.28173 2.8755 2.36199 2.89475 2.12648 2.24064 3.19353 2.51878 2.68809 2.11658 2.32653 2.3888 2.69166 3.20724 3.16853 2.68055 2.71589 2.41281 3.811 2.55458 2.08096 2.26151 1.63153 3.28081 2.43379 3.29997 3.19116 2.2139 3.71712 3.02785 2.81089 2.04667 3.38279 1.95879 2.60955 2.16765 1.81451 2.22532 3.08525 2.05736 2.43989 2.41518 3.0392 3.1583 2.97551 2.68324 2.52893 2.44082 3.25542 1.85504 2.24515 2.40052 2.42461 
2.50448 0 2.60723 1.58914 1.50976 1.79389 2.76467 3.40384 2.09593 3.82444 4.16405 1.04986 3.01937 3.33732 3.62926 4.23146 3.78037 2.35343 1.77442 4.3015 3.2766 3.82903 3.52073 1.5079 3.46871 3.73804 1.14488 1.82054 3.5003 1.43011 2.90332 2.53678 2.45975 3.04726 3.28764 0.68191 2.94847 2.04088 2.57368 3.14304 3.15972 3.62475 4.44886 4.38367 3.04651 3.94597 4.26824 3.56381 4.33948 2.96793 4.29197 3.71551 3.01808 3.14163 3.25952 3.53667 2.77077 3.19057 3.26103 3.78712 4.69641 4.88523 4.8782 2.78017 3.29454 3.77688 4.05366 2.17331 2.30125 1.57588 4.90088 3.95922 3.37653 4.56199 2.25277 3.42846 2.87027 3.70186 2.04532 4.3629 2.02728 2.75573 2.21737 1.75886 1.93846 4.57601 2.28525 3.9412 3.64421 2.81217 3.43476 4.37549 3.92648 3.6149 3.57202 4.7012 2.04945 2.38043 2.38131 2.27065 
2.94331 2.60723 0 1.84593 1.7234 2.36199 2.27451 1.87147 1.90331 2.42128 2.81139 1.2635 2.69442 2.46993 2.1121 3.05975 2.66688 1.58433 1.93153 3.21949 2.54946 2.88403 2.86316 1.16086 2.84961 2.56799 1.2953 1.49285 2.63267 1.59073 2.54237 3.00059 2.15307 2.26321 2.47771 1.36254 2.8538 2.02082 2.153 2.1491 1.89638 2.28474 2.7172 2.6868 1.67434 2.62792 2.73498 2.72819 3.37152 2.38124 2.27976 2.7956 2.07925 3.17343 2.19876 2.77595 2.27081 2.33789 2.63519 1.9021 2.48201 3.52534 2.79516 2.5582 2.28071 3.15054 1.76501 2.17331 2.22504 1.57588 2.9178 2.07127 3.62277 2.57488 1.81716 3.24977 2.52139 2.4922 1.71333 3.20717 1.97426 2.56849 2.24675 1.75886 2.05064 2.90798 1.51615 2.60008 2.91208 2.88992 3.294 2.77952 1.89367 2.38307 1.70513 2.74896 2.11001 2.26324 2.03427 1.92361 
1.57175 1.58914 1.84593 0 1.78067 0.950483 0.950483 1.30414 2.16811 1.43757 2.01546 1.32077 1.32077 1.73512 1.7486 1.31678 1.55629 2.4772 2.08735 1.829 1.82789 1.49435 1.75968 1.88396 2.04638 1.60224 1.71771 1.83915 0.950483 1.70102 1.58914 1.91849 2.29505 1.63229 0.950483 1.63239 1.42792 1.77058 1.84593 1.06352 1.32077 1.52433 2.18685 1.81724 1.30414 1.98377 1.82918 1.46248 1.85293 1.00057 1.49382 1.49435 1.24308 1.41573 1.32077 1.61806 1.24308 1.21151 1.57365 1.83915 1.9749 2.27552 1.69876 1.63367 1.67081 2.31804 1.69644 2.52318 2.54314 1.92574 2.16714 1.67081 2.0718 2.19723 2.25295 2.27467 1.52433 1.52433 1.88017 2.19469 2.52463 2.85794 2.66327 2.10872 2.20013 2.04689 2.40902 1.59476 1.73661 1.52164 2.26835 2.08452 1.93533 1.41769 1.69768 1.88017 1.99423 2.52758 2.57345 2.5725 
1.67203 1.50976 1.7234 1.78067 0 1.19824 1.59915 1.6397 2.42657 1.88449 1.97732 1.19824 1.19824 1.67203 2.05128 1.98371 2.06184 2.60697 2.08105 2.24585 1.67203 1.54419 1.96492 1.76143 2.36363 1.76143 1.61112 1.96892 1.67443 1.57849 1.50976 1.8746 2.70848 1.50976 1.59915 1.61514 2.10178 2.44444 1.7234 1.71218 1.19824 1.67042 1.99362 1.88185 1.52997 1.79962 1.91309 1.57849 1.98945 1.67443 2.0118 1.19824 1.6397 2.08959 1.19824 1.97526 1.52997 1.52997 1.82963 1.8872 2.10184 2.25762 1.68086 1.86722 1.49516 2.28936 1.58146 2.59409 2.15705 2.20228 1.73422 1.49516 2.06809 2.09637 2.3624 1.84175 1.70767 1.70767 2.18093 2.07217 2.5452 2.84004 2.73529 2.29655 2.10465 2.10834 2.39238 1.89296 1.44343 1.96856 2.09637 1.6516 1.82417 1.75325 1.44343 2.02337 2.13076 2.35193 2.35736 2.37777 
1.86232 1.79389 2.36199 0.950483 1.19824 0 5.13711 4.41678 1.56242 6.25978 4.16044 1.02986 2.60378 6.34552 8.29946 3.22199 6.61299 1.91574 1.5259 4.99923 8.06869 3.68238 2.94098 1.30153 2.68062 2.78764 1.14488 1.27769 3.21778 1.02986 3.18082 2.35719 1.9267 3.17254 2.23208 0.68191 2.07151 1.40222 2.43543 11.8543 6.69522 13.8722 4.62886 4.51542 11.3918 12.384 3.14795 4.80176 7.3773 11.4894 3.21944 5.05484 11.1319 2.28409 5.19725 4.02833 10.617 5.45947 11.2568 10.8735 6.27846 5.97387 4.31719 2.05352 13.0385 3.16741 5.95678 1.90989 1.76775 1.51808 4.09329 3.00882 2.72897 7.10152 1.77467 2.80828 2.22815 2.91545 1.51181 6.3219 1.96317 2.28628 2.00366 1.61235 1.58132 3.59397 1.84756 6.5493 3.09629 2.24951 2.67168 3.36461 10.7138 2.80906 8.65062 3.62867 1.51595 1.84741 1.91384 2.00085 
1.97936 2.76467 2.27451 0.950483 1.59915 5.13711 0 4.84566 1.78317 7.78662 4.89534 1.13925 2.85144 6.60687 7.48272 3.49824 7.50718 1.91574 1.45411 5.19151 6.26956 4.38848 2.84528 1.55376 2.81375 2.93645 1.14488 1.27769 3.43382 1.19823 3.86495 2.59293 1.87529 3.73656 2.13174 1.25026 1.83259 1.23659 2.34795 5.40094 6.10854 6.60301 5.09436 4.8994 5.19852 7.43211 3.59969 5.7341 9.18831 5.32659 3.55674 5.64186 5.46494 2.24407 5.74599 4.73641 6.08237 6.08469 6.32341 7.31285 7.12609 6.65647 4.74848 2.39116 6.8208 3.56227 6.56932 2.23335 2.23385 1.63591 4.73346 3.60022 3.25911 8.3952 1.88734 3.44507 2.4804 3.28053 1.628 7.48048 1.96317 2.56811 2.17203 1.81889 1.93732 3.63602 1.84756 7.58428 3.85936 2.39055 3.0931 4.09463 7.54892 2.92328 6.76961 3.90492 1.8136 2.20371 2.08221 2.28268 
2.19164 3.40384 1.87147 1.30414 1.6397 4.41678 4.84566 0 1.38699 5.47732 4.09927 1.21816 3.06273 4.70258 4.51808 2.92081 4.58789 1.33545 1.42889 4.52787 4.33653 3.9252 3.54014 1.30207 2.45875 3.01759 1.2953 1.40399 3.72793 1.41914 4.30458 2.00984 1.3688 4.01406 2.65524 1.40262 1.83824 1.48556 1.7456 4.08285 4.82885 3.64559 3.93323 3.85355 3.2465 4.92553 2.43535 5.23191 5.8913 4.21473 3.29942 5.15927 3.19302 2.17522 5.37149 3.90527 3.31873 5.5111 4.08267 4.63459 5.80564 5.19068 3.41224 1.12061 3.75007 2.61314 5.58425 1.54368 1.67801 0.998137 3.93497 2.58305 2.18517 5.20267 1.1912 2.64615 1.56351 2.58325 1.11694 6.4594 1.66235 1.78421 1.64974 1.12922 1.66364 3.02425 1.26727 6.06986 3.22949 1.23953 2.15973 3.49448 4.61201 1.617 4.94592 3.09302 1.34798 1.53051 1.64726 1.67898 
2.26322 2.09593 1.90331 2.16811 2.42657 1.56242 1.78317 1.38699 0 1.83053 2.37711 1.95473 1.95473 2.11092 1.38699 1.38699 1.8 2.42187 2.50203 2.04427 2.12015 1.88703 2.3859 2.19812 2.49313 1.81751 2.25511 2.25982 1.86929 2.33498 2.02833 2.12015 2.53877 2.0832 1.92542 2.13918 2.02251 2.37037 1.90331 1.78317 1.96666 1.70699 2.31352 1.93412 1.38699 2.16768 2.01184 2.18214 2.29967 1.4868 1.73754 1.88703 1.4868 2.13992 1.95473 2.04229 1.56242 1.56242 1.94057 2.22429 2.19018 2.56785 1.86249 1.84894 1.85205 2.43493 1.95473 2.8155 2.88227 2.21806 2.57225 1.85205 2.41093 2.36042 2.48953 2.57225 1.70699 1.70699 2.06283 2.51947 2.88228 3.08223 2.92155 2.40104 2.51947 2.28776 2.62163 2.01898 1.99489 1.95484 2.38242 2.38211 2.19616 1.63297 1.99489 2.06283 2.44098 2.78586 2.83173 2.86483 
2.70502 3.82444 2.42128 1.43757 1.88449 6.25978 7.78662 5.47732 1.83053 0 4.85853 1.41265 3.97176 7.9703 8.38371 3.79179 7.13971 1.62404 1.97102 5.83949 7.82878 4.54543 4.35501 1.65604 2.71052 3.76392 1.71303 1.50411 4.53751 1.7929 5.27833 2.99432 1.74815 4.84873 3.42067 1.53604 2.502 1.78407 2.79861 5.8474 7.10804 5.892 4.63881 4.42573 5.83566 6.96114 3.02162 6.3303 7.70931 6.1978 2.66314 5.77125 5.23118 2.71458 5.99078 4.9999 5.91578 5.75024 7.21793 7.3253 6.07019 5.70954 4.15909 2.27184 6.04559 3.38753 6.27372 1.67175 1.61696 1.48682 4.79164 3.09724 2.57916 7.39876 1.62154 3.39176 2.24147 3.12774 1.46067 6.56394 1.8255 1.94601 2.08007 1.61791 1.91633 3.99171 1.55586 6.59598 4.05459 2.27591 2.46542 4.19798 6.90409 2.84422 7.0057 3.59823 1.04826 1.58161 2.02276 2.32275 
2.86086 4.16405 2.81139 2.01546 1.97732 4.16044 4.89534 4.09927 2.37711 4.85853 0 1.454 3.59459 4.74094 5.1873 4.58494 4.58345 2.22836 1.83475 5.81316 4.74095 5.15905 4.61882 1.59802 3.26558 3.75843 1.55264 2.13688 5.23085 1.46317 5.4659 3.07286 2.08538 5.0697 3.54553 1.93432 2.78746 1.95213 2.80572 4.24908 4.66668 4.34443 4.90446 4.78246 3.65779 4.2594 3.50999 4.53439 5.61828 4.54048 4.27985 4.91835 3.88192 3.00116 4.27524 5.48184 4.11821 5.59288 4.90196 4.67931 5.1447 6.94279 4.94734 2.34923 4.34692 3.14995 4.80529 2.50793 2.19735 1.96238 4.70446 3.41059 3.15805 4.93646 1.62154 3.37903 2.87629 3.6804 2.08118 5.62796 2.552 2.64252 2.08007 2.08148 2.28101 3.84128 2.16018 5.66289 4.17678 2.76314 2.72596 3.90701 4.52592 3.0636 4.41152 4.4234 1.91558 2.12338 1.90671 2.24386 
1.2936 1.04986 1.2635 1.32077 1.19824 1.02986 1.13925 1.21816 1.95473 1.41265 1.454 0 1.02986 1.17367 1.51618 1.51187 1.61236 2.08364 1.53242 1.69722 1.23536 1.38274 1.41628 1.30153 1.8653 1.30153 1.15122 1.44559 1.21452 1.02986 1.04986 1.32597 2.21014 1.04986 1.13925 1.15524 1.64188 1.98453 1.2635 1.17367 1.04986 1.42638 1.78798 1.63723 1.05813 1.53247 1.71934 1.02986 1.828 1.21452 1.53878 1.19824 1.21816 1.62968 1.04986 1.48251 1.05813 1.05813 1.28099 1.41006 1.69224 2.09618 1.4871 1.54769 1.34565 1.91244 1.05813 2.34383 1.94412 1.74639 1.52128 1.11525 1.90664 1.6911 1.98298 1.62881 1.24776 1.24776 1.86743 1.54884 2.02187 2.67859 2.21197 1.92937 1.58132 1.66969 2.01546 1.56243 1.29392 1.49672 1.82731 1.43867 1.41006 1.31852 1.11525 1.80599 1.96931 2.20242 2.09021 2.00085 
2.24021 3.01937 2.69442 1.32077 1.19824 2.60378 2.85144 3.06273 1.95473 3.97176 3.59459 1.02986 0 2.69277 3.4793 4.31496 3.70099 1.98382 1.53242 4.02381 3.05192 3.32919 3.3373 1.30153 2.82092 3.60951 1.15122 1.44559 3.64349 1.02986 3.18915 2.37631 2.0139 3.23025 2.93909 1.15524 2.71781 1.98453 2.446 2.47251 3.33134 3.34302 3.72008 3.80318 2.7021 3.23065 4.19081 2.7527 4.38758 3.20608 4.36173 3.28193 3.12481 2.95092 2.93479 3.63309 2.81963 3.43464 3.32593 3.47076 3.98109 4.8717 4.71153 2.62969 3.08786 3.13981 3.61871 2.14018 1.94412 1.54275 4.50179 3.30732 3.31577 3.7996 1.80627 3.10772 2.61937 3.60205 1.86743 3.93022 1.81822 2.67859 2.00832 1.72572 1.58132 3.92411 2.01546 3.8316 3.54577 2.83056 2.81013 3.69621 3.61012 3.4636 3.18669 4.31292 1.96931 2.20242 1.73781 2.00085 
1.96915 3.33732 2.46993 1.73512 1.67203 6.34552 6.60687 4.70258 2.11092 7.9703 4.74094 1.17367 2.69277 0 6.98618 4.02305 7.10534 1.98382 1.06143 4.42923 6.15657 4.51898 3.42366 1.30283 3.14049 3.40606 1.29762 1.91208 4.70726 1.22023 4.29821 2.266 1.77951 4.16618 2.84634 1.52714 2.49332 1.88571 2.20081 5.67441 6.86508 6.49702 4.9453 4.44581 4.73904 7.20878 3.83661 6.0451 8.99217 6.09786 4.16156 5.84343 5.91784 2.98082 4.99587 4.81991 6.11912 6.21764 6.64509 7.30664 7.04181 6.55971 4.5832 2.45479 6.51585 3.11942 6.29606 1.90579 2.26151 1.30836 4.32068 3.39147 3.40214 7.96239 2.02548 3.07258 2.74017 3.39429 1.86873 7.47237 1.81822 2.4882 1.97923 1.49133 2.04781 3.95314 2.01676 7.38834 3.3731 2.57886 3.23282 3.81754 7.20417 2.83264 6.87749 4.22158 2.05231 2.19002 2.11281 2.00215 
2.30212 3.62926 2.1121 1.7486 2.05128 8.29946 7.48272 4.51808 1.38699 8.38371 5.1873 1.51618 3.4793 6.98618 0 3.57873 7.65581 1.33545 1.62469 5.39554 8.7232 5.12522 3.78337 1.50228 3.08707 3.85404 1.50217 1.83201 5.09455 1.62601 4.37228 2.04288 1.94634 4.41145 3.54739 1.65691 2.63013 1.69243 1.93856 7.83558 9.05813 7.95558 5.23596 4.78276 7.01189 9.64094 3.65735 6.46456 9.28433 8.08112 4.42452 6.22695 7.23673 2.81139 5.90733 4.84386 8.30592 6.62526 8.09028 8.61761 7.17902 6.26397 4.14747 2.26971 8.12837 3.24564 6.6546 1.76258 2.43105 1.16515 4.44095 3.56714 3.33428 7.99581 1.82131 3.37357 2.54902 3.5232 1.576 7.95855 1.82937 2.12827 1.86864 1.34813 2.14419 3.94424 1.76607 7.34133 3.82578 2.38864 3.30883 4.02104 9.25868 3.06476 8.87576 4.22582 2.0037 2.02932 2.14997 2.16898 
2.86351 4.23146 3.05975 1.31678 1.98371 3.22199 3.49824 2.92081 1.38699 3.79179 4.58494 1.51187 4.31496 4.02305 3.57873 0 3.61597 2.36948 2.07024 4.65774 4.08109 4.34393 4.78449 1.75527 3.33146 4.15675 1.7035 1.81697 3.71182 1.89213 4.11442 3.0192 2.12853 3.91853 3.85014 1.63034 2.52687 1.71844 2.8793 3.35944 3.69888 3.49867 4.45013 4.1582 2.75254 4.28809 4.19955 4.36596 4.50314 3.09652 4.30776 3.88473 2.87995 2.73946 4.08792 4.01868 3.05624 3.47107 3.62915 4.2895 4.79248 5.27565 5.19516 2.50889 3.49867 3.68795 4.44635 2.40526 2.43941 1.80783 5.38004 4.29333 3.40237 4.64172 2.04668 3.73731 2.68351 3.81727 1.65259 4.94207 2.43943 2.67199 2.4787 1.99081 2.07662 4.69195 2.27717 4.25478 4.65484 2.5409 3.36388 4.89822 4.14088 3.41686 4.26957 4.65594 1.94209 2.34301 2.38888 2.45459 
2.58852 3.78037 2.66688 1.55629 2.06184 6.61299 7.50718 4.58789 1.8 7.13971 4.58345 1.61236 3.70099 7.10534 7.65581 3.61597 0 1.93529 1.66867 4.48209 6.7982 4.73065 4.00751 1.61066 2.88646 3.38906 1.53509 1.81537 4.12622 1.65893 4.90116 2.57325 1.33915 4.43626 3.0983 1.73576 2.15701 1.53688 2.43519 6.10335 6.89594 5.46841 3.95481 4.18905 5.14801 6.73574 2.65092 5.5673 8.17265 5.6136 3.52528 5.85438 4.99065 2.494 6.09174 4.48948 5.9719 6.2104 6.61089 7.39416 5.93909 5.8732 4.11966 1.7678 5.762 2.90932 6.07286 1.81448 2.10016 1.26894 4.24743 2.8189 2.83237 7.07494 1.39618 3.14443 2.01587 2.80972 1.38774 6.82217 2.08449 2.08874 1.85472 1.40003 2.08578 3.34631 1.71889 6.58546 3.83314 1.88672 2.35356 3.73662 6.58026 2.45553 6.88733 3.53077 1.69149 1.90396 1.85225 2.13151 
2.11447 2.35343 1.58433 2.4772 2.60697 1.91574 1.91574 1.33545 2.42187 1.62404 2.22836 2.08364 1.98382 1.98382 1.33545 2.36948 1.93529 0 2.35329 2.40121 2.06861 2.19415 2.44595 2.04442 1.93056 1.97996 2.23077 1.83201 1.97608 2.35095 2.35343 2.06861 2.67163 2.00639 1.97608 2.4925 2.13031 2.42103 1.82298 1.63443 1.81297 1.59159 2.00485 1.88258 1.33545 1.97987 1.90691 2.26168 2.3865 1.97608 1.51627 2.17994 1.51627 2.19057 1.81297 2.22474 1.68078 1.83201 1.99825 1.33545 1.69702 2.33724 1.67468 1.85344 1.66424 2.05736 1.49874 2.78483 2.71028 2.23265 2.41855 1.33545 2.3865 1.86863 2.15632 2.41855 1.98626 1.98626 2.08557 2.20737 2.17987 2.91965 2.84701 2.40149 2.56849 1.98242 1.82269 1.99825 1.99825 1.95934 2.00485 2.22841 1.38162 1.63746 1.33545 1.98626 2.41655 2.64552 2.55212 2.71113 
1.08208 1.77442 1.93153 2.08735 2.08105 1.5259 1.45411 1.42889 2.50203 1.97102 1.83475 1.53242 1.53242 1.06143 1.62469 2.07024 1.66867 2.35329 0 1.91004 1.06143 1.68836 1.41356 1.99672 2.24614 1.68072 1.65637 2.18226 1.70946 1.57898 1.70682 1.42889 2.21214 1.65637 1.56576 1.81767 1.83108 2.15441 1.93153 1.06143 1.63303 1.87035 2.19865 1.92913 1.42889 1.96245 1.91374 1.57898 2.33844 1.70946 1.9602 1.72432 1.57212 1.92396 1.63303 1.77304 1.5259 1.5259 1.57153 1.77631 2.17051 2.46778 1.90439 1.90165 1.89395 2.47683 1.75333 2.46778 2.79097 1.87035 2.37085 1.77631 2.33844 2.28015 2.45271 2.37085 1.92965 1.92965 2.28549 2.43165 2.1976 3.05019 2.40647 2.05333 2.46413 2.04708 2.29617 1.64856 1.92237 1.91694 2.28015 2.08159 1.79081 1.68567 1.77631 2.28549 2.49172 2.78463 2.63934 2.66343 
2.85803 4.3015 3.21949 1.829 2.24585 4.99923 5.19151 4.52787 2.04427 5.83949 5.81316 1.69722 4.02381 4.42923 5.39554 4.65774 4.48209 2.40121 1.91004 0 4.2349 5.66175 4.38215 1.73018 3.67662 4.04727 1.9877 2.15804 5.54577 2.06884 5.48865 2.55145 1.33915 5.33849 3.83436 2.0374 2.75345 1.99624 2.96167 4.35506 5.16681 4.60573 5.83104 5.41544 3.87413 5.70693 4.09234 5.8444 6.46531 4.47227 4.56499 5.63888 3.87912 3.09043 5.14091 5.5358 4.38663 5.54223 4.81596 5.82636 6.34318 7.28269 5.15862 2.76161 5.01086 3.7359 6.07283 2.33314 2.55531 1.73571 5.21188 4.14839 3.74479 5.89387 2.0685 3.78527 2.81683 3.7098 1.67441 6.96991 2.36731 2.69381 2.40658 1.91869 2.41769 4.98207 2.29899 6.27468 4.33728 2.88332 3.54326 4.77445 5.57451 3.14206 5.42234 4.75869 2.11699 2.45891 2.52456 2.42951 
1.96069 3.2766 2.54946 1.82789 1.67203 8.06869 6.26956 4.33653 2.12015 7.82878 4.74095 1.23536 3.05192 6.15657 8.7232 4.08109 6.7982 2.06861 1.06143 4.2349 0 4.34811 2.92646 1.31206 3.22002 3.49127 1.41755 1.89758 4.62858 1.34017 3.57451 1.64214 1.78874 4.10046 3.11504 1.52062 2.49421 1.89494 2.38185 7.34801 7.88159 9.0369 4.8656 4.46641 6.66109 10.3246 3.65778 5.86122 8.28251 8.38106 4.09388 5.31778 7.45487 2.99574 5.68652 4.07048 7.99909 5.96071 8.70519 10.8561 6.76045 6.00273 4.28499 2.3254 8.46393 3.19011 6.14687 1.81574 2.26151 1.2183 4.16725 3.3108 3.09173 7.83211 2.00169 3.03217 2.72213 3.32661 1.87796 6.94155 1.81822 2.39815 1.88917 1.40128 2.04781 4.06503 2.02599 6.84436 3.23277 2.35801 3.18428 3.66317 10.4415 2.66143 10.0063 4.27627 1.96226 2.09996 2.12204 2.01138 
2.00818 3.82903 2.88403 1.49435 1.54419 3.68238 4.38848 3.9252 1.88703 4.54543 5.15905 1.38274 3.32919 4.51898 5.12522 4.34393 4.73065 2.19415 1.68836 5.66175 4.34811 0 3.8173 1.62613 3.26372 3.98487 1.68312 1.68784 4.67215 1.62906 5.00714 2.59193 2.24787 4.98873 3.32137 1.56719 2.54346 1.83306 2.95747 3.46708 4.82725 4.56551 5.13104 5.25027 3.76973 4.72356 3.54587 4.93651 5.47859 4.25255 3.56914 4.60558 3.78793 2.93053 5.06592 5.45102 3.83535 4.98352 4.65188 4.93359 5.54261 6.13022 4.08392 2.33425 4.51855 3.30619 5.26701 1.90989 1.76775 1.67869 4.81467 3.3109 2.49186 5.40387 1.90416 3.2778 2.76486 3.97501 1.83642 5.68064 2.31029 2.05117 2.34957 1.86167 1.80023 4.2781 2.11129 5.12217 4.01295 2.67665 2.50671 4.31079 5.00477 3.43559 4.60717 4.44022 1.43482 1.53203 2.05294 2.26165 
2.28093 3.52073 2.86316 1.75968 1.96492 2.94098 2.84528 3.54014 2.3859 4.35501 4.61882 1.41628 3.3373 3.42366 3.78337 4.78449 4.00751 2.44595 1.41356 4.38215 2.92646 3.8173 0 1.87653 3.72957 4.20364 1.38302 2.04634 3.92621 1.67164 3.24873 2.51267 2.3048 3.43437 3.37913 1.29771 2.84094 2.13018 2.9366 2.60091 3.54683 4.19568 4.83075 4.5556 3.3333 4.48597 4.77023 4.07979 5.09116 3.65869 4.84299 4.22235 3.45558 3.39687 3.72352 3.86407 3.17848 3.74068 3.39357 4.30531 5.03757 5.57564 5.58589 3.22207 4.06772 4.18723 4.53173 2.41652 2.7108 1.81909 5.72399 4.64579 3.92525 5.01283 2.52536 4.06878 3.37878 4.35208 2.30567 5.21865 2.29027 2.99893 2.48996 2.00206 2.348 4.84367 2.38884 4.63162 4.49994 3.24033 3.91228 5.06878 4.36467 4.08008 4.08801 5.09976 2.41155 2.62364 2.66453 2.63928 
1.75791 1.5079 1.16086 1.88396 1.76143 1.30153 1.55376 1.30207 2.19812 1.65604 1.59802 1.30153 1.30153 1.30283 1.50228 1.75527 1.61066 2.04442 1.99672 1.73018 1.31206 1.62613 1.87653 0 1.91245 0.967433 1.58898 1.95294 1.41546 1.62876 1.5079 1.31206 2.2573 1.16086 1.41546 1.71843 1.65643 2.34149 1.16086 1.61597 0.967433 1.32374 1.68534 1.54719 0.967433 1.51455 1.6167 1.62876 2.0714 1.41546 1.56062 1.62613 1.30207 1.98664 1.01892 1.75521 1.30153 1.30153 1.60958 1.45638 1.65066 2.29088 1.38447 1.51804 1.37403 1.87323 1.01892 2.38357 2.26308 1.78614 1.63644 1.01262 2.15003 1.65188 2.00482 1.63644 1.4487 1.32374 1.76479 1.72755 2.32515 2.66056 2.45701 1.96912 2.08867 1.6922 1.97624 1.60958 1.6468 1.62394 1.76684 1.4463 1.39336 1.30207 1.01262 1.76479 2.21271 2.32269 2.0723 1.96164 
3.52672 3.46871 2.84961 2.04638 2.36363 2.68062 2.81375 2.45875 2.49313 2.71052 3.26558 1.8653 2.82092 3.14049 3.08707 3.33146 2.88646 1.93056 2.24614 3.67662 3.22002 3.26372 3.72957 1.91245 0 3.28261 2.11255 1.81063 3.0651 1.66906 3.40385 3.57338 2.52285 3.22451 2.78874 2.14486 3.31586 2.11435 3.30276 2.39356 2.70551 2.65224 2.8587 3.19057 2.44128 2.73524 3.05029 2.71326 3.59279 2.92714 2.81955 3.04972 2.50011 3.39905 2.62396 3.50561 2.54221 2.65652 3.16334 2.44113 2.7224 3.92238 3.29773 2.87351 2.57739 3.81379 2.46088 2.68509 2.5615 2.1848 3.61367 2.38722 3.93807 2.86257 1.84531 3.94564 3.11276 3.1407 2.12525 3.46721 2.13202 2.92829 2.30385 2.23958 2.52514 3.18347 1.86238 3.12823 3.15155 3.28743 3.24564 3.28338 2.53572 2.79291 2.46443 3.20176 2.26777 2.53722 2.30138 2.57916 
2.68088 3.73804 2.56799 1.60224 1.76143 2.78764 2.93645 3.01759 1.81751 3.76392 3.75843 1.30153 3.60951 3.40606 3.85404 4.15675 3.38906 1.97996 1.68072 4.04727 3.49127 3.98487 4.20364 0.967433 3.28261 0 1.42274 1.80511 3.33375 1.62876 3.65989 2.73037 1.92359 3.02438 2.94833 1.68447 2.30965 1.77001 2.52964 3.07148 3.03586 3.51869 4.15035 4.08371 2.75712 3.85434 4.05704 3.63824 4.65388 2.76918 4.15388 3.76436 2.95069 2.52224 3.53822 4.00242 3.16801 3.5107 3.66877 3.63039 4.24731 5.31528 5.25482 2.48481 3.55833 3.36729 3.76046 2.22684 2.26308 1.66019 4.94107 3.8851 3.54937 4.26349 1.84174 3.41666 2.38479 3.42271 1.44765 4.63845 2.29178 2.46705 2.30027 1.81238 2.06475 4.2238 1.91178 4.19691 4.04893 2.70133 3.35633 4.44494 3.4596 3.5676 3.50346 4.36227 1.91988 2.23215 2.0723 1.96164 
1.41755 1.14488 1.2953 1.71771 1.61112 1.14488 1.14488 1.2953 2.25511 1.71303 1.55264 1.15122 1.15122 1.29762 1.50217 1.7035 1.53509 2.23077 1.65637 1.9877 1.41755 1.68312 1.38302 1.58898 2.11255 1.42274 0 1.92189 1.22165 1.32218 1.14488 1.67206 2.40283 1.14488 1.17446 1.25026 1.67709 1.77963 1.2953 1.2875 1.15122 1.68304 1.99348 1.79554 1.2953 1.79948 1.78015 1.32218 2.12839 1.22165 1.71358 1.61112 1.43854 1.42478 1.15122 1.61038 1.35852 1.35852 1.61038 1.5087 2.02511 2.39656 1.7708 1.76806 1.72519 2.29291 1.47122 2.63103 2.42042 2.03359 1.99759 1.46491 2.20702 2.09623 2.31913 2.08874 1.49501 1.49501 2.03887 2.02514 2.36085 2.97897 2.56971 2.21657 2.05763 1.70491 2.16259 1.81181 1.7068 1.7971 2.09623 1.79948 1.5087 1.55209 1.46491 2.03887 2.26969 2.58196 2.35723 2.38132 
1.78592 1.82054 1.49285 1.83915 1.96892 1.27769 1.27769 1.40399 2.25982 1.50411 2.13688 1.44559 1.44559 1.91208 1.83201 1.81697 1.81537 1.83201 2.18226 2.15804 1.89758 1.68784 2.04634 1.95294 1.81063 1.80511 1.92189 0 1.73291 1.82584 1.82054 1.89758 2.5517 1.82054 1.65763 1.92591 2.03883 2.17786 1.91491 1.27769 1.55886 1.53273 1.91337 1.8168 1.24396 1.88838 1.84805 1.67666 1.97748 1.62554 1.39635 1.5419 1.39635 1.91767 1.44559 1.92431 1.24396 1.24396 1.69782 1.24396 1.5771 2.27838 1.61581 1.73352 1.48811 1.9985 1.40725 2.4844 2.41251 1.93222 2.12961 1.24396 2.07709 1.77715 2.06484 2.23679 1.78283 1.85338 2.0267 1.89796 1.87944 2.86079 2.54658 2.10105 1.93044 1.91767 1.76382 1.69782 1.5419 1.6749 1.91337 2.04664 1.29014 1.50435 1.24396 1.78283 2.1295 2.33611 2.45676 2.65226 
2.59929 3.5003 2.63267 0.950483 1.67443 3.21778 3.43382 3.72793 1.86929 4.53751 5.23085 1.21452 3.64349 4.70726 5.09455 3.71182 4.12622 1.97608 1.70946 5.54577 4.62858 4.67215 3.92621 1.41546 3.0651 3.33375 1.22165 1.73291 0 1.59478 4.76472 2.62971 1.7869 4.27206 2.89959 1.52615 1.7173 1.22522 2.62116 3.32521 3.99247 4.28233 5.39396 5.06848 3.38087 5.11307 3.6578 4.88822 5.52108 3.52089 3.6411 4.658 3.12818 2.32375 4.94305 5.05733 3.90026 4.47179 4.31551 4.66755 5.78639 6.71444 4.89592 2.44648 4.26447 3.34526 5.42222 2.24457 2.25856 1.69903 4.78123 3.61402 3.36432 5.49086 1.87597 3.39463 2.33014 2.96657 1.49943 6.03434 2.15643 2.51883 2.33451 1.83012 2.0438 4.02012 1.87386 5.8156 3.90034 2.43618 3.27538 4.29941 4.73181 3.08864 4.71176 3.99706 1.7832 2.31654 2.28887 2.11155 
1.34017 1.43011 1.59073 1.70102 1.57849 1.02986 1.19823 1.41914 2.33498 1.7929 1.46317 1.02986 1.02986 1.22023 1.62601 1.89213 1.65893 2.35095 1.57898 2.06884 1.34017 1.62906 1.67164 1.62876 1.66906 1.62876 1.32218 1.82584 1.59478 0 1.43011 1.6532 2.37094 1.32218 1.29884 1.53549 1.68844 2.0311 1.59073 1.19823 1.29884 1.48361 1.43749 1.69504 1.38536 1.18006 1.72628 1.02986 2.20285 1.59478 1.883 1.57849 1.56238 1.80065 1.18006 1.8562 1.43839 1.43839 1.66125 1.45662 1.80627 2.47643 1.49405 1.68041 1.32029 1.92442 1.38536 2.5361 2.32437 1.93867 1.60345 1.32029 2.28689 1.47682 1.80627 1.60345 1.61939 1.565 2.00605 1.73781 2.40212 2.77014 2.09722 2.03294 1.96158 1.70205 2.15408 1.90665 1.67417 1.87697 1.47682 1.18006 1.45662 1.67593 1.32029 1.84849 2.34956 2.43227 1.73781 2.09704 
2.39637 2.90332 2.54237 1.58914 1.50976 3.18082 3.86495 4.30458 2.02833 5.27833 5.4659 1.04986 3.18915 4.29821 4.37228 4.11442 4.90116 2.35343 1.70682 5.48865 3.57451 5.00714 3.24873 1.5079 3.40385 3.65989 1.14488 1.82054 4.76472 1.43011 0 2.14092 2.37868 4.21442 3.2715 0.68191 2.88361 2.04088 2.40367 3.89707 4.2983 4.56586 5.67777 5.44965 3.63586 5.16887 4.02254 4.76661 5.76443 3.77318 4.21381 4.67136 3.81802 3.10313 4.29541 4.49312 3.37028 4.44302 3.74321 5.0396 6.12637 6.7334 4.60008 2.6223 4.18927 3.61647 5.57583 2.04789 2.23365 1.45045 4.62275 3.71352 3.17183 5.82888 2.22207 3.29087 2.80541 3.51102 1.97772 5.91615 2.02728 2.6303 2.12132 1.63343 1.87086 4.38453 2.28525 5.75905 3.36608 2.70917 3.3699 4.11111 5.11713 3.34155 4.73328 4.4555 1.98185 2.24058 2.36123 2.27065 
2.74815 2.53678 3.00059 1.91849 1.8746 2.35719 2.59293 2.00984 2.12015 2.99432 3.07286 1.32597 2.37631 2.266 2.04288 3.0192 2.57325 2.06861 1.42889 2.55145 1.64214 2.59193 2.51267 1.31206 3.57338 2.73037 1.67206 1.89758 2.62971 1.6532 2.14092 0 1.78874 2.25596 2.74569 1.61122 2.87283 1.89494 2.74218 2.39892 2.22146 2.30326 3.05143 2.59392 1.8267 2.72522 2.77071 3.00237 3.23495 2.30136 2.89698 2.71219 1.91346 3.20981 2.24124 1.83542 1.91188 2.24918 1.60707 2.87131 3.07205 3.3157 2.4471 2.59394 2.18941 3.58903 2.61431 1.81574 2.31282 1.2183 2.99312 2.20186 3.50163 3.10111 2.00169 3.48136 2.93621 2.53776 1.87796 3.30447 1.8499 2.39815 1.88917 1.40128 2.13842 3.18498 2.02599 2.40002 2.52973 2.6808 3.55577 2.86955 2.74699 2.1663 2.18727 3.26649 1.96226 2.09996 2.12204 2.01138 
1.97332 2.45975 2.15307 2.29505 2.70848 1.9267 1.87529 1.3688 2.53877 1.74815 2.08538 2.21014 2.0139 1.77951 1.94634 2.12853 1.33915 2.67163 2.21214 1.33915 1.78874 2.24787 2.3048 2.2573 2.52285 1.92359 2.40283 2.5517 1.7869 2.37094 2.37868 1.78874 0 2.18927 1.86393 2.50345 2.12859 2.30888 2.15307 1.85339 2.02584 1.61386 1.97154 1.33915 1.3688 1.99474 1.61386 2.37094 2.35439 1.40441 1.65515 2.18679 1.33915 2.07843 2.0139 2.06083 1.52567 1.9267 1.86518 2.10856 2.03955 2.54392 1.83513 1.69832 1.82469 2.27438 2.0139 2.72401 2.82573 2.17847 2.63142 1.82469 2.35439 2.05304 2.33891 2.63142 1.8039 1.8039 2.15974 2.48961 2.81006 2.9891 2.79745 2.30955 2.81135 2.2604 2.59428 1.86518 2.14598 1.80422 2.05304 2.43455 2.04554 1.33915 1.98413 2.15974 2.38741 2.72932 2.78105 2.91483 
2.51455 3.04726 2.26321 1.63229 1.50976 3.17254 3.73656 4.01406 2.0832 4.84873 5.0697 1.04986 3.23025 4.16618 4.41145 3.91853 4.43626 2.00639 1.65637 5.33849 4.10046 4.98873 3.43437 1.16086 3.22451 3.02438 1.14488 1.82054 4.27206 1.32218 4.21442 2.25596 2.18927 0 2.78545 1.15524 2.49649 1.77963 2.2562 3.84298 3.84641 4.41179 5.30148 5.20687 3.42011 4.97315 3.92018 4.65409 5.77673 3.47019 3.91566 4.59136 3.61284 2.64688 4.70892 4.63898 3.67171 4.44075 4.10165 4.54299 5.66891 6.68639 4.64706 2.4048 4.34465 3.28728 5.10045 2.17331 2.22504 1.57588 4.60851 3.59616 3.45213 5.4526 1.96679 3.19449 2.30478 3.15935 1.71333 5.97993 2.02728 2.62252 2.21737 1.75886 1.95627 4.08694 1.93821 5.56318 3.59287 2.69898 3.25909 4.1617 4.68014 3.22424 4.4325 4.17243 2.16834 2.28466 2.03427 1.92361 
2.35393 3.28764 2.47771 0.950483 1.59915 2.23208 2.13174 2.65524 1.92542 3.42067 3.54553 1.13925 2.93909 2.84634 3.54739 3.85014 3.0983 1.97608 1.56576 3.83436 3.11504 3.32137 3.37913 1.41546 2.78874 2.94833 1.17446 1.65763 2.89959 1.29884 3.2715 2.74569 1.86393 2.78545 0 1.52615 1.95366 1.22522 2.55114 2.16821 2.74729 3.27316 3.89726 3.83818 2.65776 3.56062 3.81151 3.12629 4.36313 2.64344 3.86312 3.17947 2.62639 2.33051 3.02627 3.78952 2.9551 3.29556 3.37802 3.33058 3.94406 5.06975 5.00929 2.56739 3.3128 3.44193 3.54756 2.36685 2.25856 1.76941 4.72816 3.67105 3.46893 4.0381 1.87597 3.41696 2.38841 3.17718 1.61664 4.37769 2.15643 2.63604 2.33451 1.95239 2.0438 3.84352 1.87386 3.95139 3.83602 2.57483 3.316 4.12337 3.2467 3.27518 3.11359 4.11674 1.8379 2.37125 2.28887 2.11155 
1.57886 0.68191 1.36254 1.63239 1.61514 0.68191 1.25026 1.40262 2.13918 1.53604 1.93432 1.15524 1.15524 1.52714 1.65691 1.63034 1.73576 2.4925 1.81767 2.0374 1.52062 1.56719 1.29771 1.71843 2.14486 1.68447 1.25026 1.92591 1.52615 1.53549 0.68191 1.61122 2.50345 1.15524 1.52615 0 1.95922 2.08413 1.36254 1.31953 1.15524 1.66646 2.15843 1.90486 1.36254 1.92222 1.92765 1.53549 1.87317 1.3913 1.70223 1.52113 1.40262 1.72928 1.15524 1.1474 1.02466 1.02466 1.1474 1.89038 2.07337 2.22226 1.70387 1.73214 1.57616 2.39276 1.53846 2.22226 2.3445 1.66646 2.00161 1.53215 1.87317 2.17142 2.35143 2.10913 1.66466 1.66466 2.08857 1.98171 2.27554 2.8463 2.31603 1.84943 1.98171 2.05082 2.42432 1.42884 1.52113 1.62011 2.23992 1.91899 1.89038 1.50297 1.53215 2.08857 2.09271 2.42416 2.4906 2.48117 
2.80646 2.94847 2.8538 1.42792 2.10178 2.07151 1.83259 1.83824 2.02251 2.502 2.78746 1.64188 2.71781 2.49332 2.63013 2.52687 2.15701 2.13031 1.83108 2.75345 2.49421 2.54346 2.84094 1.65643 3.31586 2.30965 1.67709 2.03883 1.7173 1.68844 2.88361 2.87283 2.12859 2.49649 1.95366 1.95922 0 1.58963 2.92724 1.69581 2.42678 2.39638 3.05006 2.76036 1.9681 2.81834 2.75615 2.73369 3.19765 2.02536 2.48698 2.66373 1.88724 2.6799 2.44655 2.90813 2.09007 2.22281 2.71374 2.56803 2.88466 3.68807 3.07781 2.68622 2.55432 3.86001 2.52849 2.43183 2.53355 1.86518 3.61055 2.56486 3.70429 3.16929 2.04673 3.90608 2.7286 2.56144 1.65264 3.53645 2.49678 2.67205 2.50527 2.01737 2.33951 2.92132 2.06213 2.90486 2.95321 2.85668 3.5185 3.16448 2.55961 2.3445 2.46862 2.95617 2.12488 2.43714 2.50279 2.41918 
1.91045 2.04088 2.02082 1.77058 2.44444 1.40222 1.23659 1.48556 2.37037 1.78407 1.95213 1.98453 1.98453 1.88571 1.69243 1.71844 1.53688 2.42103 2.15441 1.99624 1.89494 1.83306 2.13018 2.34149 2.11435 1.77001 1.77963 2.17786 1.22522 2.0311 2.04088 1.89494 2.30888 1.77963 1.22522 2.08413 1.58963 0 2.02082 1.22522 1.98453 1.70575 2.25672 1.98877 1.63173 2.05174 1.93637 1.80119 2.21862 1.22522 1.69107 1.83306 1.44033 1.43972 1.98453 1.99468 1.64474 1.61316 1.95027 1.85796 2.03871 2.64122 1.95964 1.8477 1.9492 2.52413 2.02889 2.84077 2.92862 2.27412 2.71562 1.8656 2.45728 2.36944 2.32092 2.71562 1.70575 1.70575 2.06159 2.60178 2.60138 3.08099 2.77946 2.42632 2.60178 2.13637 2.31881 1.97138 2.13826 1.92329 2.36944 2.5084 1.85796 1.63173 1.8656 2.01524 2.35993 2.8787 2.77698 2.97416 
3.01675 2.57368 2.153 1.84593 1.7234 2.43543 2.34795 1.7456 1.90331 2.79861 2.80572 1.2635 2.446 2.20081 1.93856 2.8793 2.43519 1.82298 1.93153 2.96167 2.38185 2.95747 2.9366 1.16086 3.30276 2.52964 1.2953 1.91491 2.62116 1.59073 2.40367 2.74218 2.15307 2.2562 2.55114 1.36254 2.92724 2.02082 0 2.22254 1.96717 2.23195 2.75209 2.61164 1.554 2.53135 2.65982 2.80163 3.26167 2.23625 2.69868 2.75076 1.95338 3.16176 2.17604 2.53765 2.01299 2.5332 2.31747 2.38786 2.80491 3.62167 2.66597 2.48305 2.29118 3.2111 2.21655 2.17331 2.22504 1.57588 2.99031 1.99611 3.54761 2.78228 1.96679 3.28749 2.73547 2.33703 1.71333 3.1106 2.20748 2.56849 2.24675 1.75886 2.05064 2.89632 1.93821 2.58842 2.85138 2.76404 3.35456 2.68294 2.37944 2.26273 2.19089 2.96315 2.13225 2.26324 2.03427 1.92361 
1.61292 3.14304 2.1491 1.06352 1.71218 11.8543 5.40094 4.08285 1.78317 5.8474 4.24908 1.17367 2.47251 5.67441 7.83558 3.35944 6.10335 1.63443 1.06143 4.35506 7.34801 3.46708 2.60091 1.61597 2.39356 3.07148 1.2875 1.27769 3.32521 1.19823 3.89707 2.39892 1.85339 3.84298 2.16821 1.31953 1.69581 1.22522 2.22254 0 7.28436 19.6045 4.35401 4.45816 15.4871 11.769 3.28428 5.18411 7.83267 16.0715 3.30413 5.19602 16.1544 2.29491 4.83659 4.519 10.3085 5.51509 10.4264 10.6517 6.12212 6.15447 4.61488 2.29801 18.2343 3.36657 5.91478 2.20832 2.23385 1.61088 4.67548 3.20202 3.06948 7.06621 1.73864 3.4426 2.31099 3.15394 1.61664 6.69826 1.93814 2.53215 2.147 1.79386 1.93732 3.40853 1.62732 6.68885 3.7289 2.30405 2.86751 3.90252 10.4762 2.64714 8.59068 3.72685 1.77764 2.16775 2.08221 2.28268 
2.48813 3.15972 1.89638 1.32077 1.19824 6.69522 6.10854 4.82885 1.96666 7.10804 4.66668 1.04986 3.33134 6.86508 9.05813 3.69888 6.89594 1.81297 1.63303 5.16681 7.88159 4.82725 3.54683 0.967433 2.70551 3.03586 1.15122 1.55886 3.99247 1.29884 4.2983 2.22146 2.02584 3.84641 2.74729 1.15524 2.42678 1.98453 1.96717 7.28436 0 7.09274 4.46892 4.38807 5.17733 8.37289 3.55194 5.82662 8.04279 6.45375 3.74685 5.06335 6.44742 2.69286 5.87824 4.22808 6.82639 5.93343 7.27638 8.00741 6.33599 6.20932 4.23621 2.11711 6.73458 2.70259 5.94688 2.15212 2.03162 1.55468 3.74813 2.63245 3.10611 7.03877 1.69207 2.74636 2.14591 2.84638 1.53334 7.08451 1.97766 2.4291 2.21422 1.73766 1.85721 3.58649 1.74479 6.71119 3.24531 2.47444 2.76238 3.32821 7.9738 2.88757 7.6984 3.39398 1.98125 2.09123 1.82951 1.73018 
2.5367 3.62475 2.28474 1.52433 1.67042 13.8722 6.60301 3.64559 1.70699 5.892 4.34443 1.42638 3.34302 6.49702 7.95558 3.49867 5.46841 1.59159 1.87035 4.60573 9.0369 4.56551 4.19568 1.32374 2.65224 3.51869 1.68304 1.53273 4.28233 1.48361 4.56586 2.30326 1.61386 4.41179 3.27316 1.66646 2.39638 1.70575 2.23195 19.6045 7.09274 0 3.0894 3.3107 18.0045 9.97407 2.11081 5.30227 6.41943 17.8395 3.04457 5.01261 16.0178 2.33277 5.27409 3.82856 9.51807 5.28848 9.23038 9.71912 4.47037 4.5949 2.68497 1.40302 16.4662 2.17522 4.92445 1.5179 1.94619 0.998136 2.99204 1.96151 2.32623 4.86591 1.32251 2.45361 1.3505 2.51938 0.822965 6.01211 1.79464 1.37523 1.75526 1.10344 1.813 2.93854 1.26727 4.81203 3.04016 1.52194 2.18713 2.77229 8.03517 1.83676 6.8952 2.38326 1.5049 1.53051 1.65116 1.47629 
3.14345 4.44886 2.7172 2.18685 1.99362 4.62886 5.09436 3.93323 2.31352 4.63881 4.90446 1.78798 3.72008 4.9453 5.23596 4.45013 3.95481 2.00485 2.19865 5.83104 4.8656 5.13104 4.83075 1.68534 2.8587 4.15035 1.99348 1.91337 5.39396 1.43749 5.67777 3.05143 1.97154 5.30148 3.89726 2.15843 3.05006 2.25672 2.75209 4.35401 4.46892 3.0894 0 4.64637 2.83898 3.78123 3.08419 4.69217 4.91375 4.51794 3.74264 4.44407 3.22792 3.14584 4.61991 5.28221 3.84416 5.14141 4.48265 4.45499 3.68598 5.92524 4.28877 2.08188 3.25252 2.3582 4.32751 2.31563 1.81307 1.79972 3.61006 1.88865 2.73177 4.02368 0.999343 2.95063 2.55043 3.61707 1.80726 5.16744 2.23432 2.25824 1.84069 1.84211 2.08456 3.50125 1.83695 4.7459 3.80947 2.4958 2.33127 3.39948 3.76972 2.87755 3.69295 3.8478 1.70616 1.7391 1.61807 1.51619 
2.84282 4.38367 2.6868 1.81724 1.88185 4.51542 4.8994 3.85355 1.93412 4.42573 4.78246 1.63723 3.80318 4.44581 4.78276 4.1582 4.18905 1.88258 1.92913 5.41544 4.46641 5.25027 4.5556 1.54719 3.19057 4.08371 1.79554 1.8168 5.06848 1.69504 5.44965 2.59392 1.33915 5.20687 3.83818 1.90486 2.76036 1.98877 2.61164 4.45816 4.38807 3.3107 4.64637 0 3.41626 4.13157 2.95628 5.04096 5.49127 4.07935 4.03323 4.97874 3.38944 2.94459 4.22128 5.15069 3.85788 5.23495 4.45337 5.04076 5.21759 6.21096 4.07636 1.78797 3.37403 2.85547 5.26706 1.83955 2.16919 1.29401 4.03845 3.03643 2.85253 4.78129 1.53691 2.98341 2.03115 3.30725 1.40272 5.79019 2.13181 1.95499 1.99545 1.42509 2.02444 3.6757 1.56017 5.17569 4.08657 2.08759 2.73033 3.57919 4.63731 2.58777 4.59519 3.56826 1.78683 1.74195 1.8626 1.97188 
1.95604 3.04651 1.67434 1.30414 1.52997 11.3918 5.19852 3.2465 1.38699 5.83566 3.65779 1.05813 2.7021 4.73904 7.01189 2.75254 5.14801 1.33545 1.42889 3.87413 6.66109 3.76973 3.3333 0.967433 2.44128 2.75712 1.2953 1.24396 3.38087 1.38536 3.63586 1.8267 1.3688 3.42011 2.65776 1.36254 1.9681 1.63173 1.554 15.4871 5.17733 18.0045 2.83898 3.41626 0 9.71314 2.1923 4.46836 5.97301 14.5337 2.82528 3.98243 16.5283 2.25475 4.12338 3.36575 8.1478 4.83283 8.66547 9.02946 4.51838 4.84888 3.3537 1.05275 18.382 2.41376 4.37466 1.68985 1.67801 1.09361 3.32421 2.138 2.11732 5.13363 1.1912 2.45752 1.69337 2.38658 1.26239 5.19385 1.66235 1.78421 1.64974 1.27539 1.54299 2.78545 1.26727 5.11908 2.90277 1.36939 2.0292 2.70911 8.28592 1.37886 6.68576 2.90061 1.34798 1.44635 1.48724 1.67898 
2.70478 3.94597 2.62792 1.98377 1.79962 12.384 7.43211 4.92553 2.16768 6.96114 4.2594 1.53247 3.23065 7.20878 9.64094 4.28809 6.73574 1.97987 1.96245 5.70693 10.3246 4.72356 4.48597 1.51455 2.73524 3.85434 1.79948 1.88838 5.11307 1.18006 5.16887 2.72522 1.99474 4.97315 3.56062 1.92222 2.81834 2.05174 2.53135 11.769 8.37289 9.97407 3.78123 4.13157 9.71314 0 2.89829 5.42156 7.31616 12.1907 3.95753 5.59645 9.98193 2.75263 4.79863 5.1406 11.446 6.2373 12.819 11.8653 5.13802 5.44517 4.03356 1.97538 9.54985 2.12878 5.07629 2.15431 1.81307 1.60876 3.30451 2.17643 2.62527 6.07545 0.999343 2.14704 2.26604 3.36841 1.59815 5.98685 2.23432 2.11997 1.62716 1.65115 1.84835 3.12787 1.83695 5.97752 3.35022 2.32248 2.34636 2.90103 10.4312 2.81988 7.65197 3.6124 1.76059 1.7391 1.37871 1.51619 
2.70925 4.26824 2.73498 1.82918 1.91309 3.14795 3.59969 2.43535 2.01184 3.02162 3.50999 1.71934 4.19081 3.83661 3.65735 4.19955 2.65092 1.90691 1.91374 4.09234 3.65778 3.54587 4.77023 1.6167 3.05029 4.05704 1.78015 1.84805 3.6578 1.72628 4.02254 2.77071 1.61386 3.92018 3.81151 1.92765 2.75615 1.93637 2.65982 3.28428 3.55194 2.11081 3.08419 2.95628 2.1923 2.89829 0 3.70232 3.5678 2.69603 3.66883 3.31233 2.01752 2.95686 3.74318 3.61357 2.49578 3.64395 2.94745 3.27282 3.63947 4.04379 3.8009 1.64768 2.27119 2.72868 3.84602 1.81448 2.16519 1.26894 4.3296 3.06816 2.67438 3.23762 1.56518 2.97053 1.88789 3.23263 1.30238 4.0703 2.14312 1.8242 1.99793 1.40003 2.05568 3.77695 1.5845 3.29245 4.01908 1.94433 2.54922 3.87034 3.07074 2.61709 3.26269 3.59248 1.7239 1.77319 1.89384 1.71897 
2.28173 3.56381 2.72819 1.46248 1.57849 4.80176 5.7341 5.23191 2.18214 6.3303 4.53439 1.02986 2.7527 6.0451 6.46456 4.36596 5.5673 2.26168 1.57898 5.8444 5.86122 4.93651 4.07979 1.62876 2.71326 3.63824 1.32218 1.67666 4.88822 1.02986 4.76661 3.00237 2.37094 4.65409 3.12629 1.53549 2.73369 1.80119 2.80163 5.18411 5.82662 5.30227 4.69217 5.04096 4.46836 5.42156 3.70232 0 7.14396 5.47768 4.39045 5.68656 4.936 2.79783 6.02448 5.17181 5.13412 6.73166 5.81323 5.48401 6.81839 6.65134 4.77215 2.5479 4.86666 2.9397 6.14989 2.44255 2.30912 1.84511 4.29948 2.96421 3.28194 6.16412 1.73864 2.95796 2.65227 3.5867 1.99421 6.88646 2.36214 2.55429 2.00366 1.93939 1.94632 3.55494 2.00489 7.20534 3.93667 2.79692 2.85166 3.3255 5.63346 3.35533 5.19809 4.17873 2.21257 2.16946 1.73781 2.09704 
2.8755 4.33948 3.37152 1.85293 1.98945 7.3773 9.18831 5.8913 2.29967 7.70931 5.61828 1.828 4.38758 8.99217 9.28433 4.50314 8.17265 2.3865 2.33844 6.46531 8.28251 5.47859 5.09116 2.0714 3.59279 4.65388 2.12839 1.97748 5.52108 2.20285 5.76443 3.23495 2.35439 5.77673 4.36313 1.87317 3.19765 2.21862 3.26167 7.83267 8.04279 6.41943 4.91375 5.49127 5.97301 7.31616 3.5678 7.14396 0 7.3274 3.51079 6.49656 5.90676 3.44596 6.94055 5.71324 6.07587 6.4121 7.95554 8.04059 6.04171 5.87128 4.19861 2.55279 6.23566 3.41347 6.12816 1.67175 1.53872 1.91903 5.0189 3.34196 2.5707 7.72998 1.88847 3.32679 2.98253 4.02862 2.03783 6.66715 2.51953 1.94601 2.347 2.05012 1.80023 4.455 2.221 6.61812 4.16714 2.56884 2.64064 4.55428 7.07029 3.26783 7.24453 4.58691 1.04826 1.53203 1.81307 2.49702 
2.36199 2.96793 2.38124 1.00057 1.67443 11.4894 5.32659 4.21473 1.4868 6.1978 4.54048 1.21452 3.20608 6.09786 8.08112 3.09652 5.6136 1.97608 1.70946 4.47227 8.38106 4.25255 3.65869 1.41546 2.92714 2.76918 1.22165 1.62554 3.52089 1.59478 3.77318 2.30136 1.40441 3.47019 2.64344 1.3913 2.02536 1.22522 2.23625 16.0715 6.45375 17.8395 4.51794 4.07935 14.5337 12.1907 2.69603 5.47768 7.3274 0 2.9559 5.28886 13.1435 2.07231 5.51866 3.74009 10.3334 5.26615 10.1154 10.5922 6.41265 5.46063 4.0196 1.96021 16.2973 3.09383 6.12788 1.86208 2.05739 1.29543 4.30374 3.0949 2.80096 6.95116 1.64091 3.1607 2.04051 2.56122 1.11694 6.72004 1.93987 2.13634 2.03296 1.44763 1.83177 3.63486 1.76649 6.44556 3.44239 1.97272 2.7506 3.88382 10.1407 2.4851 8.65248 3.56861 1.48869 1.95156 2.09698 2.11155 
