0 2163 1254 1224 1260 1302 738 1692 2088 1944 1743 1372 1959 1605 1908 2244 1707 2874 1467 1686 2272 1023 2016 2058 1772 1899 852 1218 1326 1899 2157 2769 1756 2037 1290 1260 1130 1214 1413 552 2088 2073 2673 2625 2295 2286 2412 1401 1938 1719 1605 1257 1809 882 1995 1830 1971 1479 1602 1662 2148 2814 2220 1700 2268 2796 1905 1930 2586 1562 2892 2256 2256 2505 2337 2556 2106 2232 1776 2487 2002 2438 2020 2535 1436 2337 1796 1677 2190 1674 2514 2694 1824 1820 2196 2490 1312 2907 2136 2832 
2163 0 1984 930 1306 1148 1900 3592 1914 2116 3556 1012 1736 2528 3108 1803 3688 2484 1516 2636 1918 2080 741 2292 1852 2844 1539 924 2728 1299 8 2238 2092 932 2680 392 1836 1920 1329 2148 1564 3172 2972 3186 3024 3032 3624 2612 3300 2412 2048 1768 2256 1569 1688 1032 1624 1384 1336 1740 2708 4099 3184 1622 2752 2700 2292 1530 2672 1162 2884 1656 2496 2540 1980 3132 2928 3096 1836 2840 1620 2550 1620 1941 1142 3024 1558 1436 1971 1172 1914 2620 1956 1406 2118 3440 1266 2703 1898 3300 
1254 1984 0 1122 1282 2681 3409 2560 1830 2303 3720 986 2105 3024 3549 2091 5190 2169 1432 3129 1730 2112 2229 804 1452 860 1305 1116 3235 1323 2660 1956 1636 1650 3240 1158 1776 1854 159 3812 3004 5271 3435 3636 3458 3906 3188 4494 4578 3612 1106 2580 1582 1563 2863 2395 2688 2652 2821 1645 2373 4105 3096 946 4662 2379 1806 1668 2948 1300 2832 1863 2280 4487 1380 2332 2396 2564 1570 3570 1364 2506 1758 1578 1334 3009 1158 2568 2178 1128 1932 2568 2023 1362 1442 2908 558 1920 1498 2500 
1224 930 1122 0 1088 356 732 1616 1696 840 1650 860 1004 1046 1504 984 1626 1628 1206 1100 2220 822 1416 1426 1634 1532 808 706 748 1044 926 1794 1874 1396 772 748 1230 1702 1228 856 1090 1634 1556 1466 1478 1298 1776 1088 1432 988 806 666 942 828 1028 1340 802 474 1188 652 1168 2016 1556 1436 1340 1768 1006 2050 1854 1682 1626 1616 1644 1604 1102 1348 1246 1330 1618 1202 1546 2514 2140 1234 924 1798 1340 1238 1288 1162 1610 1494 760 1396 1932 1502 1048 1766 1680 1432 
1260 1306 1282 1088 0 732 1108 1644 2072 1216 1920 1154 1010 1422 1664 1360 2002 2004 1338 1476 2168 578 1792 1802 2010 1712 1184 1082 1522 1050 1302 1742 2250 1240 1498 1124 1994 2078 1388 1232 924 1390 1800 1842 1426 1542 1616 1464 1188 1364 966 422 1102 1204 986 1400 1178 850 1248 1028 1328 1772 1312 1596 1096 1872 1166 2110 1620 1742 1584 1372 1400 1850 1478 1288 1622 1702 1994 1578 1922 2270 2200 1610 1300 2132 1716 1298 1044 1538 1856 1452 1136 1772 2000 1878 1208 1522 2056 1808 
1302 1148 2681 356 732 0 1692 2520 1340 1694 3235 504 1948 2760 5166 942 3810 1908 1700 2604 1864 1398 1590 1605 1278 2362 678 350 1975 1032 1425 2157 1518 2605 1915 392 1262 1346 1308 3908 3129 8998 3000 3035 5634 6547 2840 2196 3795 4424 3150 930 2930 708 2912 2460 2686 354 5959 2072 3654 4150 2400 1080 6940 2118 2275 1694 2996 1326 2680 1890 1932 4992 1119 1984 1780 1948 1262 2961 1190 2158 1784 1317 568 2163 984 2646 1398 806 1881 2416 1818 1040 1576 2292 692 2115 1324 2152 
738 1900 3409 732 1108 1692 0 1768 1716 3010 2295 880 2168 3304 4626 1506 2682 2367 1360 3080 2044 2526 1401 1632 1528 1964 114 726 1035 1182 2365 2427 1512 2347 975 768 886 970 1578 558 3518 5121 3537 3735 6165 5760 2728 2070 5111 3706 3129 2058 3741 144 3318 1855 3829 1482 2655 3024 4758 4795 2472 1260 5859 2430 3003 1452 2516 1084 2900 1539 2496 4768 1683 2736 1868 2036 1306 4277 1542 2194 1542 1824 944 1599 1360 1920 1854 1182 1797 2636 3510 1416 1756 2380 872 2391 1700 2904 
1692 3592 2560 1616 1644 2520 1768 0 1082 2612 3108 1534 2780 2376 532 2415 1912 1365 2484 2484 2378 2704 2604 2352 2100 3366 1440 1544 2476 2025 3584 2928 1574 3268 2504 1652 1522 1606 1821 1520 2824 508 2504 1820 3272 1988 960 2652 3260 1952 1928 2444 2200 1470 2828 2608 1968 2624 2304 2236 2476 2092 704 1138 1096 1104 2328 1504 3640 678 2860 1236 2754 2240 1785 1480 1436 1268 1060 3336 1968 1310 1886 1365 1762 1494 1066 2404 2697 1164 1689 2596 2364 980 1452 1948 1206 1461 1646 2557 
2088 1914 1830 1696 2072 1340 1716 1082 0 1824 2514 1844 1940 1738 816 712 2038 1460 1792 1792 2928 1806 2400 2118 2618 2224 1792 1690 1608 1900 1910 2502 2566 2184 1632 1732 2090 2168 1764 1720 2026 1336 2334 1992 2186 2076 1562 2072 2416 1346 1514 1650 1650 1812 1964 1854 1786 1458 1702 1636 1876 2128 1434 2144 1630 1818 1714 2564 2370 1760 2512 1906 2628 2202 2086 1822 1604 1688 1976 2186 2530 2392 2654 1992 1908 2078 2148 1752 2272 2146 2208 2380 1744 2062 2534 1860 1756 2056 2664 2154 
1944 2116 2303 840 1216 1694 3010 2612 1824 0 2075 988 2170 2037 3640 1668 4271 1746 1484 2226 1756 2190 2316 1443 1170 2146 1344 834 2615 1362 2635 1995 1410 2979 2675 876 1528 1606 1146 3248 3171 4129 2730 3113 3549 2919 1872 3648 2275 2744 1197 2382 889 1434 2954 2460 1995 1806 2912 658 1680 3085 2520 748 3766 1956 1897 1646 2164 1326 2884 1902 1293 3794 957 1768 2000 2168 1372 2583 1082 2132 1726 1155 1052 2586 876 2502 2124 930 1635 2620 1036 1164 1244 2512 584 1959 1216 1936 
1743 3556 3720 1650 1920 3235 2295 3108 2514 2075 0 1102 2395 3530 4245 2883 3910 2991 2572 3520 2138 3900 2655 2601 2000 3710 1491 1644 3275 1497 4494 2568 2182 3280 3215 1686 1556 1640 2391 1985 2490 3590 2385 1955 3490 1740 3324 3215 3700 3930 2930 4010 2710 1521 2335 3519 3500 3530 3139 2545 3275 5160 2716 1578 2855 2550 3090 2058 3728 1690 2852 2127 2538 3239 1338 2668 3660 3548 2160 3920 1912 2316 1588 2400 1862 2379 1706 3264 2763 1760 1746 2588 2815 852 2046 4088 1414 2352 1348 3596 
1372 1012 986 860 1154 504 880 1534 1844 988 1102 0 144 636 1268 1132 1726 1370 472 690 1684 970 1506 1016 1658 1122 956 854 1024 184 1016 1258 1464 546 1000 896 1506 1850 966 1004 230 1300 1200 1316 942 1232 1526 820 1482 1136 670 814 806 976 168 534 950 622 382 800 1032 1702 1310 1300 1094 1514 470 1244 1050 876 766 818 1694 984 1250 1286 1092 1008 1464 1218 1334 2268 1334 1008 1072 1946 1488 432 1028 1310 990 634 908 1386 1796 1348 912 1520 1696 1580 
1959 1736 2105 1004 1010 1948 2168 2780 1940 2170 2395 144 0 1230 2860 1914 3955 1839 656 1365 1540 2285 2043 1308 1514 2103 1356 998 2200 60 2195 1671 1320 1005 2140 1040 1362 1784 1233 2450 215 2934 2785 2930 1995 2720 2764 2042 3435 2855 1315 2507 1655 1386 60 1352 2445 2101 972 1700 2220 4189 2332 1156 2520 2055 815 1100 1812 732 1244 1011 2325 2282 1695 2284 1896 1728 1320 2685 1190 2124 1190 1296 1216 2841 1368 1097 1326 1338 1269 980 1970 1242 1652 2408 768 2064 1552 2920 
1605 2528 3024 1046 1422 2760 3304 2376 1738 2037 3530 636 1230 0 3688 1977 4364 2055 1640 189 1566 2808 2517 570 1376 1376 1353 1040 2740 798 3150 1710 828 2235 2800 1082 1464 1548 1455 2808 2138 5438 3245 1700 3296 4339 3036 3604 4312 3551 2192 3000 2736 1383 1921 2359 4000 2424 3536 1576 3640 4540 2868 1178 5128 2265 2618 1592 2796 1224 2228 1749 2166 5356 1266 2180 2184 2352 1464 3304 1288 2392 1682 1464 1258 2838 1082 2648 2064 1360 2007 1964 2008 750 1674 2696 790 2268 1422 2348 
1908 3108 3549 1504 1664 5166 4626 532 816 3640 4245 1268 2860 3688 0 2416 3892 966 1952 3416 2112 3258 2820 1953 1834 2834 1656 1498 3550 1626 3875 2529 1750 3499 3490 1540 1666 1750 1422 4068 4313 3033 3795 2940 6353 6027 1492 4410 5915 6019 3141 3726 3753 1686 4096 2595 5175 3798 3987 3834 4770 3280 1236 1328 4356 1503 3143 1748 3108 944 3392 1635 2853 5646 1953 2012 1968 1800 1326 4907 1746 1576 1838 1764 1716 1893 1332 2808 2298 1430 2088 3128 4320 1246 1718 2480 940 1860 1880 2823 
2244 1803 2091 984 1360 942 1506 2415 712 1668 2883 1132 1914 1977 2416 0 1998 2850 2217 2058 2492 1641 2532 2547 1906 2421 1620 978 1344 1974 1797 3099 1950 2295 1380 1020 1378 1456 2250 1692 2043 2034 2742 2607 2625 2355 2373 2040 2556 951 1617 1407 1821 1650 1950 2268 1611 1119 2190 1386 2118 3222 2181 1708 2418 2757 1917 2322 3189 1780 2847 2832 2874 2814 2061 2430 1338 1464 1264 2211 1818 2412 2412 2259 1196 3105 1612 2265 2340 1434 2823 2649 1548 1668 2176 1722 1320 3057 1952 2556 
1707 3688 5190 1626 2002 3810 2682 1912 2038 4271 3910 1726 3955 4364 3892 1998 0 2799 2760 4262 1526 4896 2619 2577 2174 3356 1455 1620 2400 2433 4600 1650 618 3985 2460 1662 1442 1520 2754 2310 4860 2465 1980 3395 2352 3346 952 4008 5942 2094 4242 4740 4650 1485 4674 3940 4452 4164 4410 4530 4428 3735 1600 1586 3238 1776 3768 1952 4276 1126 3560 1908 3228 3584 1869 2376 1912 2080 1328 6012 2404 1758 1942 2037 1838 2166 1514 4560 3174 1612 1503 3296 4854 1428 1900 2424 1656 2133 1702 3425 
2874 2484 2169 1628 2004 1908 2367 1365 1460 1746 2991 1370 1839 2055 966 2850 2799 0 1617 2136 2542 2277 3213 2625 1958 2784 2481 1622 2988 1779 2478 3174 2198 2442 2952 1664 2310 2394 2328 2322 1968 1746 2709 2730 2703 2433 2085 2733 2721 2769 1695 2373 1899 2511 1875 1710 2373 2085 1482 1464 2238 2934 1893 1760 2187 2469 1995 1850 2484 1482 2772 2136 3039 2385 2139 2475 2442 2316 1970 2289 1870 2220 1940 2337 1840 2859 1664 1557 2451 1942 2394 2574 1626 1890 2256 2826 1372 2826 2004 2634 
1467 1516 1432 1206 1338 1700 1360 2484 1792 1484 2572 472 656 1640 1952 2217 2760 1617 0 1748 1644 1576 1866 1800 1536 2292 1134 1036 2188 432 1508 1827 1648 1460 2140 1150 1372 1456 1233 1220 828 2016 1816 3000 2136 2332 2468 1848 2380 2064 800 1888 1072 1164 704 484 1704 1608 180 1108 1524 2978 2036 1030 1604 1833 1200 952 1516 584 1900 789 2103 1384 1506 1988 2552 2384 1648 2208 1042 1976 1042 1074 1254 2619 1242 280 1104 1212 1047 1636 1324 1446 1526 3064 642 1842 1582 2668 
1686 2636 3129 1100 1476 2604 3080 2484 1792 2226 3520 690 1365 189 3416 2058 4262 2136 1748 0 1620 2970 2598 489 1430 1322 1434 1094 2605 879 3285 1791 774 2370 2665 1136 1518 1602 1452 2646 2273 4588 3380 1565 3073 3829 3016 3766 4501 2730 2107 3162 2583 1464 2056 2494 3689 2586 3206 1568 3374 4675 2760 1232 4676 2346 2807 1646 2904 1278 2336 1830 2247 4872 1347 2288 2076 2244 1410 3493 1342 2338 1736 1545 1312 2919 1136 2810 2145 1414 2088 2072 1946 696 1728 2588 844 2349 1476 2456 
2272 1918 1730 2220 2168 1864 2044 2378 2928 1756 2138 1684 1540 1566 2112 2492 1526 2542 1644 1620 0 1590 2404 1946 2550 2052 1968 2002 2372 1580 1914 426 2144 1894 2348 2256 2854 2952 1836 2168 1578 2182 1654 2106 742 1442 2002 2032 2200 2130 1414 1746 1550 2140 1516 1402 1442 1770 1554 1568 1776 2740 2104 2044 1888 2400 1214 2416 2222 2048 2114 1990 2294 1870 1638 2080 2296 2356 2668 1962 2462 3062 2334 2150 2220 2332 2256 1604 2200 1802 1864 1982 1676 2036 2540 2552 1656 2314 2094 2348 
1023 2080 2112 822 578 1398 2526 2704 1806 2190 3900 970 2285 2808 3258 1641 4896 2277 1576 2970 1590 0 2289 1860 1524 2268 1377 816 3140 1431 2590 1746 1764 3094 3080 858 1658 1742 1215 2688 2856 3372 3615 3872 2544 3564 2700 3594 1830 3294 1164 468 1572 1407 2670 2575 2520 1752 2634 1626 2250 2985 2092 1018 2490 2409 1764 1652 2084 1372 2976 1659 1233 4062 1488 2044 2540 2708 1642 3276 1436 2004 1830 1686 1034 2799 1230 2784 1167 1200 2040 2712 1950 1434 1514 3052 630 1884 1570 2644 
2016 741 2229 1416 1792 1590 1401 2604 2400 2316 2655 1506 2043 2517 2820 2532 2619 3213 1866 2598 2404 2289 0 3033 2338 2874 1515 1410 2022 2028 735 2967 2364 1440 1986 886 1738 1822 2070 1464 1914 2985 2958 2943 2997 3003 3324 2313 3204 2415 2265 2055 2421 1545 2007 1503 1947 1767 1731 2034 2760 3711 3117 2108 2793 3429 2460 2016 2733 1648 2904 2385 3225 2634 2709 3078 2802 2928 2240 2859 2106 3036 2106 2670 1628 3000 2044 1806 2700 1658 2643 2706 2196 1892 2604 3186 1752 3432 2384 3204 
2058 2292 804 1426 1802 1605 1632 2352 2118 1443 2601 1016 1308 570 1953 2547 2577 2625 1800 489 1946 1860 3033 0 1756 159 1746 1420 2022 1368 2298 2280 1100 1593 2058 1462 1830 1908 963 1623 1353 2412 2517 1428 1806 2130 2751 2322 2418 1629 1278 2070 1482 1776 1344 1893 1956 1782 1665 1161 1821 3267 2559 1482 2493 2835 1578 1972 2667 1604 2241 2319 2736 2568 1836 2205 2016 2142 1716 1986 1668 2664 2062 2034 1638 3231 1462 1740 2634 1664 2577 2043 1323 1022 1978 2400 1094 2724 1802 2331 
1772 1852 1452 1634 2010 1278 1528 2100 2618 1170 2000 1658 1514 1376 1834 1906 2174 1958 1536 1430 2550 1524 2338 1756 0 1862 1604 1628 1920 1474 1848 2124 2204 1916 1896 1670 2166 2250 1558 1404 1600 2018 1686 2056 1808 1428 2106 838 1820 1852 1136 1588 1272 1624 1538 1778 1588 1396 1626 982 1498 2404 1960 1766 1744 2098 1336 2488 2184 2120 2136 2020 2032 1902 1432 1678 2018 2102 2200 1532 1876 2918 2320 1564 1846 2318 1670 1676 2210 1948 1896 2004 1090 2126 2262 2084 1378 2100 2010 1762 
1899 2844 860 1532 1712 2362 1964 3366 2224 2146 3710 1122 2103 1376 2834 2421 3356 2784 2292 1322 2052 2268 2874 159 1862 0 1587 1526 2484 1527 2852 2439 1206 1912 2532 1568 1724 1802 804 2212 2148 3404 3578 2518 2674 3062 3856 3317 3446 1960 1492 2580 1764 1617 2127 2746 2396 2598 2442 1770 2216 4144 3600 1376 3524 2994 1892 2078 3778 1710 3323 2478 2895 3424 1995 3162 2476 2644 1610 2870 1774 2758 2168 2193 1744 3072 1568 2542 2793 1558 2577 3059 1986 1128 1872 2988 988 2565 1908 3330 
852 1539 1305 808 1184 678 114 1440 1792 1344 1491 956 1356 1353 1656 1620 1455 2481 1134 1434 1968 1377 1515 1746 1604 1587 0 802 735 1296 1533 2313 1588 1185 699 844 962 1046 1464 300 1485 1821 2226 2343 1839 2031 2160 1149 2292 1128 831 1143 1035 258 1392 1227 1347 855 999 1062 1374 2820 1968 1184 2067 2544 1131 1528 2001 1160 2289 1653 2610 1902 1737 2106 1515 1641 1382 1887 1602 2270 1618 1935 1020 1713 1396 1074 1968 1258 1911 2091 1224 1492 1680 1899 796 2277 1736 2232 
1218 924 1116 706 1082 350 726 1544 1690 834 1644 854 998 1040 1498 978 1620 1622 1036 1094 2002 816 1410 1420 1628 1526 802 0 1140 1038 920 1576 1868 1390 1116 742 1612 1696 1222 850 1084 1418 1550 1224 1260 1292 1644 1082 1426 982 800 660 876 822 1022 1098 560 232 946 646 1102 2010 1340 1370 1124 1762 1000 1808 1614 1440 1620 1382 1412 1548 1096 1316 1240 1324 1612 1196 1540 2298 1898 1228 682 1792 1334 996 1282 920 1554 1488 754 1154 1866 1496 1042 1550 1674 1426 
1326 2728 3235 748 1522 1975 1035 2476 1608 2615 3275 1024 2200 2740 3550 1344 2400 2988 2188 2605 2372 3140 2022 2022 1920 2484 735 1140 0 1380 3400 2919 1578 2775 60 1182 482 1084 2100 1290 1985 2733 4380 4114 4075 4180 2420 2705 4240 655 2445 2750 2135 765 2140 2850 2925 2270 2510 2715 2600 4554 2164 1348 3395 2199 2895 1866 3344 1408 2908 2160 2862 4015 2304 2940 1040 1208 892 4090 1956 2040 1956 2445 1358 2220 1774 2635 2475 1530 2418 2644 2985 1710 1804 1552 1220 2556 2114 3636 
1899 1299 1323 1044 1050 1032 1182 2025 1900 1362 1497 184 60 798 1626 1974 2433 1779 432 879 1580 1431 2028 1368 1474 1527 1296 1038 1380 0 1293 1731 1360 663 1344 1080 1402 1744 1293 1347 189 1674 1524 1818 1257 1692 2013 954 1947 1710 849 1497 1053 1326 96 525 1527 1209 297 1080 1392 2277 1689 1196 1365 1995 549 1060 1299 692 993 951 2265 1200 1755 1653 1482 1356 1360 1671 1150 2084 1150 1236 1256 2781 1408 372 1266 1378 1209 795 1242 1282 1692 1866 808 2004 1592 2250 
2157 8 2660 926 1302 1425 2365 3584 1910 2635 4494 1016 2195 3150 3875 1797 4600 2478 1508 3285 1914 2590 735 2298 1848 2852 1533 920 3400 1293 0 2232 2088 1592 3340 396 1832 1916 1335 2675 2066 3955 3722 4148 3770 3780 3616 3255 4115 3005 2550 2200 2810 1563 2159 1280 2020 1720 1660 2165 3375 5206 3176 1618 3430 2694 2910 1526 2664 1158 2892 1650 2490 3165 1974 3124 2920 3088 1832 3540 1616 2546 1616 1935 1138 3018 1554 1785 1965 1168 1908 2628 2435 1402 2114 3432 1262 2697 1894 3292 
2769 2238 1956 1794 1742 2157 2427 2928 2502 1995 2568 1258 1671 1710 2529 3099 1650 3174 1827 1791 426 1746 2967 2280 2124 2439 2313 1576 2919 1731 2232 0 1718 2202 2883 1830 2428 2526 2115 2613 1728 2634 1842 2520 474 1524 2364 2409 2661 2556 1482 1980 1686 2571 1635 1464 1524 2016 1692 1713 2025 3471 2517 1618 2193 2961 1182 1990 2694 1622 2532 2346 2802 2166 1818 2481 2805 2895 2242 2304 2036 2636 1908 2586 1794 2859 1830 1767 2661 1376 2157 2334 1875 1610 2114 3189 1230 2832 1668 2883 
1756 2092 1636 1874 2250 1518 1512 1574 2566 1410 2182 1464 1320 828 1750 1950 618 2198 1648 774 2144 1764 2364 1100 2204 1206 1588 1868 1578 1360 2088 1718 0 1722 1602 1910 2060 2138 1742 1388 1406 1320 1410 1400 1402 1668 1094 1954 2060 1316 1376 1828 1512 1608 1344 1710 1828 1636 1558 1222 1738 2112 1418 2006 1614 1802 1576 2420 2226 1744 1942 1890 2272 1626 1672 1806 1574 1658 1946 1772 2116 2376 2510 1804 2086 2062 1910 1608 2204 2188 1620 1810 1330 1470 2502 1830 1618 2040 2250 2002 
2037 932 1650 1396 1240 2605 2347 3268 2184 2979 3280 546 1005 2235 3499 2295 3985 2442 1460 2370 1894 3094 1440 1593 1916 1912 1185 1390 2775 663 1592 2202 1722 0 2715 858 1592 1718 630 2650 790 3685 3766 3935 2880 3605 3400 2934 4397 2240 2124 3380 2464 1443 945 2075 3203 2900 1847 2509 3029 5108 3136 1472 3501 2658 1700 1502 2616 1134 1952 1614 2928 3263 2169 3088 2308 2188 1526 3570 1592 2526 1592 1899 1608 2898 1684 1972 1929 1638 1872 1688 2779 1644 1968 2820 1084 2667 1906 3552 
1290 2680 3240 772 1498 1915 975 2504 1632 2675 3215 1000 2140 2800 3490 1380 2460 2952 2140 2665 2348 3080 1986 2058 1896 2532 699 1116 60 1344 3340 2883 1602 2715 0 1158 506 1108 2103 1230 1925 2769 4440 4174 4015 4120 2468 2645 4300 715 2450 2690 2195 729 2080 2830 2985 2210 2450 2655 2660 4614 2212 1372 3450 2235 2835 1842 3296 1432 2860 2124 2898 3955 2268 2988 1088 1256 916 4030 1932 2064 1932 2409 1334 2184 1750 2575 2439 1554 2382 2596 2925 1734 1828 1600 1222 2592 2090 3660 
1260 392 1158 748 1124 392 768 1652 1732 876 1686 896 1040 1082 1540 1020 1662 1664 1150 1136 2256 858 886 1462 1670 1568 844 742 1182 1080 396 1830 1910 858 1158 0 1654 1738 1264 892 1126 1670 1592 1502 1514 1334 1812 1124 1468 1024 842 702 978 864 1064 908 838 510 1060 688 1204 2052 1592 1472 1376 1804 1042 1922 1728 1554 1662 1496 1680 1640 1138 1384 1282 1366 1654 1238 1582 2550 2012 1270 960 1834 1376 1110 1324 1198 1646 1530 796 1432 1968 1538 1084 1802 1716 1468 
1130 1836 1776 1230 1994 1262 886 1522 2090 1528 1556 1506 1362 1464 1666 1378 1442 2310 1372 1518 2854 1658 1738 1830 2166 1724 962 1612 482 1402 1832 2428 2060 1592 506 1654 0 1566 1882 762 1276 1466 2176 2122 2112 1918 1692 1328 2178 744 1460 1572 1336 982 1338 1614 1652 1380 1462 1502 1522 2258 1564 1830 1760 1948 1640 2324 2130 1890 1936 1898 2390 2064 1952 1952 1002 1086 1374 2052 2396 2522 2414 2084 1830 1952 2190 1512 2108 2012 2070 1804 1610 2192 2286 1258 1702 2186 2530 2282 
1214 1920 1854 1702 2078 1346 970 1606 2168 1606 1640 1850 1784 1548 1750 1456 1520 2394 1456 1602 2952 1742 1822 1908 2250 1802 1046 1696 1084 1744 1916 2526 2138 1718 1108 1738 1566 0 1960 846 1870 1544 2260 2200 2210 2002 1770 1412 2256 822 1538 1656 1674 1066 1808 1698 1792 1464 1546 1586 1600 2336 1642 2168 1838 2026 1738 2408 2214 1968 2406 1982 2468 2148 2036 2030 1080 1164 1452 2136 2480 2600 2498 2168 1914 2036 2274 1596 2192 2152 2154 2274 1694 2270 2364 1336 1780 2264 2614 2362 
1413 1329 159 1228 1388 1308 1578 1821 1764 1146 2391 966 1233 1455 1422 2250 2754 2328 1233 1452 1836 1215 2070 963 1558 804 1464 1222 2100 1293 1335 2115 1742 630 2103 1264 1882 1960 0 1764 1104 2202 2220 2307 1641 1833 2541 2247 2121 1707 633 1449 837 1722 1197 1596 1311 1485 1368 864 1176 2622 2349 1052 2157 2538 933 1774 2370 1406 2094 2022 2439 2082 1539 1908 1956 2082 1676 1689 1470 2524 1864 1737 1440 3168 1264 1443 2337 1234 2091 1896 1026 1468 1548 2340 664 2079 1604 2034 
552 2148 3812 856 1232 3908 558 1520 1720 3248 1985 1004 2450 2808 4068 1692 2310 2322 1220 2646 2168 2688 1464 1623 1404 2212 300 850 1290 1347 2675 2613 1388 2650 1230 892 762 846 1764 0 3913 9500 3535 3455 7330 7281 2480 1698 5307 7605 6285 2430 4730 330 3724 2130 4990 1854 5642 5920 5232 4515 2224 1384 10776 2244 3409 1562 2736 1194 3120 1704 2577 5208 1785 2872 2072 2240 1408 4515 1634 2070 1652 1983 1068 1785 1428 2250 2019 1306 1962 2856 3816 1452 1880 2584 996 2577 1768 3040 
2088 1564 3004 1090 924 3129 3518 2824 2026 3171 2490 230 215 2138 4313 2043 4860 1968 828 2273 1578 2856 1914 1353 1600 2148 1485 1084 1985 189 2066 1728 1406 790 1925 1126 1276 1870 1104 3913 0 4137 2976 3145 2926 4167 2768 2990 5182 3760 1974 3228 2450 1515 217 1555 3556 2835 2229 2513 3241 4356 2504 1194 3989 2184 1274 1186 1984 818 1320 1140 2454 3715 1752 2456 1724 1556 1234 3892 1276 2210 1276 1425 1302 2850 1406 1852 1455 1376 1398 1056 2891 1328 1690 2236 806 2193 1590 2996 
2073 3172 5271 1634 1390 8998 5121 508 1336 4129 3590 1300 2934 5438 3033 2034 2465 1746 2016 4588 2182 3372 2985 2412 2018 3404 1821 1418 2733 1674 3955 2634 1320 3685 2769 1670 1466 1544 2202 9500 4137 0 2495 1640 7200 4440 452 3600 4995 9745 8953 2904 5870 1851 4190 2675 4290 3558 8155 9098 5468 1980 196 884 2499 723 4865 1250 3172 424 2352 855 2382 3464 1404 972 928 760 806 5266 1714 1056 1632 984 1636 1113 812 2904 2346 910 1308 2088 4176 726 1198 1440 1432 1080 1392 2135 
2673 2972 3435 1556 1800 3000 3537 2504 2334 2730 2385 1200 2785 3245 3795 2742 1980 2709 1816 3380 1654 3615 2958 2517 1686 3578 2226 1550 4380 1524 3722 1842 1410 3766 4440 1592 2176 2260 2220 3535 2976 2495 0 3730 2280 645 2448 2120 3167 3725 2645 3445 2689 2256 2821 2442 3170 3295 2062 2260 2227 4359 1840 1294 1760 1119 2817 1680 2972 1312 1976 1407 2040 1159 681 1792 2680 2756 1712 3503 1770 1878 1150 2166 1768 1722 1592 2187 2196 1628 315 1712 2530 1562 1584 3192 1300 1695 910 2465 
2625 3186 3636 1466 1842 3035 3735 1820 1992 3113 1955 1316 2930 1700 2940 2607 3395 2730 3000 1565 2106 3872 2943 1428 2056 2518 2343 1224 4114 1818 4148 2520 1400 3935 4174 1502 2122 2200 2307 3455 3145 1640 3730 0 3550 3085 1764 4235 4504 3459 2902 3592 2834 2373 2990 3950 2348 2976 3570 2685 3399 3620 1508 1378 1970 1707 3402 1906 4156 1080 3340 1596 2274 3805 2145 1960 2240 2072 1462 4006 1968 1712 2126 1968 1442 2097 1468 3695 3063 1024 2292 3076 2955 70 1692 2752 1358 1821 1886 3138 
2295 3024 3458 1478 1426 5634 6165 3272 2186 3549 3490 942 1995 3296 6353 2625 2352 2703 2136 3073 742 2544 2997 1806 1808 2674 1839 1260 4075 1257 3770 474 1402 2880 4015 1514 2112 2210 1641 7330 2926 7200 2280 3550 0 3500 2520 3870 5206 7034 3840 3012 4248 2097 2709 2825 3500 3084 4890 4522 4757 4995 2724 1302 5730 2487 1652 1840 3292 1472 2744 2121 2328 4956 1344 2676 3108 3228 1926 4270 1720 2320 1592 2112 1478 2385 1514 3084 2436 1060 1683 2480 4399 1294 1798 3620 914 2358 1352 3212 
2286 3032 3906 1298 1542 6547 5760 1988 2076 2919 1740 1232 2720 4339 6027 2355 3346 2433 2332 3829 1442 3564 3003 2130 1428 3062 2031 1292 4180 1692 3780 1524 1668 3605 4120 1334 1918 2002 1833 7281 4167 4440 645 3085 3500 0 1932 1770 5038 9013 4925 3360 4755 2064 3950 3087 5050 3180 6688 4771 4365 3830 1324 1036 2676 1506 3500 1938 3488 1164 1460 1083 2427 3836 294 1276 2408 2240 1464 4054 1540 1620 892 1830 1510 1335 1334 3412 2346 1370 702 1196 3751 1304 1350 2696 1042 1308 652 2723 
2412 3624 3188 1776 1616 2840 2728 960 1562 1872 3324 1526 2764 3036 1492 2373 952 2085 2468 3016 2002 2700 3324 2751 2106 3856 2160 1644 2420 2013 3616 2364 1094 3400 2468 1812 1692 1770 2541 2480 2768 452 2448 1764 2520 1932 0 2852 3172 1896 2556 2388 2380 2190 2812 2592 2168 2824 2288 2248 2420 2036 648 1110 1040 1062 2956 1476 3624 650 2804 1194 2697 2184 1743 1424 1380 1212 1032 3348 1940 1282 1858 1323 1862 1452 1038 2388 2685 1136 1647 2540 2308 952 1424 1892 1520 1419 1618 2518 
1401 2612 4494 1088 1464 2196 2070 2652 2072 3648 3215 820 2042 3604 4410 2040 4008 2733 1848 3766 2032 3594 2313 2322 838 3317 1149 1082 2705 954 3255 2409 1954 2934 2645 1124 1328 1412 2247 1698 2990 3600 2120 4235 3870 1770 2852 0 5424 4042 3546 3126 3954 1179 2804 2681 3534 2550 2934 3084 4518 4980 2244 1496 2718 2391 3386 1696 3004 1328 2596 1773 3030 3564 1179 2196 3204 3080 1924 4734 1786 2080 1482 2190 1300 2220 1716 3084 2220 1538 1587 2332 3408 1764 1810 3616 1424 1998 1242 3616 
1938 3300 4578 1432 1188 3795 5111 3260 2416 2275 3700 1482 3435 4312 5915 2556 5942 2721 2380 4501 2200 1830 3204 2418 1820 3446 2292 1426 4240 1947 4115 2661 2060 4397 4300 1468 2178 2256 2121 5307 5182 4995 3167 4504 5206 5038 3172 5424 0 5019 3472 2298 3164 2322 4965 3130 3880 3582 4232 2933 3955 1460 2948 1398 5129 2211 4172 1042 864 1594 3920 2304 318 4062 1932 3068 3300 3468 2022 4098 1732 1482 2052 2130 1644 3177 1526 3617 2082 1424 1407 3656 3311 1658 1894 3812 808 1788 1562 3236 
1719 2412 3612 988 1364 4424 3706 1952 1346 2744 3930 1136 2855 3551 6019 951 2094 2769 2064 2730 2130 3294 2415 1629 1852 1960 1128 982 655 1710 3005 2556 1316 2240 715 1024 744 822 1707 7605 3760 9745 3725 3459 7034 9013 1896 4042 5019 0 5370 2826 4260 1158 3977 2195 5480 2250 7065 6525 3951 3899 1640 1346 10520 1806 3206 1804 3220 1146 3432 1938 2469 5690 1980 2416 516 684 630 4970 1764 1778 1894 2067 1200 2196 1534 2976 2346 1438 2082 3168 4401 1448 1542 1028 958 2163 1898 3134 
1605 2048 1106 806 966 3150 3129 1928 1514 1197 2930 670 1315 2192 3141 1617 4242 1695 800 2107 1414 1164 2265 1278 1136 1492 831 800 2445 849 2550 1482 1376 2124 2450 842 1460 1538 633 6285 1974 8953 2645 2902 3840 4925 2556 3546 3472 5370 0 1632 680 1089 1757 1605 2260 1704 4499 1155 1629 3315 2464 630 7685 1905 700 1352 2316 984 2200 1389 1806 3864 906 1700 1764 1932 1254 2464 1048 2190 1442 1104 1018 2535 842 1620 1704 812 1458 1936 1179 1046 1126 2276 242 1446 1182 1868 
1257 1768 2580 666 422 930 2058 2444 1650 2382 4010 814 2507 3000 3726 1407 4740 2373 1888 3162 1746 468 2055 2070 1588 2580 1143 660 2750 1497 2200 1980 1828 3380 2690 702 1572 1656 1449 2430 3228 2904 3445 3592 3012 3360 2388 3126 2298 2826 1632 0 2040 1173 3042 2965 2268 1284 3102 1818 2718 3375 1780 1174 2022 2175 2232 1808 2396 1392 2962 1425 1467 4530 1584 1732 2400 2568 1572 3468 1500 1848 1986 1782 878 2565 1294 3252 933 1116 2274 2848 2142 1350 1578 2912 786 1650 1634 2772 
1809 2256 1582 942 1102 2930 3741 2200 1650 889 2710 806 1655 2736 3753 1821 4650 1899 1072 2583 1550 1572 2421 1482 1272 1764 1035 876 2135 1053 2810 1686 1512 2464 2195 978 1336 1674 837 4730 2450 5870 2689 2834 4248 4755 2380 3954 3164 4260 680 2040 0 1293 2233 1945 1580 1932 3132 1450 1017 2975 2192 494 4400 2040 1176 1392 2268 1120 2472 1593 1674 3320 1110 1972 1492 1660 1118 2940 1184 2054 1482 1308 1094 2739 978 1740 1764 676 1254 2208 1791 910 990 2004 378 1650 1318 2140 
882 1569 1563 828 1204 708 144 1470 1812 1434 1521 976 1386 1383 1686 1650 1485 2511 1164 1464 2140 1407 1545 1776 1624 1617 258 822 765 1326 1563 2571 1608 1443 729 864 982 1066 1722 330 1515 1851 2256 2373 2097 2064 2190 1179 2322 1158 1089 1173 1293 0 1422 1257 1377 885 1029 1152 1632 3009 1998 1356 2097 2574 1389 1548 2031 1180 2319 1683 2640 1932 1827 2196 1545 1671 1402 1977 1638 2290 1638 1968 1040 1455 1456 1104 1998 1278 1941 2121 1314 1512 1852 1929 968 2535 1796 2322 
1995 1688 2863 1028 986 2912 3318 2828 1964 2954 2335 168 60 1921 4096 1950 4674 1875 704 2056 1516 2670 2007 1344 1538 2127 1392 1022 2140 96 2159 1635 1344 945 2080 1064 1338 1808 1197 3724 217 4190 2821 2990 2709 3950 2812 2804 4965 3977 1757 3042 2233 1422 0 1400 3339 2649 2012 2296 3024 4201 2380 1132 3772 2091 1057 1124 1860 756 1196 1047 2361 3498 1659 2332 1848 1680 1296 3675 1214 2148 1214 1332 1240 2877 1344 1666 1362 1314 1305 932 2674 1266 1628 2360 744 2100 1528 2872 
1830 1032 2395 1340 1400 2460 1855 2608 1854 2460 3519 534 1352 2359 2595 2268 3940 1710 484 2494 1402 2575 1503 1893 1778 2746 1227 1098 2850 525 1280 1464 1710 2075 2830 908 1614 1698 1596 2130 1555 2675 2442 3950 2825 3087 2592 2681 3130 2195 1605 2965 1945 1257 1400 0 2735 2165 380 1990 2510 4044 2160 1272 2160 1926 1853 1014 1640 646 2024 882 2196 1885 1869 2112 2272 2440 1508 3365 1104 2038 1104 1167 1316 2712 1484 505 1197 1454 1140 1760 2260 1632 1768 2784 884 1935 1824 3152 
1971 1624 2688 802 1178 2686 3829 1968 1786 1995 3500 950 2445 4000 5175 1611 4452 2373 1704 3689 1442 2520 1947 1956 1588 2396 1347 560 2925 1527 2020 1524 1828 3203 2985 838 1652 1792 1311 4990 3556 4290 3170 2348 3500 5050 2168 3534 3880 5480 2260 2268 1580 1377 3339 2735 0 984 4712 3030 2439 3765 1560 810 2820 2010 2282 1708 2900 1282 2892 1260 1278 4584 1584 1512 2124 2292 1434 3234 1500 1738 1798 1782 778 2400 1294 2688 2067 360 1728 2628 3213 594 1306 2636 694 1485 1402 2772 
1479 1384 2652 474 850 354 1482 2624 1458 1806 3530 622 2101 2424 3798 1119 4164 2085 1608 2586 1770 1752 1767 1782 1396 2598 855 232 2270 1209 1720 2016 1636 2900 2210 510 1380 1464 1485 1854 2835 3558 3295 2976 3084 3180 2824 2550 3582 2250 1704 1284 1932 885 2649 2165 984 0 2142 1242 2610 4445 2216 1138 2676 2295 2304 1576 2764 1208 2869 1725 1770 3948 1296 2168 2016 2184 1380 2892 1308 2066 1666 1494 450 2340 1102 2292 1575 688 1983 2605 1566 922 1634 2528 810 1977 1442 2388 
1602 1336 2821 1188 1248 5959 2655 2304 1702 2912 3139 382 972 3536 3987 2190 4410 1482 180 3206 1554 2634 1731 1665 1626 2442 999 946 2510 297 1660 1692 1558 1847 2450 1060 1462 1546 1368 5642 2229 8155 2062 3570 4890 6688 2288 2934 4232 7065 4499 3102 3132 1029 2012 380 4712 2142 0 7186 3834 3664 1856 1120 7748 1698 2163 862 1336 494 1720 654 1968 2408 1641 1808 2372 2204 1558 4179 952 1886 952 939 1164 2484 1332 150 969 1302 912 1456 3384 1480 1616 2884 732 1707 1672 2848 
1662 1740 1645 652 1028 2072 3024 2236 1636 658 2545 800 1700 1576 3834 1386 4530 1464 1108 1568 1568 1626 2034 1161 982 1770 1062 646 2715 1080 2165 1713 1222 2509 2655 688 1502 1586 864 5920 2513 9098 2260 2685 4522 4771 2248 3084 2933 6525 1155 1818 1450 1152 2296 1990 3030 1242 7186 0 2322 3555 2208 784 8482 1674 1239 1506 2404 1138 2508 1620 1575 3808 675 1392 2072 2240 1218 1925 894 2062 1538 873 864 2304 688 2082 1842 966 1437 2244 486 1144 1280 2204 396 1677 1028 1560 
2148 2708 2373 1168 1328 3654 4758 2476 1876 1680 3275 1032 2220 3640 4770 2118 4428 2238 1524 3374 1776 2250 2760 1821 1498 2216 1374 1102 2600 1392 3375 2025 1738 3029 2660 1204 1522 1600 1176 5232 3241 5468 2227 3399 4757 4365 2420 4518 3955 3951 1629 2718 1017 1632 3024 2510 2439 2610 3834 2322 0 2410 2164 720 4977 1701 1967 1422 1816 1346 2924 1932 2013 2416 1080 2424 1040 1208 892 3731 1410 1862 1708 1647 1320 2589 1204 2418 2103 902 915 2660 2808 1136 764 1552 604 1989 1544 1740 
2814 4099 4105 2016 1772 4150 4795 2092 2128 3085 5160 1702 4189 4540 3280 3222 3735 2934 2978 4675 2740 2985 3711 3267 2404 4144 2820 2010 4554 2277 5206 3471 2112 5108 4614 2052 2258 2336 2622 4515 4356 1980 4359 3620 4995 3830 2036 4980 1460 3899 3315 3375 2975 3009 4201 4044 3765 4445 3664 3555 2410 0 1780 1676 2715 1911 3815 458 2032 1216 3936 2043 1194 3820 2526 2556 2512 2344 1598 4170 2272 898 2172 2172 2228 2301 1604 3639 2799 1702 2283 3672 3825 1518 1728 3024 1392 2268 2146 3332 
2220 3184 3096 1556 1312 2400 2472 704 1434 2520 2716 1310 2332 2868 1236 2181 1600 1893 2036 2760 2104 2092 3117 2559 1960 3600 1968 1340 2164 1689 3176 2517 1418 3136 2212 1592 1564 1642 2349 2224 2504 196 1840 1508 2724 1324 648 2244 2948 1640 2464 1780 2192 1998 2380 2160 1560 2216 1856 2208 2164 1780 0 806 432 870 2864 1348 3192 522 2196 738 2433 1928 1287 816 1124 956 904 2788 1812 958 1554 837 1558 1260 910 1956 2268 1008 1455 1932 2052 824 1120 1636 1474 963 1314 2316 
1700 1622 946 1436 1596 1080 1260 1138 2144 748 1578 1300 1156 1178 1328 1708 1586 1760 1030 1232 2044 1018 2108 1482 1766 1376 1184 1370 1348 1196 1618 1618 2006 1472 1372 1472 1830 2168 1052 1384 1194 884 1294 1378 1302 1036 1110 1496 1398 1346 630 1174 494 1356 1132 1272 810 1138 1120 784 720 1676 806 0 590 1366 830 1886 1628 1308 1472 866 1610 1324 1232 782 1240 1264 1608 1334 1678 1764 1928 1364 1588 1626 1472 1074 1670 1170 1330 1340 892 1404 1484 1492 872 1016 1688 1564 
2268 2752 4662 1340 1096 6940 5859 1096 1630 3766 2855 1094 2520 5128 4356 2418 3238 2187 1604 4676 1888 2490 2793 2493 1744 3524 2067 1124 3395 1365 3430 2193 1614 3501 3450 1376 1760 1838 2157 10776 3989 2499 1760 1970 5730 2676 1040 2718 5129 10520 7685 2022 4400 2097 3772 2160 2820 2676 7748 8482 4977 2715 432 590 0 1164 4256 1544 2760 718 1764 414 2109 3836 963 384 1516 1348 1018 4383 1664 1174 1338 1161 1342 1554 1106 2286 1944 924 1371 1500 4140 858 904 1804 1258 639 1098 2502 
2796 2700 2379 1768 1872 2118 2430 1104 1818 1956 2550 1514 2055 2265 1503 2757 1776 2469 1833 2346 2400 2409 3429 2835 2098 2994 2544 1762 2199 1995 2694 2961 1802 2658 2235 1804 1948 2026 2538 2244 2184 723 1119 1707 2487 1506 1062 2391 2211 1806 1905 2175 2040 2574 2091 1926 2010 2295 1698 1674 1701 1911 870 1366 1164 0 2112 1732 2700 906 1932 1578 2529 795 1800 1452 1419 1293 1288 2499 2010 1538 1896 1707 1980 1836 1294 1773 2667 1392 804 2130 1836 1208 1680 1803 1512 1803 1656 504 
1905 2292 1806 1006 1166 2275 3003 2328 1714 1897 3090 470 815 2618 3143 1917 3768 1995 1200 2807 1214 1764 2460 1578 1336 1892 1131 1000 2895 549 2910 1182 1576 1700 2835 1042 1640 1738 933 3409 1274 4865 2817 3402 1652 3500 2956 3386 4172 3206 700 2232 1176 1389 1057 1853 2282 2304 2163 1239 1967 3815 2864 830 4256 2112 0 1426 2464 1058 1800 1500 2106 3073 1206 2100 2164 2284 1454 2618 1248 2390 1516 1404 1218 2835 1042 1968 1815 1012 1326 1536 1617 1246 1326 2676 442 1746 1226 2268 
1930 1530 1668 2050 2110 1694 1452 1504 2564 1646 2058 1244 1100 1592 1748 2322 1952 1850 952 1646 2416 1652 2016 1972 2488 2078 1528 1808 1866 1060 1526 1990 2420 1502 1842 1922 2324 2408 1774 1562 1186 1250 1680 1906 1840 1938 1476 1696 1042 1804 1352 1808 1392 1548 1124 1014 1708 1576 862 1506 1422 458 1348 1886 1544 1732 1426 0 1474 1356 1722 1298 1254 1464 1956 1736 1714 1630 2056 2056 1814 1356 1714 1388 2026 1992 2062 812 1408 2068 1470 1590 1614 1976 2186 1970 1594 1970 2534 2068 
2586 2672 2948 1854 1620 2996 2516 3640 2370 2164 3728 1050 1812 2796 3108 3189 4276 2484 1516 2904 2222 2084 2733 2667 2184 3778 2001 1614 3344 1299 2664 2694 2226 2616 3296 1728 2130 2214 2370 2736 1984 3172 2972 4156 3292 3488 3624 3004 864 3220 2316 2396 2268 2031 1860 1640 2900 2764 1336 2404 1816 2032 3192 1628 2760 2700 2464 1474 0 1162 3056 1656 966 2540 2442 3144 2856 3024 1800 1304 1620 1914 1620 1941 1518 3486 1890 1436 1971 1810 1914 2792 2620 2044 1672 3368 1240 2436 1130 3556 
1562 1162 1300 1682 1742 1326 1084 678 1760 1326 1690 876 732 1224 944 1780 1126 1482 584 1278 2048 1372 1648 1604 2120 1710 1160 1440 1408 692 1158 1622 1744 1134 1432 1554 1890 1968 1406 1194 818 424 1312 1080 1472 1164 650 1328 1594 1146 984 1392 1120 1180 756 646 1282 1208 494 1138 1346 1216 522 1308 718 906 1058 1356 1162 0 1354 930 1806 1096 1360 910 888 804 1230 1688 1446 1480 1446 1080 1658 1166 1236 544 1140 1334 1102 1222 1246 1150 1622 1144 1226 1144 1816 1242 
2892 2884 2832 1626 1584 2680 2900 2860 2512 2884 2852 766 1244 2228 3392 2847 3560 2772 1900 2336 2114 2976 2904 2241 2136 3323 2289 1620 2908 993 2892 2532 1942 1952 2860 1662 1936 2406 2094 3120 1320 2352 1976 3340 2744 1460 2804 2596 3920 3432 2200 2962 2472 2319 1196 2024 2892 2869 1720 2508 2924 3936 2196 1472 1764 1932 1800 1722 3056 1354 0 1737 3258 2408 1389 1608 3044 2876 1894 3296 1812 2056 1622 2229 1838 2430 1942 1820 1251 1806 1797 264 2724 1740 1786 3556 1342 1962 1382 1904 
2256 1656 1863 1616 1372 1890 1539 1236 1906 1902 2127 818 1011 1749 1635 2832 1908 2136 789 1830 1990 1659 2385 2319 2020 2478 1653 1382 2160 951 1650 2346 1890 1614 2124 1496 1898 1982 2022 1704 1140 855 1407 1596 2121 1083 1194 1773 2304 1938 1389 1425 1593 1683 1047 882 1260 1725 654 1620 1932 2043 738 866 414 1578 1500 1298 1656 930 1737 0 2523 1083 1377 702 1551 1425 1294 2181 1388 1450 1388 1575 1600 1968 1382 729 1623 1200 1092 1539 1782 1134 1180 1767 1168 1053 1374 2082 
2256 2496 2280 1644 1400 1932 2496 2754 2628 1293 2538 1694 2325 2166 2853 2874 3228 3039 2103 2247 2294 1233 3225 2736 2032 2895 2610 1412 2862 2265 2490 2802 2272 2928 2898 1680 2390 2468 2439 2577 2454 2382 2040 2274 2328 2427 2697 3030 318 2469 1806 1467 1674 2640 2361 2196 1278 1770 1968 1575 2013 1194 2433 1610 2109 2529 2106 1254 966 1806 3258 2523 0 1734 2250 2397 2793 2919 2234 1944 1944 1694 2264 2448 1630 3495 1738 2043 2400 1212 1725 3060 1737 1446 2106 3177 1020 1470 1774 2745 
2505 2540 4487 1604 1850 4992 4768 2240 2202 3794 3239 984 2282 5356 5646 2814 3584 2385 1384 4872 1870 4062 2634 2568 1902 3424 1902 1548 4015 1200 3165 2166 1626 3263 3955 1640 2064 2148 2082 5208 3715 3464 1159 3805 4956 3836 2184 3564 4062 5690 3864 4530 3320 1932 3498 1885 4584 3948 2408 3808 2416 3820 1928 1324 3836 795 3073 1464 2540 1096 2408 1083 1734 0 1005 2224 2248 2416 1496 5257 1554 1922 1366 1842 1766 2046 1640 1956 1872 1506 9 2144 3376 1592 1368 2760 1208 2019 1126 2036 
2337 1980 1380 1102 1478 1119 1683 1785 2086 957 1338 1250 1695 1266 1953 2061 1869 2139 1506 1347 1638 1488 2709 1836 1432 1995 1737 1096 2304 1755 1974 1818 1672 2169 2268 1138 1952 2036 1539 1785 1752 1404 681 2145 1344 294 1743 1179 1932 1980 906 1584 1110 1827 1659 1869 1584 1296 1641 675 1080 2526 1287 1232 963 1800 1206 1956 2442 1360 1389 1377 2250 1005 0 1251 1860 1974 1612 1500 1344 1816 1088 1548 1314 1629 1138 1716 2517 1416 996 1191 837 1500 1484 2244 846 1602 848 1845 
2556 3132 2332 1348 1288 1984 2736 1480 1822 1768 2668 1286 2284 2180 2012 2430 2376 2475 1988 2288 2080 2044 3078 2205 1678 3162 2106 1316 2940 1653 3124 2481 1806 3088 2988 1384 1952 2030 1908 2872 2456 972 1792 1960 2676 1276 1424 2196 3068 2416 1700 1732 1972 2196 2332 2112 1512 2168 1808 1392 2424 2556 816 782 384 1452 2100 1736 3144 910 1608 702 2397 2224 1251 0 1900 1732 1210 1972 1590 1366 1530 1449 1534 1842 1298 1908 2232 1116 1659 1872 1608 1050 1096 2188 1092 927 1290 2694 
2106 2928 2396 1246 1622 1780 1868 1436 1604 2000 3660 1092 1896 2184 1968 1338 1912 2442 2552 2076 2296 2540 2802 2016 2018 2476 1515 1240 1040 1482 2920 2805 1574 2308 1088 1282 1002 1080 1956 2072 1724 928 2680 2240 3108 2408 1380 3204 3300 516 1764 2400 1492 1545 1848 2272 2124 2016 2372 2072 1040 2512 1124 1240 1516 1419 2164 1714 2856 888 3044 1551 2793 2248 1860 1900 0 168 372 3172 1930 1520 2096 1680 1458 1809 1276 2472 2733 1374 1695 2780 2288 1190 1284 512 1124 1776 1856 2618 
2232 3096 2564 1330 1702 1948 2036 1268 1688 2168 3548 1008 1728 2352 1800 1464 2080 2316 2384 2244 2356 2708 2928 2142 2102 2644 1641 1324 1208 1356 3088 2895 1658 2188 1256 1366 1086 1164 2082 2240 1556 760 2756 2072 3228 2240 1212 3080 3468 684 1932 2568 1660 1671 1680 2440 2292 2184 2204 2240 1208 2344 956 1264 1348 1293 2284 1630 3024 804 2876 1425 2919 2416 1974 1732 168 0 456 3340 2014 1436 2012 1554 1542 1683 1192 2304 2622 1290 1821 2612 2456 1106 1368 680 1208 1650 1772 2534 
1776 1836 1570 1618 1994 1262 1306 1060 1976 1372 2160 1464 1320 1464 1326 1264 1328 1970 1648 1410 2668 1642 2240 1716 2200 1610 1382 1612 892 1360 1832 2242 1946 1526 916 1654 1374 1452 1676 1408 1234 806 1712 1462 1926 1464 1032 1924 2022 630 1254 1572 1118 1402 1296 1508 1434 1380 1558 1218 892 1598 904 1608 1018 1288 1454 2056 1800 1230 1894 1294 2234 1496 1612 1210 372 456 0 1768 1896 1862 2356 1462 1830 1548 1618 1608 2194 1716 1502 1762 1110 1532 1656 116 1496 1444 2116 1624 
2487 2840 3570 1202 1578 2961 4277 3336 2186 2583 3920 1218 2685 3304 4907 2211 6012 2289 2208 3493 1962 3276 2859 1986 1532 2870 1887 1196 4090 1671 3540 2304 1772 3570 4030 1238 2052 2136 1689 4515 3892 5266 3503 4006 4270 4054 3348 4734 4098 4970 2464 3468 2940 1977 3675 3365 3234 2892 4179 1925 3731 4170 2788 1334 4383 2499 2618 2056 1304 1688 3296 2181 1944 5257 1500 1972 3172 3340 1768 0 1444 2352 2022 1698 866 3030 1238 3732 2667 1284 2262 3032 2303 1518 1830 3304 946 2406 478 2660 
2002 1620 1364 1546 1922 1190 1542 1968 2530 1082 1912 1334 1190 1288 1746 1818 2404 1870 1042 1342 2462 1436 2106 1668 1876 1774 1602 1540 1956 1150 1616 2036 2116 1592 1932 1582 2396 2480 1470 1634 1276 1714 1770 1968 1720 1540 1940 1786 1732 1764 1048 1500 1184 1638 1214 1104 1500 1308 952 894 1410 2272 1812 1678 1664 2010 1248 1814 1620 1446 1812 1388 1944 1554 1344 1590 1930 2014 1896 1444 0 2770 1904 1476 1758 2430 1582 1002 1598 1860 1560 1680 786 2038 2174 1780 1290 2012 1922 1674 
