0 0.885213 0.885213 2.14274 1.72493 1.39947 1.84362 1.52986 1.58362 0.885213 1.66468 1.33396 1.60538 1.6986 1.39639 1.50522 1.23555 1.65493 0.885213 2.12576 1.23231 1.7352 1.23154 2.36353 1.70739 1.39768 1.34169 1.823 1.55294 1.68438 1.57696 1.35169 0.998511 1.50699 1.05306 1.97341 1.74537 1.46134 1.01382 0.885213 1.11314 1.05033 1.05306 1.37838 1.18256 1.80378 1.18256 1.35591 1.29575 1.33396 1.65493 1.01382 1.59762 1.23154 0.885213 1.17442 1.05033 1.29575 1.1181 1.06041 1.37306 1.962 1.81998 1.23154 1.70879 1.53789 1.97203 1.96076 1.92133 1.40656 1.67005 1.86131 1.60681 1.40656 1.29575 1.50542 0.634789 2.38915 1.3899 1.37306 1.86619 1.37306 2.36833 1.65612 1.23154 1.69687 1.6657 1.96646 2.13825 1.88785 2.18382 1.85701 1.71552 1.72722 2.40322 1.6061 2.21495 2.00804 2.05483 1.69485 
0.885213 0 4.30561 1.65044 3.23486 2.1703 1.2346 3.15265 4.42393 2.61377 1.17561 0.728164 4.60767 1.08957 1.39639 2.35195 1.23555 3.50837 4.15707 1.51673 3.90893 1.1294 0.625741 1.87446 1.09836 2.79781 4.27561 3.43861 2.99947 1.24643 1.18981 4.36857 1.76638 1.06904 2.92296 2.7311 1.30742 1.80096 1.95729 3.11936 3.53464 1.75359 4.53685 2.25954 2.31153 3.1902 3.35108 2.85094 2.346 4.57388 4.09242 3.88283 4.92301 2.83739 5.19285 4.30123 3.9177 3.62809 3.53647 5.05332 4.35812 2.88976 1.33091 0.625741 4.46404 3.03613 1.71008 5.1934 2.89753 4.02125 1.19814 2.24401 1.8805 4.58586 4.61399 3.88354 0.391886 1.78335 6.37067 5.36444 1.37182 0.948204 1.933 1.05032 4.21173 1.08784 1.0599 2.79981 1.70615 2.85738 1.75171 1.36471 1.00399 6.10589 1.79742 1.174 1.79724 2.49601 3.97424 3.74585 
0.885213 4.30561 0 1.68325 3.42373 2.35118 1.51504 3.34152 4.80198 2.98862 1.23258 1.00538 4.56365 1.37002 1.39639 2.56568 1.23555 3.39508 4.52521 1.79717 4.7661 1.40662 0.819614 1.93142 1.37881 3.22705 4.72161 3.62749 3.26678 1.3558 1.46703 4.89894 1.78891 1.17841 3.29463 2.92147 1.41678 1.99456 2.15089 3.78978 4.11642 1.94396 5.27159 2.56026 2.61547 3.49537 4.24817 2.92775 2.67942 4.90482 4.04058 3.81704 5.44537 3.38652 5.35548 4.87546 4.39231 4.09087 4.05372 5.82929 4.72307 3.03278 1.38787 0.801332 5.01316 3.34007 1.8218 5.65617 2.88828 4.71517 1.2801 2.43438 2.07087 5.17964 5.38996 4.42944 0.47873 2.00978 7.14663 5.68394 1.37182 1.00399 1.933 1.32495 4.87451 1.10276 1.25474 2.99018 1.70615 3.0406 1.75171 1.42167 1.00399 6.50356 2.03528 1.174 2.00594 2.68638 4.27495 3.96345 
2.14274 1.65044 1.68325 0 1.98356 2.20486 1.98473 1.81 1.99855 1.46799 1.9195 1.78935 1.27419 1.90807 2.50773 1.98356 2.31628 1.9214 2.03543 1.79457 1.43415 2.42062 1.58082 2.61834 1.84849 1.89589 1.5965 2.2574 2.18788 2.03289 2.21054 1.31392 2.04901 2.05916 1.27419 2.22823 2.09388 2.02291 2.09456 1.43415 1.53344 2.26432 1.27419 1.6332 1.42855 2.17132 1.27419 1.6664 1.31392 1.70001 2.43831 1.66967 1.84921 1.58082 2.03543 1.53344 1.64568 1.31392 1.64169 1.47534 2.13022 2.32619 2.04051 1.8461 1.87517 1.6664 2.52051 2.37356 2.30998 1.71867 1.96368 2.0916 1.6664 1.71867 1.31392 1.75575 0.749351 2.80408 1.91014 2.12869 2.31893 2.12869 2.59901 1.9236 1.74844 2.21773 2.0123 2.38664 2.60224 2.43633 2.65653 1.87517 2.12869 1.86058 2.76217 2.12969 2.69286 2.23833 2.30965 1.98179 
1.72493 3.23486 3.42373 1.98356 0 2.83534 1.68826 3.68606 3.32308 2.4664 1.6295 1.2949 4.43741 1.54324 1.93744 2.42723 1.77983 4.42788 3.83464 1.9704 3.29149 1.88608 1.20483 2.28493 1.55203 4.7105 2.9838 3.34033 4.28195 1.7001 1.64025 3.57657 2.77291 1.52271 2.50579 3.2987 1.76108 3.13199 2.92494 3.03493 3.14395 3.06121 3.15005 3.29808 3.4795 4.39772 2.68596 3.96684 3.46651 3.42659 5.19361 3.90565 4.18014 3.3846 4.08836 3.20606 3.26984 3.61713 3.39903 3.25483 4.37437 3.47624 1.78479 1.38241 4.19843 4.34628 2.16546 4.93329 3.50854 3.6289 1.65181 2.9465 2.45433 3.69972 3.65711 3.8209 0.66541 2.23379 4.27724 4.39137 2.06955 1.70488 2.54566 1.53794 3.3726 1.7936 1.62664 3.37364 2.31558 3.59191 2.40716 1.82182 1.87931 4.13356 2.37651 1.83969 2.40286 3.33862 5.12109 5.01932 
1.39947 2.1703 2.35118 2.20486 2.83534 0 1.89137 2.96999 2.94096 1.73928 1.86634 1.49801 2.98318 1.74635 1.61199 2.23648 1.45437 2.90277 2.0351 2.03397 2.37542 2.08919 1.35514 2.56519 1.75514 3.27512 2.48344 3.21217 2.69902 1.90321 1.79255 2.5898 2.3129 1.72582 1.61902 3.87997 1.96419 3.32578 2.49969 2.08359 2.36181 2.599 2.29167 2.52215 2.19297 3.18322 2.26817 1.89975 2.45338 2.45603 3.3266 2.36817 2.88121 2.298 2.22983 2.30641 2.21667 2.59907 2.56778 2.11583 2.90483 3.76096 2.02164 1.48696 3.03777 2.69509 2.18763 3.62392 3.49451 2.62948 1.85492 3.13068 2.78503 2.63263 2.64633 2.75671 0.766881 2.4369 3.13559 2.92417 2.22853 1.72705 2.78251 1.74105 2.26669 1.91138 1.82975 3.30681 2.55243 3.77683 2.56613 2.05867 2.09109 2.83528 2.52683 2.06701 2.43377 3.6598 3.74877 3.48933 
1.84362 1.2346 1.51504 1.98473 1.68826 1.89137 0 1.38901 1.54696 1.0164 1.78193 1.4136 1.29346 1.45505 2.05614 1.68826 1.8953 1.78383 1.58384 1.81384 1.0164 2.00478 1.15984 2.48077 1.39547 1.92398 1.45893 1.95418 1.75895 1.61191 1.75895 1.0164 1.59742 1.63817 1.0164 2.09066 1.67289 1.60706 1.67357 1.0164 1.43559 1.84847 1.17634 1.48232 1.29658 1.93496 1.17634 1.32353 1.0164 1.4136 2.30074 1.52258 1.71163 1.15984 1.58384 1.2692 1.2346 1.17634 1.49459 1.02375 1.82357 2.05923 1.90294 1.50111 1.7376 1.56855 2.28416 2.25624 2.17241 1.47165 1.53385 1.79036 1.56855 1.48232 1.17634 1.47165 0.674572 2.35249 1.53385 1.82357 2.22108 1.82357 2.46144 1.65664 1.32353 1.90907 1.71105 2.11968 2.46801 2.19998 2.53408 1.7376 2.03084 1.69056 2.49521 1.9826 2.29365 1.97137 2.17207 1.83469 
1.52986 3.15265 3.34152 1.81 3.68606 2.96999 1.38901 0 3.02238 2.06982 1.48373 1.27091 4.08318 1.31236 1.68762 3.12493 1.52678 4.06346 3.56188 1.67115 2.78172 1.77405 0.791315 2.12171 1.25278 4.32567 2.61938 3.51378 4.17113 1.24339 1.61626 2.85667 2.57087 1.26965 2.43874 3.11678 1.30437 2.78502 2.75698 2.60563 2.96675 2.95094 3.01147 2.88836 3.37903 3.9263 2.54737 3.94099 2.7407 3.34439 4.79795 3.54123 3.83444 3.09874 3.62238 3.06747 3.03576 2.86914 3.26044 3.10424 3.91051 3.25118 1.63903 1.27039 3.7806 4.20769 1.88818 4.70772 3.28945 3.15055 1.19929 2.65008 2.39838 3.32067 3.22228 3.52745 0.524148 2.2098 3.76913 4.04005 1.95401 1.59285 2.22479 1.48649 3.2904 1.73572 1.46583 3.31006 2.16982 2.97815 2.23482 1.56287 1.80334 3.83869 2.20069 1.69393 1.92513 3.25807 4.81484 4.63472 
1.58362 4.42393 4.80198 1.99855 3.32308 2.94096 1.54696 3.02238 0 3.18599 1.52193 1.1536 5.91044 1.40194 1.79614 2.63335 1.63853 4.40507 4.99854 1.8291 4.5407 1.74478 1.06353 1.65817 1.41073 4.49826 3.85133 3.4677 4.15798 1.5588 1.49895 4.3997 2.57593 1.38141 3.54762 2.68455 1.61978 2.98969 2.73118 3.98449 4.20328 2.96233 4.55317 3.22614 3.45669 4.33595 3.62462 3.99715 3.12154 4.71599 5.17081 5.35295 5.41021 4.60595 5.60985 4.46316 4.38278 4.69483 4.837 4.60912 6.09617 3.44171 1.67723 1.24111 5.78751 4.32347 2.02416 6.63073 3.63549 4.70906 1.51051 3.03066 2.58762 4.95511 4.84624 5.26077 0.5115 2.09249 5.94352 5.81183 1.98269 1.56358 2.4381 1.39664 4.72934 1.6523 1.48534 3.50059 2.20802 3.58456 2.28933 1.71425 1.82488 5.77634 2.23521 1.7226 2.2703 3.46385 5.09828 4.94184 
0.885213 2.61377 2.98862 1.46799 2.4664 1.73928 1.0164 2.06982 3.18599 0 0.959325 0.623033 3.74959 0.871373 1.03974 1.89422 0.88213 2.66166 8.69739 1.29853 4.51389 1.1294 0.350327 1.65817 0.880162 2.75331 6.11886 2.50715 2.20655 0.802399 0.968383 5.7975 1.23402 0.625008 18.7815 2.4133 0.863384 1.79528 1.48818 6.68868 12.613 1.68027 3.63858 1.61254 1.81582 2.43688 12.4113 2.25514 1.73623 5.10885 3.30853 2.80839 3.74028 2.16883 5.27419 4.22136 6.38313 2.5842 2.64032 4.10146 3.66995 2.25486 1.11462 0.625741 3.61517 2.60509 1.26776 4.24773 2.4166 15.7439 0.788066 1.89041 1.52552 22.9388 8.72762 3.06919 0.252178 1.56192 5.22136 3.99361 1.36018 0.948204 1.81357 0.866074 6.03307 1.12174 0.852237 2.31374 1.58349 2.21848 1.61441 1.18369 1.20951 4.88604 1.58027 1.1001 1.5139 2.27699 3.3799 3.14531 
1.66468 1.17561 1.23258 1.9195 1.6295 1.86634 1.78193 1.48373 1.52193 0.959325 0 1.31465 1.54368 1.6369 1.99907 1.66323 1.83823 1.44334 1.55881 2.06406 1.07251 1.94256 1.21595 2.14029 1.64569 1.74504 1.11845 1.77935 1.73391 1.66802 1.73391 1.26065 1.54034 1.5811 0.991365 1.75017 1.72901 1.72116 1.6165 0.959325 1.15868 1.78626 0.991365 1.15514 0.959325 1.69326 0.959325 1.2985 1.07251 1.31465 1.96026 1.19485 1.37438 1.21595 1.54034 1.21995 1.17561 1.07251 1.16363 0.998715 1.65217 1.85148 1.59674 1.4389 1.48555 1.31465 2.04246 1.95004 1.86621 1.31198 1.48897 1.77212 1.38357 1.31198 1.07251 1.31198 0.609386 2.32746 1.43544 1.76105 1.91172 1.76105 2.35761 1.59443 1.2985 1.85982 1.62693 2.06716 2.12753 1.95828 2.22935 1.63377 1.76105 1.57775 2.35497 1.65164 2.21481 1.91885 1.83159 1.74039 
1.33396 0.728164 1.00538 1.78935 1.2949 1.49801 1.4136 1.27091 1.1536 0.623033 1.31465 0 1.17535 1.26857 1.66278 1.2949 1.50516 1.31654 1.19048 1.69238 0.945715 1.49511 0.930167 2.01349 1.27736 1.41432 0.99165 1.56082 1.07693 1.42543 1.07693 1.06621 1.20405 1.24804 0.589078 1.62338 1.48642 1.30429 1.23817 0.728164 0.990572 1.33881 0.779016 0.852237 0.832527 1.10427 0.830612 0.930167 0.945715 0.589078 1.83346 1.06805 1.24758 0.930167 1.19048 0.879069 0.728164 0.945715 1.03683 0.589078 1.3093 1.4673 1.46474 0.99145 1.35875 0.830612 1.69958 1.70364 1.73421 0.852237 1.32087 1.35216 1.10322 0.852237 0.945715 1.03345 0.356331 1.91782 1.19422 1.03077 1.78493 1.03077 2.11121 1.26327 0.930167 1.45349 0.852237 1.72632 1.83983 1.61541 2.04623 1.50697 1.53391 1.2972 2.0121 1.49061 2.08801 1.57801 1.55199 1.51717 
1.60538 4.60767 4.56365 1.27419 4.43741 2.98318 1.29346 4.08318 5.91044 3.74959 1.54368 1.17535 0 1.2168 1.81789 3.13812 1.65705 4.75648 5.40812 1.1033 4.65894 1.76653 0.92159 2.24253 1.15722 3.68344 4.98882 4.64117 4.38939 1.37366 1.5207 4.53529 2.7515 1.39993 3.52528 3.55203 1.43465 2.32389 2.90353 4.07142 4.44757 3.13467 4.88422 3.45654 3.55055 4.56635 4.01157 4.14993 3.24249 4.97567 5.38938 5.85358 6.70949 4.68899 5.93746 4.9937 4.59019 5.01522 5.25731 4.69216 6.42722 3.63946 1.6647 1.26287 6.0171 4.51099 2.04591 6.92783 3.68417 5.02566 1.29561 3.03836 2.66424 5.15662 5.14333 5.59182 0.591666 2.11424 6.24062 6.11195 1.98283 1.58533 2.2232 1.41839 4.98902 1.67082 1.47281 3.58355 2.22977 3.59227 2.29584 1.49935 1.79259 5.88156 2.25697 1.74435 2.0554 3.54853 5.22583 5.01248 
1.6986 1.08957 1.37002 1.90807 1.54324 1.74635 1.45505 1.31236 1.40194 0.871373 1.6369 1.26857 1.2168 0 1.91112 1.54324 1.75027 1.6388 1.43882 1.73718 0.871373 1.85975 1.01481 2.33575 1.31881 1.77895 1.31391 1.80916 1.61392 1.46688 1.61392 1.10766 1.45239 1.49315 0.871373 1.94563 1.52787 1.46204 1.52855 0.871373 1.32034 1.70345 1.06109 1.3506 1.15155 1.78994 1.06109 1.17851 1.06109 1.26857 2.15572 1.37756 1.56661 1.01481 1.43882 1.12418 1.08957 1.06109 1.34957 0.878723 1.67855 1.9142 1.78768 1.35609 1.62234 1.45329 2.13913 2.14098 2.05715 1.35639 1.4186 1.6751 1.45329 1.36091 1.06109 1.35639 0.631881 2.20746 1.4186 1.67855 2.09766 1.67855 2.34618 1.51161 1.17851 1.76405 1.5958 1.97466 2.32299 2.05496 2.4043 1.62234 1.91558 1.54554 2.35019 1.83758 2.17839 1.82635 2.02705 1.71944 
1.39639 1.39639 1.39639 2.50773 1.93744 1.61199 2.05614 1.68762 1.79614 1.03974 1.99907 1.66278 1.81789 1.91112 0 1.71774 1.39331 1.85822 1.03974 2.33827 1.39007 2.16915 1.39007 2.69791 1.91991 1.90885 1.62099 1.97753 1.73149 1.84214 1.73149 1.68762 1.15304 1.66475 1.27293 2.3078 1.90313 1.97251 1.17158 1.17158 1.62432 1.48428 1.48701 1.62099 1.54899 1.95831 1.54899 1.57271 1.66218 1.66278 1.85822 1.17158 1.96405 1.39007 1.03974 1.52161 1.48428 1.66218 1.62928 1.27293 1.73628 2.11653 2.15437 1.66548 2.04317 1.87227 2.12656 2.47194 2.07587 1.69786 1.82781 2.07383 1.93974 1.69786 1.66218 1.75511 0.750043 2.60167 1.82781 1.80701 2.37737 1.80701 2.85331 1.90582 1.57271 2.16148 1.89198 2.12099 2.62323 2.04239 2.65415 2.22343 2.22669 1.93974 2.62002 2.11728 2.37271 2.22056 2.38921 2.16519 
1.50522 2.35195 2.56568 1.98356 2.42723 2.23648 1.68826 3.12493 2.63335 1.89422 1.66323 1.2949 3.13812 1.54324 1.71774 0 1.56013 3.10778 2.2401 1.9704 2.53036 1.88608 1.20483 2.31867 1.55203 3.46853 2.63838 2.8114 2.90403 1.7001 1.64025 2.74474 2.51056 1.52271 1.77396 3.91805 1.76108 3.48072 2.7047 2.28859 2.53931 2.804 2.32975 2.67708 2.3479 3.33816 2.21316 2.05469 2.60832 2.61096 3.54972 2.57318 3.03615 2.45294 2.42749 2.46134 2.39856 2.75401 2.72272 2.27077 3.10983 3.9159 1.81853 1.38241 3.1927 2.76423 2.16546 3.77886 3.69951 2.82888 1.65181 3.28562 2.93997 2.78757 2.80127 2.79479 0.408832 2.23379 3.29053 3.23133 2.06955 1.70488 2.5794 1.53794 2.42163 1.7936 1.62664 3.56461 2.34932 3.97448 2.40716 1.85555 1.87931 2.99022 2.37651 1.8639 2.4116 3.81474 3.78686 3.64427 
1.23555 1.23555 1.23555 2.31628 1.77983 1.45437 1.8953 1.52678 1.63853 0.88213 1.83823 1.50516 1.65705 1.75027 1.39331 1.56013 0 1.70061 0.88213 2.17743 1.22923 2.00831 1.22923 2.53707 1.75906 1.75124 1.46338 1.81992 1.57387 1.6813 1.57387 1.52678 0.995429 1.50391 1.11531 2.14696 1.74228 1.73444 1.01074 0.88213 1.46671 1.32344 1.32616 1.46338 1.38815 1.8007 1.38815 1.4151 1.46929 1.50516 1.70061 1.01074 1.77116 1.22923 0.88213 1.36077 1.32344 1.46929 1.47166 1.11531 1.57866 1.95892 1.99352 1.50464 1.88233 1.71143 1.96895 2.31432 1.91825 1.54024 1.66697 1.91621 1.78035 1.54024 1.46929 1.5975 0.66119 2.44405 1.66697 1.64616 2.21976 1.64616 2.69247 1.7482 1.4151 1.96997 1.73437 1.96337 2.46562 1.88477 2.49654 2.03055 2.06585 1.78213 2.4624 1.95967 2.21186 2.06294 2.22837 2.00435 
1.65493 3.50837 3.39508 1.9214 4.42788 2.90277 1.78383 4.06346 4.40507 2.66166 1.44334 1.31654 4.75648 1.6388 1.85822 3.10778 1.70061 0 3.39299 2.06596 3.48675 1.94446 1.21785 2.14219 1.64759 5.01927 2.62635 4.46797 4.19711 1.66992 1.73581 3.88029 2.46682 1.583 2.96577 3.24831 1.73091 3.28782 2.693 2.94668 3.19037 2.75512 3.1968 2.97302 3.3687 4.03636 2.7552 3.81047 3.41343 3.51885 3.92948 3.25077 3.89142 3.70367 3.55704 3.30557 3.37053 3.59491 3.45496 3.45222 4.03958 3.44699 1.59864 1.4408 3.62763 4.30378 2.04435 4.61772 2.48555 3.02224 1.49087 2.92642 2.43425 3.18997 3.34153 3.36716 0.613706 2.32935 4.09088 4.22514 1.91362 1.76295 2.35951 1.59632 3.57867 1.86171 1.62883 2.63861 2.12943 3.34599 2.23125 1.63567 1.76295 3.40646 2.35687 1.65353 2.2167 3.31854 4.65455 4.62359 
0.885213 4.15707 4.52521 2.03543 3.83464 2.0351 1.58384 3.56188 4.99854 8.69739 1.55881 1.19048 5.40812 1.43882 1.03974 2.2401 0.88213 3.39299 0 1.86598 7.65893 1.7352 1.0075 2.25766 1.44761 3.77795 9.93298 3.94986 3.04228 1.45957 1.22031 7.91287 1.31736 1.28218 10.2515 3.37364 1.52056 2.65053 1.82532 9.21134 11.1972 1.69723 5.27867 2.92711 3.11755 3.81098 10.9547 2.95265 3.09356 7.35245 4.02062 3.88499 5.55741 3.76649 5.75662 6.27722 9.19452 4.28744 4.25028 5.90679 5.02608 3.21843 1.71411 1.23154 5.01728 3.85591 1.72869 5.85274 2.82014 11.7298 1.44524 2.79098 2.48586 12.6054 12.3429 4.63407 0.516461 2.12937 7.05333 5.73695 1.86619 1.37306 2.36833 1.43352 8.47086 1.68918 1.51264 2.68524 2.13825 3.0723 2.18382 1.75114 1.71552 6.22879 2.24068 1.6061 1.97483 3.14956 4.69583 4.41077 
2.12576 1.51673 1.79717 1.79457 1.9704 2.03397 1.81384 1.67115 1.8291 1.29853 2.06406 1.69238 1.1033 1.73718 2.33827 1.9704 2.17743 2.06596 1.86598 0 1.29853 2.28691 1.44197 2.76291 1.6776 1.75704 1.74107 2.23632 2.04108 1.89404 2.04108 1.29853 1.87955 1.92031 1.1033 2.37279 1.95503 1.8892 1.95571 1.29853 1.67801 2.13061 1.45848 1.76445 1.57311 2.2171 1.45848 1.60566 1.29853 1.69238 2.58287 1.80472 1.99377 1.44197 1.86598 1.55134 1.51673 1.45848 1.77673 1.30588 2.10571 2.34136 2.18508 1.71239 2.01973 1.81096 2.56629 2.51812 2.45454 1.75378 1.81599 2.07249 1.81096 1.76445 1.45848 1.75378 0.672131 2.63462 1.81599 2.08401 2.45397 2.08401 2.74358 1.93877 1.60566 2.08401 1.99319 2.40182 2.7468 2.48211 2.79157 2.01973 2.26373 1.9727 2.77735 2.26473 2.57578 2.25351 2.45421 2.11683 
1.23231 3.90893 4.7661 1.43415 3.29149 2.37542 1.0164 2.78172 4.5407 4.51389 1.07251 0.945715 4.65894 0.871373 1.39007 2.53036 1.22923 3.48675 7.65893 1.29853 0 1.4765 0.350327 1.77136 0.880162 2.75939 7.32078 3.42402 3.31183 0.802399 1.31871 8.10988 2.01038 0.972106 5.62696 2.73811 0.863384 1.89549 2.16241 6.49684 6.17902 2.29559 5.00611 2.30842 2.54534 3.14878 6.38473 3.00449 2.41286 8.07001 4.02044 4.26601 5.13927 3.2428 7.54137 6.41017 7.17171 3.82406 3.89431 5.64851 4.7534 2.7839 1.22781 0.895642 4.63302 3.43018 1.54992 5.46599 2.77667 7.18352 0.788066 2.1373 1.8856 7.86783 8.47694 4.18347 0.351104 1.91225 6.88336 5.89794 1.54279 1.27698 1.81357 1.14823 8.84261 1.43817 1.05461 2.8049 1.7586 2.46537 1.83582 1.14842 1.38889 6.51024 1.8534 1.2827 1.5139 2.74529 3.99858 3.85721 
1.7352 1.1294 1.40662 2.42062 1.88608 2.08919 2.00478 1.77405 1.74478 1.1294 1.94256 1.49511 1.76653 1.85975 2.16915 1.88608 2.00831 1.94446 1.7352 2.28691 1.4765 0 1.39269 2.64141 1.86854 1.81556 1.61957 2.06719 1.95676 1.92857 1.95676 1.51284 1.71042 1.75118 1.21421 2.25129 1.98956 1.70553 1.78658 1.1294 1.53102 1.74005 1.21421 1.62969 1.46044 2.04797 1.46044 1.51707 1.51284 1.49511 2.46138 1.5672 1.8755 1.39269 1.71042 1.47025 1.1294 1.57363 1.53598 1.22156 1.71515 2.20619 2.09786 1.39269 1.98667 1.80714 2.39717 2.37864 2.36733 1.62969 1.91424 2.02246 1.88469 1.62969 1.57363 1.66657 0.722216 2.5503 1.80779 1.71515 2.28407 1.71515 2.78622 1.81727 1.39269 1.85802 1.82685 2.3175 2.55613 2.2371 2.6017 2.13489 1.97646 1.88838 2.56437 2.02399 2.56743 2.16919 2.32944 2.11273 
1.23154 0.625741 0.819614 1.58082 1.20483 1.35514 1.15984 0.791315 1.06353 0.350327 1.21595 0.930167 0.92159 1.01481 1.39007 1.20483 1.22923 1.21785 1.0075 1.44197 0.350327 1.39269 0 1.86487 1.0236 1.2645 0.892955 1.28811 1.27552 0.945838 1.27552 0.791315 0.931347 0.972106 0.532966 1.52468 1.00682 0.998979 1.0075 0.350327 0.745713 1.23639 0.710549 0.846013 0.733833 1.26889 0.733833 0.532966 0.733833 0.930167 1.69737 0.781886 1.00343 0.350327 0.931347 0.789003 0.625741 0.733833 0.750671 0.540317 1.21149 1.42711 1.37125 0.625741 1.00343 1.08915 1.61809 1.59333 1.44218 0.846013 0.931506 1.28842 1.15433 0.846013 0.733833 1.0225 0.276664 1.86906 0.931506 1.21149 1.36018 1.21149 1.95701 1.17321 0.532966 1.35436 1.19805 1.58346 1.77082 1.53391 1.81639 1.20974 1.34809 1.15433 1.58027 1.23867 1.65734 1.43515 1.54577 1.26889 
2.36353 1.87446 1.93142 2.61834 2.28493 2.56519 2.48077 2.12171 1.65817 1.65817 2.14029 2.01349 2.24253 2.33575 2.69791 2.31867 2.53707 2.14219 2.25766 2.76291 1.77136 2.64141 1.86487 0 2.34454 2.44388 1.81729 2.01345 2.43276 2.36687 2.43276 1.9595 2.23919 2.27995 1.69021 1.3591 2.42785 2.42001 2.31534 1.65817 1.85752 2.48511 1.69021 1.85398 1.65817 2.39211 1.3591 1.97359 1.77136 2.01349 2.64622 1.89369 1.3591 1.86487 2.23919 1.91879 1.87446 1.77136 1.86248 1.69756 2.35101 2.55033 2.28909 2.08202 1.86487 2.01349 2.7413 2.46799 2.23904 2.00433 2.18781 2.46447 2.06676 1.97807 1.77136 2.00433 0.853146 3.0263 2.13428 2.45989 2.58681 2.45989 2.97617 2.28678 1.86487 2.55866 2.32578 2.75951 2.82637 2.65712 2.9217 1.93281 2.45989 2.26094 2.82622 2.34399 2.91365 2.6112 2.20442 2.35894 
1.70739 1.09836 1.37881 1.84849 1.55203 1.75514 1.39547 1.25278 1.41073 0.880162 1.64569 1.27736 1.15722 1.31881 1.91991 1.55203 1.75906 1.64759 1.44761 1.6776 0.880162 1.86854 1.0236 2.34454 0 1.78774 1.3227 1.81795 1.62271 1.47567 1.62271 0.880162 1.46118 1.50194 0.880162 1.95442 1.53666 1.47083 1.53734 0.880162 1.29936 1.71224 1.04011 1.34608 1.16034 1.79873 1.04011 1.1873 0.880162 1.27736 2.16451 1.38635 1.5754 1.0236 1.44761 1.13297 1.09836 1.04011 1.35836 0.887513 1.68734 1.92299 1.76671 1.36488 1.60136 1.43231 2.14792 2.12 2.03617 1.33541 1.39762 1.65413 1.43231 1.34608 1.04011 1.33541 0.652679 2.21625 1.39762 1.68734 2.08484 1.68734 2.32521 1.5204 1.1873 1.77284 1.57482 1.98345 2.33178 2.06375 2.39785 1.60136 1.8946 1.55433 2.35898 1.84636 2.15741 1.83514 2.03584 1.69846 
1.39768 2.79781 3.22705 1.89589 4.7105 3.27512 1.92398 4.32567 4.49826 2.75331 1.74504 1.41432 3.68344 1.77895 1.90885 3.46853 1.75124 5.01927 3.77795 1.75704 2.75939 1.81556 1.2645 2.44388 1.78774 0 3.6812 4.91426 4.55553 1.71657 1.87596 3.25139 2.7556 1.58735 2.82498 3.85759 1.77756 2.00124 3.06534 2.90259 3.32668 3.11667 3.4597 3.7594 3.95701 4.74766 3.13685 4.49039 3.28875 3.71407 5.59228 4.23534 4.7961 3.38967 4.25614 3.43697 3.39409 3.41719 3.83204 3.42494 4.52421 3.8945 1.90034 1.31189 4.49445 4.6049 2.23333 5.17243 3.9821 3.65615 1.70224 3.34883 2.98532 3.9421 3.60144 4.11693 0.588931 2.46951 4.27808 4.55272 1.94655 1.63436 2.44869 1.73648 3.51116 1.77722 1.74606 3.90463 2.21861 3.76147 2.26417 1.93736 1.79587 4.42958 2.48358 1.68646 2.42808 3.60083 5.52869 5.04657 
1.34169 4.27561 4.72161 1.5965 2.9838 2.48344 1.45893 2.61938 3.85133 6.11886 1.11845 0.99165 4.98882 1.31391 1.62099 2.63838 1.46338 2.62635 9.93298 1.74107 7.32078 1.61957 0.892955 1.81729 1.3227 3.6812 0 3.02388 3.33481 1.34503 1.41092 7.27113 2.1184 1.20626 7.63575 2.79172 1.40601 2.50343 2.27366 7.81436 7.80366 2.46763 4.47473 1.85431 2.28953 3.07033 7.38511 3.05489 1.93979 7.45115 3.60459 3.11864 4.6508 3.33567 7.20668 4.78264 9.90528 3.21051 2.99348 5.02327 4.44636 2.62592 0.929993 1.1159 4.20971 3.12142 1.46856 4.77581 2.31309 9.20749 1.16597 2.10534 1.61317 9.89509 11.66 3.69899 0.180703 1.87993 6.0591 5.07553 1.58873 1.14447 1.84772 0.927676 7.66252 1.48265 0.979638 2.46615 1.78429 2.52491 1.5626 1.31077 1.43254 5.61669 1.78108 0.984887 1.7639 2.39531 3.7047 3.46527 
1.823 3.43861 3.62749 2.2574 3.34033 3.21217 1.95418 3.51378 3.4677 2.50715 1.77935 1.56082 4.64117 1.80916 1.97753 2.8114 1.81992 4.46797 3.94986 2.23632 3.42402 2.06719 1.28811 2.01345 1.81795 4.91426 3.02388 0 4.48571 1.74019 1.90617 3.72642 2.93532 1.56279 2.70955 3.17849 1.80117 3.35121 3.1112 3.23869 3.34771 3.3154 3.37599 3.42054 3.68326 4.44831 2.95188 4.1706 3.65043 3.63035 5.33013 3.94574 4.32999 3.58836 4.04122 3.40425 3.4736 3.78757 3.59722 3.45859 4.44269 3.61241 1.93465 1.56353 4.33997 4.57221 2.12946 5.11223 3.73247 3.7656 1.72585 3.24796 2.84139 3.84005 3.78166 4.04684 0.671941 2.49971 4.35129 4.41083 2.24963 1.85976 2.67527 1.72778 3.57636 2.05952 1.71394 3.67129 2.44519 3.57603 2.47611 1.97167 2.09895 4.3595 2.44198 1.9618 2.45169 3.63454 5.34702 5.15411 
1.55294 2.99947 3.26678 2.18788 4.28195 2.69902 1.75895 4.17113 4.15798 2.20655 1.73391 1.07693 4.38939 1.61392 1.73149 2.90403 1.57387 4.19711 3.04228 2.04108 3.31183 1.95676 1.27552 2.43276 1.62271 4.55553 3.33481 4.48571 0 1.77078 0.968383 3.61023 2.29511 1.59339 2.31644 3.60041 1.83177 3.1582 1.98936 2.66703 3.19613 2.58855 3.21789 3.2403 3.52845 3.89973 2.91195 3.54864 3.53435 2.80819 4.67765 3.28087 4.36929 3.3036 3.40188 3.27718 2.84239 3.62153 3.67419 2.78469 4.05951 3.51846 1.86327 1.4531 4.25372 4.06208 2.23614 4.88805 3.45812 3.22697 1.72249 2.87186 2.59303 3.44114 3.61561 3.68637 0.693441 2.30447 4.25551 3.80597 2.19467 1.48015 2.65008 1.60862 3.36575 1.85202 1.40867 3.34916 2.42 3.70792 2.50131 1.92624 2.03173 3.95593 2.4472 1.93459 2.48229 3.54059 5.00903 4.95434 
1.68438 1.24643 1.3558 2.03289 1.7001 1.90321 1.61191 1.24339 1.5588 0.802399 1.66802 1.42543 1.37366 1.46688 1.84214 1.7001 1.6813 1.66992 1.45957 1.89404 0.802399 1.92857 0.945838 2.36687 1.47567 1.71657 1.34503 1.74019 1.77078 0 1.77078 1.24339 1.38342 1.42418 1.03558 1.97675 1.45889 1.45105 1.45957 0.802399 1.38525 1.77227 1.21794 1.29808 1.1859 1.72097 1.1859 1.33537 1.1859 1.42543 2.14944 1.42143 1.60096 0.945838 1.38342 1.28104 1.24643 1.1859 1.39021 1.03558 1.67987 1.87919 1.82332 1.42491 1.71213 1.54123 2.07016 2.17662 2.09279 1.29808 1.38358 1.83196 1.61015 1.29808 1.1859 1.51325 0.506924 2.36432 1.38358 1.74737 2.1383 1.74737 2.40908 1.66847 1.33537 1.89024 1.65012 2.13152 2.35411 1.98598 2.41681 1.74716 1.98763 1.7024 2.38267 1.87822 2.10942 1.98321 1.99784 1.72096 
1.57696 1.18981 1.46703 2.21054 1.64025 1.79255 1.75895 1.61626 1.49895 0.968383 1.73391 1.07693 1.5207 1.61392 1.73149 1.64025 1.57387 1.73581 1.22031 2.04108 1.31871 1.95676 1.27552 2.43276 1.62271 1.87596 1.41092 1.90617 0.968383 1.77078 0 1.41156 1.33361 1.59339 0.968383 2.04264 1.83177 1.76594 1.09565 1.09565 1.44162 1.66485 1.18981 1.40867 1.2518 1.66071 1.2518 1.27552 1.36498 1.07693 2.03879 1.09565 1.66685 1.27552 1.22031 1.22442 1.18981 1.36498 1.44658 0.975733 1.77556 2.01121 1.88921 1.4531 1.77802 1.38896 2.23614 2.24251 2.15868 1.40867 1.72249 1.77663 1.64255 1.40867 1.36498 1.45792 0.642081 2.30447 1.71838 1.5872 2.19467 1.5872 2.65008 1.60862 1.27552 1.86429 1.40867 2.07167 2.42 2.15197 2.50131 1.92624 2.03687 1.64255 2.4472 1.93459 2.48229 1.92336 2.10842 2.02333 
1.35169 4.36857 4.89894 1.31392 3.57657 2.5898 1.0164 2.85667 4.3997 5.7975 1.26065 1.06621 4.53529 1.10766 1.68762 2.74474 1.52678 3.88029 7.91287 1.29853 8.10988 1.51284 0.791315 1.9595 0.880162 3.25139 7.27113 3.72642 3.61023 1.24339 1.41156 0 2.32032 1.26965 4.51714 3.02018 1.30437 2.30635 2.47235 6.66452 6.4303 2.49036 4.97142 2.60266 2.73447 3.65875 6.17761 3.32643 2.1069 7.91008 4.5355 4.61159 5.45006 3.47477 7.77421 6.44954 6.99655 3.39899 3.97295 5.71958 4.89338 3.1461 1.38167 1.00918 4.75921 3.63116 1.85346 5.66545 3.15233 7.10746 1.02648 2.4995 2.1324 7.56941 8.35534 4.42144 0.355522 2.0051 6.93711 5.93823 1.73093 1.33164 1.94017 1.30925 8.86235 1.47128 1.35814 3.05171 1.94674 2.96715 2.04856 1.21632 1.5389 6.37086 2.14783 1.47084 1.75232 3.01669 4.37194 4.12114 
0.998511 1.76638 1.78891 2.04901 2.77291 2.3129 1.59742 2.57087 2.57593 1.23402 1.54034 1.20405 2.7515 1.45239 1.15304 2.51056 0.995429 2.46682 1.31736 1.87955 2.01038 1.71042 0.931347 2.23919 1.46118 2.7556 2.1184 2.93532 2.29511 1.38342 1.33361 2.32032 0 1.20603 1.48717 3.55437 1.4444 2.83125 2.0618 1.58273 1.99528 1.92933 2.00442 2.15132 2.05376 2.80861 2.02683 2.06808 2.29305 2.23201 2.77766 1.87231 2.67043 1.98576 1.01171 2.0043 1.81276 2.23403 2.2752 1.89929 2.4161 3.39592 1.69564 1.20676 2.82699 2.57664 1.66784 3.2993 3.05855 2.21277 1.36909 2.94814 2.66659 2.24662 2.34539 2.43111 0.372879 2.14294 2.65113 2.5376 1.9412 1.34828 2.39459 1.44709 2.09548 1.70276 1.43326 2.95569 2.16451 3.13973 2.19543 1.76471 1.79053 2.67374 2.16129 1.68111 1.91398 3.41806 3.32704 2.98159 
1.50699 1.06904 1.17841 2.05916 1.52271 1.72582 1.63817 1.26965 1.38141 0.625008 1.5811 1.24804 1.39993 1.49315 1.66475 1.52271 1.50391 1.583 1.28218 1.92031 0.972106 1.75118 0.972106 2.27995 1.50194 1.58735 1.20626 1.56279 1.59339 1.42418 1.59339 1.26965 1.20603 0 0.858192 1.88983 1.48516 1.47732 1.28218 0.625008 1.2371 1.59488 1.06904 1.20626 1.13102 1.54358 1.13102 1.15797 1.21217 1.24804 1.97205 1.26509 1.51404 0.972106 1.20603 1.10365 1.06904 1.21217 1.2371 0.858192 1.50248 1.7018 1.7364 1.24752 1.62521 1.45431 1.89277 2.07976 2.00587 1.32435 1.40984 1.65909 1.52323 1.32435 1.21217 1.34038 0.49307 2.18693 1.40984 1.56998 1.98519 1.56998 2.43535 1.49108 1.15797 1.71285 1.47725 1.95413 2.20849 1.80859 2.23942 1.77343 1.83129 1.52501 2.20528 1.7251 2.13568 1.80582 1.97125 1.74722 
1.05306 2.92296 3.29463 1.27419 2.50579 1.61902 1.0164 2.43874 3.54762 18.7815 0.991365 0.589078 3.52528 0.871373 1.27293 1.77396 1.11531 2.96577 10.2515 1.1033 5.62696 1.21421 0.532966 1.69021 0.880162 2.82498 7.63575 2.70955 2.31644 1.03558 0.968383 4.51714 1.48717 0.858192 0 2.48679 1.09657 1.93995 1.64242 7.51546 13.4947 1.77326 3.65938 1.65056 1.52234 2.5494 13.5764 2.11849 1.76471 5.18237 3.49205 3.18329 3.99684 2.1429 5.84901 4.52625 6.71156 2.84636 2.7505 4.13481 3.98489 2.43689 1.14666 0.609091 3.66465 2.4287 1.50094 4.55736 2.56891 17.6005 0.979944 1.79029 1.44465 25.9833 9.52285 3.26574 0.354427 1.56192 5.5419 4.21333 1.35067 0.980712 1.90753 0.866074 6.21302 0.980712 0.944106 2.36396 1.6435 2.58957 1.68827 1.18369 1.16042 4.8246 1.70465 1.19204 1.74709 2.31941 3.46484 3.28998 
1.97341 2.7311 2.92147 2.22823 3.2987 3.87997 2.09066 3.11678 2.68455 2.4133 1.75017 1.62338 3.55203 1.94563 2.3078 3.91805 2.14696 3.24831 3.37364 2.37279 2.73811 2.25129 1.52468 1.3591 1.95442 3.85759 2.79172 3.17849 3.60041 1.97675 2.04264 3.02018 3.55437 1.88983 2.48679 0 2.03774 3.87627 3.7064 2.47518 2.78233 3.90036 2.68533 2.71325 2.59092 3.60605 2.14266 2.99727 2.85134 2.90558 3.89887 3.00267 2.39796 2.80599 3.4713 2.70436 2.73505 2.87685 2.79379 2.59935 3.54533 4.2577 1.90547 1.74763 3.00852 3.14584 2.35119 3.71595 3.65503 2.97658 1.7977 3.70047 3.14801 2.8501 2.66357 2.96313 0.790644 2.63619 3.28656 3.65512 2.22045 2.06978 2.66634 1.90316 2.72284 2.16855 1.93566 4.12761 2.43626 4.1567 2.53808 1.93281 2.06978 3.28604 2.6637 1.96037 2.52354 4.09259 3.50393 3.61702 
1.74537 1.30742 1.41678 2.09388 1.76108 1.96419 1.67289 1.30437 1.61978 0.863384 1.72901 1.48642 1.43465 1.52787 1.90313 1.76108 1.74228 1.73091 1.52056 1.95503 0.863384 1.98956 1.00682 2.42785 1.53666 1.77756 1.40601 1.80117 1.83177 1.45889 1.83177 1.30437 1.4444 1.48516 1.09657 2.03774 0 1.51204 1.52056 0.863384 1.44624 1.83326 1.27893 1.35907 1.24689 1.78195 1.24689 1.39635 1.24689 1.48642 2.21043 1.48241 1.66195 1.00682 1.4444 1.34202 1.30742 1.24689 1.4512 1.09657 1.74086 1.94017 1.88431 1.48589 1.77311 1.60221 2.13115 2.2376 2.15377 1.35907 1.44456 1.89295 1.67113 1.35907 1.24689 1.57423 0.648202 2.42531 1.44456 1.80836 2.19929 1.80836 2.47006 1.72946 1.39635 1.95122 1.7111 2.1925 2.41509 2.04697 2.47779 1.80814 2.04861 1.76338 2.44366 1.9392 2.1704 2.04419 2.05882 1.78194 
1.46134 1.80096 1.99456 2.02291 3.13199 3.32578 1.60706 2.78502 2.98969 1.79528 1.72116 1.30429 2.32389 1.46204 1.97251 3.48072 1.73444 3.28782 2.65053 1.8892 1.89549 1.70553 0.998979 2.42001 1.47083 2.00124 2.50343 3.35121 3.1582 1.45105 1.76594 2.30635 2.83125 1.47732 1.93995 3.87627 1.51204 0 3.11278 1.65022 2.33274 3.03768 2.10372 2.53855 2.38081 3.15467 2.21082 2.79097 2.38349 2.46337 3.85136 2.74179 2.9932 2.103 2.74818 2.36777 2.17746 2.44275 2.64189 2.26599 2.86728 3.84871 1.87646 1.20187 3.06423 2.92196 2.19857 3.57229 3.97474 2.48074 1.43672 3.27737 3.02567 2.58753 2.48152 2.75301 0.572424 2.35948 2.81094 2.98877 2.01021 1.52433 2.30546 1.62645 2.32683 1.66396 1.63151 3.90759 2.28227 3.66343 2.32783 1.73718 1.76135 3.07592 2.37355 1.75012 2.16256 3.78671 3.65113 3.14139 
1.01382 1.95729 2.15089 2.09456 2.92494 2.49969 1.67357 2.75698 2.73118 1.48818 1.6165 1.23817 2.90353 1.52855 1.17158 2.7047 1.01074 2.693 1.82532 1.95571 2.16241 1.78658 1.0075 2.31534 1.53734 3.06534 2.27366 3.1112 1.98936 1.45957 1.09565 2.47235 2.0618 1.28218 1.64242 3.7064 1.52056 3.11278 0 1.67118 2.27641 2.38922 2.11809 2.35347 2.20579 2.68479 2.15413 2.26222 2.43417 1.99349 3.13493 2.02655 2.82246 2.13779 1.97873 2.19521 2.00366 2.38606 2.46934 1.84323 2.69505 3.55118 1.7718 1.28292 2.98224 2.54255 1.74723 3.52548 3.28473 2.37046 1.44524 3.14228 2.81862 2.44877 2.49742 2.58313 0.520051 2.22233 2.95654 2.5751 1.99803 1.42444 2.47074 1.52648 2.2475 1.74825 1.51264 3.14983 2.24389 3.52249 2.27482 1.80882 1.84413 2.82577 2.24068 1.73794 1.99014 3.57331 3.52595 3.28699 
0.885213 3.11936 3.78978 1.43415 3.03493 2.08359 1.0164 2.60563 3.98449 6.68868 0.959325 0.728164 4.07142 0.871373 1.17158 2.28859 0.88213 2.94668 9.21134 1.29853 6.49684 1.1294 0.350327 1.65817 0.880162 2.90259 7.81436 3.23869 2.66703 0.802399 1.09565 6.66452 1.58273 0.625008 7.51546 2.47518 0.863384 1.65022 1.67118 0 7.9886 1.66688 3.53223 1.68829 2.04752 2.93389 7.73451 2.60235 1.79898 6.38548 3.56824 3.1412 4.16754 2.53666 5.90496 4.45568 8.18196 2.88853 2.98485 4.53138 3.88457 2.75683 1.11462 0.625741 3.69978 2.89446 1.54992 4.51035 2.61516 9.17501 0.788066 2.10162 1.74534 9.73873 10.0047 3.42804 0.253793 1.78335 5.50239 4.58188 1.39636 0.948204 1.81357 1.05032 6.53719 1.08784 1.05461 2.66465 1.64541 2.50344 1.71398 1.14842 1.20951 5.06901 1.79742 1.13627 1.5139 2.58777 3.58102 3.36558 
1.11314 3.53464 4.11642 1.53344 3.14395 2.36181 1.43559 2.96675 4.20328 12.613 1.15868 0.990572 4.44757 1.32034 1.62432 2.53931 1.46671 3.19037 11.1972 1.67801 6.17902 1.53102 0.745713 1.85752 1.29936 3.32668 7.80366 3.34771 3.19613 1.38525 1.44162 6.4303 1.99528 1.2371 13.4947 2.78233 1.44624 2.33274 2.27641 7.9886 0 2.34805 3.67778 1.69892 2.32202 3.07224 14.4939 2.6806 2.07451 6.10099 3.7404 3.17374 4.47022 2.55865 6.37575 4.55441 7.30999 2.94652 2.93401 4.09667 4.10468 2.81033 1.10719 0.801333 3.70627 2.678 1.7479 4.32431 2.67589 14.1543 1.16489 2.14286 1.76755 15.1114 8.51595 3.48021 0.348958 1.94083 4.9587 4.35406 1.13415 1.00399 1.67333 1.18466 5.77093 1.10276 1.15683 2.68686 1.59094 2.81319 1.55081 1.20975 1.00399 5.03993 1.83438 0.973098 1.93204 2.3651 3.4644 3.2017 
1.05033 1.75359 1.94396 2.26432 3.06121 2.599 1.84847 2.95094 2.96233 1.68027 1.78626 1.33881 3.13467 1.70345 1.48428 2.804 1.32344 2.75512 1.69723 2.13061 2.29559 1.74005 1.23639 2.48511 1.71224 3.11667 2.46763 3.3154 2.58855 1.77227 1.66485 2.49036 1.92933 1.59488 1.77326 3.90036 1.83326 3.03768 2.38922 1.66688 2.34805 0 2.03808 2.5314 2.31003 3.08829 2.27965 2.35724 2.46308 2.30403 3.19706 2.10127 2.9596 2.24028 1.44618 2.2947 1.84157 2.58003 2.56559 2.15377 2.48812 3.78232 1.94156 1.23639 3.11615 2.85632 2.05992 3.5876 3.34685 2.44495 1.75794 3.24158 2.95489 2.52326 2.61002 2.71941 0.676329 2.394 3.03125 2.60961 2.12777 1.37791 2.62992 1.66097 2.16749 1.70172 1.67055 3.24913 2.39983 3.57097 2.4454 1.97859 1.7976 3.00514 2.40807 1.86768 2.30284 3.71041 3.61534 3.36171 
1.05306 4.53685 5.27159 1.27419 3.15005 2.29167 1.17634 3.01147 4.55317 3.63858 0.991365 0.779016 4.88422 1.06109 1.48701 2.32975 1.32616 3.1968 5.27867 1.45848 5.00611 1.21421 0.710549 1.69021 1.04011 3.4597 4.47473 3.37599 3.21789 1.21794 1.18981 4.97142 2.00442 1.06904 3.65938 2.68533 1.27893 2.10372 2.11809 3.53223 3.67778 2.03808 0 1.72544 2.05861 2.79359 3.35856 2.81712 1.87121 3.8925 3.54642 3.57616 4.52941 3.27145 4.96505 3.9753 3.81558 3.19732 3.22517 4.87543 3.62653 2.63973 1.09881 0.609091 3.7239 2.65592 1.56272 4.99227 2.5323 3.70607 1.00493 1.87048 1.49518 3.04162 4.23917 3.13849 0.335837 1.78335 5.6525 4.95644 1.36019 0.980712 1.90753 0.866074 4.01668 0.980712 0.944106 2.41449 1.6435 2.63276 1.69779 1.18369 1.13277 4.57347 1.77377 1.20156 1.76473 2.37947 3.37244 3.4276 
1.37838 2.25954 2.56026 1.6332 3.29808 2.52215 1.48232 2.88836 3.22614 1.61254 1.15514 0.852237 3.45654 1.3506 1.62099 2.67708 1.46338 2.97302 2.92711 1.76445 2.30842 1.62969 0.846013 1.85398 1.34608 3.7594 1.85431 3.42054 3.2403 1.29808 1.40867 2.60266 2.15132 1.20626 1.65056 2.71325 1.35907 2.53855 2.35347 1.68829 1.69892 2.5314 1.72544 0 2.093 2.97311 1.62822 2.91082 2.0419 2.10388 3.75942 2.11569 2.88938 2.38779 2.73442 1.73034 2.06005 2.28897 2.05921 1.98872 2.94976 2.54386 0.929993 1.08077 2.77381 2.92166 1.26776 3.22197 2.42219 2.05459 1.18415 2.02329 1.53112 2.14734 1.94579 2.39629 0.0619552 1.67912 2.61535 2.76878 1.62542 0.998056 1.81357 0.866074 2.16369 1.29404 0.852237 2.45043 1.58349 2.44286 1.5626 1.32943 1.43254 2.70895 1.58027 0.984887 1.72974 2.41541 3.68689 3.51582 
1.18256 2.31153 2.61547 1.42855 3.4795 2.19297 1.29658 3.37903 3.45669 1.81582 0.959325 0.832527 3.55055 1.15155 1.54899 2.3479 1.38815 3.3687 3.11755 1.57311 2.54534 1.46044 0.733833 1.65817 1.16034 3.95701 2.28953 3.68326 3.52845 1.1859 1.2518 2.73447 2.05376 1.13102 1.52234 2.59092 1.24689 2.38081 2.20579 2.04752 2.32202 2.31003 2.05861 2.093 0 3.2826 1.9819 2.70734 2.37507 2.44027 3.84122 2.98207 3.22255 2.56738 3.19463 2.15458 2.36209 2.65604 2.58827 2.27873 3.24908 2.72505 1.11462 0.956781 3.10698 3.16887 1.56034 3.84507 2.75735 2.39261 1.00685 2.01347 1.42157 2.22821 2.56566 2.53032 0.327699 1.84534 3.1858 3.30316 1.4296 1.2757 1.87226 1.11231 2.42851 1.37447 1.14481 2.4406 1.64541 2.84072 1.6703 1.14842 1.2757 2.43712 1.87285 1.16952 1.73269 2.40558 3.94208 3.66345 
1.80378 3.1902 3.49537 2.17132 4.39772 3.18322 1.93496 3.9263 4.33595 2.43688 1.69326 1.10427 4.56635 1.78994 1.95831 3.33816 1.8007 4.03636 3.81098 2.2171 3.14878 2.04797 1.26889 2.39211 1.79873 4.74766 3.07033 4.44831 3.89973 1.72097 1.66071 3.65875 2.80861 1.54358 2.5494 3.60605 1.78195 3.15467 2.68479 2.93389 3.07224 3.08829 2.79359 2.97311 3.2826 0 2.6814 3.90077 3.09322 2.68908 4.38598 3.4478 3.79663 3.39108 3.4305 2.91943 2.88952 3.25381 3.34989 2.78885 3.37783 3.17584 1.56002 1.54431 3.71402 3.63427 1.76591 4.4227 3.25225 2.34821 1.6823 2.34592 2.39492 2.43618 3.01392 2.68378 0.302075 2.17727 3.82002 3.40624 2.15175 1.49621 2.31172 1.36423 3.19326 1.87436 1.03766 3.11169 2.08164 3.17199 2.08512 1.82758 2.00108 3.3375 2.07843 1.59825 2.2279 3.07495 4.31345 4.28249 
1.18256 3.35108 4.24817 1.27419 2.68596 2.26817 1.17634 2.54737 3.62462 12.4113 0.959325 0.830612 4.01157 1.06109 1.54899 2.21316 1.38815 2.7552 10.9547 1.45848 6.38473 1.46044 0.733833 1.3591 1.04011 3.13685 7.38511 2.95188 2.91195 1.1859 1.2518 6.17761 2.02683 1.13102 13.5764 2.14266 1.24689 2.21082 2.15413 7.73451 14.4939 2.27965 3.35856 1.62822 1.9819 2.6814 0 2.51333 1.82087 5.61244 3.38228 3.08944 3.82692 2.64752 6.22122 4.38728 7.25605 2.79764 2.5879 3.9672 3.85806 2.59224 0.929993 0.930104 3.30007 2.52948 1.56034 4.07379 2.12446 16.0772 1.00493 1.85038 1.28876 16.895 8.65237 3.02311 0.306151 1.84534 4.82994 4.42515 1.36019 1.13277 1.61707 0.927676 5.95621 1.23153 0.979638 2.27752 1.6435 2.49124 1.5626 0.893227 1.13277 4.44266 1.80343 0.984887 1.73269 2.2425 3.24034 3.02037 
1.35591 2.85094 2.92775 1.6664 3.96684 1.89975 1.32353 3.94099 3.99715 2.25514 1.2985 0.930167 4.14993 1.17851 1.57271 2.05469 1.4151 3.81047 2.95265 1.60566 3.00449 1.51707 0.532966 1.97359 1.1873 4.49039 3.05489 4.1706 3.54864 1.33537 1.27552 3.32643 2.06808 1.15797 2.11849 2.99727 1.39635 2.79097 2.26222 2.60235 2.6806 2.35724 2.81712 2.91082 2.70734 3.90077 2.51333 0 3.19611 2.95188 4.04028 3.11721 3.68078 2.8535 3.07386 2.81828 2.65144 3.40732 3.20852 2.83947 3.68632 2.90226 1.40041 0.609091 3.5652 3.52156 1.74734 4.49997 2.87664 2.83359 1.28708 2.03652 1.72538 2.80931 3.23888 3.38573 0.380826 1.86906 3.8495 3.69083 1.35067 1.28357 2.16926 1.11982 2.71463 1.28357 1.20852 2.64469 1.90523 3.09172 1.68827 1.33412 1.37542 3.30618 1.70465 1.40703 2.04687 2.50801 4.39708 4.32716 
1.29575 2.346 2.67942 1.31392 3.46651 2.45338 1.0164 2.7407 3.12154 1.73623 1.07251 0.945715 3.24249 1.06109 1.66218 2.60832 1.46929 3.41343 3.09356 1.29853 2.41286 1.51284 0.733833 1.77136 0.880162 3.28875 1.93979 3.65043 3.53435 1.1859 1.36498 2.1069 2.29305 1.21217 1.76471 2.85134 1.24689 2.38349 2.43417 1.79898 2.07451 2.46308 1.87121 2.0419 2.37507 3.09322 1.82087 3.19611 0 2.30938 3.85158 2.73895 2.94026 2.43663 3.04261 2.10348 2.01534 1.67149 2.53717 2.24107 2.91516 2.81396 1.19353 1.00918 2.67969 3.12717 1.54992 3.59728 2.61383 1.85203 0.788066 2.11937 1.80254 2.11279 1.75989 2.39942 0.336221 1.9572 2.69101 3.10751 1.54279 1.27698 1.77928 1.14823 2.3595 1.47128 1.05461 2.72185 1.7586 2.38232 1.83582 1.14842 1.38889 2.71208 1.86243 1.2827 1.5139 2.66224 3.77906 3.40082 
1.33396 4.57388 4.90482 1.70001 3.42659 2.45603 1.4136 3.34439 4.71599 5.10885 1.31465 0.589078 4.97567 1.26857 1.66278 2.61096 1.50516 3.51885 7.35245 1.69238 8.07001 1.49511 0.930167 2.01349 1.27736 3.71407 7.45115 3.63035 2.80819 1.42543 1.07693 7.91008 2.23201 1.24804 5.18237 2.90558 1.48642 2.46337 1.99349 6.38548 6.10099 2.30403 3.8925 2.10388 2.44027 2.68908 5.61244 2.95188 2.30938 0 4.03672 3.89368 4.90487 3.50393 6.59261 5.31997 5.85794 3.56553 3.61824 4.88739 4.33744 2.78232 1.30148 0.99145 4.37678 2.83191 1.69958 5.12212 2.86371 6.45021 1.32087 2.17703 1.80952 6.27883 7.87184 3.26191 0.343963 1.91782 6.23289 4.56713 1.78493 0.875981 2.11121 1.1746 7.9471 1.36415 0.852237 2.84843 1.83983 2.96416 2.01388 1.50697 1.47946 5.43774 2.0121 1.43616 2.08801 2.81341 3.87317 3.86219 
