0 1298 552 2258 1810 858 1708 1766 1836 1024 1858 684 1650 1622 790 1176 652 1570 236 1702 1224 1964 1072 2326 1732 1726 1568 1586 1212 1260 1366 1290 642 1500 1068 2340 1816 808 492 1022 1632 804 1104 1404 1414 1498 1372 1120 1252 708 1122 1016 1552 1100 582 1354 1280 1436 1572 1138 1062 1862 1916 1290 1404 1254 1530 2186 1816 1390 1730 1804 1392 1442 1386 1400 697 2134 1296 1576 1856 1342 1550 1252 1430 1990 924 1812 1860 1358 2436 1696 1480 1504 2410 1762 2162 1988 1986 1926 
1298 0 1407 1514 2208 2420 1026 1020 2308 556 1112 1356 1936 940 1272 741 1065 2216 2124 1020 956 1038 326 1572 1050 1700 1233 2370 1080 1179 772 1088 2396 754 772 2394 1070 1564 1209 552 1788 1132 700 1316 1340 2348 1256 876 1012 1308 2072 564 1596 976 2516 1344 164 1380 1652 1168 1904 1962 1300 138 1300 1492 1974 3356 2400 1548 984 2120 1065 1392 1280 1568 389 2250 1484 756 1532 144 1592 996 1120 792 870 2082 1959 1872 1690 950 1356 1813 1540 1016 1532 1968 2480 2360 
552 1407 0 2020 2229 2288 1572 1406 2550 990 1494 1951 2103 1486 1342 1560 1935 2235 1512 1566 1296 1600 708 2190 1524 2224 1806 3224 2217 1752 1986 1395 1984 1140 1398 3153 1452 1959 1640 993 1914 2108 1452 1560 1638 2334 1701 1476 1338 1975 2643 1002 2124 1104 1954 1662 1530 1614 1812 1695 2489 2781 1682 1545 1902 1878 3093 3090 2373 1734 1370 2355 1884 1617 1539 1749 580 3189 1932 1974 2253 1082 2121 1674 1599 1730 1476 2655 2778 2933 2072 1336 2424 2157 2046 1398 1918 2541 2433 2343 
2258 1514 2020 0 1876 2024 1840 1710 1968 1360 1492 1574 762 1754 2354 1308 1606 1500 2022 1750 1300 2300 1408 1978 1828 1752 1136 2440 1576 1868 1670 1234 2280 1836 1200 1854 2026 1698 1888 1358 1154 1916 1164 1372 928 1930 886 1252 1272 1550 1948 1364 1204 1436 2340 1432 1432 1166 1222 1398 2082 2122 1610 1442 1352 1004 2394 1936 1914 1488 1560 1902 1524 1410 1216 1498 746 2394 1556 1728 1692 1494 1610 1312 1630 2086 1766 2102 2120 2378 2086 1526 2004 1706 2610 1730 2108 2026 1954 1576 
1810 2208 2229 1876 0 3404 1382 1572 2639 1652 1596 2694 2770 1296 1820 951 1944 3208 3168 1376 2060 1766 874 2000 1406 2306 1860 1176 3078 2001 2770 2192 3492 1306 1765 2739 1618 2818 2037 1656 2516 3130 1801 2412 2064 3444 1980 1869 2116 2670 4026 1668 2493 2076 3612 2179 2162 2484 2652 2161 3832 2496 1714 1584 2345 2216 3342 4080 3496 2644 1536 3208 1599 2488 2384 2664 663 2904 2477 2754 3129 1108 2693 2097 2374 1682 1456 2904 2493 3318 2190 1502 3354 2763 2152 1564 2084 2598 3576 3360 
858 2420 2288 2024 3404 0 1464 2058 3184 2624 1744 2140 2812 1378 1176 1389 1557 3504 1244 1458 3032 2084 1360 2082 1488 2112 2082 2958 1864 2469 2172 3164 2056 1792 1648 3159 2104 2388 1317 2628 2776 2380 1720 3257 2360 3768 2276 1544 3088 2188 3016 2640 2616 2822 1936 2220 2256 2836 2912 2044 2896 2619 1862 1707 2320 2512 2874 4376 3904 3052 1812 3157 1566 3208 2936 3032 765 3027 2360 2848 3224 1190 2612 2016 2300 1764 1310 2895 2616 2616 2320 1778 3448 2533 2130 1924 2360 2565 4296 3620 
1708 1026 1572 1840 1382 1464 0 1366 1408 1128 1560 1162 1222 1194 2026 748 1194 1568 1472 1274 956 1900 1176 1898 1304 2204 1204 1880 1402 1636 1248 890 1878 1608 640 1922 1682 1286 1660 1130 1204 1428 676 1440 996 1928 954 692 928 1138 1898 1136 1124 1204 1818 926 944 1112 1272 838 1814 1562 1678 954 976 1072 2178 2004 1768 1342 1406 1458 964 1420 1062 1332 673 1834 996 1240 1428 1006 1122 824 1070 1580 1354 1850 1560 2110 2136 1372 1540 1146 2050 1740 1954 1630 1964 1626 
1766 1020 1406 1710 1572 2058 1366 0 940 746 1580 1108 948 1296 1740 1342 1140 1576 1530 1868 542 1686 794 2070 1070 1902 1228 1412 1560 1254 1406 476 1666 1222 1234 1510 1268 984 1274 744 1246 1586 1256 1126 1020 1642 978 1286 514 1132 1866 750 1296 822 1726 1190 1102 698 1294 1432 1836 2128 1702 1112 1444 1096 2146 2028 1574 1182 992 1418 1558 1164 648 1192 593 1858 1590 1398 1124 1164 1552 1404 1152 1812 1348 1856 2040 2132 2132 958 1508 1702 2132 1484 1540 1780 1708 1622 
1836 2308 2550 1968 2639 3184 1408 940 0 3140 1688 3225 3375 1322 2154 1314 1983 3392 4000 1402 3650 2028 1304 1224 1432 2332 1998 708 2335 2646 2720 3650 3684 1736 1920 855 2048 2828 2481 3145 3330 3112 2010 3145 2248 4112 2705 1640 3669 3165 5124 3160 3130 3526 4755 2635 2680 2724 3500 2415 4994 2535 1806 1623 2760 3000 3459 5330 3792 3675 1756 3201 1638 3870 3530 3650 737 2943 2810 3708 3890 1134 2500 2380 2995 1708 1482 2967 2532 3357 2264 1722 4259 3243 2178 1868 2304 2637 4184 3508 
1024 556 990 1360 1652 2624 1128 746 3140 0 834 3158 1855 958 994 894 1203 1660 4832 1122 918 940 48 1566 864 1564 816 2415 3329 762 2713 1886 1840 480 5368 2163 792 1292 798 11 5108 1688 1572 760 864 1792 5683 1080 580 3254 3852 20 1980 734 3017 1344 2844 832 1370 2401 3270 2073 1022 555 2472 1776 2103 3500 1844 6126 710 1820 1218 6993 2889 1265 250 2364 2532 3157 4935 422 1940 2747 2704 1070 962 1665 2112 2079 1412 676 4364 5258 1386 738 1258 1551 1924 1804 
1858 1112 1494 1492 1596 1744 1560 1580 1688 834 0 1294 1502 1474 1828 1028 1326 1220 1622 1554 1038 1774 882 1698 1584 2336 856 2160 1296 1342 1390 1104 1754 1314 920 1574 1626 1418 1366 836 874 1636 884 1092 648 1650 606 972 1066 1270 1668 842 924 910 1814 1152 1152 886 942 1118 1802 1842 1330 1162 1072 724 2114 1656 1634 1208 1280 1622 1244 1130 936 1218 606 2114 1276 1448 1412 1214 1330 1032 1240 1806 1486 1822 1840 2098 1806 1246 1724 1426 2220 1450 1828 1746 1674 1296 
684 1356 1951 1574 2694 2140 1162 1108 3225 3158 1294 0 2760 1076 1002 945 48 2604 3151 1156 2636 1552 818 1780 1186 1042 1407 1353 2888 864 3504 3254 1708 1246 2088 2484 1292 248 1056 3150 3855 2032 1674 1644 1460 1628 2826 1148 1485 96 2724 1935 2515 2251 2830 2424 2384 1556 2560 1589 3913 1767 1232 909 2574 1710 2613 3755 2264 3601 1072 2240 1269 3742 3202 1790 355 2175 1836 3140 4892 658 2008 2962 3930 1306 240 2214 1764 2355 1888 1038 4823 3384 1932 1104 1620 1956 2656 2756 
1650 1936 2103 762 2770 2812 1222 948 3375 1855 1502 2760 0 1136 1736 1035 1704 3020 3535 988 1345 1682 790 1840 1066 990 1719 2733 3360 1875 2975 1180 3324 1218 1455 2796 1264 1960 1905 1850 2865 2740 1545 2244 1876 3276 2240 1268 1275 2700 4611 1865 2665 2181 4305 2170 2215 1388 3035 1950 4428 2256 1620 1344 2295 2535 3180 4865 3140 2945 988 2807 1359 2900 1610 2970 591 2664 2345 3118 2800 948 2128 1915 2530 1522 1296 2688 2253 3078 2078 954 3716 2778 1992 1480 1536 2358 3408 3136 
1622 940 1486 1754 1296 1378 1194 1296 1322 958 1474 1076 1136 0 1940 662 1108 1482 1386 1188 754 1814 1006 1812 1218 2114 1118 1794 1316 1466 1162 820 1792 1434 554 1836 1480 1196 1486 956 1118 1342 590 1338 910 1842 868 606 782 1052 1812 962 1038 1034 1732 840 858 966 1186 752 1728 1476 1592 868 890 986 2092 1918 1682 1256 1260 1372 878 1334 916 1246 630 1748 910 1154 1342 920 1036 738 984 1494 1268 1764 1474 2024 2050 1226 1454 1060 1964 1654 1808 1544 1878 1540 
790 1272 1342 2354 1820 1176 2026 1740 2154 994 1828 1002 1736 1940 0 1494 970 1824 554 2020 1198 1934 1042 2560 1858 2044 1538 1904 1530 1502 1658 1264 960 1474 1386 2436 1786 1126 810 996 1610 1122 1422 1374 1426 1816 1468 1438 1226 1026 1440 1002 1786 1070 900 1442 1354 1410 1542 1456 1380 2180 2016 1364 1722 1572 1848 2394 1916 1490 1704 1904 1710 1412 1360 1500 747 2452 1614 1650 1836 1416 1868 1570 1400 2064 1242 2104 2178 1676 2406 1670 1798 1822 2380 1732 2252 2028 1956 1896 
1176 741 1560 1308 951 1389 748 1342 1314 894 1028 945 1035 662 1494 0 993 1554 1410 742 1200 1368 644 1366 772 1672 1008 2022 1305 1656 1074 1299 2019 1076 162 2085 1388 1131 1692 897 1008 1344 216 1362 696 2094 633 240 1242 909 2049 906 888 1008 1929 591 618 1053 1110 459 1923 1545 1146 633 666 810 2469 2208 1854 1215 1096 1389 648 1332 1128 1200 407 1953 696 1062 1344 474 885 438 807 1048 822 1977 1542 2367 1604 1062 1512 921 1518 1208 1644 1647 2148 1641 
652 1065 1935 1606 1944 1557 1194 1140 1983 1203 1326 48 1704 1108 970 993 0 2001 624 1188 897 1584 850 1812 1218 1074 1455 1401 1131 912 1362 996 1233 1278 831 2532 1324 234 1008 1200 1482 1476 885 1281 1143 1269 1080 909 939 84 1410 1209 1557 1317 1143 1260 942 1215 1584 729 1863 1815 1264 957 1335 903 2565 2301 1746 1107 1104 1728 1317 1224 1140 1122 371 2223 966 1386 1854 690 1554 1107 1476 1338 272 2262 1812 2307 1920 1070 1836 1278 1964 1136 1652 2004 2040 2115 
1570 2216 2235 1500 3208 3504 1568 1576 3392 1660 1220 2604 3020 1482 1824 1554 2001 0 2668 1562 2068 1770 878 1706 1592 2344 1296 3252 1984 2007 1676 2200 3480 1310 1856 2373 1622 2852 2043 1664 1764 3252 1784 2255 1312 3350 1228 1960 2124 2556 896 1676 1864 2084 3360 2320 2284 1788 1900 2252 3360 2775 1338 1728 2160 1464 2166 3328 2468 2472 1288 2968 1878 2331 1888 2482 610 2886 2568 2212 2380 1204 2676 2080 2533 1520 1494 1707 2772 2964 1814 1254 1612 2756 2216 1458 1836 2631 3419 2608 
236 2124 1512 2022 3168 1244 1472 1530 4000 4832 1622 3151 3535 1386 554 1410 624 2668 0 1466 4511 1728 836 2090 1496 1490 1998 2025 4195 1536 4811 4856 812 1264 4992 3156 1580 1144 384 4428 8380 1136 2604 2336 2356 2524 6851 1768 2553 3175 2658 1971 3290 2713 1038 3354 5766 2400 3353 3285 2478 2439 1680 1581 3504 3177 1941 4875 3160 7418 1494 3136 1734 7340 7000 2910 579 2847 3244 4716 8922 1106 2628 4271 4946 1754 688 2364 2436 1683 2200 1460 5050 7271 2174 1526 1926 2628 3500 3380 
1702 1020 1566 1750 1376 1458 1274 1868 1402 1122 1554 1156 988 1188 2020 742 1188 1562 1466 0 1326 1894 1170 1892 1298 1978 1198 1874 1396 1630 1242 1392 1872 1602 634 1916 1914 1280 1654 1124 1198 1422 670 1434 990 1922 948 686 1354 1132 1892 1130 1118 1198 1812 920 938 1228 1266 832 1808 1556 1672 948 970 1066 2172 1998 1762 1336 1622 1452 958 1414 1278 1326 670 1828 990 1234 1422 1000 1116 818 1064 1574 1348 1844 1554 2104 2130 1588 1534 1140 2044 1734 2170 1624 1958 1620 
1224 956 1296 1300 2060 3032 956 542 3650 918 1038 2636 1345 754 1198 1200 897 2068 4511 1326 0 1144 252 1584 660 1360 1113 2202 4131 1068 3515 1272 2248 680 3114 2190 726 884 1098 909 3480 2088 2184 1168 1068 2200 2396 1488 70 2732 4140 520 2025 836 3627 1944 2880 424 1880 3115 3882 2379 1216 855 2909 1830 2409 3855 2176 3136 506 1864 1524 2799 1571 1765 350 2058 3144 3251 3427 622 2132 3561 3072 1270 806 1971 2331 2385 1616 472 4155 5220 1590 942 1054 1857 2332 2212 
1964 1038 1600 2300 1766 2084 1900 1686 2028 940 1774 1552 1682 1814 1934 1368 1584 1770 1728 1894 1144 0 988 2446 1804 2504 1484 2454 1414 1448 1260 1210 1860 1420 1260 2382 1732 1586 1472 942 1556 1440 1224 1320 1372 1836 1414 1312 1172 1528 1910 948 1672 1016 1920 1388 956 1356 1488 1458 1826 2182 1962 966 1524 1532 2190 2340 1862 1436 1650 1850 1584 1358 1306 1446 720 2374 1616 1252 1640 1018 1670 1372 1346 1666 1744 2050 2180 2122 2352 1616 1552 1766 2326 1678 2198 1974 1902 1842 
1072 326 708 1408 874 1360 1176 794 1304 48 882 818 790 1006 1042 644 850 878 836 1170 252 988 0 1614 912 1612 592 1658 866 556 712 318 968 528 536 1490 840 694 580 50 664 892 572 428 480 944 522 588 280 842 1326 56 840 28 1028 496 408 464 596 734 1138 1430 1070 418 872 640 1450 1448 970 544 758 958 860 466 414 554 274 1624 892 704 890 470 1018 720 358 1118 1010 1158 1456 1434 1460 724 1004 1004 1338 786 1306 1082 1010 950 
2326 1572 2190 1978 2000 2082 1898 2070 1224 1566 1698 1780 1840 1812 2560 1366 1812 1706 2090 1892 1584 2446 1614 0 1922 2822 1342 1696 1782 2074 1794 1594 2486 2042 1258 654 2310 1904 2094 1564 1360 1974 1222 1578 1134 2136 1092 1310 1556 1756 2154 1570 774 1642 2436 1544 1490 1372 1428 1456 2288 2180 1816 1494 922 1210 2600 2142 1816 1694 1766 1972 1582 1616 1422 1704 849 2412 1614 1786 1678 1552 1372 1074 1574 2198 1972 2308 2178 2584 2292 1598 2062 1718 2516 1936 2314 2202 1710 1782 
1732 1050 1524 1828 1406 1488 1304 1070 1432 864 1584 1186 1066 1218 1858 772 1218 1592 1496 1298 660 1804 912 1922 0 2020 1228 1904 1426 1372 1272 594 1784 1340 664 1946 1386 1102 1392 862 1228 1452 700 1244 1020 1760 978 716 632 1162 1922 868 1148 940 1842 950 968 816 1296 862 1838 1586 1702 978 1000 1096 2202 2028 1692 1300 1110 1482 988 1282 766 1310 652 1858 1020 1264 1242 1030 1146 848 1094 1604 1378 1874 1584 2134 2160 1076 1564 1170 2074 1602 1658 1654 1826 1650 
1726 1700 2224 1752 2306 2112 2204 1902 2332 1564 2336 1042 990 2114 2044 1672 1074 2344 1490 1978 1360 2504 1612 2822 2020 0 1980 1944 1764 1618 1918 1426 1896 2040 1564 2698 2086 918 1746 1562 1998 2058 1600 1864 1772 1856 1730 1616 1388 1066 1950 1568 2048 1640 1836 1850 1638 1572 2066 1496 2316 2220 2274 1648 1900 1612 2784 2544 2174 1748 1866 2162 1888 1826 1522 1758 876 2492 1654 1934 1998 1700 2046 1748 1970 2348 1282 2518 2218 2612 2930 1832 2234 1862 2950 2146 2414 2346 2370 2420 
1568 1233 1806 1136 1860 2082 1204 1228 1998 816 856 1407 1719 1118 1538 1008 1455 1296 1998 1198 1113 1484 592 1342 1228 1980 0 2706 1410 1578 1551 1128 2112 1024 846 1827 1336 1593 1614 819 777 1920 792 354 438 1191 375 924 1071 1371 1968 828 852 930 2022 1194 1194 795 879 1143 1419 1857 878 1209 1074 552 1887 1884 1167 528 924 1149 1332 411 870 543 178 2637 1380 1638 1584 858 1461 1014 1425 1450 818 1449 2226 1863 1450 890 2052 1218 1624 594 1472 1335 1227 1410 
1586 2370 3224 2440 1176 2958 1880 1412 708 2415 2160 1353 2733 1794 1904 2022 1401 3252 2025 1874 2202 2454 1658 1696 1904 1944 2706 0 2109 2217 2340 2301 2634 2090 1860 1563 2194 1539 2409 2418 2706 2877 1914 2586 2394 2574 2331 1938 2244 1389 2715 2427 2586 2529 2544 2289 2247 2520 2808 2034 3264 3120 2134 2262 2364 2208 3966 3606 3051 2412 1974 3033 2346 2529 2445 2427 806 3528 2271 2691 3042 1560 2583 2136 2505 2180 1142 3567 3117 3708 2736 1940 3141 2583 2650 2006 2522 3309 3345 3339 
1212 1080 2217 1576 3078 1864 1402 1560 2335 3329 1296 2888 3360 1316 1530 1305 1131 1984 4195 1396 4131 1414 866 1782 1426 1764 1410 2109 0 1947 616 4564 1816 1294 3048 2256 1610 1692 1080 3323 2710 1884 2178 2363 1464 2976 2760 1628 2615 2792 4264 2055 2520 2607 3081 2844 1832 1940 1505 3360 4104 2526 1414 702 3078 2424 2538 3915 3184 5223 1364 2872 1629 4911 4160 3277 648 2814 3354 3875 5240 520 2344 3503 4128 1168 914 2859 2523 2436 1466 1330 5148 5217 1916 1520 1912 2628 3527 1912 
1260 1179 1752 1868 2001 2469 1636 1254 2646 762 1342 864 1875 1466 1502 1656 912 2007 1536 1630 1068 1448 556 2074 1372 1618 1578 2217 1947 0 1758 1167 2142 988 1494 2925 1300 1050 1560 765 1686 2028 1548 1332 1410 2085 1473 1572 1110 900 2226 774 1950 876 2055 1434 1302 1386 1584 1545 2397 2631 1530 1317 1998 1650 2865 2862 2145 1506 1218 2127 1980 1389 1311 1521 504 3039 1782 1746 2025 930 2217 1770 1371 1578 816 2427 2628 2841 1920 1184 2196 2094 1894 1246 1766 2313 2205 2115 
1366 772 1986 1670 2770 2172 1248 1406 2720 2713 1390 3504 2975 1162 1658 1074 1362 1676 4811 1242 3515 1260 712 1794 1272 1918 1551 2340 616 1758 0 3948 2124 1140 2432 2487 1456 2000 1311 2707 2094 1576 1716 2088 1652 3120 3166 1320 2230 3408 3802 1670 2550 2222 3543 2382 1216 2128 1120 2821 3950 2295 1508 471 2616 2706 2307 3530 2876 4643 1370 2564 1398 4385 4148 2925 582 2583 2892 3699 4624 366 2036 2887 3512 1014 1068 2661 2292 2205 1312 1336 4532 4601 1762 1366 1918 2397 3252 1604 
1290 1088 1395 1234 2192 3164 890 476 3650 1886 1104 3254 1180 820 1264 1299 996 2200 4856 1392 1272 1210 318 1594 594 1426 1128 2301 4564 1167 3948 0 2380 746 3110 2205 792 1016 1197 1878 3380 2220 2340 1300 1088 2332 2308 1620 95 3302 4170 685 2050 1001 3825 2142 2732 444 2045 3385 4080 2478 1226 954 2960 1860 2505 3880 2196 3352 516 1884 1623 3376 1088 1790 355 2073 3342 3512 2992 688 2152 3856 3498 1336 872 2070 2346 2484 1656 482 4528 5020 1656 1008 1064 1956 2464 2292 
642 2396 1984 2280 3492 2056 1878 1666 3684 1840 1754 1708 3324 1792 960 2019 1233 3480 812 1872 2248 1860 968 2486 1784 1896 2112 2634 1816 2142 2124 2380 0 1400 2476 3543 1712 1956 993 1844 3072 1948 2548 2344 2704 3308 2788 2580 2304 1756 2584 1856 3424 2264 120 2736 2560 2672 2936 2616 1080 3048 1582 1935 3148 2848 1512 3920 2964 2112 1630 2940 2343 2268 2572 2132 530 3354 2932 2228 3004 1342 3440 2844 2823 1528 1094 2739 3045 1254 2332 1596 2828 3344 2306 1454 1640 2625 3356 3644 
1500 754 1140 1836 1306 1792 1608 1222 1736 480 1314 1246 1218 1434 1474 1076 1278 1310 1264 1602 680 1420 528 2042 1340 2040 1024 2090 1294 988 1140 746 1400 0 968 1918 1272 1122 1008 478 1096 1320 1004 860 908 1376 950 1020 708 1270 1758 484 1268 556 1460 924 836 892 1028 1166 1570 1862 1502 846 1304 1068 1882 1880 1402 976 1186 1390 1292 898 842 986 490 2052 1324 1132 1318 898 1450 1152 886 1546 1442 1590 1888 1866 1892 1152 1432 1436 1866 1218 1734 1514 1442 1382 
1068 772 1398 1200 1765 1648 640 1234 1920 5368 920 2088 1455 554 1386 162 831 1856 4992 634 3114 1260 536 1258 664 1564 846 1860 3048 1494 2432 3110 2476 968 0 1923 1280 1292 1530 2695 4557 1576 108 1609 712 2576 3750 104 1800 1992 3892 1240 1210 1606 3534 858 2137 1188 1580 693 3800 1383 1038 471 1008 1296 2307 3410 2256 8294 988 1665 486 8849 3962 1730 353 1791 1068 2964 4734 366 964 1011 2072 940 714 1815 1380 2205 1496 954 3985 3015 1410 1100 1536 1485 2648 1972 
2340 2394 3153 1854 2739 3159 1922 1510 855 2163 1574 2484 2796 1836 2436 2085 2532 2373 3156 1916 2190 2382 1490 654 1946 2698 1827 1563 2256 2925 2487 2205 3543 1918 1923 0 2186 2670 2955 2160 1854 2997 1869 2181 1515 3018 1452 2001 2148 2448 3045 2169 1929 2277 3633 2271 2271 1872 1956 2220 3246 3306 1692 2286 2151 1629 3714 3027 2994 2355 1642 2976 2409 2238 1947 2370 787 3714 2457 2715 2661 1576 2538 2091 2568 2168 1848 3276 3303 3690 2168 1608 3129 2682 2692 1812 2190 3162 3054 2487 
1816 1070 1452 2026 1618 2104 1682 1268 2048 792 1626 1292 1264 1480 1786 1388 1324 1622 1580 1914 726 1732 840 2310 1386 2086 1336 2194 1610 1300 1456 792 1712 1272 1280 2186 0 1168 1324 794 1408 1636 1316 1172 1224 1688 1218 1332 754 1316 2070 800 1536 868 1772 1240 1152 938 1340 1478 1882 2174 1814 1162 1616 1336 2194 2192 1714 1288 1232 1658 1604 1210 888 1298 646 2098 1636 1448 1364 1214 1762 1464 1198 1862 1532 1902 2200 2178 2204 1198 1748 1748 2178 1530 1780 1826 1754 1694 
808 1564 1959 1698 2818 2388 1286 984 2828 1292 1418 248 1960 1196 1126 1131 234 2852 1144 1280 884 1586 694 1904 1102 918 1593 1539 1692 1050 2000 1016 1956 1122 1292 2670 1168 0 1242 1288 2160 2280 1364 1892 1708 1876 1624 1396 940 296 2064 1300 2260 1512 1836 1864 1440 1308 2296 1156 2796 1953 1356 1095 1964 1388 2799 3252 2512 1660 948 2488 1455 1816 1208 1680 417 2361 1472 2032 2160 782 2256 1660 2116 1430 364 2400 1950 2541 2012 914 2632 1888 2032 1228 1496 2142 2904 3004 
492 1209 1640 1888 2037 1317 1660 1274 2481 798 1366 1056 1905 1486 810 1692 1008 2043 384 1654 1098 1472 580 2094 1392 1746 1614 2409 1080 1560 1311 1197 993 1008 1530 2955 1324 1242 0 795 1722 1236 1584 1368 1440 2142 1503 1608 1140 1092 1713 786 1980 912 903 1464 1332 1416 1620 1737 1623 2823 1554 1347 2034 1680 2325 2898 2181 1542 1238 2163 2016 1425 1341 1557 516 3156 1974 1776 2055 950 2253 1806 1407 1598 944 2463 2820 2067 1944 1204 2226 2232 1918 1270 1786 2349 2241 2151 
1022 552 993 1358 1656 2628 1130 744 3145 11 836 3150 1850 956 996 897 1200 1664 4428 1124 909 942 50 1564 862 1562 819 2418 3323 765 2707 1878 1844 478 2695 2160 794 1288 795 0 3427 1684 1578 764 860 1796 3040 1084 575 3246 3856 15 1975 735 3021 1338 2841 828 1375 2408 3276 2076 1024 552 2478 1770 2106 3505 1848 2739 708 1824 1221 2310 2878 1270 251 2361 2538 3150 4924 420 1944 2753 2702 1068 964 1668 2115 2082 1414 674 4356 5269 1388 740 1256 1554 1928 1808 
1632 1788 1914 1154 2516 2776 1204 1246 3330 5108 874 3855 2865 1118 1610 1008 1482 1764 8380 1198 3480 1556 664 1360 1228 1998 777 2706 2710 1686 2094 3380 3072 1096 4557 1854 1408 2160 1722 3427 0 2596 1638 1535 620 2580 2144 1232 1830 3783 3624 1560 1465 1844 4834 834 4486 1096 170 1974 4326 1932 992 1236 2258 1158 2232 2240 2236 5536 942 2212 1332 6160 3485 1755 348 2340 2166 3945 5071 876 1984 2828 2248 932 1148 2193 1929 2607 932 908 3400 5255 1542 850 1490 2079 2628 844 
804 1132 2108 1916 3130 2380 1428 1586 3112 1688 1636 2032 2740 1342 1122 1344 1476 3252 1136 1422 2088 1440 892 1974 1452 2058 1920 2877 1884 2028 1576 2220 1948 1320 1576 2997 1636 2280 1236 1684 2596 0 1504 2448 2144 3480 2060 1680 2144 2080 2364 1696 2400 2026 1828 2148 968 2512 2472 1972 2708 2565 1754 741 2104 2296 2193 4160 3236 2680 1550 2924 1668 2524 2412 2700 672 2853 2288 1560 2336 546 2396 1800 1924 1194 1256 2808 2562 2475 2100 1516 1648 2617 1942 1582 2098 2667 3612 3180 
1104 700 1452 1164 1801 1720 676 1256 2010 1572 884 1674 1545 590 1422 216 885 1784 2604 670 2184 1224 572 1222 700 1600 792 1914 2178 1548 1716 2340 2548 1004 108 1869 1316 1364 1584 1578 1638 1504 0 1537 640 2528 834 176 1855 1602 3784 1330 1120 1696 3642 966 804 1116 1535 702 3692 1437 1002 417 900 1188 2253 3320 2184 2105 952 1737 540 2261 1824 1640 335 1845 1176 2268 2256 330 892 444 1398 976 750 1869 1434 2151 1478 918 2842 1713 1446 1064 1500 1539 2576 1936 
1404 1316 1560 1372 2412 3257 1440 1126 3145 760 1092 1644 2244 1338 1374 1362 1281 2255 2336 1434 1168 1320 428 1578 1244 1864 354 2586 2363 1332 2088 1300 2344 860 1609 2181 1172 1892 1368 764 1535 2448 1537 0 1198 1116 1128 1713 1224 1596 2656 776 1739 1184 2224 1120 1480 1547 1671 1884 1420 1503 642 1125 1836 1364 1533 2040 1084 232 1090 1060 1137 76 1492 252 60 2337 2048 1904 1648 802 1844 1833 1646 1214 582 1095 2382 1509 1432 1056 2296 1152 1388 358 1638 981 1164 2084 
1414 1340 1638 928 2064 2360 996 1020 2248 864 648 1460 1876 910 1426 696 1143 1312 2356 990 1068 1372 480 1134 1020 1772 438 2394 1464 1410 1652 1088 2704 908 712 1515 1224 1708 1440 860 620 2144 640 1198 0 2290 84 816 1012 1412 2208 872 720 1237 2824 1176 1176 644 756 1108 2586 1917 766 897 1016 320 2325 2184 2180 1328 716 2156 1020 1250 744 1338 324 2325 1424 1768 1696 650 1532 936 1572 1242 922 1887 1914 2301 1242 682 2320 1660 1766 886 1264 1773 2313 1464 
1498 2348 2334 1930 3444 3768 1928 1642 4112 1792 1650 1628 3276 1842 1816 2094 1269 3350 2524 1922 2200 1836 944 2136 1760 1856 1191 2574 2976 2085 3120 2332 3308 1376 2576 3018 1688 1876 2142 1796 2580 3480 2528 1116 2290 0 2206 2680 2256 1580 3444 1808 2817 2216 3188 2236 2512 2620 2716 2536 2384 2226 1124 1899 2800 2411 2256 3004 2048 1196 1604 2024 1860 1040 2520 1216 301 3060 2852 2868 2612 1318 2808 2824 2661 1772 1006 1818 2985 2232 1914 1570 3260 2116 1870 840 2152 1704 2128 3048 
1372 1256 1701 886 1980 2276 954 978 2705 5683 606 2826 2240 868 1468 633 1080 1228 6851 948 2396 1414 522 1092 978 1730 375 2331 2760 1473 3166 2308 2788 950 3750 1452 1218 1624 1503 3040 2144 2060 834 1128 84 2206 0 732 1160 2730 3393 1195 795 1733 4376 1638 3312 560 840 1792 3918 1854 724 834 1454 354 2262 2625 2096 6566 674 2072 957 6750 2827 1590 303 2262 2010 3475 4881 608 1448 1756 3062 1200 880 1824 1851 2238 1200 640 4472 4721 1724 844 1222 1710 2229 1380 
1120 876 1476 1252 1869 1544 692 1286 1640 1080 972 1148 1268 606 1438 240 909 1960 1768 686 1488 1312 588 1310 716 1616 924 1938 1628 1572 1320 1620 2580 1020 104 2001 1332 1396 1608 1084 1232 1680 176 1713 816 2680 732 0 1544 1100 2620 1096 1072 1278 2460 676 712 1292 1368 500 2452 1461 1090 549 776 968 2385 2832 2360 1508 1040 1613 408 1664 1392 1488 379 1869 816 1304 1680 418 1068 472 756 992 766 1737 1458 2283 1548 1006 1904 989 1358 1152 1588 1407 2752 2076 
1252 1012 1338 1272 2116 3088 928 514 3669 580 1066 1485 1275 782 1226 1242 939 2124 2553 1354 70 1172 280 1556 632 1388 1071 2244 2615 1110 2230 95 2304 708 1800 2148 754 940 1140 575 1830 2144 1855 1224 1012 2256 1160 1544 0 1545 3380 590 1955 906 3030 1690 1470 368 1950 2295 3305 2421 1188 897 2325 1455 2448 3785 2120 1670 478 1808 1566 1625 335 1695 336 2016 2690 2267 1525 650 2076 2225 1731 1298 834 2013 2289 2427 1618 444 2485 2970 1618 970 1026 1899 2388 2216 
708 1308 1975 1550 2670 2188 1138 1132 3165 3254 1270 96 2700 1052 1026 909 84 2556 3175 1132 2732 1528 842 1756 1162 1066 1371 1389 2792 900 3408 3302 1756 1270 1992 2448 1316 296 1092 3246 3783 2080 1602 1596 1412 1580 2730 1100 1545 0 2796 1995 2455 2311 2878 2352 2288 1604 2500 1673 3961 1803 1208 873 2502 1638 2616 3695 2216 3505 1096 2192 1233 3682 3250 1730 343 2211 1908 3056 4940 634 1960 2866 3834 1282 216 2178 1800 2391 1864 1062 4751 3456 1908 1080 1644 1992 2608 2708 
1122 2072 2643 1948 4026 3016 1898 1866 5124 3852 1668 2724 4611 1812 1440 2049 1410 896 2658 1892 4140 1910 1326 2154 1922 1950 1968 2715 4264 2226 3802 4170 2584 1758 3892 3045 2070 2064 1713 3856 3624 2364 3784 2656 2208 3444 3393 2620 3380 2796 0 3215 3450 3793 3696 4458 3412 2536 3190 3888 3696 3030 1738 1446 4494 3689 1494 5260 1572 3755 1562 2072 1668 3916 3654 3055 608 2214 4362 1974 2226 892 2552 4038 4386 1072 1148 1035 2487 2292 2140 1528 1074 2790 2412 1610 2110 2121 3668 3260 
1016 564 1002 1364 1668 2640 1136 750 3160 20 842 1935 1865 962 1002 906 1209 1676 1971 1130 520 948 56 1570 868 1568 828 2427 2055 774 1670 685 1856 484 1240 2169 800 1300 786 15 1560 1696 1330 776 872 1808 1195 1096 590 1995 3215 0 1990 750 2470 1130 910 840 1390 1735 2745 2085 1030 561 2080 1490 2115 3520 1860 1260 714 1836 1230 1065 925 1285 254 2370 2130 1937 2115 426 1956 1700 1463 1074 970 1677 2124 2091 1420 680 2535 2410 1394 746 1262 1563 1940 1820 
1552 1596 2124 1204 2493 2616 1124 1296 3130 1980 924 2515 2665 1038 1786 888 1557 1864 3290 1118 2025 1672 840 774 1148 2048 852 2586 2520 1950 2550 2050 3424 1268 1210 1929 1536 2260 1980 1975 1465 2400 1120 1739 720 2817 795 1072 1955 2455 3450 1990 0 2432 4155 1925 1790 1196 1635 1705 3857 2109 1042 1080 370 1090 2739 3420 2084 2380 992 2396 1212 2291 1620 2385 462 2457 2100 2670 2260 778 1196 750 2000 1424 1198 2301 2106 2715 1518 824 3220 2360 1742 1162 1540 2142 1872 2016 
1100 976 1104 1436 2076 2822 1204 822 3526 734 910 2251 2181 1034 1070 1008 1317 2084 2713 1198 836 1016 28 1642 940 1640 930 2529 2607 876 2222 1001 2264 556 1606 2277 868 1512 912 735 1844 2026 1696 1184 1237 2216 1733 1278 906 2311 3793 750 2432 0 3184 1832 1462 1052 1810 2101 3427 2187 1098 669 2332 2028 2217 3916 2249 1970 786 2153 1332 1779 1241 1995 288 2478 2496 2371 2431 498 2190 2066 825 1146 1038 1779 2226 2193 1488 752 2969 2710 1310 814 1334 1665 2348 2081 
582 2516 1954 2340 3612 1936 1818 1726 4755 3017 1814 2830 4305 1732 900 1929 1143 3360 1038 1812 3627 1920 1028 2436 1842 1836 2022 2544 3081 2055 3543 3825 120 1460 3534 3633 1772 1836 903 3021 4834 1828 3642 2224 2824 3188 4376 2460 3030 2878 3696 2470 4155 3184 0 4302 4025 2792 3820 3808 1440 2958 1522 2025 4542 4196 1422 4750 2844 2988 1690 2820 2253 3222 4113 2515 500 3264 4282 3162 4326 1288 3320 4086 4491 1468 1034 2649 2955 1164 2392 1656 4062 4836 2366 1394 1580 2535 3236 3764 
1354 1344 1662 1432 2179 2220 926 1190 2635 1344 1152 2424 2170 840 1442 591 1260 2320 3354 920 1944 1388 496 1544 950 1850 1194 2289 2844 1434 2382 2142 2736 924 858 2271 1240 1864 1464 1338 834 2148 966 1120 1176 2236 1638 676 1690 2352 4458 1130 1925 1832 4302 0 1770 1652 865 1452 3905 1812 1202 900 1866 1992 2373 2935 2204 2162 1154 2180 915 1928 2430 1715 340 2220 1926 2840 3222 652 1536 1410 2148 654 1000 1935 1809 2349 1210 1120 3384 2463 1696 918 1702 1821 2284 1400 
1280 164 1530 1432 2162 2256 944 1102 2680 2844 1152 2384 2215 858 1354 618 942 2284 5766 938 2880 956 408 1490 968 1638 1194 2247 1832 1302 1216 2732 2560 836 2137 2271 1152 1440 1332 2841 4486 968 804 1480 1176 2512 3312 712 1470 2288 3412 910 1790 1462 4025 1770 0 1544 1880 1757 3190 1839 1270 15 1704 1992 1851 3990 2268 4720 1066 1956 942 4603 4279 2165 430 2127 1980 2704 4938 62 1428 1671 2296 710 788 2205 1836 1749 1616 1032 3808 4996 1458 1098 1614 1941 2644 2212 
1436 1380 1614 1166 2484 2836 1112 698 2724 832 886 1556 1388 966 1410 1053 1215 1788 2400 1228 424 1356 464 1372 816 1572 795 2520 1940 1386 2128 444 2672 892 1188 1872 938 1308 1416 828 1096 2512 1116 1547 644 2620 560 1292 368 1604 2536 840 1196 1052 2792 1652 1544 0 1232 1584 2924 2274 1004 1173 1492 796 2322 2660 1952 1424 394 1640 1377 1580 100 1444 358 1890 1900 1828 1052 834 1908 1412 1712 1328 1018 2223 2163 2625 1480 360 1820 2216 1802 1110 942 2109 2668 1940 
1572 1652 1812 1222 2652 2912 1272 1294 3500 1370 942 2560 3035 1186 1542 1110 1584 1900 3353 1266 1880 1488 596 1428 1296 2066 879 2808 1505 1584 1120 2045 2936 1028 1580 1956 1340 2296 1620 1375 170 2472 1535 1671 756 2716 840 1368 1950 2500 3190 1390 1635 1810 3820 865 1880 1232 0 1580 3775 2034 1060 1143 2005 1135 2334 2410 2372 1900 1010 2348 1434 2095 1665 1925 382 2442 1975 2705 2475 814 2120 1905 1575 1000 1216 2295 2031 2709 864 976 2295 2495 1610 918 1558 2181 2764 708 
1138 1168 1695 1398 2161 2044 838 1432 2415 2401 1118 1589 1950 752 1456 459 729 2252 3285 832 3115 1458 734 1456 862 1496 1143 2034 3360 1545 2821 3385 2616 1166 693 2220 1478 1156 1737 2408 1974 1972 702 1884 1108 2536 1792 500 2295 1673 3888 1735 1705 2101 3808 1452 1757 1584 1580 0 4320 1086 1236 768 1602 1890 2364 3650 2652 3232 816 1356 783 3164 2947 2225 452 1494 474 3453 3402 564 1360 1337 2374 1138 694 1605 1083 2502 1496 1152 3283 1281 1608 1224 1734 1275 2896 1972 
1062 1904 2489 2082 3832 2896 1814 1836 4994 3270 1802 3913 4428 1728 1380 1923 1863 3360 2478 1808 3882 1826 1138 2288 1838 2316 1419 3264 4104 2397 3950 4080 1080 1570 3800 3246 1882 2796 1623 3276 4326 2708 3692 1420 2586 2384 3918 2452 3305 3961 3696 2745 3857 3427 1440 3905 3190 2924 3775 4320 0 2454 1276 1320 4428 4272 2142 4135 2352 2250 1756 2328 2088 2016 4236 1900 377 2544 4718 1722 2886 808 3112 4136 4192 988 1216 2046 2817 444 2066 1722 2622 3630 2022 992 1100 1932 2432 3352 
1862 1962 2781 2122 2496 2619 1562 2128 2535 2073 1842 1767 2256 1476 2180 1545 1815 2775 2439 1556 2379 2182 1430 2180 1586 2220 1857 3120 2526 2631 2295 2478 3048 1862 1383 3306 2174 1953 2823 2076 1932 2565 1437 1503 1917 2226 1854 1461 2421 1803 3030 2085 2109 2187 2958 1812 1839 2274 2034 1086 2454 0 1568 1854 1887 2031 2922 2919 2202 1563 1224 2103 1869 1446 2349 1578 523 1401 849 2283 2502 1288 2106 1659 2028 1862 1418 2484 1695 2898 2220 1876 2493 1635 2314 1284 2458 2361 2262 2565 
1916 1300 1682 1610 1714 1862 1678 1702 1806 1022 1330 1232 1620 1592 2016 1146 1264 1338 1680 1672 1216 1962 1070 1816 1702 2274 878 2134 1414 1530 1508 1226 1582 1502 1038 1692 1814 1356 1554 1024 992 1754 1002 642 766 1124 724 1090 1188 1208 1738 1030 1042 1098 1522 1202 1270 1004 1060 1236 1276 1568 0 1280 1190 842 1588 1430 952 526 1398 940 1324 604 1054 536 265 1968 1394 1518 1234 1332 1448 1150 1344 1856 992 1296 1958 1572 1924 1364 1618 1142 1954 924 1946 1220 1148 1414 
1290 138 1545 1442 1584 1707 954 1112 1623 555 1162 909 1344 868 1364 633 957 1728 1581 948 855 966 418 1494 978 1648 1209 2262 702 1317 471 954 1935 846 471 2286 1162 1095 1347 552 1236 741 417 1125 897 1899 834 549 897 873 1446 561 1080 669 2025 900 15 1173 1143 768 1320 1854 1280 0 858 1011 1866 2409 1716 1299 1076 1482 957 1182 1098 1314 435 2142 1005 459 1041 72 1077 630 702 720 798 2220 1851 1764 1626 1042 909 1230 1448 1108 1624 1956 1998 1674 
1404 1300 1902 1352 2345 2320 976 1444 2760 2472 1072 2574 2295 890 1722 666 1335 2160 3504 970 2909 1524 872 922 1000 1900 1074 2364 3078 1998 2616 2960 3148 1304 1008 2151 1616 1964 2034 2478 2258 2104 900 1836 1016 2800 1454 776 2325 2502 4494 2080 370 2332 4542 1866 1704 1492 2005 1602 4428 1887 1190 858 0 1692 2667 3536 1788 2874 1140 2100 990 2640 2444 2390 481 2235 2076 2872 2268 630 900 456 1956 1276 1050 2250 1884 2601 1666 676 3420 2388 1632 1200 1688 1920 2168 2312 
1254 1492 1878 1004 2216 2512 1072 1096 3000 1776 724 1710 2535 986 1572 810 903 1464 3177 1066 1830 1532 640 1210 1096 1612 552 2208 2424 1650 2706 1860 2848 1068 1296 1629 1336 1388 1680 1770 1158 2296 1188 1364 320 2411 354 968 1455 1638 3689 1490 1090 2028 4196 1992 1992 796 1135 1890 4272 2031 842 1011 1692 0 2439 2330 2332 2280 792 2275 981 2280 1344 1885 362 2439 2364 3232 2772 726 1420 1236 2586 1318 762 2001 2028 2415 1318 758 3708 2610 1842 962 1340 1887 2465 1616 
1530 1974 3093 2394 3342 2874 2178 2146 3459 2103 2114 2613 3180 2092 1848 2469 2565 2166 1941 2172 2409 2190 1450 2600 2202 2784 1887 3966 2538 2865 2307 2505 1512 1882 2307 3714 2194 2799 2325 2106 2232 2193 2253 1533 2325 2256 2262 2385 2448 2616 1494 2115 2739 2217 1422 2373 1851 2322 2334 2364 2142 2922 1588 1866 2667 2439 0 2949 2208 1593 1842 1974 2088 1476 2247 1608 533 2634 2601 1407 1533 1172 2334 2439 2568 1352 1528 2514 2907 2586 2378 1808 957 1815 2334 1304 2390 2400 2292 2865 
2186 3356 3090 1936 4080 4376 2004 2028 5330 3500 1656 3755 4865 1918 2394 2208 2301 3328 4875 1998 3855 2340 1448 2142 2028 2544 1884 3606 3915 2862 3530 3880 3920 1880 3410 3027 2192 3252 2898 3505 2240 4160 3320 2040 2184 3004 2625 2832 3785 3695 5260 3520 3420 3916 4750 2935 3990 2660 2410 3650 4135 2919 1430 2409 3536 2330 2949 0 2660 2260 1724 2636 2208 2455 3450 2285 454 3519 3925 4732 4030 1658 1888 3156 3645 1828 1370 2511 1491 2925 1828 1690 4365 3340 2332 1302 2272 2397 3052 2636 
1816 2400 2373 1914 3496 3904 1768 1574 3792 1844 1634 2264 3140 1682 1916 1854 1746 2468 3160 1762 2176 1862 970 1816 1692 2174 1167 3051 3184 2145 2876 2196 2964 1402 2256 2994 1714 2512 2181 1848 2236 3236 2184 1084 2180 2048 2096 2360 2120 2216 1572 1860 2084 2249 2844 2204 2268 1952 2372 2652 2352 2202 952 1716 1788 2332 2208 2660 0 852 1270 1488 1836 1008 1852 872 215 1776 2968 1676 900 1072 2688 2092 2460 1252 892 1794 2049 2208 1862 1236 1668 2084 1854 824 1818 1680 2096 2704 
1390 1548 1734 1488 2644 3052 1342 1182 3675 6126 1208 3601 2945 1256 1490 1215 1107 2472 7418 1336 3136 1436 544 1694 1300 1748 528 2412 5223 1506 4643 3352 2112 976 8294 2355 1288 1660 1542 2739 5536 2680 2105 232 1328 1196 6566 1508 1670 3505 3755 1260 2380 1970 2988 2162 4720 1424 1900 3232 2250 1563 526 1299 2874 2280 1593 2260 852 0 1006 828 1197 741 3641 25 2 2163 3177 3472 4230 918 1924 3499 3272 1330 466 1155 2433 1569 1436 972 4416 3388 1428 398 1554 1041 1244 1852 
1730 984 1370 1560 1536 1812 1406 992 1756 710 1280 1072 988 1260 1704 1096 1104 1288 1494 1622 506 1650 758 1766 1110 1866 924 1974 1364 1218 1370 516 1630 1186 988 1642 1232 948 1238 708 942 1550 952 1090 716 1604 674 1040 478 1096 1562 714 992 786 1690 1154 1066 394 1010 816 1756 1224 1398 1076 1140 792 1842 1724 1270 1006 0 1114 1312 1084 344 1016 505 1554 658 1208 820 1128 1248 1100 1116 1622 1312 1776 1222 2040 1828 654 1204 1182 2096 1404 1236 1666 1628 1318 
1804 2120 2355 1902 3208 3157 1458 1418 3201 1820 1622 2240 2807 1372 1904 1389 1728 2968 3136 1452 1864 1850 958 1972 1482 2162 1149 3033 2872 2127 2564 1884 2940 1390 1665 2976 1658 2488 2163 1824 2212 2924 1737 1060 2156 2024 2072 1613 1808 2192 2072 1836 2396 2153 2820 2180 1956 1640 2348 1356 2328 2103 940 1482 2100 2275 1974 2636 1488 828 1114 0 741 984 1540 848 209 1542 1672 1364 588 916 1316 1796 2148 1096 880 1524 1815 2190 1574 1080 1356 624 1842 812 1662 1194 2072 2680 
1392 1065 1884 1524 1599 1566 964 1558 1638 1218 1244 1269 1359 878 1710 648 1317 1878 1734 958 1524 1584 860 1582 988 1888 1332 2346 1629 1980 1398 1623 2343 1292 486 2409 1604 1455 2016 1221 1332 1668 540 1137 1020 1860 957 408 1566 1233 1668 1230 1212 1332 2253 915 942 1377 1434 783 2088 1869 1324 957 990 981 2088 2208 1836 1197 1312 741 0 1080 1452 1212 401 2277 1020 1386 1182 690 792 762 975 1264 1038 1329 1866 2532 1444 1278 1131 273 1630 1040 1860 999 1896 1965 
1442 1392 1617 1410 2488 3208 1420 1164 3870 6993 1130 3742 2900 1334 1412 1332 1224 2331 7340 1414 2799 1358 466 1616 1282 1826 411 2529 4911 1389 4385 3376 2268 898 8849 2238 1210 1816 1425 2310 6160 2524 2261 76 1250 1040 6750 1664 1625 3682 3916 1065 2291 1779 3222 1928 4603 1580 2095 3164 2016 1446 604 1182 2640 2280 1476 2455 1008 741 1084 984 1080 0 4070 220 41 2280 2958 3199 4659 840 1768 3577 3476 1252 544 1038 2325 1452 1394 1050 4440 2959 1350 320 1632 924 1088 2008 
1386 1280 1539 1216 2384 2936 1062 648 3530 2889 936 3202 1610 916 1360 1128 1140 1888 7000 1278 1571 1306 414 1422 766 1522 870 2445 4160 1311 4148 1088 2572 842 3962 1947 888 1208 1341 2878 3485 2412 1824 1492 744 2520 2827 1392 335 3250 3654 925 1620 1241 4113 2430 4279 100 1665 2947 4236 2349 1054 1098 2444 1344 2247 3450 1852 3641 344 1540 1452 4070 0 1680 333 1815 3000 3024 2618 784 1808 3186 3594 1278 968 2148 2088 2550 1484 310 3440 6113 1752 1060 892 2034 2568 1948 
1400 1568 1749 1498 2664 3032 1332 1192 3650 1265 1218 1790 2970 1246 1500 1200 1122 2482 2910 1326 1765 1446 554 1704 1310 1758 543 2427 3277 1521 2925 1790 2132 986 1730 2370 1298 1680 1557 1270 1755 2700 1640 252 1338 1216 1590 1488 1695 1730 3055 1285 2385 1995 2515 1715 2165 1444 1925 2225 1900 1578 536 1314 2390 1885 1608 2285 872 25 1016 848 1212 220 1680 0 7 2178 2620 2505 1795 928 1944 2010 2070 1340 476 1170 2418 1584 1446 982 2755 1565 1438 408 1564 1056 1264 1872 
697 389 580 746 663 765 673 593 737 250 606 355 591 630 747 407 371 610 579 670 350 720 274 849 652 876 178 806 648 504 582 355 530 490 353 787 646 417 516 251 348 672 335 60 324 301 303 379 336 343 608 254 462 288 500 340 430 358 382 452 377 523 265 435 481 362 533 454 215 2 505 209 401 41 333 7 0 723 531 498 356 461 483 409 411 667 235 387 813 525 720 488 548 310 716 201 779 349 313 465 
2134 2250 3189 2394 2904 3027 1834 1858 2943 2364 2114 2175 2664 1748 2452 1953 2223 2886 2847 1828 2058 2374 1624 2412 1858 2492 2637 3528 2814 3039 2583 2073 3354 2052 1791 3714 2098 2361 3156 2361 2340 2853 1845 2337 2325 3060 2262 1869 2016 2211 2214 2370 2457 2478 3264 2220 2127 1890 2442 1494 2544 1401 1968 2142 2235 2439 2634 3519 1776 2163 1554 1542 2277 2280 1815 2178 723 0 1731 1683 1101 1356 2454 2007 2271 1536 1690 3066 2475 2988 2492 1520 1677 2010 2494 1840 2102 2736 3096 2973 
1296 1484 1932 1556 2477 2360 996 1590 2810 2532 1276 1836 2345 910 1614 696 966 2568 3244 990 3144 1616 892 1614 1020 1654 1380 2271 3354 1782 2892 3342 2932 1324 1068 2457 1636 1472 1974 2538 2166 2288 1176 2048 1424 2852 2010 816 2690 1908 4362 2130 2100 2496 4282 1926 1980 1900 1975 474 4718 849 1394 1005 2076 2364 2601 3925 2968 3177 658 1672 1020 2958 3000 2620 531 1731 0 3308 3390 722 1676 1620 2358 1296 852 1842 846 2739 1654 1310 3288 1572 1766 1306 1892 1512 3060 2288 
1576 756 1974 1728 2754 2848 1240 1398 3708 3157 1448 3140 3118 1154 1650 1062 1386 2212 4716 1234 3251 1252 704 1786 1264 1934 1638 2691 3875 1746 3699 3512 2228 1132 2964 2715 1448 2032 1776 3150 3945 1560 2268 1904 1768 2868 3475 1304 2267 3056 1974 1937 2670 2371 3162 2840 2704 1828 2705 3453 1722 2283 1518 459 2872 3232 1407 4732 1676 3472 1208 1364 1386 3199 3024 2505 498 1683 3308 0 1358 234 2020 2912 3300 414 1084 2022 1956 1305 1912 1174 1050 3052 1754 1234 1674 2034 2916 2804 
1856 1532 2253 1692 3129 3224 1428 1124 3890 4935 1412 4892 2800 1342 1836 1344 1854 2380 8922 1422 3427 1640 890 1678 1242 1998 1584 3042 5240 2025 4624 2992 3004 1318 4734 2661 1364 2160 2055 4924 5071 2336 2256 1648 1696 2612 4881 1680 1525 4940 2226 2115 2260 2431 4326 3222 4938 1052 2475 3402 2886 2502 1234 1041 2268 2772 1533 4030 900 4230 820 588 1182 4659 2618 1795 356 1101 3390 1358 0 622 1804 2416 3120 802 1174 1965 1374 1887 1854 786 1536 4033 1760 1106 1368 1635 2660 2688 
1342 144 1082 1494 1108 1190 1006 1164 1134 422 1214 658 948 920 1416 474 690 1204 1106 1000 622 1018 470 1552 1030 1700 858 1560 520 930 366 688 1342 898 366 1576 1214 782 950 420 876 546 330 802 650 1318 608 418 650 634 892 426 778 498 1288 652 62 834 814 564 808 1288 1332 72 630 726 1172 1658 1072 918 1128 916 690 840 784 928 461 1356 722 234 622 0 776 478 540 648 850 1532 1286 1104 1678 1094 534 872 1520 1160 1676 1356 1384 1168 
1550 1592 2121 1610 2693 2612 1122 1552 2500 1940 1330 2008 2128 1036 1868 885 1554 2676 2628 1116 2132 1670 1018 1372 1146 2046 1461 2583 2344 2217 2036 2152 3440 1450 964 2538 1762 2256 2253 1944 1984 2396 892 1844 1532 2808 1448 1068 2076 1960 2552 1956 1196 2190 3320 1536 1428 1908 2120 1360 3112 2106 1448 1077 900 1420 2334 1888 2688 1924 1248 1316 792 1768 1808 1944 483 2454 1676 2020 1804 776 0 596 1824 1422 1196 1575 2103 2778 1608 1126 1836 692 1892 1204 1796 1245 2856 2828 
