0 1.43021 1.12058 2.49475 1.92532 1.5849 2.04401 2.37103 2.1592 1.12058 2.01669 1.33679 1.80577 1.89899 1.49991 1.69065 1.33679 1.80721 1.12058 2.32615 1.33679 2.19716 1.46767 2.8228 1.90778 2.34088 1.6937 2.1592 1.62464 1.49305 1.62464 1.69663 1.38882 1.74235 1.27737 2.53343 1.98073 1.33679 1.12058 1.12058 1.73165 1.43327 1.47488 1.55428 1.53457 1.80632 1.53457 1.56059 1.52359 1.349 1.80721 1.12058 1.78322 1.46767 1.38882 1.50949 1.43021 1.64776 1.73165 1.4136 1.68527 2.23329 2.1687 1.63157 1.78322 1.53457 2.07556 2.40569 2.02486 1.55428 1.94457 1.97511 1.75195 1.55428 1.64776 1.74299 0.700131 2.46756 1.94457 1.73281 1.96086 1.73281 1.914 1.63157 1.56059 2.14936 1.55428 2.06998 2.42234 1.99138 2.69979 1.98954 1.82775 1.75195 2.70085 2.21965 2.3217 2.12184 2.25404 2.21921 
1.43021 0 2.20435 1.65044 3.38933 3.39951 1.2346 1.56161 3.60419 2.18435 1.17561 2.03928 3.5109 1.08957 1.48122 2.35195 1.79325 3.12331 2.553 1.51673 2.20305 1.1294 0.625741 1.9762 1.09836 1.83224 1.70328 2.66581 2.5525 2.08001 2.51444 2.66754 3.23884 1.20067 1.65087 3.00256 1.40239 2.85809 1.84347 2.00721 2.48874 3.57331 2.0859 2.53708 2.61712 3.33077 2.1062 2.99799 2.39893 2.10894 3.42334 3.06382 3.29443 2.29478 3.40814 2.59866 1.88765 2.96428 2.62814 2.35935 3.43953 2.87143 1.33091 1.28617 2.93186 2.4781 2.82994 4.00877 3.48986 2.37908 1.19814 3.10822 1.85078 2.6242 2.72056 2.89461 0.391886 3.00665 3.50494 2.85121 2.70603 0.946216 3.63752 2.33966 2.40995 1.08784 1.0599 2.52522 3.00212 2.99953 1.89894 1.14294 3.07955 2.66851 1.79742 1.38581 1.79724 2.75247 4.14173 4.12973 
1.12058 2.20435 0 2.15206 3.04321 2.67773 1.70047 2.02748 3.33561 1.83203 1.67544 2.06594 3.08452 1.55544 1.49991 2.75111 2.08809 2.73941 2.00357 1.9826 2.20978 1.89828 1.21704 2.47925 1.56423 2.34088 2.45191 3.29513 2.47981 2.75216 2.45335 2.69114 2.52869 1.66654 1.85199 3.95951 1.90492 2.38941 2.33132 1.92022 2.48838 2.76584 2.23636 2.42312 2.29202 2.92558 2.15921 2.30863 2.3817 2.14699 2.9059 2.2048 2.66086 2.31604 2.68535 2.40097 2.05024 2.66245 2.57342 2.19415 2.74146 3.76535 1.83073 2.46427 2.69773 2.30114 3.31455 3.58793 3.10937 2.37355 1.66402 2.96134 2.70755 2.44346 2.6124 2.69811 0.582255 3.8644 3.15453 2.79017 2.82671 1.71733 2.88213 2.40053 2.37616 1.80581 1.55428 3.14353 4.01214 3.6311 2.39013 1.64599 2.83571 2.56217 2.38872 1.87611 2.3217 3.69886 3.43389 3.40197 
2.49475 1.65044 2.15206 0 1.98356 2.20486 1.98473 2.31174 2.27076 1.58082 1.9195 1.7248 1.27419 1.90807 2.54576 1.98356 1.96724 1.9214 2.10407 1.79457 1.43415 2.42062 1.58082 2.56013 1.84849 2.18823 1.5965 2.53495 1.84564 2.03289 1.8158 1.31392 2.43466 2.05916 1.27419 2.27076 2.09388 1.7248 2.16319 1.43415 1.53344 2.33381 1.27419 1.6332 1.42855 2.17132 1.27419 1.6664 1.31392 1.70001 2.28009 1.66967 1.52055 1.58082 2.43466 1.53344 1.64568 1.31392 1.64169 1.63338 2.30638 2.32619 2.04051 1.69994 1.52055 1.47592 2.64555 2.35812 2.13057 1.71867 1.96368 2.0389 1.6664 1.71867 1.31392 1.75575 0.749351 2.48666 1.91014 2.00401 1.903 2.00401 1.90752 1.47592 1.74844 2.21773 2.0123 2.33394 2.44144 2.61249 2.60383 1.87517 2.12869 1.80787 2.76217 2.12969 2.74584 2.18563 2.30965 1.98179 
1.92532 3.38933 3.04321 1.98356 0 4.51885 1.68826 1.88871 3.91009 3.13816 1.6295 3.18445 4.59571 1.54324 1.97632 2.55886 2.67693 4.25244 3.80565 1.9704 3.25134 1.88608 1.20483 2.2455 1.55203 2.35608 2.20903 2.63671 3.52256 2.77824 3.54356 3.57657 4.48835 1.65434 2.6959 3.22554 1.89271 4.43378 2.79902 3.08129 3.36034 4.96701 3.16549 3.39715 3.48042 4.25739 2.86707 3.99097 3.3696 3.18853 4.58273 4.05603 3.80794 3.57439 4.64672 3.46196 3.1342 3.9801 3.59261 3.31931 4.71518 3.67536 1.78479 2.30236 3.89039 3.50508 3.77422 4.87837 4.68499 3.56268 1.65181 4.30335 2.40163 3.79604 3.79325 3.75468 0.66541 3.81057 4.48921 4.14735 4.06646 1.70513 4.58882 3.41925 3.50025 1.7936 1.62664 3.32093 3.64919 3.73745 2.35445 1.63378 4.34005 3.70721 2.37651 1.83969 2.55715 3.28591 5.16644 5.10276 
1.5849 3.39951 2.67773 2.20486 4.51885 0 2.01998 2.34699 4.40171 3.13946 1.99818 3.24777 4.74928 1.87496 1.74362 2.36832 2.38309 3.99828 3.101 2.03397 3.54409 2.22103 1.48698 2.55963 1.88375 2.25772 2.73604 3.19509 2.96873 3.10525 3.41926 3.84216 3.7452 1.98606 2.50773 3.85661 2.22443 4.47454 2.19142 3.12615 3.33844 4.24857 3.33565 3.72098 3.5934 4.65701 3.09563 3.23237 3.74462 2.98539 4.22228 3.86071 4.52997 3.68343 4.17926 3.62824 3.01426 4.30069 3.46831 3.26508 4.39529 3.99784 2.08698 2.33441 3.99439 3.36281 3.57243 5.05694 4.65963 3.78579 1.9356 4.39721 2.56544 3.83174 3.97645 4.14343 0.766881 3.88576 4.62887 3.99525 3.99795 1.70386 4.61405 3.49095 3.43861 1.91138 1.65569 3.32323 3.99516 3.91523 2.44715 1.9655 3.93698 3.74562 2.65164 2.19182 2.45876 3.66562 5.40726 5.13059 
2.04401 1.2346 1.70047 1.98473 1.68826 2.01998 0 1.85871 1.85871 1.14803 1.78193 1.34569 1.29346 1.45505 2.09502 1.68826 1.58814 1.78383 1.71245 1.81384 1.14803 2.00478 1.29147 2.46228 1.39547 2.26789 1.45893 2.1559 1.69988 1.70884 1.59934 1.14803 1.98392 1.7698 1.14803 2.17291 1.80452 1.34569 1.71245 1.14803 1.43559 1.97708 1.17634 1.49562 1.29658 1.99737 1.17634 1.32353 1.14803 1.34569 2.15272 1.52258 1.4227 1.29147 1.98392 1.2692 1.2346 1.17634 1.49459 1.4103 2.03942 2.05923 1.90294 1.39128 1.4227 1.37807 2.37859 2.25624 1.88355 1.47165 1.53385 1.64963 1.56855 1.50593 1.17634 1.47165 0.674572 2.05684 1.53385 1.58816 1.48716 1.58816 1.54771 1.37807 1.32353 1.90907 1.71105 2.06698 2.01162 2.34553 2.48138 1.51583 1.73674 1.63786 2.49521 1.9826 2.43919 1.91867 2.09891 1.83469 
2.37103 1.56161 2.02748 2.31174 1.88871 2.34699 1.85871 0 1.47504 1.47504 2.10894 1.67271 1.62047 1.78206 2.42203 2.01527 1.91515 2.11084 2.03946 2.14085 1.47504 2.33179 1.61848 2.12171 1.72248 2.59491 1.78594 1.71459 1.72201 2.03585 1.72201 1.47504 2.22914 2.09682 1.47504 1.7316 2.13153 1.67271 1.93909 1.47504 1.76261 2.3041 1.50335 1.82264 1.62359 2.32439 1.50335 1.65054 1.47504 1.67271 2.47973 1.84959 1.74971 1.61848 2.31093 1.59621 1.56161 1.50335 1.82161 1.73731 2.36643 2.38624 2.22995 1.7183 1.74971 1.70508 2.7056 2.58325 2.21056 1.79866 1.86087 1.97664 1.89556 1.83294 1.50335 1.79866 0.593799 2.38385 1.86087 1.91518 1.81417 1.91518 1.87473 1.70508 1.65054 2.23608 2.03806 2.39399 2.33863 2.67254 2.80839 1.84284 2.06376 1.96487 2.82222 2.30961 2.7662 2.24568 2.42592 2.16171 
2.1592 3.60419 3.33561 2.27076 3.91009 4.40171 1.85871 1.47504 0 4.60434 2.10894 4.68614 6.58371 1.78206 2.31792 2.78278 2.90784 4.44313 5.37899 2.14085 4.73941 2.27457 1.61848 1.62897 1.72248 2.38108 2.92932 2.666 4.66061 3.04721 5.02491 4.81437 4.40405 2.09682 4.20922 2.92692 2.13153 4.47556 2.7667 4.47177 4.71714 5.0443 4.79573 3.96135 4.04139 4.82159 4.12127 4.26438 4.93988 4.56652 6.51432 5.98259 5.76252 5.31977 6.4653 5.40486 4.39286 4.16628 5.34059 5.14866 6.73532 4.23279 2.13256 2.67655 5.63408 5.59403 4.11035 6.93836 5.08107 5.04449 1.86087 4.70469 2.89468 5.50566 5.27658 5.86075 0.738586 4.12968 6.52049 5.76047 5.61867 1.82096 4.87196 4.99035 5.2218 1.90944 1.77904 3.86018 4.08841 4.19739 2.47262 1.84284 5.80128 5.50131 2.79999 2.16657 2.7662 3.81495 5.73064 5.26128 
1.12058 2.18435 1.83203 1.58082 3.13816 3.13946 1.14803 1.47504 4.60434 0 0.959325 5.80806 4.91771 1.003 1.17158 2.20041 1.54917 2.81443 9.59553 1.43016 5.57507 1.1294 0.350327 1.92681 1.01179 1.79705 0.945298 2.5097 6.74971 1.59756 5.06689 7.66255 2.64741 0.625008 23.1284 2.90977 0.863384 3.09529 1.6318 7.34978 13.6055 3.19055 3.40099 1.74319 2.06718 2.67105 15.4215 2.46591 2.99886 5.53573 5.18918 3.24747 4.13361 2.62377 5.31535 3.56796 7.70681 2.32329 2.86888 5.03509 5.44325 2.6594 1.11462 1.17415 4.22328 4.70826 2.46803 4.49481 3.00913 17.7367 1.11157 2.70228 1.60445 24.8177 10.0062 3.20778 0.252178 2.79461 5.41335 5.58354 9.79722 0.998056 3.00825 5.82416 6.34502 1.25337 0.991223 2.39266 2.79008 2.61856 1.61441 1.09355 6.90365 9.68741 1.58027 1.10505 1.72974 2.35592 3.45761 3.22423 
2.01669 1.17561 1.67544 1.9195 1.6295 1.99818 1.78193 2.10894 2.10894 0.959325 0 1.45363 1.54368 1.6369 2.0677 1.66323 1.49242 1.44334 1.68836 2.06406 1.07251 1.94256 1.21595 2.31843 1.64569 2.44975 1.11845 2.30499 1.478 1.60989 1.44817 1.26065 1.9566 1.5811 1.12299 2.11956 1.72901 1.45363 1.68836 0.959325 1.16363 1.9181 1.12299 1.15514 0.959325 1.69326 0.959325 1.2985 1.07251 1.45363 1.91246 1.19485 1.36935 1.21595 1.9566 1.21995 1.17561 1.07251 1.16363 1.42853 1.93874 2.0342 1.59674 1.3323 1.36935 1.32472 2.27791 1.95004 1.81538 1.31198 1.74548 1.73035 1.5152 1.31198 1.07251 1.31198 0.609386 2.26846 1.74548 1.65035 1.6243 1.65035 1.72216 1.32472 1.2985 1.85982 1.64639 2.04195 2.22324 2.24485 2.22935 1.63377 1.76105 1.61283 2.35497 1.65164 2.43065 1.89364 1.83159 1.74039 
1.33679 2.03928 2.06594 1.7248 3.18445 3.24777 1.34569 1.67271 4.68614 5.80806 1.45363 0 4.90637 1.20067 1.3878 2.43432 1.69644 3.13237 7.38616 1.62783 6.99228 1.6341 0.955955 2.11655 1.20946 1.57088 1.80204 2.42569 7.72436 1.69641 7.26517 8.24442 3.09329 1.43429 5.80668 3.09047 1.46901 3.05867 1.72765 6.34873 6.71848 3.44956 4.60207 2.55671 2.57214 3.26531 6.27771 2.63063 3.10114 7.52851 5.34937 3.94803 5.00283 3.64502 6.08049 5.14825 6.2356 2.57612 4.03757 6.43709 5.88805 2.90638 1.46474 1.76114 5.38153 5.67594 2.71389 5.54746 3.19108 6.79396 1.17462 2.96082 1.84612 7.39792 7.74127 4.16234 0.356331 2.88978 6.36246 5.98191 7.46241 1.08162 3.50867 7.55536 8.48115 1.45349 0.986705 2.30431 2.9029 2.89122 1.99013 1.29122 8.48617 7.53849 2.10252 1.49061 2.0027 2.8389 4.32045 3.84619 
1.80577 3.5109 3.08452 1.27419 4.59571 4.74928 1.29346 1.62047 6.58371 4.91771 1.54368 4.90637 0 1.2168 1.85678 3.13812 2.72975 4.63516 5.68092 1.1033 4.86029 1.76653 1.05322 2.22403 1.15722 1.44673 2.41894 3.49366 5.42375 2.81085 5.40363 4.77596 4.87107 1.53156 3.98377 3.63427 1.56628 3.46007 3.0057 4.55756 4.98723 5.25696 5.11207 3.57263 3.49785 4.6401 4.25025 4.14993 4.93911 4.91268 6.60439 6.17687 6.7337 5.13654 6.84614 5.49065 4.7815 3.84403 5.64061 4.95183 6.84505 3.72241 1.6647 2.41491 5.54228 5.41076 3.98414 6.99809 4.90485 5.16412 1.29561 4.31596 2.51671 5.35588 5.38568 5.85735 0.591666 3.85763 6.58736 5.84626 5.69961 1.34992 4.37283 5.18785 5.19129 1.67082 1.47281 3.53085 3.62245 3.7845 2.24313 1.27758 5.88708 5.31804 2.25697 1.74435 2.20095 3.49583 5.34192 5.04158 
1.89899 1.08957 1.55544 1.90807 1.54324 1.87496 1.45505 1.78206 1.78206 1.003 1.6369 1.20067 1.2168 0 1.95 1.54324 1.44311 1.6388 1.56743 1.73718 1.003 1.85975 1.14644 2.34702 1.31881 2.12287 1.31391 2.01087 1.55485 1.56382 1.45431 1.10766 1.8389 1.62478 1.003 2.05765 1.6595 1.20067 1.56743 1.003 1.32034 1.83206 1.06109 1.3506 1.15155 1.85235 1.06109 1.17851 1.06109 1.20067 2.02509 1.37756 1.30744 1.14644 1.8389 1.12418 1.08957 1.06109 1.34957 1.26528 1.89439 1.9142 1.78768 1.24626 1.30744 1.26281 2.23356 2.14098 1.76829 1.35639 1.4186 1.53437 1.45329 1.36091 1.06109 1.35639 0.631881 1.94158 1.4186 1.47291 1.3719 1.47291 1.43246 1.24626 1.17851 1.76405 1.5958 1.92196 1.89636 2.2005 2.3516 1.40057 1.62149 1.49283 2.35019 1.83758 2.32393 1.77365 1.95389 1.71944 
1.49991 1.48122 1.49991 2.54576 1.97632 1.74362 2.09502 2.42203 2.31792 1.17158 2.0677 1.3878 1.85678 1.95 0 1.84937 1.3878 1.85822 1.17158 2.37716 1.3878 2.24817 1.51868 2.87381 1.95879 2.39189 1.7447 2.25854 1.67565 1.54406 1.67565 1.74763 1.43982 1.79336 1.43609 2.58443 2.03174 1.3878 1.17158 1.17158 1.78266 1.48428 1.52589 1.60529 1.58558 1.85733 1.58558 1.61159 1.5746 1.48122 1.85822 1.17158 1.83423 1.51868 1.43982 1.56049 1.48122 1.69877 1.78266 1.57232 1.73628 2.2843 2.21971 1.68258 1.83423 1.58558 2.12656 2.45669 2.07587 1.60529 1.99557 2.02612 1.91067 1.60529 1.69877 1.79399 0.750043 2.51856 1.99557 1.78382 2.01187 1.78382 2.07243 1.68258 1.61159 2.20036 1.60529 2.12099 2.47334 2.04239 2.7508 2.04054 1.87875 1.89203 2.75186 2.27066 2.37271 2.17285 2.30504 2.27022 
1.69065 2.35195 2.75111 1.98356 2.55886 2.36832 1.68826 2.01527 2.78278 2.20041 1.66323 2.43432 3.13812 1.54324 1.84937 0 2.45646 3.0928 2.37194 1.9704 2.57815 1.88608 1.20483 2.2455 1.55203 2.35608 2.75914 2.83704 2.51479 3.12054 2.48832 2.74474 2.89706 1.65434 1.90108 3.85681 1.89271 2.75779 2.69969 2.28859 2.54286 3.13422 2.31986 2.67708 2.3479 3.29396 2.21316 2.05469 2.60832 2.46344 3.24908 2.57318 2.87111 2.52009 3.05373 2.46134 2.27964 2.85048 2.60839 2.56252 3.10983 4.04679 1.81853 2.5493 2.63686 2.51322 3.68293 3.71578 3.47369 2.74192 1.65181 3.0195 2.61505 2.73486 2.80127 2.9102 0.408832 4.18201 3.29053 3.15854 2.98666 1.70513 2.91682 2.60363 2.42163 1.7936 1.62664 3.51191 4.08311 3.99947 2.35445 1.63378 3.20408 2.62596 2.37651 1.8639 2.55715 3.76204 3.80227 3.64427 
1.33679 1.79325 2.08809 1.96724 2.67693 2.38309 1.58814 1.91515 2.90784 1.54917 1.49242 1.69644 2.72975 1.44311 1.3878 2.45646 0 2.37084 1.70569 1.87027 1.66113 1.67288 0.955956 2.36617 1.4519 1.81337 2.09512 2.92886 1.89329 2.11816 2.0424 2.32952 2.11563 1.43429 1.55735 3.66088 1.46901 1.94179 1.7498 1.41263 2.12211 2.35167 1.86686 2.03777 1.92252 2.36909 1.78971 2.01398 2.01219 1.77749 2.17212 1.84253 2.29136 1.96232 2.15158 2.03596 1.63913 2.29295 2.21438 1.82787 2.33052 3.39908 1.64119 2.098 2.33146 1.93164 2.90361 3.22166 2.68645 1.91114 1.41706 2.59184 2.33805 1.98945 2.2429 2.32861 0.372969 3.4949 2.72527 2.11578 2.51023 1.20531 2.51263 2.03103 2.00989 1.63132 1.03001 2.74338 3.64264 3.11629 2.17552 1.53366 2.43232 2.1959 2.18987 1.70261 2.0027 3.31048 3.06762 2.97009 
1.80721 3.12331 2.73941 1.9214 4.25244 3.99828 1.78383 2.11084 4.44313 2.81443 1.44334 3.13237 4.63516 1.6388 1.85822 3.0928 2.37084 0 3.35585 2.06596 2.95244 1.93607 1.21785 2.32032 1.64759 2.45165 2.13016 3.43781 3.23529 2.63747 2.78169 3.53696 3.83531 1.583 2.94661 3.5708 1.73091 4.19834 2.33675 2.73267 2.68745 4.17454 2.80518 3.14689 3.08353 4.17872 2.75122 3.56836 3.22809 3.06253 3.63885 3.40704 3.92136 3.40336 4.10657 3.15737 2.4533 3.59286 3.13278 3.26626 3.93214 3.46638 1.59864 2.16437 3.41126 3.47094 3.16721 4.41527 3.62781 3.1493 1.74737 3.80512 2.29852 3.34111 2.93634 3.5183 0.613706 3.6016 4.20626 3.26628 3.13844 1.27579 4.15476 3.0143 3.10003 1.67102 1.64506 2.6134 3.50721 3.43222 2.23088 1.63567 3.17517 3.31032 2.35687 1.65353 2.31258 3.16418 4.83859 4.48892 
1.12058 2.553 2.00357 2.10407 3.80565 3.101 1.71245 2.03946 5.37899 9.59553 1.68836 7.38616 5.68092 1.56743 1.17158 2.37194 1.70569 3.35585 0 1.99459 8.74276 1.86883 1.15112 2.43126 1.57622 1.95019 2.08223 2.91597 6.60926 2.11704 7.10987 9.02834 2.2729 1.4258 10.2916 3.64799 1.66418 3.60653 1.75191 9.66934 11.4582 2.73448 4.68804 2.86486 3.14985 3.43832 10.8319 2.79373 3.93229 7.05443 5.62518 4.21411 5.52109 4.08913 4.89617 5.28088 9.99552 3.40749 4.39668 6.81687 5.91318 3.38619 1.77945 2.08511 5.7857 6.00769 2.68912 5.89157 3.70723 11.5245 1.61301 3.62644 2.32516 12.7054 12.5905 4.44184 0.581804 3.47942 6.93669 6.01323 12.0157 1.35473 4.08315 7.60388 8.11579 1.7682 1.22595 2.73049 3.62716 3.10262 2.37146 1.65797 7.21361 11.5693 2.3843 1.89132 1.99014 3.29759 4.56042 4.52619 
2.32615 1.51673 1.9826 1.79457 1.9704 2.03397 1.81384 2.14085 2.14085 1.43016 2.06406 1.62783 1.1033 1.73718 2.37716 1.9704 1.87027 2.06596 1.99459 0 1.43016 2.28691 1.5736 2.73227 1.6776 2.09126 1.74107 2.43798 1.87482 1.99098 1.87482 1.43016 2.26606 2.05194 1.1033 2.41532 2.08666 1.62783 1.99459 1.43016 1.67801 2.2001 1.45848 1.77776 1.57311 2.27951 1.45848 1.60566 1.43016 1.62783 2.43486 1.80472 1.70484 1.5736 2.26606 1.55134 1.51673 1.45848 1.77673 1.64088 2.32155 2.34136 2.18508 1.67342 1.70484 1.6602 2.66072 2.51812 2.16569 1.75378 1.81599 1.93176 1.64088 1.78807 1.45848 1.75378 0.672131 2.33898 1.81599 1.8703 1.76929 1.8703 1.77381 1.6602 1.60566 2.08401 1.99319 2.34911 2.29376 2.62766 2.73887 1.79796 2.01888 1.64088 2.77735 2.26473 2.72133 2.2008 2.38105 2.11683 
1.33679 2.20305 2.20978 1.43415 3.25134 3.54409 1.14803 1.47504 4.73941 5.57507 1.07251 6.99228 4.86029 1.003 1.3878 2.57815 1.66113 2.95244 8.74276 1.43016 0 1.4765 0.350327 1.94626 1.01179 1.44673 1.30537 2.62389 8.0434 1.3742 6.56061 8.67303 3.20104 0.972106 6.53651 3.10749 0.863384 2.81235 1.93854 7.24425 7.053 3.45519 4.24875 2.23357 2.47913 2.71931 6.98647 2.91571 3.24964 7.06688 5.9987 3.89459 4.89315 3.21053 6.23218 4.84173 7.40257 2.5731 3.4795 6.22096 6.44069 2.82589 1.22781 1.5684 5.08836 5.5423 2.79662 5.32553 3.35496 8.01626 1.11157 2.97332 1.93187 9.0408 9.36082 3.96176 0.351104 2.9611 6.3863 6.65621 8.9182 0.946216 3.41565 7.30545 7.84252 1.37747 0.986705 2.7214 2.95657 2.74871 1.83582 1.09355 8.81825 9.04762 1.8534 1.2827 1.72974 2.77293 3.83518 3.63541 
2.19716 1.1294 1.89828 2.42062 1.88608 2.22103 2.00478 2.33179 2.27457 1.1294 1.94256 1.6341 1.76653 1.85975 2.24817 1.88608 1.67288 1.93607 1.86883 2.28691 1.4765 0 1.39269 2.74638 1.86854 2.63819 1.61957 2.50484 1.76283 1.79036 1.49092 1.51284 2.09357 1.75118 1.34584 2.49419 1.98956 1.6341 1.80676 1.1294 1.66475 1.87189 1.34584 1.62969 1.46044 2.04797 1.46044 1.52135 1.51284 1.6341 2.06619 1.69597 1.7068 1.39269 2.11523 1.47025 1.1294 1.57363 1.60018 1.65138 1.93099 2.25704 2.09786 1.39269 1.7068 1.66217 2.27017 2.45116 1.98145 1.62969 1.96832 1.89641 1.83567 1.62969 1.57363 1.66657 0.722216 2.49131 1.96832 1.7164 1.7164 1.7164 1.94501 1.50253 1.39269 1.85802 1.82685 2.2648 2.44609 2.2371 2.66589 1.91312 1.86498 1.83567 2.56437 2.15276 2.56743 2.11649 2.25955 2.17693 
1.46767 0.625741 1.21704 1.58082 1.20483 1.48698 1.29147 1.61848 1.61848 0.350327 1.21595 0.955955 1.05322 1.14644 1.51868 1.20483 0.955956 1.21785 1.15112 1.5736 0.350327 1.39269 0 2.04301 1.15523 1.79705 0.892955 1.78791 1.21968 0.945838 0.987253 0.889334 1.40758 0.972106 0.664596 1.81294 1.00682 0.955956 1.15112 0.350327 0.750671 1.36823 0.754396 0.846013 0.733833 1.26889 0.733833 0.664596 0.733833 1.01059 1.56253 0.781886 1.00343 0.350327 1.40758 0.789003 0.625741 0.733833 0.750671 0.970131 1.42733 1.5758 1.37125 0.625741 0.945327 1.01811 1.7665 1.59333 1.25792 0.846013 1.25501 1.17288 1.10163 0.846013 0.733833 1.0225 0.276664 1.778 1.25501 1.09289 1.01969 1.09289 1.26887 0.911084 0.625741 1.35436 1.13466 1.53075 1.73278 1.73344 1.81639 1.20974 1.24147 1.10163 1.58027 1.23867 1.87318 1.38244 1.54577 1.26889 
2.8228 1.9762 2.47925 2.56013 2.2455 2.55963 2.46228 2.12171 1.62897 1.92681 2.31843 2.11655 2.22403 2.34702 2.87381 2.2455 2.36617 2.32032 2.43126 2.73227 1.94626 2.74638 2.04301 0 2.32605 3.09835 1.97807 2.19457 1.97371 2.48687 2.05843 2.11489 2.76271 2.54859 1.62897 1.3591 2.60599 2.23691 2.49124 1.92681 1.86064 2.65871 1.56421 1.97807 1.75575 2.57024 1.3591 1.97359 1.94626 2.02721 2.55626 2.0686 1.3591 2.04301 2.76271 1.86064 1.84066 1.93281 2.04061 1.96058 2.59639 2.65338 2.28909 1.84066 1.56421 1.61665 2.92171 2.46799 2.23904 2.00433 2.29087 2.31151 1.99359 1.97807 1.93281 2.00433 0.853146 2.77584 2.23734 2.26998 2.0577 2.26998 2.08543 1.56421 1.97359 2.51747 2.33874 2.63671 2.73062 2.9025 2.9066 1.93281 2.40485 2.08543 2.93494 2.34399 3.123 2.4884 2.20442 2.35894 
1.90778 1.09836 1.56423 1.84849 1.55203 1.88375 1.39547 1.72248 1.72248 1.01179 1.64569 1.20946 1.15722 1.31881 1.95879 1.55203 1.4519 1.64759 1.57622 1.6776 1.01179 1.86854 1.15523 2.32605 0 2.13166 1.3227 2.01966 1.56364 1.57261 1.4631 1.01179 1.84769 1.63357 1.01179 2.03667 1.66829 1.20946 1.57622 1.01179 1.29936 1.84085 1.04011 1.35939 1.16034 1.86114 1.04011 1.1873 1.01179 1.20946 2.01649 1.38635 1.28647 1.15523 1.84769 1.13297 1.09836 1.04011 1.35836 1.27407 1.90318 1.92299 1.76671 1.25505 1.28647 1.24184 2.24235 2.12 1.74732 1.33541 1.39762 1.5134 1.43231 1.3697 1.04011 1.33541 0.652679 1.92061 1.39762 1.45193 1.35092 1.45193 1.41148 1.24184 1.1873 1.77284 1.57482 1.93075 1.87539 2.20929 2.34515 1.37959 1.60051 1.50162 2.35898 1.84636 2.30296 1.78244 1.96268 1.69846 
2.34088 1.83224 2.34088 2.18823 2.35608 2.25772 2.26789 2.59491 2.38108 1.79705 2.44975 1.57088 1.44673 2.12287 2.39189 2.35608 1.81337 2.45165 1.95019 2.09126 1.44673 2.63819 1.79705 3.09835 2.13166 0 2.1247 2.38108 2.05374 1.93408 2.05374 1.44673 2.28079 2.41883 1.57088 2.80897 2.31011 1.44673 2.00932 1.79705 2.07166 2.21483 1.76082 1.99531 1.9644 2.24735 1.81241 1.97383 1.44673 1.57088 2.3953 2.00932 2.05877 1.79705 2.28079 1.93702 1.76082 1.78149 2.16242 1.63548 2.53755 2.64833 2.44654 1.9175 2.05877 1.81241 2.95428 2.77674 2.37293 1.96102 2.14894 2.28125 1.97383 1.99531 1.78149 2.01525 0.877976 2.67193 2.14894 2.06342 2.18474 2.06342 2.13587 1.89454 1.99135 2.43529 1.96102 2.65608 2.62671 2.88335 3.10093 2.21341 2.37015 1.97383 3.08431 2.5717 2.97702 2.50777 2.68801 2.52001 
1.6937 1.70328 2.45191 1.5965 2.20903 2.73604 1.45893 1.78594 2.92932 0.945298 1.11845 1.80204 2.41894 1.31391 1.7447 2.75914 2.09512 2.13016 2.08223 1.74107 1.30537 1.61957 0.892955 1.97807 1.3227 2.1247 0 2.96663 2.025 2.14352 1.82404 1.8871 2.36624 1.20626 1.34264 3.16469 1.40601 1.99315 2.2172 1.25961 1.36615 2.70356 1.31239 1.10773 1.45784 1.97426 1.15611 1.612 1.26229 1.65115 2.37499 1.53875 1.70466 1.59496 2.31071 1.29625 1.46265 1.39757 1.65995 1.69793 2.30521 2.89883 0.929993 1.75684 1.62533 1.79611 2.87302 2.31227 2.12237 1.36998 1.42248 1.92433 1.6921 1.57163 1.25993 1.50932 0.180703 3.03404 2.05425 1.92403 1.83456 1.14447 1.98128 1.59017 1.56335 1.48265 0.979638 2.61141 3.02951 2.81149 1.5626 1.31077 2.13354 1.74235 1.78108 0.984887 1.7639 2.57639 2.35696 2.05903 
2.1592 2.66581 3.29513 2.53495 2.63671 3.19509 2.1559 1.71459 2.666 2.5097 2.30499 2.42569 3.49366 2.01087 2.25854 2.83704 2.92886 3.43781 2.91597 2.43798 2.62389 2.50484 1.78791 2.19457 2.01966 2.38108 2.96663 0 2.6651 3.21362 2.88078 2.89723 3.30645 2.26625 2.09885 3.5278 2.30097 2.85086 2.94385 2.59789 2.88772 3.67824 2.55191 2.88457 2.75347 3.38704 2.46437 2.93713 2.79581 2.53171 3.57911 3.1172 3.12232 2.79005 3.59472 2.86691 2.51169 3.07837 3.05275 2.60141 3.65386 4.22681 2.21034 2.8955 3.12896 2.6063 4.22695 4.0094 3.71452 2.835 2.11945 3.35202 2.98755 2.90491 3.07385 3.00328 0.808086 4.25508 3.62187 3.25162 3.34118 1.82722 3.32516 2.83568 2.83762 2.19909 1.77904 3.84193 4.40282 4.53522 2.86473 2.10142 3.46432 2.91808 2.84811 2.3355 3.02478 4.15013 3.89535 3.86343 
1.62464 2.5525 2.47981 1.84564 3.52256 2.96873 1.69988 1.72201 4.66061 6.74971 1.478 7.72436 5.42375 1.55485 1.67565 2.51479 1.89329 3.23529 6.60926 1.87482 8.0434 1.76283 1.21968 1.97371 1.56364 2.05374 2.025 2.6651 0 2.35481 8.33462 8.62772 2.86369 1.61766 5.70765 2.88884 1.76557 3.53705 1.75215 6.60474 7.28009 3.45872 4.72072 2.7551 2.85987 3.61534 6.65905 2.79645 3.89134 7.59172 6.26623 4.30879 4.98048 3.92056 6.07885 5.50461 6.71081 3.33482 3.91026 7.15275 6.49649 3.35193 1.6333 1.84469 6.05575 5.86847 2.91145 5.54066 3.87903 7.70418 1.57638 3.47266 2.04193 8.11539 8.74437 4.44987 0.652066 3.3466 7.14466 7.00948 8.55532 1.16891 3.79849 8.09821 9.07736 1.44599 1.34135 3.00571 3.25196 3.35064 2.00918 1.52117 8.92292 8.15144 2.24622 1.53271 2.17548 2.92729 4.50616 4.16308 
1.49305 2.08001 2.75216 2.03289 2.77824 3.10525 1.70884 2.03585 3.04721 1.59756 1.60989 1.69641 2.81085 1.56382 1.54406 3.12054 2.11816 2.63747 2.11704 1.99098 1.3742 1.79036 0.945838 2.48687 1.57261 1.93408 2.14352 3.21362 2.35481 0 2.25066 2.31049 2.63039 1.42418 1.90019 3.76542 1.45889 1.80153 2.48108 1.51481 2.18873 2.84838 1.9714 2.08423 2.02706 2.41748 1.82033 2.39416 1.92962 2.04964 2.77445 2.32639 2.3959 1.87791 2.72468 2.1405 1.92884 2.21038 2.34256 2.11263 2.89122 3.42635 1.7619 2.27939 2.43276 2.12593 3.39709 3.27401 2.8464 1.94072 1.53777 2.48097 2.53234 2.15676 2.16033 2.43644 0.506924 3.56157 2.58178 2.28632 2.44985 1.32601 2.59373 2.25517 2.19128 1.75202 1.14748 3.29897 3.55704 3.41119 2.29299 1.65436 2.61589 2.48066 2.30734 1.82008 2.32526 3.35887 3.16817 2.8266 
1.62464 2.51444 2.45335 1.8158 3.54356 3.41926 1.59934 1.72201 5.02491 5.06689 1.44817 7.26517 5.40363 1.45431 1.67565 2.48832 2.0424 2.78169 7.10987 1.87482 6.56061 1.49092 0.987253 2.05843 1.4631 2.05374 1.82404 2.88078 8.33462 2.25066 0 8.48634 3.38211 1.34574 5.50156 2.93631 1.58412 3.52219 1.90126 4.87139 5.40216 3.59911 4.22138 2.55064 2.7538 3.48078 5.04389 2.92378 3.58316 6.92156 5.94302 3.78794 4.89645 3.31088 6.26179 4.57392 5.92722 3.01595 3.21625 6.12387 6.09909 3.31868 1.60347 1.70331 5.3563 5.48093 2.90147 5.14331 3.66248 6.37223 1.54655 3.37718 2.08053 7.34826 7.23485 4.17535 0.586241 3.29944 6.21991 6.43067 6.83706 1.13655 3.61056 7.19363 7.60066 1.23531 1.35283 2.84891 3.07805 3.24013 1.84957 1.49134 8.00096 7.25808 2.15894 1.38959 2.14565 2.7577 4.26835 3.99619 
1.69663 2.66754 2.69114 1.31392 3.57657 3.84216 1.14803 1.47504 4.81437 7.66255 1.26065 8.24442 4.77596 1.10766 1.74763 2.74474 2.32952 3.53696 9.02834 1.43016 8.67303 1.51284 0.889334 2.11489 1.01179 1.44673 1.8871 2.89723 8.62772 2.31049 8.48634 0 3.94858 1.36767 5.11112 3.10923 1.40239 3.04915 2.38281 7.39574 7.27103 4.02142 4.88397 2.70067 2.68176 3.78423 6.81369 3.33385 3.44688 8.43237 6.8888 4.84152 5.12171 3.64889 7.218 5.46997 7.16629 2.41821 3.90196 7.02661 7.07007 3.07173 1.38167 1.73151 5.83241 5.84691 3.29954 5.62957 3.65353 7.95126 1.18647 3.32518 2.07969 8.34387 8.49874 4.63618 0.355522 3.20695 6.81642 7.52087 8.60027 1.09623 3.55675 8.19133 9.21561 1.47128 1.29024 2.96197 3.0906 2.98928 2.04856 1.16844 10.2676 8.36537 2.14783 1.47084 1.94726 2.96398 4.39803 4.13263 
1.38882 3.23884 2.52869 2.43466 4.48835 3.7452 1.98392 2.22914 4.40405 2.64741 1.9566 3.09329 4.87107 1.8389 1.43982 2.89706 2.11563 3.83531 2.2729 2.26606 3.20104 2.09357 1.40758 2.76271 1.84769 2.28079 2.36624 3.30645 2.86369 2.63039 3.38211 3.94858 0 1.68226 2.90777 3.97083 1.92064 4.31386 1.87599 2.62933 3.40563 3.32694 3.21169 3.38104 3.71744 4.06274 3.10602 3.73903 3.41351 3.09736 3.84809 3.25627 4.14162 3.65678 3.03141 3.30185 2.81477 3.82956 3.54502 3.41426 3.70916 3.8133 1.85355 2.51389 3.87783 3.73824 2.86661 4.83457 4.36546 3.19223 1.88447 4.07619 2.85158 3.37733 3.64037 3.73857 0.530789 3.94852 4.27007 3.40701 3.86553 1.34828 4.6631 3.59979 3.41656 1.77954 1.36532 3.25368 3.89443 3.26833 2.43313 1.92944 3.67777 3.81904 2.39899 1.92377 1.91398 3.56917 5.11891 4.84041 
1.74235 1.20067 1.66654 2.05916 1.65434 1.98606 1.7698 2.09682 2.09682 0.625008 1.5811 1.43429 1.53156 1.62478 1.79336 1.65434 1.43429 1.583 1.4258 2.05194 0.972106 1.75118 0.972106 2.54859 1.63357 2.41883 1.20626 2.26625 1.61766 1.42418 1.34574 1.36767 1.68226 0 1.20067 2.25922 1.48516 1.43429 1.4258 0.625008 1.27004 1.72672 1.20067 1.20626 1.21217 1.54358 1.21217 1.2896 1.21217 1.48893 1.92102 1.27004 1.50901 0.972106 1.68226 1.23528 1.20067 1.21217 1.27004 1.41964 1.78582 2.0253 1.7364 1.24752 1.50901 1.46438 2.12499 2.08471 1.73626 1.32435 1.73335 1.65122 1.60393 1.32435 1.21217 1.45163 0.49307 2.25634 1.73335 1.57122 1.54518 1.57122 1.74721 1.35736 1.24752 1.71285 1.613 2.03306 2.21112 2.09193 2.23942 1.71533 1.7198 1.60393 2.20528 1.73006 2.35152 1.88475 1.97125 1.74722 
1.27737 1.65087 1.85199 1.27419 2.6959 2.50773 1.14803 1.47504 4.20922 23.1284 1.12299 5.80668 3.98377 1.003 1.43609 1.90108 1.55735 2.94661 10.2916 1.1033 6.53651 1.34584 0.664596 1.62897 1.01179 1.57088 1.34264 2.09885 5.70765 1.90019 5.50156 5.11112 2.90777 1.20067 0 2.42554 1.41056 2.72589 1.80058 7.1732 13.6751 3.18541 3.42742 1.80474 1.60127 2.79443 14.741 2.02453 2.72733 5.314 5.05801 3.56645 4.02404 2.45689 5.58568 3.82979 7.61713 2.38719 2.98036 4.555 5.46788 2.61943 1.26742 1.15792 4.31912 3.64158 2.77295 4.19151 3.2094 17.9637 1.00493 2.64055 1.08222 26.7058 9.64328 3.43592 0.354427 2.6292 5.29612 5.17558 9.42393 0.980712 2.75641 5.03499 6.08471 0.980712 0.944106 2.37422 2.54422 2.95517 1.63556 1.09355 6.9942 9.02055 1.77377 1.26116 2.01691 2.33583 3.5856 3.3689 
2.53343 3.00256 3.95951 2.27076 3.22554 3.85661 2.17291 1.7316 2.92692 2.90977 2.11956 3.09047 3.63427 2.05765 2.58443 3.85681 3.66088 3.5708 3.64799 2.41532 3.10749 2.49419 1.81294 1.3591 2.03667 2.80897 3.16469 3.5278 2.88884 3.76542 2.93631 3.10923 3.97083 2.25922 2.42554 0 2.40712 3.45599 3.60499 2.84457 2.91296 4.14543 2.2526 3.07176 2.88714 3.88568 2.18662 3.00919 2.95991 3.01349 3.94317 3.44521 2.27322 3.14418 4.07447 2.90685 2.76601 3.1886 3.09592 3.04391 4.03372 4.36671 2.13256 2.96049 2.77262 2.77657 4.63434 3.85312 3.53037 3.16659 2.0015 3.39222 2.98442 3.04011 3.01393 3.02139 0.790644 4.50193 3.49036 3.52965 3.22412 2.05581 3.21574 2.37968 2.90188 2.25555 2.05012 4.12348 4.26675 4.54 2.64165 1.93281 3.52734 3.03467 2.79999 2.26724 2.90684 4.08846 3.69394 3.84411 
1.98073 1.40239 1.90492 2.09388 1.89271 2.22443 1.80452 2.13153 2.13153 0.863384 1.72901 1.46901 1.56628 1.6595 2.03174 1.89271 1.46901 1.73091 1.66418 2.08666 0.863384 1.98956 1.00682 2.60599 1.66829 2.31011 1.40601 2.30097 1.76557 1.45889 1.58412 1.40239 1.92064 1.48516 1.41056 2.40712 0 1.46901 1.66418 0.863384 1.4512 1.9651 1.41056 1.35907 1.24689 1.78195 1.24689 1.52798 1.24689 1.52365 2.09217 1.48241 1.65692 1.00682 1.92064 1.47365 1.40239 1.24689 1.4512 1.61475 2.0242 2.26368 1.88431 1.48589 1.65692 1.61229 2.29614 2.2376 1.77097 1.35907 1.76807 1.68594 1.80276 1.35907 1.24689 1.59954 0.648202 2.29106 1.76807 1.60594 1.5799 1.60594 1.78193 1.59573 1.48589 1.95122 1.64772 2.27143 2.24584 2.33031 2.47779 1.75004 1.75452 1.84231 2.44366 1.9392 2.38624 2.12312 2.05882 1.78194 
1.33679 2.85809 2.38941 1.7248 4.43378 4.47454 1.34569 1.67271 4.47556 3.09529 1.45363 3.05867 3.46007 1.20067 1.3878 2.75779 1.94179 4.19834 3.60653 1.62783 2.81235 1.6341 0.955956 2.23691 1.20946 1.44673 1.99315 2.85086 3.53705 1.80153 3.52219 3.04915 4.31386 1.43429 2.72589 3.45599 1.46901 0 2.02853 2.81235 3.54473 4.64834 3.07046 3.58153 3.66157 4.31816 3.04823 4.07302 2.90388 3.0935 4.49837 4.11136 4.33888 3.4431 4.42894 3.62034 2.87595 3.51438 3.70317 3.43438 4.46033 3.25322 1.51194 1.83006 3.8549 3.46266 3.015 5.06275 4.5374 3.36647 1.17462 4.15576 2.16959 3.65242 3.54464 3.93906 0.418433 3.21325 4.41765 3.75922 3.73182 1.09635 4.50889 3.32421 3.48498 1.58452 0.986705 2.93621 3.36099 3.12034 2.13673 1.29122 3.95092 3.74354 2.15108 1.64663 2.0027 3.19086 5.21676 5.04113 
1.12058 1.84347 2.33132 2.16319 2.79902 2.19142 1.71245 1.93909 2.7667 1.6318 1.68836 1.72765 3.0057 1.56743 1.17158 2.69969 1.7498 2.33675 1.75191 1.99459 1.93854 1.80676 1.15112 2.49124 1.57622 2.00932 2.2172 2.94385 1.75215 2.48108 1.90126 2.38281 1.87599 1.4258 1.80058 3.60499 1.66418 2.02853 0 1.57434 2.11459 2.40496 1.93054 2.17663 2.0446 2.70876 1.9095 2.25721 2.13198 1.8087 2.54825 1.83562 2.41344 2.14774 2.16426 2.01404 1.68936 2.41274 2.06601 2.14273 2.38381 3.67356 1.83714 2.15129 2.45354 2.20931 2.9569 3.22241 2.85666 2.24807 1.61301 2.72817 2.62474 2.35486 2.36119 2.45721 0.520051 3.80878 2.78975 2.43028 2.56352 1.40125 2.79031 2.21431 2.06318 1.7652 1.22595 3.09212 3.73358 3.38462 2.27063 1.65797 2.5229 2.51076 2.3843 1.76127 1.99014 3.27804 3.26058 2.94942 
1.12058 2.00721 1.92022 1.43415 3.08129 3.12615 1.14803 1.47504 4.47177 7.34978 0.959325 6.34873 4.55756 1.003 1.17158 2.28859 1.41263 2.73267 9.66934 1.43016 7.24425 1.1294 0.350327 1.92681 1.01179 1.79705 1.25961 2.59789 6.60474 1.51481 4.87139 7.39574 2.62933 0.625008 7.1732 2.84457 0.863384 2.81235 1.57434 0 8.00212 3.09554 3.19432 1.68829 2.10781 2.904 7.19601 2.60663 2.67835 5.74379 5.08984 3.1965 3.93114 2.53666 5.47285 3.56257 8.17091 2.17642 2.89292 5.12383 5.33275 2.74758 1.11462 1.28714 4.23713 4.63107 2.5458 4.5919 3.08454 8.71697 1.11157 2.66862 1.69263 9.63829 10.6717 3.42804 0.253793 2.8828 5.35034 5.24194 10.5075 0.946216 3.06585 5.4317 6.39008 1.08784 0.991223 2.53599 2.85039 2.50344 1.71398 1.09355 7.30095 10.3986 1.79742 1.13627 1.72974 2.54367 3.58102 3.36558 
1.73165 2.48874 2.48838 1.53344 3.36034 3.33844 1.43559 1.76261 4.71714 13.6055 1.16363 6.71848 4.98723 1.32034 1.78266 2.54286 2.12211 2.68745 11.4582 1.67801 7.053 1.66475 0.750671 1.86064 1.29936 2.07166 1.36615 2.88772 7.28009 2.18873 5.40216 7.27103 3.40563 1.27004 13.6751 2.91296 1.4512 3.54473 2.11459 8.00212 0 3.74458 3.49824 1.70388 2.13691 3.07719 13.6848 2.62703 3.04495 5.81091 5.46901 3.41286 4.46461 2.56361 5.85333 3.85179 8.00453 2.17242 2.8653 4.85921 5.54743 2.81164 1.10719 1.49268 4.23282 4.52788 2.89748 4.04934 3.0616 13.4814 1.16489 2.62879 1.52478 14.5605 9.12188 3.5306 0.348958 2.82277 4.93278 5.29815 8.54277 1.13277 2.83884 5.45339 5.96827 1.23153 1.15683 2.50198 2.51095 2.95503 1.55081 1.20975 6.99036 8.9566 1.83438 0.973098 2.02088 2.26018 3.4644 3.16328 
1.43327 3.57331 2.76584 2.33381 4.96701 4.24857 1.97708 2.3041 5.0443 3.19055 1.9181 3.44956 5.25696 1.83206 1.48428 3.13422 2.35167 4.17454 2.73448 2.2001 3.45519 1.87189 1.36823 2.65871 1.84085 2.21483 2.70356 3.67824 3.45872 2.84838 3.59911 4.02142 3.32694 1.72672 3.18541 4.14543 1.9651 4.64834 2.40496 3.09554 3.74458 0 3.38462 3.92114 3.82552 4.4019 3.54751 3.67137 3.64857 3.36432 3.68743 3.66071 4.65912 3.88202 2.93795 3.7319 2.90952 4.04461 3.90216 3.53064 3.49855 3.65753 2.0069 2.48392 4.33621 3.83507 2.79229 5.04786 4.1144 3.47032 1.92166 4.07338 2.47357 3.55825 3.69369 4.22185 0.676329 3.53452 4.74819 2.91949 3.61447 0.955462 4.68752 3.52637 3.56374 1.63882 1.53865 3.10654 3.68226 3.66923 2.38493 1.86645 3.04167 3.55255 2.53991 2.05879 2.30284 3.58395 5.47126 5.17049 
1.47488 2.0859 2.23636 1.27419 3.16549 3.33565 1.17634 1.50335 4.79573 3.40099 1.12299 4.60207 5.11207 1.06109 1.52589 2.31986 1.86686 2.80518 4.68804 1.45848 4.24875 1.34584 0.754396 1.56421 1.04011 1.76082 1.31239 2.55191 4.72072 1.9714 4.22138 4.88397 3.21169 1.20067 3.42742 2.2526 1.41056 3.07046 1.93054 3.19432 3.49824 3.38462 0 1.72544 1.8127 2.82508 2.6539 2.57229 2.94508 3.66308 5.22068 3.4443 3.84884 3.07648 5.49802 3.66231 3.0564 2.30515 3.03027 3.91404 5.0482 2.5492 1.09881 0.894362 3.91594 4.08612 2.70272 4.12144 2.9146 3.30567 1.00493 2.34198 1.19657 2.98891 3.62062 3.22295 0.335837 2.68442 5.10572 4.26132 3.59573 0.855058 2.68705 3.17103 3.2035 0.980712 0.944106 2.30399 2.4789 2.74112 1.64509 0.949728 4.58744 3.31576 1.77377 1.2335 1.87309 2.32676 3.29892 3.38713 
1.55428 2.53708 2.42312 1.6332 3.39715 3.72098 1.49562 1.82264 3.96135 1.74319 1.15514 2.55671 3.57263 1.3506 1.60529 2.67708 2.03777 3.14689 2.86486 1.77776 2.23357 1.62969 0.846013 1.97807 1.35939 1.99531 1.10773 2.88457 2.7551 2.08423 2.55064 2.70067 3.38104 1.20626 1.80474 3.07176 1.35907 3.58153 2.17663 1.68829 1.70388 3.92114 1.72544 0 2.093 2.97311 1.62822 2.85811 2.0419 2.24286 3.43395 2.64067 2.51718 2.38779 3.37517 1.73034 2.06005 2.29671 2.47236 2.29935 3.34984 2.81677 0.929993 1.74938 2.25339 2.59915 2.79096 3.30136 3.32517 2.05459 1.39086 2.85346 1.59917 2.26629 1.94579 2.39629 0.0619552 2.95199 2.85263 2.65808 2.57202 0.998056 3.20141 2.08527 2.16369 1.29404 0.979638 2.51848 2.94746 2.72943 1.5626 1.32943 2.9343 2.36753 1.58027 0.984887 1.72974 2.48346 3.68689 3.51582 
1.53457 2.61712 2.29202 1.42855 3.48042 3.5934 1.29658 1.62359 4.04139 2.06718 0.959325 2.57214 3.49785 1.15155 1.58558 2.3479 1.92252 3.08353 3.14985 1.57311 2.47913 1.46044 0.733833 1.75575 1.16034 1.9644 1.45784 2.75347 2.85987 2.02706 2.7538 2.68176 3.71744 1.21217 1.60127 2.88714 1.24689 3.66157 2.0446 2.10781 2.13691 3.82552 1.8127 2.093 0 3.2826 1.9292 2.65464 2.37507 2.41632 3.49593 3.02037 2.85035 2.51468 3.6745 2.15458 2.19159 2.7525 2.64324 2.09587 3.618 2.92417 1.11462 1.55118 2.58979 2.39244 2.98225 3.55081 3.48098 2.39261 1.15929 2.8468 1.36886 2.22821 2.4668 2.53032 0.327699 3.05939 3.1858 2.95214 2.54459 1.165 2.9947 2.02183 2.3758 1.37447 1.16427 2.4406 2.89477 2.98626 1.6703 1.14127 2.85681 2.12021 1.87285 1.16952 1.94853 2.40558 3.94208 3.66345 
1.80632 3.33077 2.92558 2.17132 4.25739 4.65701 1.99737 2.32439 4.82159 2.67105 1.69326 3.26531 4.6401 1.85235 1.85733 3.29396 2.36909 4.17872 3.43832 2.27951 2.71931 2.04797 1.26889 2.57024 1.86114 2.24735 1.97426 3.38704 3.61534 2.41748 3.48078 3.78423 4.06274 1.54358 2.79443 3.88568 1.78195 4.31816 2.70876 2.904 3.07719 4.4019 2.82508 2.97311 3.2826 0 2.6814 3.70901 2.87329 2.85293 3.91937 3.35769 3.70678 3.39108 3.49143 2.91943 2.91129 3.25381 3.50154 3.09948 3.59355 3.34023 1.56002 2.49381 3.44299 3.37917 3.28306 4.37985 4.07068 2.34821 1.84876 3.31705 2.47385 2.43618 3.01392 2.72565 0.302075 3.47545 3.82002 3.29187 3.40304 1.49621 4.0135 3.24 3.22475 1.87436 1.03766 2.8871 3.47092 3.17199 2.08512 1.82758 3.74499 3.07012 2.07843 1.60313 2.2279 3.07495 4.31345 4.24694 
1.53457 2.1062 2.15921 1.27419 2.86707 3.09563 1.17634 1.50335 4.12127 15.4215 0.959325 6.27771 4.25025 1.06109 1.58558 2.21316 1.78971 2.75122 10.8319 1.45848 6.98647 1.46044 0.733833 1.3591 1.04011 1.81241 1.15611 2.46437 6.65905 1.82033 5.04389 6.81369 3.10602 1.21217 14.741 2.18662 1.24689 3.04823 1.9095 7.19601 13.6848 3.54751 2.6539 1.62822 1.9292 2.6814 0 2.51178 2.62226 5.25257 4.99275 3.36304 3.45832 2.64752 5.49796 3.49797 7.74666 2.05646 2.78912 4.84829 5.28328 2.60673 0.929993 1.40695 3.63337 4.00473 2.83934 3.91599 2.75528 17.9147 1.00493 2.37725 1.23605 18.5159 9.00972 3.02311 0.306151 2.74195 4.82994 5.17295 8.89973 1.02206 2.59107 4.51228 5.38535 1.23153 0.979638 2.25231 2.50677 2.63165 1.5626 0.893227 6.4566 7.75419 1.80343 0.984887 1.7639 2.21729 3.24034 3.02037 
1.56059 2.99799 2.30863 1.6664 3.99097 3.23237 1.32353 1.65054 4.26438 2.46591 1.2985 2.63063 4.14993 1.17851 1.61159 2.05469 2.01398 3.56836 2.79373 1.60566 2.91571 1.52135 0.664596 1.97359 1.1873 1.97383 1.612 2.93713 2.79645 2.39416 2.92378 3.33385 3.73903 1.2896 2.02453 3.00919 1.52798 4.07302 2.25721 2.60663 2.62703 3.67137 2.57229 2.85811 2.65464 3.70901 2.51178 0 3.11116 2.66519 3.61088 3.15606 3.75525 2.98534 3.64739 2.89419 2.50608 3.52085 3.01181 2.44159 3.63361 2.88414 1.34771 1.37059 3.08286 2.66409 3.02128 4.23345 3.73513 2.79193 1.28708 3.44522 1.53007 2.86712 3.21593 3.38681 0.380826 2.81362 3.87747 3.14427 2.96002 0.993737 3.79056 2.56245 2.82909 1.28357 1.15582 2.53419 2.89529 3.18456 1.63556 1.26905 3.086 2.73191 1.77377 1.39308 2.18161 2.52443 4.33655 4.34648 
1.52359 2.39893 2.3817 1.31392 3.3696 3.74462 1.14803 1.47504 4.93988 2.99886 1.07251 3.10114 4.93911 1.06109 1.5746 2.60832 2.01219 3.22809 3.93229 1.43016 3.24964 1.51284 0.733833 1.94626 1.01179 1.44673 1.26229 2.79581 3.89134 1.92962 3.58316 3.44688 3.41351 1.21217 2.72733 2.95991 1.24689 2.90388 2.13198 2.67835 3.04495 3.64857 2.94508 2.0419 2.37507 2.87329 2.62226 3.11116 0 2.98153 4.43733 3.70523 4.79997 3.646 4.47443 3.51387 2.76974 1.67149 3.78167 3.26553 4.41488 2.82323 1.19353 1.66705 3.56729 3.74478 2.7683 5.11736 3.2819 2.66162 1.11157 2.61612 1.88147 3.23637 3.07846 3.66764 0.336221 2.95844 4.32926 3.7128 3.51198 0.946216 3.2318 3.35997 3.33557 1.37747 0.986705 2.69483 2.87413 2.59816 1.83582 1.09355 4.09604 3.52567 1.86243 1.2827 1.72974 2.72253 3.77906 3.40082 
1.349 2.10894 2.14699 1.70001 3.18853 2.98539 1.34569 1.67271 4.56652 5.53573 1.45363 7.52851 4.91268 1.20067 1.48122 2.46344 1.77749 3.06253 7.05443 1.62783 7.06688 1.6341 1.01059 2.02721 1.20946 1.57088 1.65115 2.53171 7.59172 2.04964 6.92156 8.43237 3.09736 1.48893 5.314 3.01349 1.52365 3.0935 1.8087 5.74379 5.81091 3.36432 3.66308 2.24286 2.41632 2.85293 5.25257 2.66519 2.98153 0 5.50405 3.86071 4.7599 3.44054 5.55402 4.41494 5.11101 2.61892 3.53042 5.80786 5.4666 2.78232 1.30148 1.6356 4.81165 4.6315 2.66617 4.73322 3.13961 5.85697 1.30924 2.94832 1.52842 6.11713 6.59524 3.4009 0.343963 2.91528 5.92486 5.65492 6.64892 0.875981 3.30868 6.12074 7.04609 1.36415 0.944106 2.39745 2.9284 2.97444 1.99013 1.29122 7.63212 6.13845 2.01317 1.43616 2.09367 2.67993 4.01215 3.74158 
