0 852 1848 1056 990 1176 1444 990 2164 2468 1866 2400 1548 2128 1156 1320 1785 1028 2016 930 1204 918 1782 924 783 1932 1246 848 2144 2121 1239 258 1016 1424 940 1554 390 1256 360 1566 1608 1896 1852 1624 1520 1328 1636 2108 1148 1564 932 2328 2068 1064 1752 1776 1456 772 2156 2920 1126 1892 2696 1544 2080 1432 2104 2116 1250 1560 2360 1644 2835 1360 1812 1086 1684 2019 828 1716 1143 676 1422 1560 1096 1316 1146 996 956 1466 1401 1412 2488 1374 966 1698 1592 1372 1080 2376 
852 0 1156 537 724 1064 940 718 1316 1996 1434 1968 1436 1584 3136 1302 1146 2716 1324 1242 640 492 1374 1401 610 1860 900 273 2897 2142 831 684 205 848 1096 1146 816 1026 2070 927 1330 3230 2373 1398 1708 2849 1240 2737 1057 1932 1435 2973 1905 1190 2135 1626 1337 140 2120 2228 854 1620 3228 2422 2688 1160 2719 2751 904 1778 3178 1236 2180 1014 1404 740 1362 1761 556 1308 1059 404 1076 1750 1040 970 1066 650 1393 1266 882 1260 2245 1290 694 1215 2555 1026 1452 1916 
1848 1156 0 1284 1222 2060 1544 1216 2472 2992 2181 2715 2432 2580 2788 1740 2013 2548 2320 1989 1508 1070 2121 2148 859 2236 322 1152 2632 2889 1578 1182 1320 1844 1594 1893 1314 1524 2208 1794 2060 2780 2204 1928 1972 2624 1988 2560 1600 2100 1816 2885 1616 1948 2216 2080 1760 1076 2692 3020 1352 2118 3148 2380 2532 1658 2456 2568 1402 2012 2812 1983 3105 1512 1977 1238 1860 2508 1054 2055 1806 902 1574 2396 1538 1468 1564 1148 1792 1764 1629 1716 2792 2037 1192 1962 2428 1524 1964 2912 
1056 537 1284 0 1002 1215 981 996 1524 1914 1851 2385 1494 1605 1110 975 1683 1581 288 1659 801 850 1791 1167 749 1347 1178 534 1644 2364 1248 962 660 1053 1374 1563 1094 1304 1326 1464 1215 1755 1323 1116 1149 1239 1161 1590 870 1245 1032 1764 1560 1131 1332 1230 990 477 1689 2088 1132 1898 2031 1455 1569 1438 1512 1596 1182 1179 1779 1653 1881 1292 1821 1018 1640 2178 834 1725 1476 682 1354 1467 1318 1248 1344 928 1014 1544 1299 957 1764 1707 972 1632 1491 1304 1143 1854 
990 724 1222 1002 0 770 636 1056 1264 1142 960 886 956 1130 684 842 1488 476 1194 582 900 1216 1146 722 932 1264 1362 722 1046 932 892 888 806 894 902 1048 634 1364 810 1062 870 558 686 548 454 598 578 1120 640 890 648 1182 1100 714 114 1046 420 684 784 1306 1192 1958 1276 930 842 1498 812 986 986 846 1246 1024 1058 1096 1274 1384 1444 868 894 738 944 742 1158 334 1072 1052 1304 732 636 1466 670 442 980 1098 1032 892 318 1108 722 894 
1176 1064 2060 1215 770 0 1056 646 1476 2356 1350 1884 372 1440 1456 632 1680 1408 2144 1215 1416 1024 1266 1149 798 1992 952 908 1456 1941 723 846 1228 736 1130 1038 978 912 1536 1725 920 720 1164 1168 832 1284 948 1420 460 876 244 1640 1380 376 1312 1740 912 984 1468 2532 782 1548 2008 856 1392 1088 1416 1428 1022 872 1672 1128 2321 1132 1296 1192 1340 1503 484 1200 627 332 1194 872 752 1088 802 768 268 1122 1059 956 2032 858 622 1182 904 1144 392 1688 
1444 940 1544 981 636 1056 0 930 2044 2588 1776 1941 1428 2008 2530 1500 1710 2210 1916 1485 1380 868 1692 1575 758 2290 1094 935 2530 2010 1149 980 1145 1304 1310 1464 1042 1196 2255 1491 1860 2220 2165 1905 1750 2315 1895 2485 1285 1805 1015 2760 2435 1180 1305 2095 1695 840 2545 1476 1066 1832 2984 1780 2450 1372 2480 2495 1200 1800 2800 1554 2730 1310 1722 1036 1624 1914 768 1626 1053 616 1372 1800 1036 1266 1086 946 1045 1406 1326 1640 2985 1284 906 1608 1815 1322 1200 2256 
990 718 1216 996 1056 646 930 0 1140 1364 1302 1658 832 906 1010 718 1306 890 1188 996 894 1210 1030 1048 789 978 1138 640 1000 1760 668 1248 800 770 1316 878 1380 1140 1170 1336 646 1006 768 770 602 1044 660 896 416 666 524 1012 876 590 942 1104 642 678 962 1528 968 1734 1190 806 882 1274 894 900 1208 622 1022 938 1280 1318 1050 1378 1526 1288 670 986 820 518 1380 814 1154 1274 1180 954 512 1380 892 664 1202 974 808 974 830 1330 598 1072 
2164 1316 2472 1524 1264 1476 2044 1140 0 3312 2091 2625 1848 1696 2444 1620 2133 2396 2640 1956 1828 1150 1458 1890 939 2556 1446 1472 2444 2952 1464 1340 1480 1724 1624 1494 1472 1406 2524 1914 1908 2196 2152 2156 1820 2272 1936 2408 1448 1864 1232 1724 2368 1364 2300 2400 1900 1396 2456 3520 1276 2042 2996 1844 2380 1582 2404 2416 1516 1860 2660 1869 3309 1626 2037 1398 1834 2244 978 1941 1368 826 1688 1860 1246 1582 1296 1262 1256 1616 1800 1944 3020 1599 1116 1923 1892 1638 1380 2676 
2468 1996 2992 1914 1142 2356 2588 1364 3312 0 2649 2997 2728 2876 1312 2364 2643 2760 3091 2229 2348 1490 2172 1041 1069 3076 1670 1992 2860 2238 1800 1452 2160 2260 1806 2115 1584 966 2748 2424 2356 3076 1976 1700 2268 1484 1760 2856 1896 2000 2112 3099 2816 2244 2452 2696 1444 1916 2592 3216 1500 2266 3352 2676 2828 1806 2228 2772 1288 2308 3108 2136 3079 1398 2373 1658 1746 2730 1202 2277 2028 1050 1460 2528 1686 1354 1712 1034 2088 1866 1458 1488 2564 2259 1340 1791 2560 1410 2260 2812 
1866 1434 2181 1851 960 1350 1776 1302 2091 2649 0 2286 1629 2064 1665 876 2580 1812 2139 1971 1698 1448 2250 1722 1010 2130 1608 1317 1545 2496 1707 1502 1557 954 1634 2022 1366 1568 2136 2361 1674 1890 1857 1860 1608 1794 1695 1701 1329 1641 1167 2214 2019 1068 1269 2013 1668 1374 2085 2883 1206 1972 2490 1626 2028 1744 2046 2055 1678 1638 1890 2112 2625 1788 2280 1616 1996 2400 1140 2184 1413 988 1850 1599 1408 1744 1458 1424 1185 1778 2043 1701 2508 1842 1278 2166 1575 1800 1278 2250 
2400 1968 2715 2385 886 1884 1941 1658 2625 2997 2286 0 2163 1572 2013 1410 3114 1701 2673 1860 2232 1804 1386 2070 1188 2664 1964 1851 2079 2385 2241 1546 2091 1488 1560 2556 1292 1924 2202 2580 2208 1824 2358 2151 1668 1884 2196 2235 1863 2175 1701 2748 2553 1602 1158 2547 1959 1908 2163 3048 1562 2328 2901 2160 2250 2100 2523 2466 1872 2172 2424 2523 2916 1982 2814 1972 2200 2289 1496 2094 1947 1344 2044 1488 1730 1938 1814 1618 1719 2124 2334 1992 2799 2376 1634 2403 1464 1994 1812 2328 
1548 1436 2432 1494 956 372 1428 832 1848 2728 1629 2163 0 1400 1828 1004 1959 1780 2516 1494 1788 1210 1236 1428 891 2364 1138 1280 1136 2220 1002 1032 1600 1108 1316 1317 1164 1098 1908 2004 1292 1092 1536 1540 1204 1656 1320 1344 832 1248 616 2012 1752 748 1684 2112 1284 1356 1840 2904 744 1510 2380 1228 1764 1274 1788 1800 1208 1244 1596 1407 2693 1318 1575 1378 1526 1782 670 1479 906 518 1380 1244 938 1274 988 954 640 1308 1338 1328 2404 1137 808 1461 1276 1330 764 2060 
2128 1584 2580 1605 1130 1440 2008 906 1696 2876 2064 1572 1400 0 2168 1584 2070 1928 2664 1605 1936 1284 186 1683 928 2512 1212 1428 2148 2751 1113 1322 1748 1688 1390 1428 1454 1214 2488 2115 1440 2160 1684 1688 1352 2236 1468 1940 980 1480 1196 2265 1900 1328 2032 2356 1432 1504 2072 3204 1042 1808 2528 1760 1912 1348 1936 1948 1282 1392 2192 1518 2841 1392 1686 1452 1600 2043 744 1590 1341 592 1454 1776 1228 1348 1254 1028 1172 1454 1449 1476 2552 1572 882 1572 1808 1404 1344 2292 
1156 3136 2788 1110 684 1456 2530 1010 2444 1312 1665 2013 1828 2168 0 2778 2226 4262 2219 1557 2430 1388 1812 57 980 4080 1316 3682 3237 1254 1269 796 2445 948 1358 1584 928 818 2154 2271 2050 3549 3967 2441 3120 344 2050 3167 2733 1376 2781 3741 2635 1635 2840 3846 3405 3853 1600 3184 950 1716 4104 4158 4830 1452 4192 4967 1228 3660 3608 1674 2128 1338 1842 1556 1398 1986 848 1746 1326 696 1108 1975 1088 1294 1286 974 2163 1558 684 3394 2325 1584 986 1692 2709 1350 1596 1500 
1320 1302 1740 975 842 632 1500 718 1620 2364 876 1410 1004 1584 2778 0 1704 3708 1870 1323 1370 864 1374 846 718 2508 1024 1323 2088 2043 831 918 1135 104 1202 1146 1050 984 2655 1485 1330 2498 3096 1968 2060 2550 1365 1973 1575 2169 1305 2676 1905 320 3500 2274 2522 1494 2015 2676 622 1388 3228 2658 3672 1160 3506 3809 1094 2502 2414 1236 2465 1204 1404 1032 1412 1611 556 1308 537 404 1266 1270 824 1160 874 840 721 1194 1167 2577 2720 966 694 1290 2052 1216 804 1832 
1785 1146 2013 1683 1488 1680 1710 1306 2133 2643 2580 3114 1959 2070 2226 1704 0 2046 1971 2205 1530 1256 2256 2283 992 2076 1612 1263 2211 3288 1713 1448 1269 1782 1790 2028 1580 1614 2055 2073 1680 2220 1863 1845 1614 2277 1701 2055 1335 1710 1497 2229 2025 1596 2061 1959 1674 1206 2154 2817 1442 2208 2496 1920 2034 1748 2052 2061 1668 1644 2244 2118 2610 1778 2286 1504 2000 2643 1144 2190 1941 992 1840 1932 1628 1734 1654 1414 1479 1854 2028 1686 2493 2172 1282 2172 1956 1790 1608 2319 
1028 2716 2548 1581 476 1408 2210 890 2396 2760 1812 1701 1780 1928 4262 3708 2046 0 2632 159 2380 1268 1632 1455 751 3044 1196 3141 4264 1770 1089 412 1780 1656 426 1404 544 1198 1002 879 1760 2821 3834 1590 2640 3384 1795 3339 2133 2896 2619 3489 2335 1620 1629 3486 3003 3312 1930 3088 1026 1792 3744 3888 4230 1332 4086 4367 1180 3060 3780 1494 2680 1290 1662 1436 1530 1674 728 1479 1317 576 1352 1455 1212 1246 1238 926 1995 1438 1296 2948 2935 1548 866 1548 1981 1302 1968 1764 
2016 1324 2320 288 1194 2144 1916 1188 2640 3091 2139 2673 2516 2664 2219 1870 1971 2632 0 1947 1676 1042 2079 1455 845 2366 1370 1282 2698 2652 1536 1154 1488 1974 1566 1851 1286 1496 2376 1752 1644 2864 1580 1974 2056 2305 1796 2592 1684 2184 1900 2969 2604 2032 2384 2210 1806 1244 2776 3331 1324 2014 2956 2464 2616 1630 1832 2376 1374 2096 2604 1839 3222 1484 2109 1210 1548 2466 1026 2013 1764 874 1546 2480 1510 1440 1536 1120 1876 1668 1587 1762 2838 1995 1164 1494 2512 1496 2048 2996 
930 1242 1989 1659 582 1215 1485 996 1956 2229 1971 1860 1494 1605 1557 1323 2205 159 1947 0 1506 1320 1791 1614 804 1512 1302 1206 1746 1929 1248 518 1227 1401 532 1563 650 1304 660 1038 1215 1368 1398 954 1149 1428 1236 1590 870 1245 1032 1764 1560 1131 702 1902 1146 1182 1317 2475 1132 1898 2031 1455 1569 1438 1587 1596 1286 1179 1779 1653 2037 1396 1821 1488 1636 1833 834 1638 1476 682 1458 1032 1318 1352 1344 1032 1014 1544 1455 1113 1920 1707 972 1707 1008 1408 1143 1482 
1204 640 1508 801 900 1416 1380 894 1828 2348 1698 2232 1788 1936 2430 1370 1530 2380 1676 1506 0 748 1638 1410 698 1990 1076 635 2485 2406 1095 860 845 1200 1272 1410 992 1202 1955 1311 1770 2670 1950 1605 1660 2475 1680 2395 1195 1820 1465 2871 2345 1630 1965 1795 1395 540 2560 2580 1030 1796 3130 2170 2360 1336 2265 2405 1080 1710 2710 1500 2532 1190 1668 916 1538 2025 732 1572 1323 580 1252 2190 1216 1146 1242 826 1435 1442 1146 1340 2685 1554 870 1479 2230 1202 1650 2268 
918 492 1070 850 1216 1024 868 1210 1150 1490 1448 1804 1210 1284 1388 864 1256 1268 1042 1320 748 0 1408 1426 856 1112 1392 570 1310 1920 1046 1176 574 916 1588 1256 1308 1518 1098 1110 1024 1384 1096 958 980 1306 988 1274 794 1044 902 1390 1254 968 1102 1034 874 532 1340 1606 1346 2112 1568 1184 1260 1652 1222 1278 1396 1000 1400 1316 1468 1506 1428 1232 1854 1666 1048 1364 1198 896 1568 1192 1532 1462 1558 1142 890 1758 1080 852 1390 1352 1186 1302 1208 1518 976 1450 
1782 1374 2121 1791 1146 1266 1692 1030 1458 2172 2250 1386 1236 186 1812 1374 2256 1632 2079 1791 1638 1408 0 1869 990 2070 1336 1257 1797 2937 1299 1446 1497 1452 1514 1614 1578 1338 2052 2301 1266 1806 1449 1281 1200 1863 1287 1641 921 1296 1083 1815 1611 1182 1710 1953 1089 1314 1740 2418 1166 1932 2082 1506 1620 1472 1638 1647 1292 1230 1830 1704 2046 1402 1872 1576 1724 2229 868 1776 1527 716 1464 1518 1352 1358 1378 1038 1065 1578 1464 1122 1929 1758 1006 1758 1542 1414 1194 1905 
924 1401 2148 1167 722 1149 1575 1048 1890 1041 1722 2070 1428 1683 57 846 2283 1455 1455 1614 1410 1426 1869 0 999 2097 1354 1284 1104 1311 1326 834 1524 768 1396 1641 966 856 1134 2328 1287 1578 1449 1242 1227 186 1287 1260 948 573 966 1842 1638 1038 912 1980 1116 1341 1017 2445 912 1678 2109 1425 1647 1490 1629 1674 1266 1257 1449 1731 1323 1376 1899 1594 1436 2043 886 1803 1383 734 1146 1242 1126 1332 1324 1012 984 1596 741 1083 1452 1641 1024 1749 1218 1388 855 1182 
783 610 859 749 932 798 758 789 939 1069 1010 1188 891 928 980 718 992 751 845 804 698 856 990 999 0 300 1020 571 941 1284 809 912 651 744 538 914 978 1045 873 919 798 978 859 765 776 977 805 923 683 808 737 981 913 770 875 803 761 590 956 1127 959 1342 1070 878 916 1112 922 925 1022 786 986 944 1058 1077 1000 940 1238 1119 810 968 885 734 1108 882 1052 1055 1065 895 731 1165 864 750 1019 962 879 962 890 1083 774 1011 
1932 1860 2236 1347 1264 1992 2290 978 2556 3076 2130 2664 2364 2512 4080 2508 2076 3044 2366 1512 1990 1112 2070 2097 300 0 1440 1626 3846 2952 1527 1224 1755 1776 476 1842 1356 1490 3483 1857 2490 4122 3354 2790 2856 4062 2525 3738 2298 3048 2622 4365 3065 2350 3450 3018 2766 1740 3280 3308 1318 2084 4620 3468 3696 1624 3732 3750 1444 2916 4116 1932 3222 1554 2100 1280 1876 2457 1020 2004 1755 868 1616 2910 1504 1510 1530 1190 2586 1730 1692 2700 3595 1986 1158 1986 3540 1566 2844 2844 
1246 900 322 1178 1362 952 1094 1138 1446 1670 1608 1964 1138 1212 1316 1024 1612 1196 1370 1302 1076 1392 1336 1354 1020 1440 0 898 1306 2066 974 1504 982 1076 1622 1184 1636 1446 1426 1518 952 1312 1074 1076 908 1350 966 1202 722 972 830 1318 1130 896 1248 1362 948 860 1268 1832 1274 2040 1496 1112 1188 1580 1200 1206 1514 928 1328 1244 1586 1624 1356 1560 1832 1594 976 1292 1126 824 1686 1120 1460 1580 1486 1260 818 1686 1198 970 1508 1280 1114 1280 1136 1636 904 1378 
848 273 1152 534 722 908 935 640 1472 1992 1317 1851 1280 1428 3682 1323 1263 3141 1282 1206 635 570 1257 1284 571 1626 898 0 3028 2139 714 682 400 692 1018 1029 814 948 2026 1044 1135 2957 2834 1392 1640 3248 1170 2464 1232 1896 1826 2739 1710 995 3344 1392 2090 209 1925 2224 776 1542 2994 3615 3105 1082 3086 4006 902 2150 2905 1119 2138 1012 1287 738 1334 1644 478 1191 942 326 1074 1555 962 968 988 648 1120 1188 879 1969 2240 1173 616 1173 2320 1024 1218 1760 
2144 2897 2632 1644 1046 1456 2530 1000 2444 2860 1545 2079 1136 2148 3237 2088 2211 4264 2698 1746 2485 1310 1797 1104 941 3846 1306 3028 0 2415 1254 1330 2105 788 1484 1569 1452 1308 3826 2154 1775 3458 3948 2814 3112 3581 2070 364 2368 3368 2424 3726 2610 1435 3728 3612 3272 3180 2825 3392 176 942 4008 3648 4232 920 4120 4227 1376 3192 805 1626 3029 1486 1827 1478 1694 2184 838 1731 1206 686 1548 2300 1236 1442 1286 1122 2163 1526 1590 3360 3425 1584 976 1593 3376 1498 2040 2480 
2121 2142 2889 2364 932 1941 2010 1760 2952 2238 2496 2385 2220 2751 1254 2043 3288 1770 2652 1929 2406 1920 2937 1311 1284 2952 2066 2139 2415 0 2394 1592 2265 1965 1606 2628 1338 1654 2271 2649 2361 1401 2427 2220 1737 1383 2265 2571 2016 1770 2028 2829 2706 2127 1227 2835 2028 2082 2214 3117 1786 2404 2970 2451 2319 2202 2592 2535 1918 2325 2538 2592 2520 2028 2967 2088 2234 2358 1598 2163 2472 1446 1944 1557 1776 1984 2008 1664 2010 2170 1938 2061 2649 2703 1736 2472 1533 2040 2052 2379 
1239 831 1578 1248 892 723 1149 668 1464 1800 1707 2241 1002 1113 1269 831 1713 1089 1536 1248 1095 1046 1299 1326 809 1527 974 714 1254 2394 0 1084 954 909 1152 315 1216 976 1509 1758 723 1263 906 909 657 1320 744 1098 378 753 540 516 1068 639 1167 1410 717 771 1197 2046 804 1570 1539 963 1077 1110 1095 1104 1044 687 1287 1161 1674 1154 1329 1214 1362 1686 506 1233 984 354 1216 975 990 1110 1016 790 522 1216 1092 750 1557 1215 644 1215 999 1166 651 1362 
258 684 1182 962 888 846 980 1248 1340 1452 1502 1546 1032 1322 796 918 1448 412 1154 518 860 1176 1446 834 912 1224 1504 682 1330 1592 1084 0 766 970 838 1294 288 1514 78 998 1062 1206 1018 880 1018 710 910 1312 832 1040 724 1422 1292 790 774 1146 752 644 1184 1638 1384 2150 1606 1030 1298 1690 1144 1316 1318 1038 1438 1354 1390 1428 1466 1344 1776 1528 1086 1398 1020 934 1490 994 1354 1384 1404 1064 736 1724 1002 774 1312 1174 1224 1224 978 1440 798 1294 
1016 205 1320 660 806 1228 1145 800 1480 2160 1557 2091 1600 1748 2445 1135 1269 1780 1488 1227 845 574 1497 1524 651 1755 982 400 2105 2265 954 766 0 1012 1138 1269 898 1108 1720 1050 1535 2435 1715 1370 1425 2240 1445 2160 960 1585 1230 2636 2110 1395 1730 1560 1160 305 2325 2392 936 1702 2895 1935 2125 1242 2030 2170 986 1475 2475 1359 2344 1096 1527 822 1444 1884 638 1431 1182 486 1158 1955 1122 1052 1148 732 1200 1348 1005 1105 2450 1413 776 1338 1995 1108 1415 2080 
1424 848 1844 1053 894 736 1304 770 1724 2260 954 1488 1108 1688 948 104 1782 1656 1974 1401 1200 916 1452 768 744 1776 1076 692 788 1965 909 970 1012 0 1254 1224 1102 1036 1784 1563 1168 1456 1412 1416 1080 1120 1196 996 708 1124 492 1888 1628 360 1560 1620 1160 768 1716 2780 570 1336 2256 1104 1640 1212 1664 1676 1146 1120 1248 1314 2569 1256 1482 1084 1464 1689 608 1386 615 456 1318 1120 876 1212 926 892 516 1246 1245 1204 2280 1044 746 1368 1152 1268 640 1936 
940 1096 1594 1374 902 1130 1310 1316 1624 1806 1634 1560 1316 1390 1358 1202 1790 426 1566 532 1272 1588 1514 1396 538 476 1622 1018 1484 1606 1152 838 1138 1254 0 1362 970 1624 760 1012 1130 1232 1252 956 1086 1272 1144 1380 900 1150 1008 1496 1360 1074 788 1482 1084 1056 1198 1970 1452 2218 1674 1290 1366 1758 1378 1384 1606 1106 1506 1422 1678 1716 1534 1756 1956 1542 1154 1412 1304 1002 1778 1008 1638 1672 1664 1352 996 1864 1290 1062 1600 1458 1292 1458 992 1728 1082 1308 
1554 1146 1893 1563 1048 1038 1464 878 1494 2115 2022 2556 1317 1428 1584 1146 2028 1404 1851 1563 1410 1256 1614 1641 914 1842 1184 1029 1569 2628 315 1294 1269 1224 1362 0 1426 1186 1824 2073 1038 1578 1221 1224 972 1635 1059 1413 693 1068 855 201 1383 954 1401 1725 1032 1086 1512 2361 1014 1780 1854 789 1392 1320 1410 1419 1124 1002 1602 1476 1989 1364 1644 1424 1572 2001 716 1548 1299 564 1426 1290 1200 1320 900 666 837 1220 1407 1065 1872 1530 854 1530 1314 1376 966 1677 
390 816 1314 1094 634 978 1042 1380 1472 1584 1366 1292 1164 1454 928 1050 1580 544 1286 650 992 1308 1578 966 978 1356 1636 814 1452 1338 1216 288 898 1102 970 1426 0 1646 210 1130 1194 964 1306 1074 860 842 1198 1444 964 1172 856 1554 1424 922 520 1278 1040 776 1190 1780 1516 2282 1682 1162 1248 1822 1430 1392 1606 1170 1570 1430 1600 1716 1598 1476 1948 1274 1218 1144 1152 1066 1778 740 1478 1672 1536 1352 868 1856 1212 1062 1600 1306 1356 1350 724 1728 930 1300 
1256 1026 1524 1304 1364 912 1196 1140 1406 966 1568 1924 1098 1214 818 984 1614 1198 1496 1304 1202 1518 1338 856 1045 1490 1446 948 1308 1654 976 1514 1108 1036 1624 1186 1646 0 1436 1644 954 1272 1076 1078 910 904 968 1204 724 474 790 1320 1184 856 1250 1412 950 986 770 1836 1276 2042 1498 1096 1190 1582 1178 1208 1516 930 1330 1246 1588 1626 1358 1686 1528 1596 978 1294 1086 826 1238 1104 1272 1582 1470 1262 802 1688 1200 972 1060 1240 1116 1258 1120 1638 716 880 
360 2070 2208 1326 810 1536 2255 1170 2524 2748 2136 2202 1908 2488 2154 2655 2055 1002 2376 660 1955 1098 2052 1134 873 3483 1426 2026 3826 2271 1509 78 1720 1784 760 1824 210 1436 0 1380 2460 3390 3298 2592 2847 1896 2475 3729 2289 2934 2073 4062 3035 1780 2088 3398 2568 1950 2765 3280 1306 2072 4611 2979 3687 1612 3676 3741 1396 2907 4107 1914 3027 1506 2082 1266 1854 2175 1008 1980 1413 856 1568 2290 1276 1462 1326 1142 2097 1646 1503 2590 3492 1644 1146 1953 2700 1518 2295 2432 
1566 927 1794 1464 1062 1725 1491 1336 1914 2424 2361 2580 2004 2115 2271 1485 2073 879 1752 1038 1311 1110 2301 2328 919 1857 1518 1044 2154 2649 1758 998 1050 1563 1012 2073 1130 1644 1380 0 1725 2088 1833 1626 1659 2148 1671 2100 1380 1755 1542 2274 2070 1641 1422 1740 1500 987 2037 2598 1472 2238 2541 1965 2079 1778 2022 2106 1522 1689 2289 2163 2391 1632 2331 1358 1980 2553 1174 2235 1986 1022 1694 1752 1658 1588 1684 1268 1524 1884 1809 1467 2274 2217 1312 2142 1728 1644 1653 2202 
1608 1330 2060 1215 870 920 1860 646 1908 2356 1674 2208 1292 1440 2050 1330 1680 1760 1644 1215 1770 1024 1266 1287 798 2490 952 1135 1775 2361 723 1062 1535 1168 1130 1038 1194 954 2460 1725 0 2050 1455 1460 1040 1835 1185 1515 575 1200 845 2251 1725 1010 1890 2295 1140 1230 1940 2684 678 1192 2510 1550 1740 1088 1770 1785 1022 1090 1200 1128 2321 1132 1296 1192 1340 1653 484 1200 951 332 1194 1570 968 1088 994 768 815 1194 1059 1195 2540 1182 622 1182 1610 1144 1030 1772 
1896 3230 2780 1755 558 720 2220 1006 2196 3076 1890 1824 1092 2160 3549 2498 2220 2821 2864 1368 2670 1384 1806 1578 978 4122 1312 2957 3458 1401 1263 1206 2435 1456 1232 1578 964 1272 3390 2088 2050 0 3438 2778 2724 3248 2085 3094 2173 2925 1819 3594 2625 1370 1554 2982 2882 3090 2735 3252 956 1470 3726 2866 3076 1448 3543 3393 1364 2894 2653 1485 3014 1474 1836 1552 1700 1251 844 1056 1167 692 1536 750 1112 1430 1162 1110 1837 1432 1572 2879 3395 1398 982 1365 994 1458 1734 2408 
1852 2373 2204 1323 686 1164 2165 768 2152 1976 1857 2358 1536 1684 3967 3096 1863 3834 1580 1398 1950 1096 1449 1449 859 3354 1074 2834 3948 2427 906 1018 1715 1412 1252 1221 1306 1076 3298 1833 1455 3438 0 1050 2682 3855 270 2998 1938 2636 2212 3021 2030 1315 3436 2514 1582 2774 2245 2240 904 1470 2064 3340 3446 1210 504 1592 788 2406 3439 654 2031 898 1479 1264 758 1836 606 1383 1134 454 888 1875 1090 854 1116 534 1754 878 708 1494 1955 1365 546 309 2714 910 1602 2016 
1624 1398 1928 1116 548 1168 1905 770 2156 1700 1860 2151 1540 1688 2441 1968 1845 1590 1974 954 1605 958 1281 1242 765 2790 1076 1392 2814 2220 909 880 1370 1416 956 1224 1074 1078 2592 1626 1460 2778 1050 0 1620 2183 605 2502 1062 1812 1386 2800 2035 1320 1986 2130 384 1278 2250 2028 906 1672 3114 1656 2460 1212 1428 2244 650 1680 2880 1179 1825 760 1482 1126 1108 1788 608 1386 1137 456 822 1565 956 716 926 396 1350 1228 501 318 1610 1368 746 834 1926 772 1200 2020 
1520 1708 1972 1149 454 832 1750 602 1820 2268 1608 1668 1204 1352 3120 2060 1614 2640 2056 1149 1660 980 1200 1227 776 2856 908 1640 3112 1737 657 1018 1425 1080 1086 972 860 910 2847 1659 1040 2724 2682 1620 0 3261 1075 2331 744 1744 1176 2625 1615 900 1360 2622 1648 1792 1830 2596 738 1504 2880 2304 2608 1044 2934 2708 978 1568 2772 1062 1888 1088 1230 1148 1296 1587 440 1134 885 288 1150 1400 618 992 950 724 987 1150 993 1736 2430 1116 578 1116 1904 1100 1104 1684 
1328 2849 2624 1239 598 1284 2315 1044 2272 1484 1794 1884 1656 2236 344 2550 2277 3384 2305 1428 2475 1306 1863 186 977 4062 1350 3248 3581 1383 1320 710 2240 1120 1272 1635 842 904 1896 2148 1835 3248 3855 2183 3261 0 1835 3468 2538 1720 2193 3654 2720 1465 1936 3639 2831 3096 1815 3012 1036 1802 4206 3417 4402 1486 4107 4502 1142 3362 3909 1725 2016 1252 1893 1474 1484 1857 882 1662 1224 730 1194 1760 1002 1208 1200 888 1862 1520 555 2809 2540 1455 1020 1572 2408 1264 1338 1672 
1636 1240 1988 1161 578 948 1895 660 1936 1760 1695 2196 1320 1468 2050 1365 1701 1795 1796 1236 1680 988 1287 1287 805 2525 966 1170 2070 2265 744 910 1445 1196 1144 1059 1198 968 2475 1671 1185 2085 270 605 1075 1835 0 1810 610 1235 880 2218 1760 1045 1730 1850 395 1140 1975 2088 796 1562 1990 1585 1775 1102 585 1265 680 1125 2125 816 1815 790 1317 1156 866 1674 498 1221 972 346 852 1605 982 746 1008 426 850 986 546 340 1685 1203 636 471 1645 802 1065 1800 
2108 2737 2560 1590 1120 1420 2485 896 2408 2856 1701 2235 1344 1940 3167 1973 2055 3339 2592 1590 2395 1274 1641 1260 923 3738 1202 2464 364 2571 1098 1312 2160 996 1380 1413 1444 1204 3729 2100 1515 3094 2998 2502 2331 3468 1810 0 1680 2555 2058 3507 2350 1635 3521 3504 2471 2597 2565 3184 72 838 3696 3045 3311 816 3193 3297 1272 2401 441 1470 2821 1382 1671 1442 1590 2028 734 1575 1326 582 1444 2195 1218 1338 1244 1018 2016 1422 1434 2548 3165 1557 872 1437 3266 1394 1986 2272 
1148 1057 1600 870 640 460 1285 416 1448 1896 1329 1863 832 980 2733 1575 1335 2133 1684 870 1195 794 921 948 683 2298 722 1232 2368 2016 378 832 960 708 900 693 964 724 2289 1380 575 2173 1938 1062 744 2538 610 1680 0 1000 1314 2067 1150 435 5916 2064 1582 2548 1365 2224 552 1318 2322 2661 2097 858 2190 3044 792 1030 2121 783 1861 902 951 962 1110 1308 254 855 606 102 964 995 738 858 764 538 336 964 714 2240 1965 837 392 837 1607 914 546 1312 
1564 1932 2100 1245 890 876 1805 666 1864 2000 1641 2175 1248 1480 1376 2169 1710 2896 2184 1245 1820 1044 1296 573 808 3048 972 1896 3368 1770 753 1040 1585 1124 1150 1068 1172 474 2934 1755 1200 2925 2636 1812 1744 1720 1235 2555 1000 0 1285 2790 1775 955 3104 2814 1904 2048 740 2724 802 1568 3072 2497 2864 1108 2816 2964 1042 1824 2996 1158 2361 1152 1326 1212 1054 1683 504 1230 918 352 764 1575 798 1108 996 788 1148 1214 1089 1992 1465 1149 642 1176 2428 1164 726 812 
932 1435 1816 1032 648 244 1015 524 1232 2112 1167 1701 616 1196 2781 1305 1497 2619 1900 1032 1465 902 1083 966 737 2622 830 1826 2424 2028 540 724 1230 492 1008 855 856 790 2073 1542 845 1819 2212 1386 1176 2193 880 2058 1314 1285 0 2094 1420 165 5222 2244 2608 3564 1530 2288 660 1426 2646 2391 2583 966 2622 3782 900 1570 2499 945 2077 1010 1113 1070 1218 1320 362 1017 444 210 1072 785 630 966 680 646 42 1000 876 3320 2235 675 500 999 1373 1022 222 1444 
2328 2973 2885 1764 1182 1640 2760 1012 1724 3099 2214 2748 2012 2265 3741 2676 2229 3489 2969 1764 2871 1390 1815 1842 981 4365 1318 2739 3726 2829 516 1422 2636 1888 1496 201 1554 1320 4062 2274 2251 3594 3021 2800 2625 3654 2218 3507 2067 2790 2094 0 2826 1910 3344 4059 2499 2853 3023 3427 1148 1914 4131 1176 3207 1454 3399 3519 990 2685 3885 1677 3020 1476 1845 1558 1706 2202 850 1458 1491 698 1538 2470 1328 1432 766 532 2058 1086 1575 2488 3411 1722 988 1731 3012 1488 2316 2588 
2068 1905 1616 1560 1100 1380 2435 876 2368 2816 2019 2553 1752 1900 2635 1905 2025 2335 2604 1560 2345 1254 1611 1638 913 3065 1130 1710 2610 2706 1068 1292 2110 1628 1360 1383 1424 1184 3035 2070 1725 2625 2030 2035 1615 2720 1760 2350 1150 1775 1420 2826 0 1585 2465 2870 1715 1805 2515 2620 1012 1660 2195 2125 1285 1318 2150 1470 1252 635 2665 939 1960 1362 765 1068 1570 1689 714 927 774 562 1424 2145 1198 1318 1154 998 1390 1068 1404 1770 3115 1527 440 1410 2185 1164 1605 2232 
1064 1190 1948 1131 714 376 1180 590 1364 2244 1068 1602 748 1328 1635 320 1596 1620 2032 1131 1630 968 1182 1038 770 2350 896 995 1435 2127 639 790 1395 360 1074 954 922 856 1780 1641 1010 1370 1315 1320 900 1465 1045 1635 435 955 165 1910 1585 0 1500 2035 1000 1090 1695 2420 726 1492 2370 930 1600 1032 1630 1645 966 950 1950 1044 2209 1076 1212 1136 1284 1419 428 1116 345 276 1138 950 696 1032 746 712 195 1066 975 1055 2400 774 566 1098 990 1088 350 1576 
1752 2135 2216 1332 114 1312 1305 942 2300 2452 1269 1158 1684 2032 2840 3500 2061 1629 2384 702 1965 1102 1710 912 875 3450 1248 3344 3728 1227 1167 774 1730 1560 788 1401 520 1250 2088 1422 1890 1554 3436 1986 1360 1936 1730 3521 5916 3104 5222 3344 2465 1500 0 3216 4392 4845 1675 2520 1078 1844 3486 5026 3376 1384 3664 5646 1100 3660 3962 1365 2400 1210 1740 1270 1428 1131 780 936 1245 628 1272 550 958 1166 1190 846 1877 1352 1176 5605 2735 1476 918 1245 714 1222 1824 1560 
1776 1626 2080 1230 1046 1740 2095 1104 2400 2696 2013 2547 2112 2356 3846 2274 1959 3486 2210 1902 1795 1034 1953 1980 803 3018 1362 1392 3612 2835 1410 1146 1560 1620 1482 1725 1278 1412 3398 1740 2295 2982 2514 2130 2622 3639 1850 3504 2064 2814 2244 4059 2870 2035 3216 0 1878 1506 3085 3024 1240 2006 3822 3090 3462 1546 2136 2952 1148 2682 3882 1533 2739 1258 1983 1202 1596 2340 942 1887 1566 790 1320 2595 1378 1214 1404 894 2208 1464 1248 1812 2855 1797 1080 1188 3162 1270 2466 2688 
1456 1337 1760 990 420 912 1695 642 1900 1444 1668 1959 1284 1432 3405 2522 1674 3003 1806 1146 1395 874 1089 1116 761 2766 948 2090 3272 2028 717 752 1160 1160 1084 1032 1040 950 2568 1500 1140 2882 1582 384 1648 2831 395 2471 1582 1904 2608 2499 1715 1000 4392 1878 0 2394 1930 1772 778 1544 2862 3452 3114 1084 2086 4122 566 2160 2912 1053 1635 676 1290 1042 1024 1647 480 1194 945 328 738 1355 964 632 990 312 1127 1144 375 154 1400 1176 618 708 2043 688 1224 1764 
772 140 1076 477 684 984 840 678 1396 1916 1374 1908 1356 1504 3853 1494 1206 3312 1244 1182 540 532 1314 1341 590 1740 860 209 3180 2082 771 644 305 768 1056 1086 776 986 1950 987 1230 3090 2774 1278 1792 3096 1140 2597 2548 2048 3564 2853 1805 1090 4845 1506 2394 0 2020 2148 814 1580 3108 3748 3276 1120 3088 4616 864 2340 3038 1176 2100 974 1344 700 1322 1701 516 1248 999 364 1036 1650 1000 930 1026 610 1253 1226 822 2720 2145 1230 654 1155 2415 986 1332 1836 
2156 2120 2692 1689 784 1468 2545 962 2456 2592 2085 2163 1840 2072 1600 2015 2154 1930 2776 1317 2560 1340 1740 1017 956 3280 1268 1925 2825 2214 1197 1184 2325 1716 1198 1512 1190 770 2765 2037 1940 2735 2245 2250 1830 1815 1975 2565 1365 740 1530 3023 2515 1695 1675 3085 1930 2020 0 2824 1098 1762 2620 2295 2530 1404 2500 2575 1338 1880 2880 1602 2953 1448 1770 1508 758 2127 800 1674 1362 648 1060 2225 1094 1404 1292 1084 1560 1510 1533 1985 2205 1593 938 1620 2185 1460 1345 220 
2920 2228 3020 2088 1306 2532 1476 1528 3520 3216 2883 3048 2904 3204 3184 2676 2817 3088 3331 2475 2580 1606 2418 2445 1127 3308 1832 2224 3392 3117 2046 1638 2392 2780 1970 2361 1780 1836 3280 2598 2684 3252 2240 2028 2596 3012 2088 3184 2224 2724 2288 3427 2620 2420 2520 3024 1772 2148 2824 0 1664 1214 864 2848 2632 1970 1988 1444 1452 2112 3076 1140 3407 1562 2571 1774 1878 2892 952 2130 1977 1214 1120 2748 1774 1518 1798 1198 2312 1202 1704 1816 1884 1761 870 1611 2780 1574 2436 2604 
1126 854 1352 1132 1192 782 1066 968 1276 1500 1206 1562 744 1042 950 622 1442 1026 1324 1132 1030 1346 1166 912 959 1318 1274 776 176 1786 804 1384 936 570 1452 1014 1516 1276 1306 1472 678 956 904 906 738 1036 796 72 552 802 660 1148 1012 726 1078 1240 778 814 1098 1664 0 910 1304 942 1018 888 806 1014 1344 758 198 1052 1416 1454 1186 1514 1662 1424 806 1122 956 654 1516 950 1290 1410 1316 1090 648 1494 1028 800 1338 1110 944 886 966 1466 734 1208 
1892 1620 2118 1898 1958 1548 1832 1734 2042 2266 1972 2328 1510 1808 1716 1388 2208 1792 2014 1898 1796 2112 1932 1678 1342 2084 2040 1542 942 2404 1570 2150 1702 1336 2218 1780 2282 2042 2072 2238 1192 1470 1470 1672 1504 1802 1562 838 1318 1568 1426 1914 1660 1492 1844 2006 1544 1580 1762 1214 910 0 782 1708 1604 1402 1344 1072 2110 1406 712 1110 2182 2220 1952 2220 2228 2190 1302 1708 1668 1420 2282 1716 2056 2176 2082 1856 1414 1552 1794 1566 2104 1524 1220 1424 1732 2232 1500 1652 
2696 3228 3148 2031 1276 2008 2984 1190 2996 3352 2490 2901 2380 2528 4104 3228 2496 3744 2956 2031 3130 1568 2082 2109 1070 4620 1496 2994 4008 2970 1539 1606 2895 2256 1674 1854 1682 1498 4611 2541 2510 3726 2064 3114 2880 4206 1990 3696 2322 3072 2646 4131 2195 2370 3486 3822 2862 3108 2620 864 1304 782 0 2976 2652 1632 1686 870 1476 1872 3318 492 3251 1586 1923 1438 1446 2244 520 1482 1329 876 1552 2355 1512 1542 1366 1222 2610 770 1740 2796 3483 1113 438 963 2874 1534 2868 1740 
1544 2422 2380 1455 930 856 1780 806 1844 2676 1626 2160 1228 1760 4158 2658 1920 3888 2464 1455 2170 1184 1506 1425 878 3468 1112 3615 3648 2451 963 1030 1935 1104 1290 789 1162 1096 2979 1965 1550 2866 3340 1656 2304 3417 1585 3045 2661 2497 2391 1176 2125 930 5026 3090 3452 3748 2295 2848 942 1708 2976 0 3336 1248 3750 5061 1182 3051 3486 1368 2641 1292 1536 1352 1500 1743 644 870 903 492 1354 1490 936 1248 374 924 1029 694 1299 3529 2940 1134 782 1422 2336 1304 1140 2056 
2080 2688 2532 1569 842 1392 2450 882 2380 2828 2028 2250 1764 1912 4830 3672 2034 4230 2616 1569 2360 1260 1620 1647 916 3696 1188 3105 4232 2319 1077 1298 2125 1640 1366 1392 1248 1190 3687 2079 1740 3076 3446 2460 2608 4402 1775 3311 2097 2864 2583 3207 1285 1600 3376 3462 3114 3276 2530 2632 1018 1604 2652 3336 0 1324 3542 2811 1258 1170 3122 948 2742 1368 1377 1074 1576 1611 720 156 783 568 1430 1350 1204 1324 640 1004 1967 1074 1413 3213 3130 1536 446 1419 2190 650 1944 2244 
1432 1160 1658 1438 1498 1088 1372 1274 1582 1806 1744 2100 1274 1348 1452 1160 1748 1332 1630 1438 1336 1652 1472 1490 1112 1624 1580 1082 920 2202 1110 1690 1242 1212 1758 1320 1822 1582 1612 1778 1088 1448 1210 1212 1044 1486 1102 816 858 1108 966 1454 1318 1032 1384 1546 1084 1120 1404 1970 888 1402 1632 1248 1324 0 1336 1342 1650 1064 690 1380 1722 1760 1492 1820 1968 1730 1112 1428 1262 960 1822 1256 1596 1716 1622 1396 954 1822 1334 1106 1644 1416 1250 1416 1272 1772 1040 1514 
2104 2719 2456 1512 812 1416 2480 894 2404 2228 2046 2523 1788 1936 4192 3506 2052 4086 1832 1587 2265 1222 1638 1629 922 3732 1200 3086 4120 2592 1095 1144 2030 1664 1378 1410 1430 1178 3676 2022 1770 3543 504 1428 2934 4107 585 3193 2190 2816 2622 3399 2150 1630 3664 2136 2086 3088 2500 1988 806 1344 1686 3750 3542 1336 0 1088 914 2502 3634 465 2283 1024 1668 1390 884 1884 502 1455 1302 580 1014 1805 1216 980 1242 660 2148 752 897 1998 2270 1554 420 120 2657 1036 1980 2220 
2116 2751 2568 1596 986 1428 2495 900 2416 2772 2055 2466 1800 1948 4967 3809 2061 4367 2376 1596 2405 1278 1647 1674 925 3750 1206 4006 4227 2535 1104 1316 2170 1676 1384 1419 1392 1208 3741 2106 1785 3393 1592 2244 2708 4502 1265 3297 3044 2964 3782 3519 1470 1645 5646 2952 4122 4616 2575 1444 1014 1072 870 5061 2811 1342 1088 0 1186 2382 2856 57 2671 1296 1488 1148 1156 1809 230 1047 894 586 1286 1630 1222 1252 1234 932 2030 480 1305 4122 2950 1548 148 528 2493 1244 1998 2280 
1250 904 1402 1182 986 1022 1200 1208 1516 1288 1678 1872 1208 1282 1228 1094 1668 1180 1374 1286 1080 1396 1292 1266 1022 1444 1514 902 1376 1918 1044 1318 986 1146 1606 1124 1606 1516 1396 1522 1022 1364 788 650 978 1142 680 1272 792 1042 900 990 1252 966 1100 1148 566 864 1338 1452 1344 2110 1476 1182 1258 1650 914 1186 0 998 1398 1224 1160 1198 1426 1564 1546 1630 1046 1362 1196 894 1260 1064 1530 1154 1556 834 888 1666 772 544 1082 1350 1184 994 1080 1210 974 1448 
1560 1778 2012 1179 846 872 1800 622 1860 2308 1638 2172 1244 1392 3660 2502 1644 3060 2096 1179 1710 1000 1230 1257 786 2916 928 2150 3192 2325 687 1038 1475 1120 1106 1002 1170 930 2907 1689 1090 2894 2406 1680 1568 3362 1125 2401 1030 1824 1570 2685 635 950 3660 2682 2160 2340 1880 2112 758 1406 1872 3051 1170 1064 2502 2382 998 0 2842 558 2222 1108 987 814 1316 1308 460 546 393 308 1170 1510 944 1064 900 744 1057 814 1023 2270 2480 1146 186 1029 2252 910 1164 1724 
2360 3178 2812 1779 1246 1672 2800 1022 2660 3108 1890 2424 1596 2192 3608 2414 2244 3780 2604 1779 2710 1400 1830 1449 986 4116 1328 2905 805 2538 1287 1438 2475 1248 1506 1602 1570 1330 4107 2289 1200 2653 3439 2880 2772 3909 2125 441 2121 2996 2499 3885 2665 1950 3962 3882 2912 3038 2880 3076 198 712 3318 3486 3122 690 3634 2856 1398 2842 0 1281 3073 1508 1860 1568 1716 2217 860 1494 1515 708 1570 2510 1344 1464 1370 1144 2457 1296 1623 2989 3480 1746 964 1626 3581 1520 2364 2524 
1644 1236 1983 1653 1024 1128 1554 938 1869 2136 2112 2523 1407 1518 1674 1236 2118 1494 1839 1653 1500 1316 1704 1731 944 1932 1244 1119 1626 2592 1161 1354 1359 1314 1422 1476 1430 1246 1914 2163 1128 1485 654 1179 1062 1725 816 1470 783 1158 945 1677 939 1044 1365 1533 1053 1176 1602 1140 1052 1110 492 1368 948 1380 465 57 1224 558 1281 0 1944 1334 1545 1186 1194 1866 268 1104 951 624 1324 1035 1260 1290 1272 970 927 518 1362 1020 1827 1605 186 585 1059 1282 1056 1767 
2835 2180 3105 1881 1058 2321 2730 1280 3309 3079 2625 2916 2693 2841 2128 2465 2610 2680 3222 2037 2532 1468 2046 1323 1058 3222 1586 2138 3029 2520 1674 1390 2344 2569 1678 1989 1600 1588 3027 2391 2321 3014 2031 1825 1888 2016 1815 2821 1861 2361 2077 3020 1960 2209 2400 2739 1635 2100 2953 3407 1416 2182 3251 2641 2742 1722 2283 2671 1160 2222 3073 1944 0 780 2235 1636 1618 2553 1118 2151 1902 966 1332 2456 1562 1226 1628 906 2053 1738 582 1613 2689 2133 1256 1599 2472 1282 2225 3173 
1360 1014 1512 1292 1096 1132 1310 1318 1626 1398 1788 1982 1318 1392 1338 1204 1778 1290 1484 1396 1190 1506 1402 1376 1077 1554 1624 1012 1486 2028 1154 1428 1096 1256 1716 1364 1716 1626 1506 1632 1132 1474 898 760 1088 1252 790 1382 902 1152 1010 1476 1362 1076 1210 1258 676 974 1448 1562 1454 2220 1586 1292 1368 1760 1024 1296 1198 1108 1508 1334 780 0 1536 1674 1656 1740 1156 1472 1306 1004 1370 1174 1640 1264 1666 944 998 1776 882 654 1192 1460 1294 1104 1190 1320 1084 1558 
1812 1404 1977 1821 1274 1296 1722 1050 2037 2373 2280 2814 1575 1686 1842 1404 2286 1662 2109 1821 1668 1428 1872 1899 1000 2100 1356 1287 1827 2967 1329 1466 1527 1482 1534 1644 1598 1358 2082 2331 1296 1836 1479 1482 1230 1893 1317 1671 951 1326 1113 1845 765 1212 1740 1983 1290 1344 1770 2571 1186 1952 1923 1536 1377 1492 1668 1488 1426 987 1860 1545 2235 1536 0 1472 1744 2259 888 1533 1380 736 1598 1548 1372 1492 1398 1172 1095 1472 1665 1323 2130 1788 844 1788 1572 1548 1224 1935 
1086 740 1238 1018 1384 1192 1036 1378 1398 1658 1616 1972 1378 1452 1556 1032 1504 1436 1210 1488 916 1232 1576 1594 940 1280 1560 738 1478 2088 1214 1344 822 1084 1756 1424 1476 1686 1266 1358 1192 1552 1264 1126 1148 1474 1156 1442 962 1212 1070 1558 1068 1136 1270 1202 1042 700 1508 1774 1514 2220 1438 1352 1074 1820 1390 1148 1564 814 1568 1186 1636 1674 1472 0 2022 1686 1216 1178 1076 1064 1736 1360 1700 1630 1714 1310 1058 1628 1248 1020 1558 1520 1000 1470 1376 1686 1144 1618 
1684 1362 1860 1640 1444 1340 1624 1526 1834 1746 1996 2200 1526 1600 1398 1412 2000 1530 1548 1636 1538 1854 1724 1436 1238 1876 1832 1334 1694 2234 1362 1776 1444 1464 1956 1572 1948 1528 1854 1980 1340 1700 758 1108 1296 1484 866 1590 1110 1054 1218 1706 1570 1284 1428 1596 1024 1322 758 1878 1662 2228 1446 1500 1576 1968 884 1156 1546 1316 1716 1194 1618 1656 1744 2022 0 1982 1364 1680 1514 1212 1646 1508 1848 1612 1874 1292 1206 1636 1230 1002 1540 1668 1304 964 1524 1668 1292 648 
2019 1761 2508 2178 868 1503 1914 1288 2244 2730 2400 2289 1782 2043 1986 1611 2643 1674 2466 1833 2025 1666 2229 2043 1119 2457 1594 1644 2184 2358 1686 1528 1884 1689 1542 2001 1274 1596 2175 2553 1653 1251 1836 1788 1587 1857 1674 2028 1308 1683 1320 2202 1689 1419 1131 2340 1647 1701 2127 2892 1424 2190 2244 1743 1611 1730 1884 1809 1630 1308 2217 1866 2553 1740 2259 1686 1982 0 1126 1455 1701 974 1802 849 1510 1696 1536 1376 1302 1686 1971 1629 2436 1995 1058 1764 825 1724 1431 2292 
828 556 1054 834 894 484 768 670 978 1202 1140 1496 670 744 848 556 1144 728 1026 834 732 1048 868 886 810 1020 976 478 838 1598 506 1086 638 608 1154 716 1218 978 1008 1174 484 844 606 608 440 882 498 734 254 504 362 850 714 428 780 942 480 516 800 952 806 1302 520 644 720 1112 502 230 1046 460 860 268 1118 1156 888 1216 1364 1126 0 824 658 356 1218 652 992 1112 1018 792 350 710 730 502 1040 812 378 582 668 1168 436 910 
1716 1308 2055 1725 738 1200 1626 986 1941 2277 2184 2094 1479 1590 1746 1308 2190 1479 2013 1638 1572 1364 1776 1803 968 2004 1292 1191 1731 2163 1233 1398 1431 1386 1412 1548 1144 1294 1980 2235 1200 1056 1383 1386 1134 1662 1221 1575 855 1230 1017 1458 927 1116 936 1887 1194 1248 1674 2130 1122 1708 1482 870 156 1428 1455 1047 1362 546 1494 1104 2151 1472 1533 1178 1680 1455 824 0 939 672 1534 654 1308 1428 744 1108 999 1178 1569 1227 2034 1692 550 1569 630 754 1128 1839 
1143 1059 1806 1476 944 627 1053 820 1368 2028 1413 1947 906 1341 1326 537 1941 1317 1764 1476 1323 1198 1527 1383 885 1755 1126 942 1206 2472 984 1020 1182 615 1304 1299 1152 1086 1413 1986 951 1167 1134 1137 885 1224 972 1326 606 918 444 1491 774 345 1245 1566 945 999 1362 1977 956 1668 1329 903 783 1262 1302 894 1196 393 1515 951 1902 1306 1380 1076 1514 1701 658 939 0 506 1368 915 926 1262 976 942 462 1076 1320 978 1785 1119 448 1422 939 1172 555 1527 
676 404 902 682 742 332 616 518 826 1050 988 1344 518 592 696 404 992 576 874 682 580 896 716 734 734 868 824 326 686 1446 354 934 486 456 1002 564 1066 826 856 1022 332 692 454 456 288 730 346 582 102 352 210 698 562 276 628 790 328 364 648 1214 654 1420 876 492 568 960 580 586 894 308 708 624 966 1004 736 1064 1212 974 356 672 506 0 1066 500 840 960 866 640 198 1066 578 350 888 660 494 660 516 1016 284 758 
1422 1076 1574 1354 1158 1194 1372 1380 1688 1460 1850 2044 1380 1454 1108 1266 1840 1352 1546 1458 1252 1568 1464 1146 1108 1616 1686 1074 1548 1944 1216 1490 1158 1318 1778 1426 1778 1238 1568 1694 1194 1536 888 822 1150 1194 852 1444 964 764 1072 1538 1424 1138 1272 1320 738 1036 1060 1120 1516 2282 1552 1354 1430 1822 1014 1286 1260 1170 1570 1324 1332 1370 1598 1736 1646 1802 1218 1534 1368 1066 0 1236 1562 1326 1728 1006 1060 1766 944 716 178 1522 1356 1094 1252 1382 1006 1170 
