0 544 924 704 990 1302 722 1064 1202 1344 1356 1648 1116 1138 1332 718 1354 514 896 620 602 1036 1262 1542 783 966 1246 424 1232 1694 900 258 962 1626 940 1110 390 1372 180 1100 878 1320 950 812 834 812 842 1128 648 898 936 1244 1108 870 876 888 728 386 1194 1460 1200 1828 1046 1006 1114 1506 1076 1132 1250 854 1254 1170 1322 1360 1282 1086 1708 1520 902 1218 1100 750 1422 1226 1452 1316 1380 996 712 1242 934 706 1244 1596 1040 1156 1638 1372 1010 1144 
544 0 1392 476 842 1074 988 1254 987 2232 1128 1500 1776 1820 1656 490 1689 1788 1560 946 561 492 1551 1314 669 1476 1018 392 2008 1546 1008 802 1468 2097 1214 1323 934 1144 1448 1480 1300 2344 1444 1168 1212 1864 1228 1800 840 1340 1416 2109 1760 1284 1456 1320 1000 316 1932 2464 972 2400 1636 1556 1772 1278 1696 1808 2044 1252 2052 942 2416 1132 2108 858 1480 1292 1011 1980 1744 522 1791 998 1224 1088 1152 1536 726 2028 1059 956 2032 1368 812 928 2115 1144 1564 1832 
924 1392 0 856 1222 1454 1544 1824 2031 2992 1508 1880 2536 2580 2226 870 2259 2548 2320 1326 1131 1188 2121 1694 859 2236 322 1152 2768 1926 1578 1182 2228 2667 1594 1893 1314 1524 2208 1860 2060 3104 2204 1928 1972 2624 1988 2560 1600 2100 2176 2869 1616 2044 2216 2080 1760 1076 2692 3020 1352 2970 2396 2316 2532 1658 2456 2568 2804 2012 2812 1322 3105 1512 2636 1238 1860 1672 1581 2740 2504 902 2361 1378 1604 1468 1532 2296 1296 2788 1629 1716 2792 1748 1192 1308 2685 1524 2324 2592 
704 476 856 0 1002 1234 654 996 1134 1276 1288 1660 1048 1070 1264 650 1286 1054 192 1106 534 968 1194 1474 749 898 1178 356 1164 1706 832 962 894 1558 1374 1042 1094 1304 884 1640 810 1332 882 744 766 1092 774 1060 580 830 868 1176 1040 802 888 820 660 318 1126 1392 1132 1760 978 938 1046 1438 1008 1064 1182 786 1186 1102 1254 1292 1214 1018 1640 1452 834 1150 1032 682 1354 1158 1384 1248 1312 928 644 1174 866 638 1176 1528 972 1088 1570 1304 942 1076 
990 842 1222 1002 0 890 636 1056 1500 1142 960 886 1076 1130 1498 1016 1530 476 1194 582 900 1334 1146 1782 932 1264 1362 722 1046 932 892 888 1188 1024 902 1048 634 1364 810 1062 870 558 686 548 454 598 578 1120 640 890 928 1182 1100 862 114 1046 420 684 784 1306 1192 1852 1344 1030 892 1498 812 1084 986 846 1246 1122 1058 1096 1274 1384 1444 1512 894 996 1092 742 1158 962 1072 1052 1404 732 736 978 670 442 980 1332 1032 892 1000 1108 948 894 
1302 1074 1454 1234 890 0 1252 1518 1732 1874 1622 1548 186 886 1622 1172 1818 1138 1426 1244 1132 1566 1010 1490 1010 1420 1776 878 754 1594 1354 1550 1492 1148 1564 1564 1296 1826 1472 1724 1332 1220 1454 1342 1116 1260 1346 858 1102 1352 1360 1698 1562 1324 776 1342 1258 916 1446 1990 930 1696 1576 1492 1554 1674 1580 1586 1780 1308 984 1624 1852 1890 1736 1616 2204 1974 1356 1658 1554 1204 1952 1756 1734 1846 1866 1526 1198 1772 1464 1236 1774 2126 1494 1660 1662 1902 1434 1556 
722 988 1544 654 636 1252 0 1521 1728 2588 1306 1294 2132 2176 1923 668 1956 2210 1916 990 828 986 1818 1492 758 2290 1094 935 2530 1340 1275 980 2280 2109 1310 1590 1042 1196 2413 1470 2070 2415 2250 1905 1960 2315 1584 2695 1495 1805 1015 3139 2645 944 1305 2095 1695 840 2545 1476 1150 2667 2490 2390 2660 1456 2565 2705 2800 2010 3010 1120 2772 1310 2464 1036 1658 1470 1278 2336 1404 700 2058 1176 1036 1266 1330 1892 993 2980 1326 1640 2388 1546 990 1106 2112 1322 1200 2735 
1064 1254 1824 996 1056 1518 1521 0 2241 2046 1572 1714 1998 1359 2436 934 1959 1335 1782 996 1341 1328 1545 1736 789 1467 1138 960 1500 1760 1002 1302 1881 2091 1316 1317 1434 1140 1836 1476 969 2079 1152 1155 903 1836 990 1344 624 999 1056 1518 1314 957 1413 1656 963 1017 1443 2292 968 2601 1785 1209 1323 1274 1341 1350 1812 933 1533 938 1920 1318 1575 1378 1526 1288 1005 1479 1302 518 2070 1184 1220 1274 1180 1431 768 1800 1338 996 1803 1554 808 974 2109 1330 1167 1608 
1202 987 2031 1134 1500 1732 1728 2241 0 2661 1786 1896 2319 1272 2643 1148 2676 2328 1989 1604 1548 1150 1458 1972 998 2094 1676 1281 2493 2204 1809 1460 2088 3084 1872 1494 1592 1802 2073 2138 1962 2745 2070 1863 1896 2385 1908 2337 1617 1992 2049 1293 2307 1950 2079 1977 1737 1224 2436 2835 1630 3387 2214 1881 2316 1936 2259 2343 2520 1926 2526 1600 2628 1790 2568 1516 2138 1950 1998 2472 2295 1180 2778 1656 1882 1746 1628 2091 1713 2460 2046 1704 2511 2026 1470 1586 3102 1802 2160 2361 
1344 2232 2992 1276 1142 1874 2588 2046 2661 0 1928 2028 3376 2876 984 1290 2757 2760 3091 1486 1761 1608 2172 2114 1069 3076 1670 1992 3052 2074 1800 1474 3068 1695 1806 2115 1734 966 3048 1966 2356 3400 1976 1700 2268 2684 1760 2856 1896 2396 2472 3099 2816 2340 2512 2696 1444 1916 2988 3216 1500 3231 3236 2676 2828 1806 2228 2772 2576 2308 3108 1424 3079 1398 3164 1658 1746 1820 1803 3036 2800 1050 2190 1264 1752 1354 1712 2068 1566 2560 1458 1488 2564 1634 1340 1194 2673 1410 2500 3208 
1356 1128 1508 1288 960 1622 1306 1572 1786 1928 0 1618 1624 1646 1916 1226 1872 1208 1480 1314 1186 1620 1770 2126 1037 1474 1830 932 1740 1664 1408 1614 1546 1756 1634 1618 1366 1880 1536 1794 1386 1290 1508 1396 1186 1330 1400 1636 1156 1406 1444 1752 1616 1378 846 1396 1312 970 1516 2044 1708 2412 1630 1546 1622 2014 1634 1640 1834 1362 1762 1678 1906 1944 1790 1670 2266 2028 1410 1726 1608 1258 2006 1810 1804 1900 1920 1580 1252 1826 1518 1290 1828 2180 1548 1714 1732 1956 1518 1626 
1648 1500 1880 1660 886 1548 1294 1714 1896 2028 1618 0 1734 1048 2156 1674 2188 1134 1852 1240 1558 1992 924 2440 1261 1922 2020 1380 1704 1590 1550 1546 1846 1682 1560 1706 1292 2022 1468 1720 1528 1216 1572 1434 1112 1256 1464 1778 1298 1548 1586 1840 1758 1520 772 1844 1306 1342 1442 2032 1850 2616 2002 1688 1550 2156 1698 1782 1872 1504 1904 1820 1944 1982 1932 2042 2200 2170 1552 1654 1750 1400 2044 1848 1730 1938 2062 1618 1394 1864 1556 1328 1866 2218 1690 1778 1658 1994 1660 1552 
1116 1776 2536 1048 1076 186 2132 1998 2319 3376 1624 1734 0 1400 2154 986 2448 2681 2666 1430 1419 1380 1236 1304 917 2468 1590 1384 1136 1780 1752 1374 2612 1443 1710 2067 1482 1640 2592 1910 2292 2887 2536 2312 2204 2921 2320 1344 1832 2332 2348 3117 2752 2276 2093 2312 2144 1460 2924 3608 744 2265 2780 2612 2764 1488 2788 2800 3188 2244 1596 1438 3522 1704 3100 1430 2026 1788 1755 2972 2736 1018 2649 1570 1720 1660 1680 2680 1518 3172 1917 2100 3176 1940 1308 1474 2772 1716 2496 2976 
1138 1820 2580 1070 1130 886 2176 1359 1272 2876 1646 1048 1400 0 2547 1008 2070 1928 2664 1070 1452 1402 186 1810 928 2512 1212 1428 2148 1834 1113 1376 2656 2202 1390 1428 1508 1214 2596 1550 1440 2920 1684 1688 1352 2596 1468 1940 980 1480 1556 2265 1900 1424 2032 2356 1432 1504 2072 3204 1042 2712 2528 1760 1912 1348 1936 1948 2564 1392 2192 1012 2841 1392 2248 1452 1600 1362 1116 2120 1884 592 2181 1258 1294 1348 1254 2056 879 2548 1449 1476 2552 1628 882 1048 2220 1404 1704 2292 
1332 1656 2226 1264 1498 1622 1923 2436 2643 984 1916 2156 2154 2547 0 1278 2871 2523 2184 1734 1743 1596 2733 1604 1063 2289 1806 1476 1302 2202 2190 1590 2283 711 2002 2505 1722 1622 2268 2268 2157 2742 2265 2058 2091 2580 2103 1458 1812 2187 2211 2706 2502 2145 2076 2172 1932 1419 2631 3030 1044 2715 2409 2349 2511 1788 2454 2538 2715 2121 1647 1730 2823 1920 2763 1646 2268 2080 2193 2667 2490 1310 2973 1786 2012 1876 1940 2334 1908 2703 2241 1899 2706 2156 1600 1716 3297 1932 2322 2556 
718 490 870 650 1016 1172 668 934 1148 1290 1226 1674 986 1008 1278 0 1234 992 842 1098 548 982 1132 1488 718 836 1192 294 1102 1720 770 976 902 1496 1312 980 1108 1242 898 1578 748 1346 870 758 704 1106 762 998 518 768 806 1114 978 740 902 758 674 332 1064 1406 1070 1774 992 908 984 1376 996 1002 1196 724 1124 1040 1268 1306 1152 1032 1628 1390 772 1088 970 620 1368 1172 1322 1262 1282 942 614 1188 880 652 1190 1542 910 1076 1508 1318 880 1090 
1354 1689 2259 1286 1530 1818 1956 1959 2676 2757 1872 2188 2448 2070 2871 1234 0 2046 2217 1470 1776 1618 2256 2124 1041 2223 1612 1410 2211 2234 1713 1612 2316 2802 1790 2028 1744 1614 2301 1950 1680 2790 1863 1866 1614 2547 1701 2055 1335 1710 1767 2229 2025 1668 2124 2106 1674 1452 2154 3003 1442 3312 2442 1920 2034 1748 2052 2061 2523 1644 2244 1412 2631 1792 2286 1668 2000 1762 1716 2190 2013 992 2781 1658 1694 1748 1654 2142 1479 2511 2049 1707 2514 2028 1282 1448 2820 1804 1878 2319 
514 1788 2548 1054 476 1138 2210 1335 2328 2760 1208 1134 2681 1928 2523 992 2046 0 2632 106 1428 1386 1632 1794 751 3044 1196 3141 4264 1180 1089 412 1780 1908 426 1404 544 1198 1002 586 1760 2015 3421 1590 2640 2961 1436 2862 2133 2534 2407 3489 2335 1392 1629 3486 3003 3312 1930 3088 1026 2688 4368 4106 4230 1332 4225 4339 4130 3060 3832 996 2680 1290 2216 1436 1530 1346 1092 2088 1852 576 2028 1156 1278 1246 1238 1852 855 5673 1296 2948 2348 1526 866 1032 1872 1302 2555 2205 
896 1560 2320 192 1194 1426 1916 1782 1989 3091 1480 1852 2666 2664 2184 842 2217 2632 0 1298 1089 1160 2079 1666 845 2366 1370 1282 2800 1898 1536 1154 2396 2625 1566 1851 1286 1496 2376 1832 1644 3272 1580 1974 2056 2704 1796 2592 1684 2184 2260 2953 2604 2128 2384 2210 1806 1244 2776 3331 1324 2928 2494 2416 2616 1630 1832 2376 2850 2096 2604 1226 3222 1484 2952 1210 1548 1644 1539 2824 2588 874 2319 1350 1576 1440 1504 2342 1254 2834 1587 1762 2838 1720 1164 996 2643 1496 2408 2756 
620 946 1326 1106 582 1244 990 996 1604 1486 1314 1240 1430 1070 1734 1098 1470 106 1298 0 1004 1438 1194 1900 804 1008 1302 804 1164 1286 832 518 818 1378 532 1042 650 1304 440 692 810 912 932 636 766 952 824 1060 580 830 868 1176 1040 802 468 1268 764 788 878 1650 1132 1898 1354 970 1046 1438 1058 1064 1286 786 1186 1102 1358 1396 1214 1488 1636 1452 834 1150 1032 682 1458 1262 1384 1352 1344 1032 676 1278 970 742 1280 1632 972 1138 1354 1408 942 988 
602 561 1131 534 900 1132 828 1341 1548 1761 1186 1558 1419 1452 1743 548 1776 1428 1089 1004 0 866 1638 940 698 1194 1076 381 1593 1604 1095 860 1188 2184 1272 1410 992 1202 1173 1538 1062 1845 1170 963 996 1485 1008 1437 717 1092 1149 1611 1407 1050 1179 1077 837 324 1536 1935 1030 2487 1314 1254 1416 1336 1359 1443 1620 1026 1626 1000 1728 1190 1668 916 1538 1350 1098 1572 1395 580 1878 1056 1282 1146 1210 1239 813 1608 1146 804 1611 1426 870 986 2202 1202 1260 1461 
1036 492 1188 968 1334 1566 986 1328 1150 1608 1620 1992 1380 1402 1596 982 1618 1386 1160 1438 866 0 1526 1806 915 1230 1510 688 1496 2038 1164 1294 1226 1890 1706 1374 1426 1636 1216 1972 1142 1664 1202 1064 1098 1424 1094 1392 912 1162 1200 1508 1372 1134 1220 1152 936 650 1458 1724 1464 2092 1310 1270 1378 1770 1328 1396 1502 1118 1518 1434 1574 1612 1546 1350 1960 1784 1166 1482 1364 1014 1674 1478 1716 1568 1644 1248 976 1494 1186 958 1496 1848 1304 1408 1902 1624 1274 1408 
1262 1551 2121 1194 1146 1010 1818 1545 1458 2172 1770 924 1236 186 2733 1132 2256 1632 2079 1194 1638 1526 0 1934 990 2070 1336 1257 1797 1958 1299 1478 2178 2388 1514 1614 1632 1338 2133 1674 1266 2376 1449 1281 1200 2019 1287 1641 921 1296 1353 1815 1611 1254 1710 1953 1089 1314 1740 2418 1166 2898 2082 1506 1620 1472 1638 1647 1938 1230 1830 1136 2046 1402 1872 1576 1724 1486 1302 1776 1599 716 2196 1268 1418 1358 1378 1557 1065 1926 1464 1122 1929 1638 1006 1172 2406 1414 1464 1905 
1542 1314 1694 1474 1782 1490 1492 1736 1972 2114 2126 2440 1304 1810 1604 1488 2124 1794 1666 1900 940 1806 1934 0 1168 1736 2016 1194 736 2486 1572 1800 1578 1130 2212 1782 1932 2044 1722 2380 1446 1724 1672 1582 1506 1862 1564 840 1320 1570 1342 1916 1780 1408 1668 1658 1498 1156 1866 2230 912 1678 1816 1710 1786 1656 1718 1782 2020 1526 966 1820 2092 2130 1954 1856 2430 2192 1574 1890 1638 1422 2192 1996 1972 2086 2084 1766 1416 2012 1704 1476 2014 2366 1712 1798 2310 2142 1416 1914 
783 669 859 749 932 1010 758 789 998 1069 1037 1261 917 928 1063 718 1041 751 845 804 698 915 990 1168 0 300 1020 571 975 1284 809 912 878 1172 538 914 978 1045 873 1044 798 1097 859 765 776 977 805 923 683 808 827 981 913 794 875 803 761 590 956 1127 959 1311 920 878 916 1112 922 925 1022 786 986 944 1058 1077 1000 940 1238 1119 810 968 909 734 1108 1010 1085 1055 1065 895 731 1018 864 750 1019 1195 879 962 1178 1083 864 969 
966 1476 2236 898 1264 1420 2290 1467 2094 3076 1474 1922 2468 2512 2289 836 2223 3044 2366 1008 1194 1230 2070 1736 300 0 1440 1626 4050 1968 1527 1224 2890 2616 476 1842 1356 1490 3528 1488 2490 3985 3619 2790 2856 4062 2020 3738 2298 3048 3296 4365 3065 1976 3450 3018 2766 1740 3280 3308 1318 3033 3720 3468 3696 1624 3871 3750 4332 2916 4116 1288 3222 1554 2800 1280 1876 1638 1530 2672 2436 868 2424 1420 1570 1510 1530 2380 1293 4308 1692 2700 2876 1790 1158 1324 2634 1566 3449 3345 
1246 1018 322 1178 1362 1776 1094 1138 1676 1670 1830 2020 1590 1212 1806 1192 1612 1196 1370 1302 1076 1510 1336 2016 1020 1440 0 898 1306 2066 974 1504 1436 1700 1622 1184 1636 1446 1426 1782 952 1692 1074 1076 908 1530 966 1202 722 972 1010 1318 1130 944 1248 1362 948 860 1268 1832 1274 2040 1496 1112 1188 1580 1200 1206 1514 928 1328 1244 1586 1624 1356 1560 1832 1594 976 1292 1174 824 1686 1490 1526 1580 1486 1260 818 1506 1198 970 1508 1860 1114 1280 1712 1636 1084 1378 
424 392 1152 356 722 878 935 960 1281 1992 932 1380 1384 1428 1476 294 1410 3141 1282 804 381 688 1257 1194 571 1626 898 0 3264 1426 714 682 1535 1803 1018 1029 814 948 2240 1284 1135 2630 2546 1392 1640 2842 936 2112 1232 1659 1670 2739 1710 892 3344 1392 2090 209 1925 2224 776 2220 2443 3853 3105 1082 3225 3978 3157 2150 2957 746 2138 1012 1716 738 1334 1096 717 1588 1352 326 1611 878 1028 968 988 1296 480 4125 879 1969 1792 1248 616 782 1821 1024 1823 1990 
1232 2008 2768 1164 1046 754 2530 1500 2493 3052 1740 1704 1136 2148 1302 1102 2211 4264 2800 1164 1593 1496 1797 736 975 4050 1306 3264 0 1750 1254 1470 2105 591 1484 1569 1452 1308 4176 1644 1775 2470 3448 2814 3112 4086 1656 312 2368 2919 1818 3819 2610 1344 3728 3816 3272 3416 2825 3392 176 1413 4687 4186 4232 920 4120 4238 4648 3192 1337 1084 3029 1486 2436 1546 1694 1456 1257 2308 1804 686 2322 1352 1236 1442 1348 2244 1020 5662 1590 3360 2740 1722 976 1062 2361 1498 2040 3100 
1694 1546 1926 1706 932 1594 1340 1760 2204 2074 1664 1590 1780 1834 2202 1720 2234 1180 1898 1286 1604 2038 1958 2486 1284 1968 2066 1426 1750 0 1596 1592 1892 1728 1606 1752 1338 2068 1514 1766 1574 934 1618 1480 1158 1302 1510 1818 1344 1594 1632 1886 1804 1566 818 1890 1352 1388 1488 2078 1890 2404 2048 1734 1596 2202 1744 1828 1918 1550 1692 1866 1990 2028 1978 2088 2246 2216 1598 1700 1796 1446 2090 1894 1776 1984 2108 1664 1440 1910 1602 1374 1912 2264 1736 1824 1704 2040 1706 1598 
900 1008 1578 832 892 1354 1275 1002 1809 1800 1408 1550 1752 1113 2190 770 1713 1089 1536 832 1095 1164 1299 1572 809 1527 974 714 1254 1596 0 1138 1635 1845 1152 315 1270 976 1590 1312 723 1833 906 909 657 1590 744 1098 378 753 810 516 1068 711 1167 1410 717 771 1197 2046 804 2355 1539 963 1077 1110 1095 1104 1566 687 1287 774 1674 1154 1329 1214 1362 1124 759 1233 1056 354 1824 1020 1056 1110 1016 1185 522 1554 1092 750 1557 1390 644 810 1863 1166 921 1362 
258 802 1182 962 888 1550 980 1302 1460 1474 1614 1546 1374 1376 1590 976 1612 412 1154 518 860 1294 1478 1800 912 1224 1504 682 1470 1592 1138 0 1124 1684 838 1348 288 1610 78 998 1116 1218 1018 880 1072 710 910 1366 886 1136 1174 1482 1346 1108 774 1146 752 644 1184 1638 1438 2086 1304 1264 1352 1744 1144 1370 1318 1092 1492 1408 1390 1428 1520 1344 1776 1758 1140 1456 1338 988 1490 1294 1690 1384 1638 1064 970 1310 1002 774 1312 1664 1278 1224 1660 1440 1156 1294 
962 1468 2228 894 1188 1492 2280 1881 2088 3068 1546 1846 2612 2656 2283 902 2316 1780 2396 818 1188 1226 2178 1578 878 2890 1436 1535 2105 1892 1635 1124 0 1854 1138 1950 1256 1562 2615 1298 2670 3795 2850 2505 2560 3375 2064 2365 2095 2720 2815 3739 3245 2120 2685 2695 2295 1440 3460 3300 1018 2676 3090 2990 3260 1696 3165 3305 3600 2610 2680 1360 3252 1550 2944 1276 1898 1710 1638 2816 2580 940 2418 1416 1642 1506 1570 2372 1353 3580 1686 2240 2868 1786 1230 1346 2742 1562 3000 3335 
1626 2097 2667 1558 1024 1148 2109 2091 3084 1695 1756 1682 1443 2202 711 1496 2802 1908 2625 1378 2184 1890 2388 1130 1172 2616 1700 1803 591 1728 1845 1684 1854 0 1698 2160 1430 1702 2409 1858 1656 2031 1995 1998 1746 2091 1833 747 1467 1842 1500 2361 2157 1599 1365 2499 1806 1860 2286 3135 570 2004 2595 2052 2166 1314 2064 2160 2571 1776 936 1478 2763 1880 2418 1940 2088 1850 1848 2322 1944 1080 2913 1746 1630 1836 1742 2274 1611 2643 2181 1839 2646 2116 1370 1456 2694 1892 1611 2451 
940 1214 1594 1374 902 1564 1310 1316 1872 1806 1634 1560 1710 1390 2002 1312 1790 426 1566 532 1272 1706 1514 2212 538 476 1622 1018 1484 1606 1152 838 1138 1698 0 1362 970 1624 760 1012 1130 1232 1252 956 1086 1272 1144 1380 900 1150 1188 1496 1360 1122 788 1482 1084 1056 1198 1970 1452 2218 1674 1290 1366 1758 1378 1384 1606 1106 1506 1422 1678 1716 1534 1756 1956 1772 1154 1470 1352 1002 1778 1582 1704 1672 1664 1352 996 1598 1290 1062 1600 1952 1292 1458 1674 1728 1262 1308 
1110 1323 1893 1042 1048 1564 1590 1317 1494 2115 1618 1706 2067 1428 2505 980 2028 1404 1851 1042 1410 1374 1614 1782 914 1842 1184 1029 1569 1752 315 1348 1950 2160 1362 0 1454 1186 1905 1522 1038 2067 1221 1224 972 1905 1059 1413 693 1068 1125 201 1383 1026 1401 1725 1032 1086 1512 2361 1014 2670 1854 789 1392 1320 1410 1419 1686 1002 1602 984 1989 1364 1644 1424 1572 1334 1074 1548 1371 564 2139 1230 1266 1320 900 999 837 1368 1407 1065 1872 1600 854 1020 2121 1376 1236 1677 
390 934 1314 1094 634 1296 1042 1434 1592 1734 1366 1292 1482 1508 1722 1108 1744 544 1286 650 992 1426 1632 1932 978 1356 1636 814 1452 1338 1270 288 1256 1430 970 1454 0 1742 210 1130 1248 964 1306 1074 860 842 1198 1498 1018 1268 1306 1588 1478 1240 520 1278 1040 776 1190 1780 1570 2218 1436 1396 1298 1876 1432 1502 1606 1224 1624 1540 1600 1716 1652 1476 1948 1890 1272 1402 1470 1120 1778 1582 1478 1672 1770 1352 1102 1598 1212 1062 1600 1952 1410 1512 1406 1728 1288 1300 
1372 1144 1524 1304 1364 1826 1196 1140 1802 966 1880 2022 1640 1214 1622 1242 1614 1198 1496 1304 1202 1636 1338 2044 1045 1490 1446 948 1308 2068 976 1610 1562 1702 1624 1186 1742 0 1532 1784 954 1694 1076 1078 910 1162 968 1204 724 474 790 1320 1184 856 1250 1412 950 986 770 1836 1276 2042 1498 1114 1190 1582 1178 1208 1504 930 1330 1246 1588 1626 1358 1686 1528 1596 978 1294 1086 826 1238 1492 1272 1582 1488 1262 820 1508 1200 972 1060 1862 1116 1258 1714 1638 716 880 
180 1448 2208 884 810 1472 2413 1836 2073 3048 1536 1468 2592 2596 2268 898 2301 1002 2376 440 1173 1216 2133 1722 873 3528 1426 2240 4176 1514 1590 78 2615 2409 760 1905 210 1532 0 920 2595 2850 3581 2592 2982 1896 1976 3864 2424 3174 3316 4473 3170 2060 2088 3592 2568 2202 2765 3280 1360 3012 4034 3570 3822 1666 3854 3876 4222 3042 4242 1330 3054 1506 2884 1266 1854 1680 1593 2756 2520 910 2352 1372 1612 1462 1560 2284 1338 4198 1503 2590 2780 1742 1200 1302 2373 1518 3234 3040 
1100 1480 1860 1640 1062 1724 1470 1476 2138 1966 1794 1720 1910 1550 2268 1578 1950 586 1832 692 1538 1972 1674 2380 1044 1488 1782 1284 1644 1766 1312 998 1298 1858 1012 1522 1130 1784 920 0 1290 1392 1412 1116 1246 1432 1304 1540 1060 1310 1348 1656 1520 1282 948 1748 1244 1322 1358 2130 1612 2378 1834 1450 1526 1918 1538 1544 1766 1266 1666 1582 1838 1876 1694 2022 2116 1932 1314 1630 1512 1162 1938 1742 1864 1832 1824 1512 1156 1758 1450 1222 1760 2112 1452 1618 1834 1888 1422 1468 
878 1300 2060 810 870 1332 2070 969 1962 2356 1386 1528 2292 1440 2157 748 1680 1760 1644 810 1062 1142 1266 1446 798 2490 952 1135 1775 1574 723 1116 2670 1656 1130 1038 1248 954 2595 1290 0 3000 1455 1460 1040 1835 948 1515 575 1200 1295 2251 1725 904 1890 2295 1140 1230 1940 2684 678 1788 2510 1550 1740 1088 1770 1785 2555 1090 1200 752 2321 1132 1728 1192 1340 1102 726 1600 1364 332 1791 998 1034 1088 994 1536 489 2535 1059 1195 2032 1368 622 788 1830 1144 1480 2215 
1320 2344 3104 1332 558 1220 2415 2079 2745 3400 1290 1216 2887 2920 2742 1346 2790 2015 3272 912 1845 1664 2376 1724 1097 3985 1692 2630 2470 934 1833 1218 3795 2031 1232 2067 964 1694 2850 1392 3000 0 3110 2765 1960 2320 2272 2210 2425 3050 3145 3900 3575 2384 1110 2485 2445 2535 2785 3408 956 2205 4185 3400 3055 1448 3425 3635 3860 2940 1895 1492 3288 1654 3208 1714 1872 1842 1836 2652 2844 1072 2574 1520 1402 1610 1734 2580 1599 3730 1842 2500 3076 1890 1362 1450 1995 1666 3330 3060 
950 1444 2204 882 686 1454 2250 1152 2070 1976 1508 1572 2536 1684 2265 870 1863 3421 1580 932 1170 1202 1449 1672 859 3619 1074 2546 3448 1618 906 1018 2850 1995 1252 1221 1306 1076 3581 1412 1455 3110 0 1309 2413 3623 216 2582 1762 2335 2173 3280 2030 1148 3318 2514 1449 2492 2245 2240 904 2205 2408 3127 3037 1210 441 1393 2974 2127 3567 436 2031 898 1972 1264 758 1224 909 1844 1608 454 1332 764 1156 854 1116 1068 672 2828 708 1372 1564 1134 546 206 1923 910 2321 2520 
812 1168 1928 744 548 1342 1905 1155 1863 1700 1396 1434 2312 1688 2058 758 1866 1590 1974 636 963 1064 1281 1582 765 2790 1076 1392 2814 1480 909 880 2505 1998 956 1224 1074 1078 2592 1116 1460 2765 1309 0 1620 2183 484 2502 1062 1812 1422 2792 2035 1080 1986 2130 384 1278 2250 2028 906 2274 3138 1656 2460 1212 1687 2289 1950 1680 2880 786 1825 760 1976 1126 1108 1226 912 1848 1540 456 1233 626 956 716 926 792 675 1926 501 318 1288 996 746 556 1716 772 1200 2525 
834 1212 1972 766 454 1116 1960 903 1896 2268 1186 1112 2204 1352 2091 704 1614 2640 2056 766 996 1098 1200 1506 776 2856 908 1640 3112 1158 657 1072 2560 1746 1086 972 860 910 2982 1246 1040 1960 2413 1620 0 2884 860 1998 744 1526 1561 2625 1615 816 1360 2622 1648 1792 1830 2596 738 2256 3360 2507 2608 1044 3073 2680 3423 1568 2824 708 1888 1088 1640 1148 1296 1058 660 1512 1276 288 1725 954 618 992 950 1448 423 3424 993 1736 1944 1324 578 744 1764 1100 1709 2105 
812 1864 2624 1092 598 1260 2315 1836 2385 2684 1330 1256 2921 2596 2580 1106 2547 2961 2704 952 1485 1424 2019 1862 977 4062 1530 2842 4086 1302 1590 710 3375 2091 1272 1905 842 1162 1896 1432 1835 2320 3623 2183 2884 0 1468 3690 2866 2526 1560 4236 3170 1172 1694 3643 2524 2709 2460 3012 1302 2889 5019 4231 4417 1666 3812 4392 4089 3587 4320 1278 2021 1252 2884 1474 1600 1680 1593 2732 1632 910 1971 1118 1002 1208 1572 1776 1356 4419 555 2447 2272 1488 1200 1048 2055 1264 1338 2735 
842 1228 1988 774 578 1346 1584 990 1908 1760 1400 1464 2320 1468 2103 762 1701 1436 1796 824 1008 1094 1287 1564 805 2020 966 936 1656 1510 744 910 2064 1833 1144 1059 1198 968 1976 1304 948 2272 216 484 860 1468 0 1448 488 988 1064 1739 1408 932 1384 1480 316 912 1580 2088 796 2319 1592 1268 1420 1102 468 1012 1360 900 1700 544 1815 790 1756 1156 866 1116 747 1628 1392 346 1278 656 1048 746 1008 852 510 1344 546 272 1348 1026 636 314 1761 802 1212 1800 
1128 1800 2560 1060 1120 858 2695 1344 2337 2856 1636 1778 1344 1940 1458 998 2055 2862 2592 1060 1437 1392 1641 840 923 3738 1202 2112 312 1818 1098 1366 2365 747 1380 1413 1498 1204 3864 1540 1515 2210 2582 2502 1998 3690 1448 0 1440 2190 2130 3507 2350 1404 3018 3504 2118 2226 2565 3184 72 1257 3696 2610 2838 816 2714 2826 3816 2058 378 980 2821 1382 2228 1442 1590 1352 1101 2100 1864 582 2166 1248 1284 1338 1244 2036 864 3792 1434 2184 2532 1618 872 958 2205 1394 2352 2840 
648 840 1600 580 640 1102 1495 624 1617 1896 1156 1298 1832 980 1812 518 1335 2133 1684 580 717 912 921 1320 683 2298 722 1232 2368 1344 378 886 2095 1467 900 693 1018 724 2424 1060 575 2425 1762 1062 744 2866 488 1440 0 875 1003 2067 1150 444 5962 2064 1469 3835 1365 2224 552 1977 2709 3177 2097 858 2329 3286 2772 1030 2173 522 1861 902 1268 962 1110 872 381 1140 904 102 1446 768 804 858 764 1076 144 3798 714 2240 1572 1138 392 558 1485 914 1151 1640 
898 1340 2100 830 890 1352 1805 999 1992 2396 1406 1548 2332 1480 2187 768 1710 2534 2184 830 1092 1162 1296 1570 808 3048 972 1659 2919 1594 753 1136 2720 1842 1150 1068 1268 474 3174 1310 1200 3050 2335 1812 1526 2526 988 2190 875 0 948 2817 1775 764 2716 2814 1666 1792 740 2724 802 2352 3584 2240 2506 1108 2464 2569 3611 1596 3048 772 2361 1152 1768 1212 1054 1122 756 1640 1224 352 1146 1018 798 1108 1014 1576 519 3709 1089 1743 1172 1388 642 784 1860 1164 726 1015 
936 1416 2176 868 928 1360 1015 1056 2049 2472 1444 1586 2348 1556 2211 806 1767 2407 2260 868 1149 1200 1353 1342 827 3296 1010 1670 1818 1632 810 1174 2815 1500 1188 1125 1306 790 3316 1348 1295 3145 2173 1422 1561 1560 1064 2130 1003 948 0 3070 1870 132 2499 3032 1586 1746 1530 2288 782 2322 3325 2173 2401 1146 2425 2455 2142 1621 2508 810 2437 1190 1844 1250 1370 1160 813 1716 592 390 1620 1056 630 1146 1052 1652 576 3238 1146 1630 1804 1426 680 846 1917 1202 222 1805 
1244 2109 2869 1176 1182 1698 3139 1518 1293 3099 1752 1840 3117 2265 2706 1114 2229 3489 2953 1176 1611 1508 1815 1916 981 4365 1318 2739 3819 1886 516 1482 3739 2361 1496 201 1588 1320 4473 1656 2251 3900 3280 2792 2625 4236 1739 3507 2067 2817 3070 0 2826 1729 3444 3832 2499 2805 3041 3427 1148 2478 4131 1176 3207 1454 3538 3507 2970 2685 3885 1118 3020 1476 2538 1558 1706 1468 1275 1944 2189 698 2307 1342 1400 1432 766 1064 1029 2488 1575 2477 2720 1712 988 1154 1920 1488 3218 3316 
1108 1760 1616 1040 1100 1562 2645 1314 2307 2816 1616 1758 2752 1900 2502 978 2025 2335 2604 1040 1407 1372 1611 1780 913 3065 1130 1710 2610 1804 1068 1346 3245 2157 1360 1383 1478 1184 3170 1520 1725 3575 2030 2035 1615 3170 1408 2350 1150 1775 1870 2826 0 1364 2465 2870 1715 1805 2515 2620 1012 2490 2195 2125 1285 1318 2150 1470 2985 635 2665 626 1960 1362 1020 1068 1570 1126 1071 1236 1032 562 2136 1228 1264 1318 1154 1996 834 2670 1404 1770 2492 1598 440 940 1557 1164 2055 2790 
870 1284 2044 802 862 1324 944 957 1950 2340 1378 1520 2276 1424 2145 740 1668 1392 2128 802 1050 1134 1254 1408 794 1976 944 892 1344 1566 711 1108 2120 1599 1122 1026 1240 856 2060 1282 904 2384 1148 1080 816 1172 932 1404 444 764 132 1729 1364 0 1496 1820 896 968 1356 2420 774 2310 1992 1224 1376 1080 1400 1412 1560 856 1656 744 2305 1124 1712 1184 1332 1094 714 1584 460 324 1719 990 696 1080 986 1520 477 2012 1047 940 1936 1360 614 780 1818 1136 280 1576 
876 1456 2216 888 114 776 1305 1413 2079 2512 846 772 2093 2032 2076 902 2124 1629 2384 468 1179 1220 1710 1668 875 3450 1248 3344 3728 818 1167 774 2685 1365 788 1401 520 1250 2088 948 1890 1110 3318 1986 1360 1694 1384 3018 5962 2716 2499 3444 2465 1496 0 3216 4125 5700 1675 2520 1078 2766 4305 5634 3501 1384 4238 6705 3850 3660 3997 1048 2400 1210 2320 1270 1428 1398 1170 1764 1956 628 1908 1076 958 1166 1290 1692 933 5070 1176 5932 2188 1446 918 1006 1329 1222 2685 1950 
888 1320 2080 820 1046 1342 2095 1656 1977 2696 1396 1844 2312 2356 2172 758 2106 3486 2210 1268 1077 1152 1953 1658 803 3018 1362 1392 3816 1890 1410 1146 2695 2499 1482 1725 1278 1412 3592 1748 2295 2485 2514 2130 2622 3643 1480 3504 2064 2814 3032 3832 2870 1820 3216 0 1878 1506 3085 3024 1240 2058 3486 3234 3462 1546 2136 2934 3444 2682 3882 1016 2739 1258 2212 1202 1596 1560 1413 2516 2280 790 1980 1124 1492 1214 1452 1488 1176 1494 1248 1812 2284 1494 1080 792 1500 1270 3180 3150 
728 1000 1760 660 420 1258 1695 963 1737 1444 1312 1306 2144 1432 1932 674 1674 3003 1806 764 837 936 1089 1498 761 2766 948 2090 3272 1352 717 752 2295 1806 1084 1032 1040 950 2568 1244 1140 2445 1449 384 1648 2524 316 2118 1469 1666 1586 2499 1715 896 4125 1878 0 2223 1930 1772 778 2148 3385 3516 3114 1084 2381 4500 1981 2160 2964 702 1635 676 1720 1042 1024 1098 720 1592 1356 328 1107 542 1030 632 990 624 483 3360 375 143 1120 912 618 472 1590 688 1584 2205 
386 316 1076 318 684 916 840 1017 1224 1916 970 1342 1460 1504 1419 332 1452 3312 1244 788 324 650 1314 1156 590 1740 860 209 3416 1388 771 644 1440 1860 1056 1086 776 986 2202 1322 1230 2535 2492 1278 1792 2709 912 2226 3835 1792 1746 2805 1805 968 5700 1506 2223 0 2020 2148 814 2163 2310 3798 3276 1120 3252 4989 3024 2340 3090 784 2100 974 1792 700 1322 1134 774 1664 1428 364 1554 840 1066 930 994 1220 489 4068 822 2720 1716 1210 654 770 1878 986 1937 1895 
1194 1932 2692 1126 784 1446 2545 1443 2436 2988 1516 1442 2924 2072 2631 1064 2154 1930 2776 878 1536 1458 1740 1866 956 3280 1268 1925 2825 1488 1197 1184 3460 2286 1198 1512 1190 770 2765 1358 1940 2785 2245 2250 1830 2460 1580 2565 1365 740 1530 3041 2515 1356 1675 3085 1930 2020 0 2824 1098 2643 2450 2340 2530 1404 2500 2575 3315 1880 2880 1068 2953 1448 2360 1508 758 1418 1200 2232 1816 648 1590 1314 1094 1404 1310 2168 963 3325 1533 1985 1764 1684 938 1080 2304 1460 1345 275 
1460 2464 3020 1392 1306 1990 1476 2292 2835 3216 2044 2032 3608 3204 3030 1406 3003 3088 3331 1650 1935 1724 2418 2230 1127 3308 1832 2224 3392 2078 2046 1638 3300 3135 1970 2361 1780 1836 3280 2130 2684 3408 2240 2028 2596 3012 2088 3184 2224 2724 2288 3427 2620 2420 2520 3024 1772 2148 2824 0 1664 1821 864 2848 2632 1970 1988 1444 2656 2112 3076 760 3407 1562 3428 1774 1878 1928 1428 2840 2636 1214 1680 1374 1774 1518 1798 2396 1812 2404 1704 1816 1884 1174 870 1074 2556 1574 2436 2604 
1200 972 1352 1132 1192 930 1150 968 1630 1500 1708 1850 744 1042 1044 1070 1442 1026 1324 1132 1030 1464 1166 912 959 1318 1274 776 176 1890 804 1438 1018 570 1452 1014 1570 1276 1360 1612 678 956 904 906 738 1302 796 72 552 802 782 1148 1012 774 1078 1240 778 814 1098 1664 0 910 1304 942 1018 888 806 1014 1344 758 198 1052 1416 1454 1186 1514 1662 1424 806 1122 1004 654 1516 1320 1356 1410 1316 1090 648 1336 1028 800 1338 1690 944 886 1542 1466 856 1208 
1828 2400 2970 1760 1852 1696 2667 2601 3387 3231 2412 2616 2265 2712 2715 1774 3312 2688 2928 1898 2487 2092 2898 1678 1311 3033 2040 2220 1413 2404 2355 2086 2676 2004 2218 2670 2218 2042 3012 2378 1788 2205 2205 2274 2256 2889 2319 1257 1977 2352 2322 2478 2490 2310 2766 2058 2148 2163 2643 1821 910 0 1173 2352 2406 1402 2016 1608 2517 2109 1068 1110 3039 2064 2223 2142 2228 2190 1953 2562 2502 1420 3189 1724 2122 2020 1942 1680 2121 1311 2457 2115 2922 1524 1220 1424 2064 2076 2433 2478 
1046 1636 2396 978 1344 1576 2490 1785 2214 3236 1630 2002 2780 2528 2409 992 2442 4368 2494 1354 1314 1310 2082 1816 920 3720 1496 2443 4687 2048 1539 1304 3090 2595 1674 1854 1436 1498 4034 1834 2510 4185 2408 3138 3360 5019 1592 3696 2709 3584 3325 4131 2195 1992 4305 3486 3385 2310 2450 864 1304 1173 0 3472 3140 1632 1967 1015 3136 2362 3871 328 3251 1586 2564 1360 1446 1496 780 1976 1772 876 2328 942 1578 1542 1366 2032 1305 2695 1740 3310 2748 742 438 642 1908 1534 3473 2175 
1006 1556 2316 938 1030 1492 2390 1209 1881 2676 1546 1688 2612 1760 2349 908 1920 4106 2416 970 1254 1270 1506 1710 878 3468 1112 3853 4186 1734 963 1264 2990 2052 1290 789 1396 1114 3570 1450 1550 3400 3127 1656 2507 4231 1268 2610 3177 2240 2173 1176 2125 1224 5634 3234 3516 3798 2340 2848 942 2352 3472 0 3336 1248 3969 5203 4137 3193 3538 912 2641 1292 2048 1320 1500 1262 966 1160 1684 492 2031 1158 1194 1248 374 1848 441 3123 1299 3549 2352 1528 782 948 1500 1304 2321 2615 
1114 1772 2532 1046 892 1554 2660 1323 2316 2828 1622 1550 2764 1912 2511 984 2034 4230 2616 1046 1416 1378 1620 1786 916 3696 1188 3105 4232 1596 1077 1352 3260 2166 1366 1392 1298 1190 3822 1526 1740 3055 3037 2460 2608 4417 1420 2838 2097 2506 2401 3207 1285 1376 3501 3462 3114 3276 2530 2632 1018 2406 3140 3336 0 1324 3542 2811 4229 1170 3122 632 2742 1368 1836 1074 1576 1132 1080 208 1044 568 2145 1234 1270 1324 640 2008 843 4761 1413 3213 2504 1604 446 946 786 650 2549 2805 
1506 1278 1658 1438 1498 1674 1456 1274 1936 1806 2014 2156 1488 1348 1788 1376 1748 1332 1630 1438 1336 1770 1472 1656 1112 1624 1580 1082 920 2202 1110 1744 1696 1314 1758 1320 1876 1582 1666 1918 1088 1448 1210 1212 1044 1666 1102 816 858 1108 1146 1454 1318 1080 1384 1546 1084 1120 1404 1970 888 1402 1632 1248 1324 0 1336 1342 1650 1064 690 1380 1722 1760 1492 1820 1968 1730 1112 1428 1310 960 1822 1626 1662 1716 1622 1396 954 1642 1334 1106 1644 1996 1250 1416 1848 1772 1220 1514 
1076 1696 2456 1008 812 1580 2565 1341 2259 2228 1634 1698 2788 1936 2454 996 2052 4225 1832 1058 1359 1328 1638 1718 922 3871 1200 3225 4120 1744 1095 1144 3165 2064 1378 1410 1432 1178 3854 1538 1770 3425 441 1687 3073 3812 468 2714 2329 2464 2425 3538 2150 1400 4238 2136 2381 3252 2500 1988 806 2016 1967 3969 3542 1336 0 1088 3073 2502 3636 310 2283 1024 2224 1390 884 1350 753 1940 1736 580 1521 890 1282 980 1242 1320 861 3008 897 2315 1816 1260 420 80 1881 1036 2573 2775 
1132 1808 2568 1064 1084 1586 2705 1350 2343 2772 1640 1782 2800 1948 2538 1002 2061 4339 2376 1064 1443 1396 1647 1782 925 3750 1206 3978 4238 1828 1104 1370 3305 2160 1384 1419 1502 1208 3876 1544 1785 3635 1393 2289 2680 4392 1012 2826 3286 2569 2455 3507 1470 1412 6705 2934 4500 4989 2575 1444 1014 1608 1015 5203 2811 1342 1088 0 2121 2382 2856 38 2671 1296 1984 1148 1156 1206 345 1396 1192 586 1929 652 1288 1252 1234 1452 870 2160 1305 4533 2360 1032 148 352 1473 1244 2603 2850 
1250 2044 2804 1182 986 1780 2800 1812 2520 2576 1834 1872 3188 2564 2715 1196 2523 4130 2850 1286 1620 1502 1938 2020 1022 4332 1514 3157 4648 1918 1566 1318 3600 2571 1606 1686 1606 1504 4222 1766 2555 3860 2974 1950 3423 4089 1360 3816 2772 3611 2142 2970 2985 1560 3850 3444 1981 3024 3315 2656 1344 2517 3136 4137 4229 1650 3073 2121 0 3319 4905 644 2701 1198 2852 1564 1546 1664 1254 2608 1540 894 1113 1064 1344 1154 1556 1296 1332 3318 1158 1904 1921 1434 754 958 2094 1210 2364 3590 
854 1252 2012 786 846 1308 2010 933 1926 2308 1362 1504 2244 1392 2121 724 1644 3060 2096 786 1026 1118 1230 1526 786 2916 928 2150 3192 1550 687 1092 2610 1776 1106 1002 1224 930 3042 1266 1090 2940 2127 1680 1568 3587 900 2058 1030 1596 1621 2685 635 856 3660 2682 2160 2340 1880 2112 758 2109 2362 3193 1170 1064 2502 2382 3319 0 2894 372 2222 1108 1316 814 1316 872 690 728 524 308 1755 974 1010 1064 900 1488 453 3927 1023 2270 1984 1344 186 686 1176 910 1769 2155 
1254 2052 2812 1186 1246 984 3010 1533 2526 3108 1762 1904 1596 2192 1647 1124 2244 3832 2604 1186 1626 1518 1830 966 986 4116 1328 2957 1337 1692 1287 1492 2680 936 1506 1602 1624 1330 4242 1666 1200 1895 3567 2880 2824 4320 1700 378 2173 3048 2508 3885 2665 1656 3997 3882 2964 3090 2880 3076 198 1068 3871 3538 3122 690 3636 2856 4905 2894 0 854 3073 1508 2480 1568 1716 1478 1290 1992 2116 708 2355 1374 1410 1464 1370 2288 1053 4536 1623 3041 2784 1744 964 1084 2124 1520 2730 3155 
1170 942 1322 1102 1122 1624 1120 938 1600 1424 1678 1820 1438 1012 1730 1040 1412 996 1226 1102 1000 1434 1136 1820 944 1288 1244 746 1084 1866 774 1408 1360 1478 1422 984 1540 1246 1330 1582 752 1492 436 786 708 1278 544 980 522 772 810 1118 626 744 1048 1016 702 784 1068 760 1052 1110 328 912 632 1380 310 38 644 372 854 0 1296 1334 1030 1186 1194 1244 268 736 634 624 1324 690 1326 1290 1272 764 618 518 908 680 1218 1070 186 390 1020 1282 884 1178 
1322 2416 3105 1254 1058 1852 2772 1920 2628 3079 1906 1944 3522 2841 2823 1268 2631 2680 3222 1358 1728 1574 2046 2092 1058 3222 1586 2138 3029 1990 1674 1390 3252 2763 1678 1989 1600 1588 3054 1838 2321 3288 2031 1825 1888 2021 1815 2821 1861 2361 2437 3020 1960 2305 2400 2739 1635 2100 2953 3407 1416 3039 3251 2641 2742 1722 2283 2671 2701 2222 3073 1296 0 780 2980 1636 1618 1736 1677 2950 2722 966 1998 1136 1562 1226 1628 2193 1440 2628 582 1613 2689 1506 1256 1066 2481 1282 2429 3173 
1360 1132 1512 1292 1096 1890 1310 1318 1790 1398 1944 1982 1704 1392 1920 1306 1792 1290 1484 1396 1190 1612 1402 2130 1077 1554 1624 1012 1486 2028 1154 1428 1550 1880 1716 1364 1716 1626 1506 1876 1132 1654 898 760 1088 1252 790 1382 902 1152 1190 1476 1362 1124 1210 1258 676 974 1448 1562 1454 2064 1586 1292 1368 1760 1024 1296 1198 1108 1508 1334 780 0 1536 1674 1656 1774 1156 1472 1354 1004 1370 1174 1706 1264 1666 944 998 1190 882 654 1192 1544 1294 1104 1692 1320 1160 1558 
1282 2108 2636 1214 1274 1736 2464 1575 2568 3164 1790 1932 3100 2248 2763 1152 2286 2216 2952 1214 1668 1546 1872 1954 1000 2800 1356 1716 2436 1978 1329 1520 2944 2418 1534 1644 1652 1358 2884 1694 1728 3208 1972 1976 1640 2884 1756 2228 1268 1768 1844 2538 1020 1712 2320 2212 1720 1792 2360 3428 1186 2223 2564 2048 1836 1492 2224 1984 2852 1316 2480 1030 2980 1536 0 1472 1744 1506 1332 2044 1840 736 2397 1402 1438 1492 1398 1708 1095 1216 1665 1764 2840 1772 844 1192 1665 1548 1992 2580 
1086 858 1238 1018 1384 1616 1036 1378 1516 1658 1670 2042 1430 1452 1646 1032 1668 1436 1210 1488 916 1350 1576 1856 940 1280 1560 738 1546 2088 1214 1344 1276 1940 1756 1424 1476 1686 1266 2022 1192 1714 1264 1126 1148 1474 1156 1442 962 1212 1250 1558 1068 1184 1270 1202 1042 700 1508 1774 1514 2142 1360 1320 1074 1820 1390 1148 1564 814 1568 1186 1636 1674 1472 0 2022 1686 1216 1178 1076 1064 1736 1540 1766 1630 1694 1310 1026 1556 1248 1020 1558 1910 1000 1470 1598 1686 1324 1458 
1708 1480 1860 1640 1444 2204 1658 1526 2138 1746 2266 2200 2026 1600 2268 1628 2000 1530 1548 1636 1538 1960 1724 2430 1238 1876 1832 1334 1694 2246 1362 1776 1898 2088 1956 1572 1948 1528 1854 2116 1340 1872 758 1108 1296 1600 866 1590 1110 1054 1370 1706 1570 1332 1428 1596 1024 1322 758 1878 1662 2228 1446 1500 1576 1968 884 1156 1546 1316 1716 1194 1618 1656 1744 2022 0 1982 1364 1680 1562 1212 1646 1522 1852 1612 1874 1292 1206 1538 1230 1002 1540 1892 1304 964 2040 1668 1296 648 
1520 1292 1672 1452 1512 1974 1470 1288 1950 1820 2028 2170 1788 1362 2080 1390 1762 1346 1644 1452 1350 1784 1486 2192 1119 1638 1594 1096 1456 2216 1124 1758 1710 1850 1772 1334 1890 1596 1680 1932 1102 1842 1224 1226 1058 1680 1116 1352 872 1122 1160 1468 1126 1094 1398 1560 1098 1134 1418 1928 1424 2190 1496 1262 1132 1730 1350 1206 1664 872 1478 1244 1736 1774 1506 1686 1982 0 1126 1236 1134 974 1836 1640 1676 1730 1636 1410 968 1656 1348 1120 1658 2010 1058 1430 1656 1782 1234 1528 
902 1011 1581 834 894 1356 1278 1005 1998 1803 1410 1552 1755 1116 2193 772 1716 1092 1539 834 1098 1166 1302 1574 810 1530 976 717 1257 1598 759 1140 1638 1848 1154 1074 1272 978 1593 1314 726 1836 909 912 660 1593 747 1101 381 756 813 1275 1071 714 1170 1413 720 774 1200 1428 806 1953 780 966 1080 1112 753 345 1254 690 1290 268 1677 1156 1332 1216 1364 1126 0 1236 1059 356 1827 882 1058 1112 1018 1188 525 1065 1095 753 1560 1262 378 582 1818 1168 924 1365 
1218 1980 2740 1150 996 1658 2336 1479 2472 3036 1726 1654 2972 2120 2667 1088 2190 2088 2824 1150 1572 1482 1776 1890 968 2672 1292 1588 2308 1700 1233 1456 2816 2322 1470 1548 1402 1294 2756 1630 1600 2652 1844 1848 1512 2732 1628 2100 1140 1640 1716 1944 1236 1584 1764 2516 1592 1664 2232 2840 1122 2562 1976 1160 208 1428 1940 1396 2608 728 1992 736 2950 1472 2044 1178 1680 1236 1236 0 1252 672 2301 1338 1374 1428 744 2216 999 1972 1569 1636 2712 1708 550 1050 630 754 1864 2452 
1100 1744 2504 1032 1092 1554 1404 1302 2295 2800 1608 1750 2736 1884 2490 970 2013 1852 2588 1032 1395 1364 1599 1638 909 2436 1174 1352 1804 1796 1056 1338 2580 1944 1352 1371 1470 1086 2520 1512 1364 2844 1608 1540 1276 1632 1392 1864 904 1224 592 2189 1032 460 1956 2280 1356 1428 1816 2636 1004 2502 1772 1684 1044 1310 1736 1192 1540 524 2116 634 2722 1354 1840 1076 1562 1134 1059 1252 0 554 2064 1220 926 1310 1162 1980 822 2152 1392 1400 2396 1590 448 948 1569 1172 740 2036 
750 522 902 682 742 1204 700 518 1180 1050 1258 1400 1018 592 1310 620 992 576 874 682 580 1014 716 1422 734 868 824 326 686 1446 354 988 940 1080 1002 564 1120 826 910 1162 332 1072 454 456 288 910 346 582 102 352 390 698 562 324 628 790 328 364 648 1214 654 1420 876 492 568 960 580 586 894 308 708 624 966 1004 736 1064 1212 974 356 672 554 0 1066 870 906 960 866 640 198 886 578 350 888 1240 494 660 1092 1016 464 758 
1422 1791 2361 1354 1158 1952 2058 2070 2778 2190 2006 2044 2649 2181 2973 1368 2781 2028 2319 1458 1878 1674 2196 2192 1108 2424 1686 1611 2322 2090 1824 1490 2418 2913 1778 2139 1778 1238 2352 1938 1791 2574 1332 1233 1725 1971 1278 2166 1446 1146 1620 2307 2136 1719 1908 1980 1107 1554 1590 1680 1516 3189 2328 2031 2145 1822 1521 1929 1113 1755 2355 1324 1998 1370 2397 1736 1646 1836 1827 2301 2064 1066 0 1236 1562 1326 1728 1509 1590 1878 1416 1074 267 1606 1356 1094 2631 1382 1509 1755 
