0 2.76587 3.52793 1.92469 1.07393 2.75286 2.87545 1.47121 3.56894 3.27187 2.16649 2.71469 3.00078 3.47006 1.92862 2.29661 2.40944 2.1529 3.28077 1.59846 2.75794 1.33046 2.61337 1.98612 0.785347 3.071 1.27425 2.25648 2.5867 2.49813 2.16707 0.87207 2.75203 2.54258 1.19432 2.1158 0.934493 1.73189 2.21471 1.91824 3.00499 2.77819 2.90482 2.33403 2.67367 1.81411 2.6989 2.77621 1.69625 2.09767 1.8363 3.21951 3.47788 2.16698 1.99561 2.83074 2.08578 2.01119 2.83844 3.801 1.51098 2.05479 3.76356 2.84651 2.90409 1.69341 2.91818 2.94415 1.70635 2.85355 3.4556 2.3394 3.85063 1.78459 2.46823 1.34361 1.77702 2.40712 1.12925 2.04101 2.09702 1.10508 1.62279 2.62569 1.27804 1.5381 1.45408 1.34918 2.32524 1.54324 2.03704 1.97738 3.25602 2.50786 1.12925 2.25423 2.69382 1.53557 2.09187 3.93952 
2.76587 0 3.80628 2.31338 0.953221 3.13043 4.5862 1.50214 3.276 3.84546 2.36447 2.82895 2.94185 3.05345 6.81805 6.3799 1.83125 5.53868 3.50829 1.88065 4.99715 0.908539 2.62838 2.18558 0.612776 4.63256 1.30518 5.86714 6.41827 3.05946 2.04459 1.09862 4.23164 3.08683 1.16243 2.26108 1.23773 1.74044 5.02426 1.79083 4.70499 7.60255 7.53828 5.27139 7.39695 6.38746 3.94386 6.631 4.59404 7.06453 5.27803 5.90527 5.3263 3.58099 5.9371 5.9021 5.18158 5.42242 4.52345 4.09002 1.32551 1.86932 7.12366 6.84722 6.93974 1.50794 7.01322 6.73442 1.61206 7.15197 8.53921 2.50056 4.21711 1.59906 2.58324 1.37454 1.69948 2.57874 1.1094 2.31016 2.19092 1.24658 1.49891 4.13171 1.41954 1.43921 1.58255 1.25489 6.64219 1.65061 2.40623 6.02402 5.27974 2.56645 1.13908 2.27103 7.10195 1.43668 5.59002 4.2201 
3.52793 3.80628 0 2.75202 1.35976 3.65359 2.7691 1.78205 4.07966 4.45343 2.79703 3.23466 3.71449 4.08342 3.5213 3.3355 2.68747 3.35834 3.81956 2.53502 4.03269 1.6413 3.13335 2.94794 0.862047 3.9518 0.924909 2.63966 3.332 3.4625 2.65868 1.60483 3.94075 3.75169 1.77325 2.73331 1.56758 2.11834 3.65996 2.97797 3.97549 3.61643 3.42021 3.44392 3.35339 3.36391 3.25373 3.51476 2.20697 3.46075 2.62404 3.73639 3.14123 2.53901 2.93831 3.44411 2.96735 2.35474 3.84624 4.07114 1.82182 2.30156 4.16213 3.3007 3.28143 2.00425 3.50435 3.29549 2.0218 2.84324 3.90601 2.69429 4.21297 2.04342 2.33585 1.5607 2.10922 2.81467 1.34634 2.56477 2.45191 1.52649 1.93363 3.20142 1.69945 1.84894 1.7687 1.66462 3.03559 1.88754 2.65929 2.78846 4.0299 2.89859 1.34634 2.77421 3.28944 1.75266 3.22679 4.50772 
1.92469 2.31338 2.75202 0 1.25765 2.40458 2.12873 1.77304 2.78739 2.32606 2.72342 3.23353 2.40274 2.76964 1.87901 1.73824 2.70391 2.27769 1.92917 2.59046 2.26716 1.52196 3.09447 2.36088 0.752054 2.56401 1.57608 1.5166 2.17274 3.03064 2.69591 1.47845 2.52603 2.02265 1.74062 2.73218 1.46547 1.83797 2.20209 2.85974 1.69703 2.48847 1.89474 2.26649 2.20033 1.83633 1.72535 2.15518 1.58354 1.79785 1.77887 2.64309 2.7492 1.81489 1.98935 2.34119 1.95661 1.5371 2.57649 2.92163 1.52933 2.17741 2.93407 2.33985 2.45801 1.81603 2.12205 2.16672 1.97503 2.20112 2.56588 2.70116 2.98476 1.83209 2.95087 1.64543 1.81672 2.92597 1.22664 2.65738 2.44886 1.43742 1.61614 2.13493 1.61038 1.80218 1.85344 1.61786 1.92398 1.76785 2.38193 1.64956 2.45252 2.87579 1.25632 2.46461 2.16955 1.79965 1.89085 2.72533 
1.07393 0.953221 1.35976 1.25765 0 0.886954 0.871484 1.6564 1.3701 1.24515 1.25182 1.39181 1.23207 1.20384 0.965266 0.976398 1.51569 0.780222 1.3401 1.0709 1.02213 1.28934 1.20384 1.32526 0.934905 1.36105 1.45944 0.799255 1.14131 1.45227 1.08189 1.03302 1.04204 1.01673 1.36602 1.08189 1.04996 1.74171 1.03302 1.24614 1.10723 0.900667 0.923496 0.780222 0.646266 0.823515 0.736076 1.14131 0.646266 0.935433 0.796572 1.22673 1.39166 0.796572 0.646266 1.1207 0.646266 0.726676 0.991033 1.34293 1.41335 2.01717 1.51186 1.02045 0.980832 1.72561 0.923496 1.04085 1.58391 0.980832 1.28776 1.31205 1.233 1.62047 1.3971 1.5288 1.49844 1.1957 1.06194 0.980831 1.03488 1.19761 1.52516 0.651833 1.23291 1.25257 1.45008 1.22673 0.693553 1.60163 0.823515 0.651833 1.2338 1.2214 1.09162 0.923496 0.651833 1.30421 0.842137 1.2642 
2.75286 3.13043 3.65359 2.40458 0.886954 0 2.88783 1.52649 3.52135 3.84912 2.17128 2.37315 2.80669 3.09881 2.68535 2.54928 2.5501 2.71258 3.58382 2.00512 3.20106 1.42502 2.33672 2.26879 0.801716 3.43556 1.36882 2.08494 2.27424 2.22979 2.26074 1.38281 3.06446 2.53145 1.51769 2.09961 1.13912 1.8807 2.88753 2.52308 3.0577 2.03609 2.99797 2.71226 2.6234 2.65525 2.80635 2.40203 1.94427 2.6318 2.03155 3.3711 3.79525 2.39353 1.8667 2.75888 2.26822 2.24053 3.09737 4.07404 1.22909 1.74791 3.89165 2.90376 2.55351 1.38652 2.86736 2.8228 1.7715 2.70801 2.72685 2.25009 4.10886 1.85958 2.51895 1.43817 1.77673 2.24324 1.01675 1.86844 2.07163 1.13937 1.68794 2.55066 1.24581 1.60235 1.30735 1.41432 2.00781 1.46042 2.40045 2.1887 3.67448 2.52792 1.04643 2.12964 2.08104 1.48532 2.5977 4.05949 
2.87545 4.5862 2.7691 2.12873 0.871484 2.88783 0 1.41726 3.7185 3.78309 1.93472 2.48292 3.3969 3.64259 4.1751 3.91063 2.31354 3.77549 3.40831 1.72928 4.95313 1.27651 2.3816 2.19016 0.760718 4.65571 1.16861 3.85033 4.15498 2.60019 2.01431 1.24004 4.89699 3.10915 1.35445 1.88404 1.0793 1.73219 4.28346 2.24724 4.69996 4.43344 4.17807 4.13921 4.32415 3.78036 4.01159 4.33574 2.90729 3.92901 3.34561 4.82074 4.65536 3.91694 3.32394 4.24031 3.07135 2.74948 4.43032 3.27765 1.45703 1.89711 4.70292 4.02791 3.96569 1.63945 4.03083 3.64664 1.6524 3.46521 4.72008 2.18221 3.92701 1.74048 2.35801 1.28966 1.72307 2.17536 1.07529 1.80924 2.00374 1.05113 1.56884 3.68969 1.22409 1.48415 1.40013 1.29523 3.63777 1.48929 2.15401 3.26338 4.51939 2.16201 1.07529 2.02247 3.99568 1.48161 3.99833 3.58055 
1.47121 1.50214 1.78205 1.77304 1.6564 1.52649 1.41726 0 1.70381 1.94351 1.88253 2.23892 1.52649 1.83317 1.67907 1.27081 1.83831 1.38804 1.77304 1.6751 1.68875 1.83826 1.83317 1.88475 0.790804 1.08258 1.78205 1.08258 1.63419 2.39988 1.74123 1.80179 1.64624 1.63419 1.38804 1.7751 1.90337 2.3153 1.67813 1.85034 1.7422 1.79359 1.7018 1.34206 1.53919 1.69307 1.3415 1.63419 1.08258 1.42199 1.27081 1.7751 1.67499 1.27081 1.53919 1.5716 1.2756 1.17407 1.81082 2.08435 2.00449 2.52331 2.12381 1.59279 1.60361 2.16192 1.7018 1.59776 2.21876 1.52144 1.7422 1.86496 2.02633 2.30224 1.83342 1.85141 2.29188 2.00355 1.59776 1.78868 1.52144 1.68417 2.13059 1.58647 1.85713 2.0459 2.02013 1.86158 1.27081 2.10929 1.76736 1.2756 1.83922 1.87707 1.59776 1.88616 1.58647 2.04337 1.42199 1.90283 
3.56894 3.276 4.07966 2.78739 1.3701 3.52135 3.7185 1.70381 0 4.49444 2.89459 2.84794 3.26469 3.16403 3.55771 3.40805 2.77538 3.5564 4.04409 2.48083 4.19602 1.52163 2.71233 2.89375 0.942138 4.16272 1.50685 2.88985 3.37301 3.44832 2.07062 1.52659 3.94034 3.95097 1.69501 2.19829 1.57792 2.01873 3.85505 2.95737 4.0165 3.65284 3.63873 3.15565 3.45895 3.46166 3.42286 3.55577 2.24798 3.54089 2.62875 2.98309 4.18131 2.78722 3.11469 3.47151 2.80691 2.75869 4.01648 4.66794 1.74357 2.28738 4.19448 2.9731 3.40203 1.926 3.72288 3.5437 1.68922 3.25398 4.12487 2.74676 4.70319 2.02703 2.87559 1.5762 2.00962 2.88018 1.36184 2.3737 2.50438 1.33767 1.85538 3.50388 1.51063 1.77069 1.68668 1.33205 2.70799 1.77584 2.81268 2.70422 4.08909 2.92138 1.36184 2.72729 3.43845 1.76816 3.2678 4.72625 
3.27187 3.84546 4.45343 2.32606 1.24515 3.84912 3.78309 1.94351 4.49444 0 2.90513 3.30524 3.95312 4.27189 2.85098 3.12528 2.97934 3.47071 4.02022 2.71874 3.8523 1.57645 3.10755 2.54274 1.07109 4.19369 1.74655 3.1077 3.52634 3.1597 2.70898 1.46594 4.15907 3.66228 1.9144 2.77861 1.68474 1.22281 3.48035 2.96849 3.82581 3.85203 3.70665 3.60129 3.67072 2.97856 3.42658 3.72105 2.62175 2.64859 2.88044 4.02135 4.341 3.11931 3.12061 3.63258 2.85702 2.75237 3.93473 4.54045 1.77075 2.42329 4.61362 3.69637 3.69749 2.083 3.6756 3.72215 2.05343 3.7459 4.40682 2.98388 4.59009 1.84349 3.07993 1.81591 1.90551 3.05503 1.55077 2.78645 2.73158 1.57864 1.82543 3.52806 1.7516 1.88058 2.00362 1.69625 3.27579 2.07168 2.41891 2.72432 4.05786 3.04977 1.58045 2.74732 3.71662 1.87804 2.77054 4.67897 
2.16649 2.36447 2.79703 2.72342 1.25182 2.17128 1.93472 1.88253 2.89459 2.90513 0 2.92257 2.4624 2.83877 2.14357 1.69857 2.93489 2.19425 2.85914 2.39644 2.22134 1.78107 3.04877 2.67887 1.01304 2.59883 1.72486 1.63584 2.27887 3.15187 2.68148 1.7446 2.25515 2.26825 1.76939 2.51192 1.50399 2.23675 2.41064 2.91441 2.60092 2.20938 2.50716 2.20042 2.0776 2.14018 2.23267 2.3796 1.71383 2.13658 1.89923 2.73613 2.8795 1.77522 1.85567 2.47266 1.91091 1.8796 2.5183 3.20856 1.82933 2.34815 3.2068 2.46492 2.33528 1.98677 2.52468 2.40194 2.15696 2.20583 2.59311 2.81009 3.19125 2.24504 3.0054 1.79422 2.1416 2.80324 1.54057 2.43713 2.56437 1.5164 2.0734 1.9917 1.61068 1.96722 1.84089 1.79979 1.71235 1.95456 2.80961 1.98876 2.83204 3.08791 1.54057 2.68964 2.08949 1.98618 2.14372 3.15593 
2.71469 2.82895 3.23466 3.23353 1.39181 2.37315 2.48292 2.23892 2.84794 3.30524 2.92257 0 2.6357 2.49444 2.47403 2.23226 3.37905 2.5847 3.30329 2.94464 2.77723 2.02836 2.41161 3.23476 1.1903 3.15472 2.08124 2.19173 2.60933 3.48232 2.98787 1.88766 2.81104 2.59871 1.90938 2.84237 1.64398 2.45021 2.81874 3.4626 2.93137 2.53984 2.83761 2.53071 2.44963 2.49288 2.56312 2.71006 2.04429 2.46703 2.22969 3.06658 3.31713 2.10568 2.25857 2.95933 2.2173 2.30775 2.84876 3.51495 2.02976 2.52754 3.53726 2.87854 2.66573 2.23598 2.85513 2.73239 2.35427 2.53628 2.92357 3.14054 3.52154 2.47511 3.33586 2.1506 2.28159 3.13369 1.69027 2.76758 2.89482 1.76561 2.27071 2.322 1.75067 2.10721 1.98088 1.9971 2.04281 2.13395 3.1399 2.39389 3.16249 3.41821 1.71995 3.01993 2.41994 2.15885 2.47417 3.48638 
3.00078 2.94185 3.71449 2.40274 1.23207 2.80669 3.3969 1.52649 3.26469 3.95312 2.4624 2.6357 0 3.02707 2.78387 2.41569 2.5518 3.19697 3.62613 2.25098 3.62203 1.42502 2.50009 2.07714 0.895372 3.77601 1.36882 2.17895 2.3502 2.89291 2.37464 1.38856 3.02983 2.99904 1.51769 2.48306 1.43989 1.8807 3.42215 2.76894 3.17 2.87549 3.09492 3.04457 3.04998 2.90712 2.91282 2.53972 1.84353 2.93259 1.98683 3.41223 3.78099 2.15105 2.68723 3.08066 2.44175 2.46557 3.63204 4.30744 1.22909 1.74791 4.00644 3.18374 3.00807 1.38652 3.08696 2.96633 1.80092 2.98304 3.11651 2.46602 4.35163 1.889 2.60646 1.43817 1.85729 2.61104 1.18452 2.34246 2.22364 1.16036 1.71735 3.07264 1.33332 1.63266 1.50936 1.44374 2.73705 1.59852 2.51509 2.4643 3.72392 2.67993 1.18452 2.45718 3.00772 1.63013 2.75548 4.33519 
3.47006 3.05345 4.08342 2.76964 1.20384 3.09881 3.64259 1.83317 3.16403 4.27189 2.83877 2.49444 3.02707 0 3.44313 3.16711 2.83679 3.34746 3.89304 2.50082 4.12011 1.53869 2.31968 2.74322 0.930543 3.95378 1.63621 2.65222 3.07501 3.15622 2.2786 1.465 3.81565 3.62046 1.82437 2.56265 1.68379 1.87932 3.63123 3.01878 3.75492 3.32552 3.47227 3.09982 3.44081 3.25272 3.14653 3.25777 2.22351 3.27992 2.22351 3.10581 4.11534 2.79098 3.03877 3.26257 2.5176 2.54974 3.90467 4.45303 1.55097 2.13357 4.20608 3.19715 3.38262 1.77219 3.47861 3.29943 1.75094 3.2676 3.86675 2.5535 4.49425 1.90033 2.70343 1.70557 1.83836 2.70802 1.24828 2.39772 2.31112 1.29714 1.66278 3.1279 1.4701 1.57809 1.64614 1.39377 2.85565 1.7353 2.51069 2.60692 3.82347 2.6194 1.27796 2.42531 3.19544 1.57556 3.02353 4.48198 
1.92862 6.81805 3.5213 1.87901 0.965266 2.68535 4.1751 1.67907 3.55771 2.85098 2.14357 2.47403 2.78387 3.44313 0 8.00034 2.45962 8.38018 3.02552 2.14429 2.97448 1.52146 2.52061 1.78004 0.982656 4.41432 1.5208 8.25749 6.33621 2.154 2.11789 1.15117 3.92705 2.01996 1.6011 2.06338 1.0314 1.22281 4.8909 2.38554 3.50741 5.78677 7.83743 4.8592 8.07086 6.09967 3.55965 5.61337 5.91468 6.67395 6.45703 5.94264 4.61358 2.80292 6.62335 5.33258 7.20932 5.7982 3.98401 3.77994 1.40672 1.93819 6.25206 9.39289 8.99174 1.57681 7.35478 8.59457 1.70981 9.4963 7.70294 2.30464 3.78778 1.56361 2.36622 1.59015 1.54704 2.35469 1.1726 1.98858 1.99501 1.07245 1.46696 3.73338 1.24541 1.53696 1.49743 1.35264 5.98209 1.58659 1.94488 7.52571 4.73824 2.43477 1.1726 2.22803 6.40264 1.53443 4.34639 3.88007 
2.29661 6.3799 3.3355 1.73824 0.976398 2.54928 3.91063 1.27081 3.40805 3.12528 1.69857 2.23226 2.41569 3.16711 8.00034 0 2.09334 8.32906 2.93358 1.84255 3.52006 1.16935 2.09665 1.7598 0.720125 4.29567 1.11314 7.5649 6.00307 2.35099 2.00653 1.13288 2.89236 2.14839 1.26201 1.95802 1.18422 1.57137 4.96499 2.29066 3.40585 6.15501 7.91372 4.82506 7.99596 6.35047 3.06716 4.69751 5.87105 7.47233 6.9581 5.64356 4.51016 2.61718 6.31446 4.90668 7.40541 6.23294 4.26775 3.6544 1.11044 1.62926 5.99346 9.1785 8.82224 1.26788 6.96552 8.56465 1.54524 9.1719 7.4654 2.12013 3.64085 1.63332 2.22186 1.1825 1.60162 2.24934 0.928848 1.88323 1.81049 0.90468 1.46168 3.5435 1.07764 1.37699 1.25368 1.18807 5.39341 1.34284 1.85059 7.51555 4.47155 2.32342 0.928848 2.00623 6.13969 1.37446 4.44388 3.59234 
2.40944 1.83125 2.68747 2.70391 1.51569 2.5501 2.31354 1.83831 2.77538 2.97934 2.93489 3.37905 2.5518 2.83679 2.45962 2.09334 0 2.40272 2.5636 2.6394 2.75027 1.65613 3.24344 2.95478 0.994888 2.57805 1.64135 1.45204 2.42677 3.60689 2.75002 1.66109 2.53434 2.6517 1.82951 2.87769 1.76266 2.17459 2.61646 2.92772 2.76 2.66586 2.59423 2.44337 2.34585 2.47701 2.2813 2.49954 1.67062 2.37496 1.99309 2.69719 2.69939 1.86463 2.29389 2.38524 1.98348 1.57754 2.8079 3.099 1.87807 2.42188 3.22821 2.43325 2.47927 2.0605 2.58305 2.43142 2.07805 2.4256 2.94601 2.98298 3.19079 2.16153 2.93209 1.7107 2.16547 3.07148 1.49634 2.8029 2.67334 1.58274 1.98988 2.35748 1.7557 1.90519 1.91871 1.72087 2.16883 2.00787 2.949 1.9095 2.80615 3.07994 1.49634 2.87281 2.51576 1.90266 2.18684 3.24022 
2.1529 5.53868 3.35834 2.27769 0.780222 2.71258 3.77549 1.38804 3.5564 3.47071 2.19425 2.5847 3.19697 3.34746 8.38018 8.32906 2.40272 0 3.205 1.62622 4.19546 1.43581 2.26875 2.38405 0.753095 3.6202 1.44928 7.74723 6.58937 2.538 1.90145 0.913491 3.94973 2.74275 1.07378 1.9159 0.714643 1.77645 3.81236 1.64619 4.20285 6.55195 7.6493 4.07104 7.72563 6.00994 3.56387 5.87773 5.65288 7.09477 6.24203 5.55619 4.64078 3.36346 6.54292 4.81926 7.0029 5.77272 3.41099 3.72867 1.42419 2.05422 6.18109 8.98307 8.95919 1.76035 7.31409 8.46834 1.62416 9.24552 7.52984 2.28865 3.68356 1.70764 2.49193 1.51864 1.56001 2.21623 1.099 1.84978 2.12976 1.2118 1.536 3.32258 1.26996 1.45131 1.48713 1.26699 5.23333 1.60984 2.04116 7.18951 4.60797 2.41846 1.12868 1.90961 5.84855 1.44878 4.07223 3.51609 
3.28077 3.50829 3.81956 1.92917 1.3401 3.58382 3.40831 1.77304 4.04409 4.02022 2.85914 3.30329 3.62613 3.89304 3.02552 2.93358 2.5636 3.205 0 2.56236 3.93082 1.52196 3.08417 2.68093 0.848258 3.58502 1.57608 2.24907 3.23645 3.35069 2.59074 1.4855 3.73413 3.55774 1.76424 2.76561 1.67072 2.10932 3.4679 2.89339 2.85326 3.58673 2.83566 3.40378 3.35784 2.9751 2.6582 3.12859 2.16669 2.89076 2.72759 3.68453 3.76873 2.71064 3.01689 3.12532 2.7353 2.18099 3.85068 4.21796 1.52933 2.14144 4.26966 3.28057 3.34257 1.81603 3.10408 3.11769 1.97503 3.11986 3.66825 2.60904 4.35093 1.96203 2.8142 1.64543 1.81672 2.94866 1.22664 2.68595 2.36666 1.51747 1.61614 3.20342 1.69043 1.80218 1.85344 1.61786 2.89847 1.76785 2.61691 2.50827 3.65955 2.78366 1.25632 2.44281 3.25305 1.79965 2.94508 4.33834 
1.59846 1.88065 2.53502 2.59046 1.0709 2.00512 1.72928 1.6751 2.48083 2.71874 2.39644 2.94464 2.25098 2.50082 2.14429 1.84255 2.6394 1.62622 2.56236 0 2.21182 1.51404 2.84333 2.65188 0.80707 2.14906 1.47814 1.52974 2.13942 3.06191 2.42709 1.20417 1.88304 2.24539 1.19129 2.34576 1.2666 2.01138 1.94269 2.34638 2.53461 2.04323 2.28738 1.63239 1.91145 1.98626 1.97445 2.2282 1.33936 1.86588 1.47231 2.37427 2.50503 1.52866 1.65022 2.14855 1.70546 1.52108 2.22184 2.88658 1.71487 2.25361 2.89224 2.01685 2.16912 1.89223 2.33353 2.20602 1.91484 2.07923 2.54491 2.56935 2.96539 1.95411 2.69819 1.5475 1.87796 2.63708 1.32806 2.27097 2.32697 1.3039 1.82668 1.78626 1.47686 1.74199 1.6529 1.55767 1.5462 1.74206 2.61574 1.57398 2.47018 2.74398 1.32806 2.48419 1.92333 1.73946 1.79668 2.85947 
2.75794 4.99715 4.03269 2.26716 1.02213 3.20106 4.95313 1.68875 4.19602 3.8523 2.22134 2.77723 3.62203 4.12011 2.97448 3.52006 2.75027 4.19546 3.93082 2.21182 0 1.54799 2.86415 1.84397 0.7003 5.24895 1.49179 4.0252 4.06804 2.79154 2.49686 1.51153 4.80045 2.84748 1.5051 2.36658 1.22994 1.90283 4.24664 2.71722 4.92075 4.56155 4.79687 4.39591 4.46531 3.66208 4.46568 4.44679 3.22488 3.672 3.55723 5.3068 5.5708 4.0151 3.49534 4.75357 3.80786 3.36045 4.81863 4.44806 1.61055 2.15437 5.79474 4.70052 4.53277 1.79298 4.59535 4.62631 1.92389 4.57334 5.33147 2.66475 4.3254 1.89696 2.86007 1.56114 1.95898 2.6579 1.34678 2.29179 2.41903 1.32261 1.84032 4.43001 1.49557 1.71362 1.67162 1.56671 4.01576 1.76078 2.40998 3.63779 5.56101 2.90329 1.34678 2.50501 4.42572 1.7531 3.86356 4.53237 
1.33046 0.908539 1.6413 1.52196 1.28934 1.42502 1.27651 1.83826 1.52163 1.57645 1.78107 2.02836 1.42502 1.53869 1.52146 1.16935 1.65613 1.43581 1.52196 1.51404 1.54799 0 1.53869 1.68932 0.858918 1.54292 1.6413 0.981118 1.53272 2.20444 1.44675 1.43473 1.44375 1.52292 1.80915 1.59101 1.65353 2.07656 1.43473 1.64785 1.59843 1.58775 1.41304 1.22723 1.39844 1.43525 1.07093 1.53272 0.981118 1.32053 1.16935 1.59101 1.57352 1.16935 1.28934 1.30256 0.908539 0.908539 1.73571 1.71729 1.74821 2.40075 1.91653 1.40554 1.47892 2.06046 1.44552 1.44552 1.94818 1.41997 1.64074 1.7424 1.75575 1.93518 1.73195 1.71066 2.0356 1.86036 1.44552 1.6455 1.41997 1.5827 1.83502 1.34085 1.75566 1.77533 1.91866 1.59101 1.16935 1.98673 1.43525 0.908539 1.56865 1.6065 1.4752 1.61153 1.404 1.7728 1.22723 1.80136 
2.61337 2.62838 3.13335 3.09447 1.20384 2.33672 2.3816 1.83317 2.71233 3.10755 3.04877 2.41161 2.50009 2.31968 2.52061 2.09665 3.24344 2.26875 3.08417 2.84333 2.86415 1.53869 0 3.23857 0.992604 3.0284 1.63621 2.05612 2.55787 3.46741 2.67192 1.465 2.88444 2.71354 1.82437 2.71027 1.68379 1.87932 2.66273 3.3576 2.86003 2.46169 2.60976 2.32533 2.4132 2.3909 2.27115 2.65185 1.86952 2.4306 2.03694 2.7746 3.14236 1.98116 2.05272 2.66735 1.90134 2.11006 2.72311 3.199 1.55097 2.20351 3.34696 2.66012 2.4955 1.86322 2.55332 2.53462 1.75094 2.52103 2.89452 3.07842 3.20559 1.90033 3.16109 1.70557 1.83836 2.98669 1.24828 2.71811 2.76878 1.38546 1.66278 2.10358 1.55842 1.57809 1.72143 1.39377 2.09636 1.78949 2.83553 2.09386 2.87051 3.14431 1.27796 2.70398 2.3418 1.57556 2.2512 3.24061 
1.98612 2.18558 2.94794 2.36088 1.32526 2.26879 2.19016 1.88475 2.89375 2.54274 2.67887 3.23476 2.07714 2.74322 1.78004 1.7598 2.95478 2.38405 2.68093 2.65188 1.84397 1.68932 3.23857 0 1.00166 2.81488 1.68779 1.76746 1.82726 3.04275 2.84001 1.54606 2.16646 1.59504 1.80823 2.80665 1.53308 1.85677 2.30845 2.9661 1.98168 2.39971 2.52914 2.36566 2.30669 1.96219 2.22778 1.98034 1.68989 1.85928 1.76264 2.78718 2.85556 1.83645 2.00399 2.52827 2.10071 1.78796 2.68285 3.19114 1.40672 1.93819 3.16371 2.5051 2.48002 1.57681 2.33324 2.43622 2.09359 2.44561 2.45882 2.97067 3.10414 1.8997 3.05723 1.75715 1.93791 3.03232 1.4527 2.73185 2.69336 1.45623 1.85783 2.24714 1.62919 1.92073 1.88121 1.73641 2.00708 1.95877 2.52603 1.89014 2.63616 3.14529 1.48238 2.83917 2.3349 1.9182 1.95349 3.07251 
0.785347 0.612776 0.862047 0.752054 0.934905 0.801716 0.760718 0.790804 0.942138 1.07109 1.01304 1.1903 0.895372 0.930543 0.982656 0.720125 0.994888 0.753095 0.848258 0.80707 0.7003 0.858918 0.992604 1.00166 0 0.300979 1.02348 0.572423 0.943367 1.28674 0.811763 0.914628 0.654547 0.746298 0.53921 0.917663 0.980799 1.04817 0.875616 0.921974 0.800681 0.981772 0.861623 0.766282 0.779093 0.979265 0.807453 0.925808 0.685141 0.810237 0.740427 0.984935 0.916548 0.774055 0.877219 0.804945 0.765003 0.592066 0.95868 1.13023 0.962728 1.34548 1.07378 0.881111 0.919291 1.11513 0.925556 0.927891 1.0258 0.788741 0.989012 0.947577 1.06201 1.08034 1.00291 0.94256 1.24124 1.12145 0.812154 0.971588 0.889134 0.736799 1.11224 0.885865 1.05659 1.05817 1.06836 0.89826 0.733906 1.16859 0.867891 0.75305 1.02286 0.966392 0.882599 0.965899 0.894553 1.08606 0.778414 1.01424 
3.071 4.63256 3.9518 2.56401 1.36105 3.43556 4.65571 1.08258 4.16272 4.19369 2.59883 3.15472 3.77601 3.95378 4.41432 4.29567 2.57805 3.6202 3.58502 2.14906 5.24895 1.54292 3.0284 2.81488 0.300979 0 1.52 3.48998 4.47892 3.38341 2.58217 1.49929 4.9093 3.60078 1.07378 2.70056 1.56171 2.05324 4.46568 2.47881 5.11835 4.75418 4.66167 3.66333 4.56894 4.1654 4.42156 4.71235 2.99735 4.41393 3.63376 5.01384 5.27341 4.14086 3.71984 4.54791 3.70684 3.12187 4.83057 4.34313 1.75672 2.37081 5.79002 4.4137 4.50337 2.00943 4.63234 4.50383 1.9567 4.60103 5.45438 2.87667 4.41167 1.99724 2.87078 1.58936 2.04412 2.95301 1.45404 2.64372 2.56703 1.53906 1.86854 4.45969 1.71202 1.78385 1.86747 1.59952 4.0206 1.95663 2.69467 3.4262 5.56637 2.94256 1.48085 2.63278 4.56554 1.78131 4.23963 4.52052 
1.27425 1.30518 0.924909 1.57608 1.45944 1.36882 1.16861 1.78205 1.50685 1.74655 1.72486 2.08124 1.36882 1.63621 1.5208 1.11314 1.64135 1.44928 1.57608 1.47814 1.49179 1.6413 1.63621 1.68779 1.02348 1.52 0 0.924909 1.47652 2.20292 1.54427 1.60483 1.44928 1.47652 1.77325 1.61743 1.70641 2.11834 1.48117 1.65338 1.57608 1.59663 1.51164 1.30085 1.34223 1.49611 1.14454 1.47652 0.924909 1.26432 1.11314 1.61743 1.15858 1.11314 1.34223 1.41393 1.07864 0.924909 1.67951 1.83571 1.82182 2.36563 1.88408 1.39583 1.44594 2.00425 1.51914 1.44009 2.0218 1.15858 1.58453 1.70729 1.82937 2.10528 1.50044 1.65445 2.10922 1.84587 1.44009 1.63101 1.36377 1.52649 1.93363 1.38951 1.69945 1.84894 1.86246 1.66462 1.11314 1.95161 1.5704 1.07864 1.64226 1.68011 1.44009 1.7035 1.38951 1.84641 1.26432 1.74515 
2.25648 5.86714 2.63966 1.5166 0.799255 2.08494 3.85033 1.08258 2.88985 3.1077 1.63584 2.19173 2.17895 2.65222 8.25749 7.5649 1.45204 7.74723 2.24907 1.52974 4.0252 0.981118 2.05612 1.76746 0.572423 3.48998 0.924909 0 6.28188 2.42103 1.6534 0.944648 3.66264 2.41066 1.07378 1.78108 1.04623 1.45815 4.92478 2.0477 3.60708 5.93414 7.21518 4.01052 7.23599 6.44605 2.90071 5.25788 7.20964 7.54824 9.10758 5.21107 3.72078 2.67393 9.08377 4.10404 10.3358 8.20378 4.00109 3.40949 1.16164 1.73643 6.11937 11.7296 8.58262 1.37505 6.62319 11.1298 1.36161 9.78068 7.00828 1.90152 3.2768 1.44509 1.85063 0.994267 1.44903 2.03494 0.858951 1.70629 1.59189 0.90468 1.27345 3.26174 1.07764 1.18876 1.25368 1.00443 4.88351 1.34284 1.81006 9.63521 4.32573 1.97029 0.885761 1.7762 5.401 1.18622 4.18503 3.52632 
2.5867 6.41827 3.332 2.17274 1.14131 2.27424 4.15498 1.63419 3.37301 3.52634 2.27887 2.60933 2.3502 3.07501 6.33621 6.00307 2.42677 6.58937 3.23645 2.13942 4.06804 1.53272 2.55787 1.82726 0.943367 4.47892 1.47652 6.28188 0 2.64506 2.13768 1.44926 3.11687 2.14742 1.62539 2.18121 1.45912 1.85677 4.96494 2.65738 3.66975 5.55219 7.79772 4.68545 7.3359 6.09442 3.35991 5.0461 4.18471 7.07993 4.6666 5.59635 4.70972 2.31823 5.16722 4.83105 6.08888 5.1299 4.06001 3.89073 1.05892 1.57775 5.87983 7.11121 6.87375 1.21636 6.72475 6.49237 1.81173 7.16625 6.98095 2.19577 3.91983 1.94739 2.28642 1.54587 1.82766 2.34079 1.09225 2.07221 1.9036 1.14341 1.72356 3.39732 1.31637 1.63887 1.49242 1.45455 5.3696 1.56998 2.2364 5.74529 4.71586 2.46687 1.12193 2.24412 5.6231 1.63634 4.32383 3.84553 
2.49813 3.05946 3.4625 3.03064 1.45227 2.22979 2.60019 2.39988 3.44832 3.1597 3.15187 3.48232 2.89291 3.15622 2.154 2.35099 3.60689 2.538 3.35069 3.06191 2.79154 2.20444 3.46741 3.04275 1.28674 3.38341 2.20292 2.42103 2.64506 0 3.10012 1.87168 3.04034 2.35406 2.14278 2.95195 1.5533 2.26771 2.56861 3.37405 2.70633 2.04821 2.9401 2.61906 2.5592 2.08363 2.67843 2.68406 2.15386 2.25761 2.11072 3.17616 3.47252 2.27465 1.8035 2.97687 2.32955 2.44007 2.7295 3.56519 2.1653 2.58842 3.52913 2.96689 2.62129 2.29686 2.78388 2.84197 2.47402 2.71312 2.79914 3.25012 3.3802 2.24923 3.51269 2.27227 2.31125 3.24327 1.80542 2.83826 3.07165 1.86716 2.23117 2.41034 1.85222 2.14376 2.14445 2.11684 2.15239 2.29752 2.88804 2.33097 3.02188 3.50655 1.8351 3.07293 2.01169 2.1954 2.33356 3.47826 
2.16707 2.04459 2.65868 2.69591 1.08189 2.26074 2.01431 1.74123 2.07062 2.70898 2.68148 2.98787 2.37464 2.2786 2.11789 2.00653 2.75002 1.90145 2.59074 2.42709 2.49686 1.44675 2.67192 2.84001 0.811763 2.58217 1.54427 1.6534 2.13768 3.10012 0 1.37306 2.48171 2.31082 1.71772 1.88089 1.44463 1.78739 2.24649 2.94505 2.41923 2.0944 2.07603 1.58441 1.97318 2.01702 1.7631 2.22647 1.25784 1.91497 1.52827 1.56793 2.61565 1.65232 1.68542 2.12488 1.28836 1.66133 2.35582 2.72434 1.45903 2.0453 2.49395 1.48629 1.90226 1.77128 2.1463 1.99467 1.19337 1.86989 2.49641 2.47977 2.75404 1.80839 2.56518 1.61363 1.74643 2.6194 1.15634 2.01654 2.23739 1.19657 1.57084 1.73628 1.36953 1.48615 1.23813 0.836196 1.40962 1.32728 2.43696 1.36622 2.27187 2.54567 1.18602 2.33669 1.9745 1.48362 1.65256 2.79516 
0.87207 1.09862 1.60483 1.47845 1.03302 1.38281 1.24004 1.80179 1.52659 1.46594 1.7446 1.88766 1.38856 1.465 1.15117 1.13288 1.66109 0.913491 1.4855 1.20417 1.51153 1.43473 1.465 1.54606 0.914628 1.49929 1.60483 0.944648 1.44926 1.87168 1.37306 0 1.17531 1.30579 1.49929 1.50242 1.04996 1.98152 0.87207 1.37941 1.32803 1.39652 1.29038 0.913491 1.14212 1.04431 0.997237 1.44926 0.907428 1.13627 0.907428 1.50242 1.53705 0.997406 1.03302 1.26609 0.87207 0.87207 1.35658 1.68082 1.67452 2.32706 1.81699 1.23432 1.40523 1.98677 1.37183 1.37183 1.86989 1.23571 1.56705 1.55814 1.68206 1.84127 1.65826 1.67419 1.86399 1.69155 1.37183 1.47668 1.23571 1.39844 1.78633 1.14768 1.5714 1.70164 1.74744 1.51272 0.907428 1.81551 1.04431 0.87207 1.4736 1.42224 1.40151 1.41935 1.14768 1.69911 1.04297 1.62974 
2.75203 4.23164 3.94075 2.52603 1.04204 3.06446 4.89699 1.64624 3.94034 4.15907 2.25515 2.81104 3.02983 3.81565 3.92705 2.89236 2.53434 3.94973 3.73413 1.88304 4.80045 1.44375 2.88444 2.16646 0.654547 4.9093 1.44928 3.66264 3.11687 3.04034 2.48171 1.17531 0 2.82038 1.16243 2.40038 1.23773 1.97181 4.46335 2.35958 4.69621 4.21516 4.51693 4.03362 4.4573 4.05478 4.2134 3.19322 2.87581 4.19069 3.34657 5.0652 5.57089 3.37908 3.59241 4.59383 3.85528 3.49244 4.78196 4.48682 1.32551 1.86932 5.60816 4.50648 4.33654 1.50794 4.451 4.30799 1.88598 4.40527 4.9005 2.62398 4.53367 1.92524 2.68556 1.51864 1.8491 2.6917 1.30427 2.32559 2.31434 1.29075 1.79781 4.33442 1.46371 1.71312 1.63975 1.5288 4.09133 1.72891 2.63838 3.66483 5.64611 2.7986 1.30427 2.53881 4.33007 1.71059 4.171 4.47279 
2.54258 3.08683 3.75169 2.02265 1.01673 2.53145 3.10915 1.63419 3.95097 3.66228 2.26825 2.59871 2.99904 3.62046 2.01996 2.14839 2.6517 2.74275 3.55774 2.24539 2.84748 1.52292 2.71354 1.59504 0.746298 3.60078 1.47652 2.41066 2.14742 2.35406 2.31082 1.30579 2.82038 0 1.5343 2.18805 1.2689 1.57137 2.76205 2.53677 2.82488 2.50473 3.11769 2.81383 2.86397 2.28067 2.76239 2.49358 1.9253 2.24871 1.89251 3.44211 3.8141 2.10491 2.03636 3.2229 2.32626 2.28405 3.04763 4.08158 1.11044 1.62926 3.87132 3.21109 2.81584 1.26788 2.78526 2.84455 1.82493 2.81727 3.09052 2.42359 3.99442 1.68333 2.49677 1.54587 1.67386 2.47937 1.14377 2.11326 2.11395 1.16088 1.59378 2.66757 1.33384 1.65668 1.50989 1.46776 2.37913 1.58744 2.13782 2.35392 3.50361 2.61611 1.17345 2.38271 2.70615 1.65415 2.3933 4.1299 
1.19432 1.16243 1.77325 1.74062 1.36602 1.51769 1.35445 1.38804 1.69501 1.9144 1.76939 1.90938 1.51769 1.82437 1.6011 1.26201 1.82951 1.07378 1.76424 1.19129 1.5051 1.80915 1.82437 1.80823 0.53921 1.07378 1.77325 1.07378 1.62539 2.14278 1.71772 1.49929 1.16243 1.5343 0 1.71772 1.56171 2.3065 1.19432 1.36653 1.7334 1.5365 1.693 1.18259 1.28209 1.55417 1.3327 1.62539 1.07378 1.41319 1.26201 1.7663 1.66619 1.26201 1.20965 1.5628 1.2668 1.16243 1.49656 2.05524 1.99569 2.51451 2.10274 1.57384 1.59481 2.15312 1.693 1.58896 2.20996 1.51264 1.7334 1.85616 2.01753 2.24922 1.82462 1.84261 2.15878 1.83152 1.58896 1.61666 1.51264 1.67537 2.12179 1.32938 1.84833 2.0371 2.01133 1.85278 1.26201 2.10049 1.62845 1.22258 1.83042 1.86827 1.58896 1.71414 1.32938 2.03457 1.39553 1.76972 
2.1158 2.26108 2.73331 2.73218 1.08189 2.09961 1.88404 1.7751 2.19829 2.77861 2.51192 2.84237 2.48306 2.56265 2.06338 1.95802 2.87769 1.9159 2.76561 2.34576 2.36658 1.59101 2.71027 2.80665 0.917663 2.70056 1.61743 1.78108 2.18121 2.95195 1.88089 1.50242 2.40038 2.18805 1.71772 0 1.44463 1.93164 2.21216 2.86372 2.42972 1.93326 2.218 1.8654 1.72005 1.96251 1.94398 2.26999 1.42467 1.86046 1.71309 1.85198 2.74333 1.77999 1.63895 2.38685 1.57241 1.75721 2.24218 2.86475 1.57938 2.0453 2.67631 1.76308 1.9305 1.77186 2.20048 2.11278 1.19337 1.93244 2.42191 2.53397 2.85275 1.86284 2.73201 1.68678 1.86678 2.51408 1.2077 1.85356 2.3555 1.19657 1.69119 1.75073 1.36953 1.6065 1.23813 0.836196 1.42319 1.32728 2.48268 1.65026 2.55592 2.82971 1.2077 2.35114 1.77652 1.60397 1.8676 2.77882 
0.934493 1.23773 1.56758 1.46547 1.04996 1.13912 1.0793 1.90337 1.57792 1.68474 1.50399 1.64398 1.43989 1.68379 1.0314 1.18422 1.76266 0.714643 1.67072 1.2666 1.22994 1.65353 1.68379 1.53308 0.980799 1.56171 1.70641 1.04623 1.45912 1.5533 1.44463 1.04996 1.23773 1.2689 1.56171 1.44463 0 2.16562 0.714643 1.32594 1.42961 1.15284 1.43628 1.13228 1.00901 0.924547 1.21603 1.50405 1.00901 1.23785 0.958764 1.57457 1.63863 1.09899 0.714643 1.48488 1.04996 0.934493 1.25585 1.85572 1.88213 2.37991 1.86985 1.44586 1.34357 2.08835 1.43628 1.42469 2.08868 1.33729 1.6505 1.61099 1.70534 2.06006 1.75984 1.77577 2.01123 1.55844 1.42469 1.34357 1.33729 1.50002 2.00512 0.958764 1.48508 1.76536 1.71529 1.73151 0.958764 1.86836 1.26311 1.09086 1.6924 1.64103 1.45437 1.43628 0.958764 1.81699 1.19275 1.62694 
1.73189 1.74044 2.11834 1.83797 1.74171 1.8807 1.73219 2.3153 2.01873 1.22281 2.23675 2.45021 1.8807 1.87932 1.22281 1.57137 2.17459 1.77645 2.10932 2.01138 1.90283 2.07656 1.87932 1.85677 1.04817 2.05324 2.11834 1.45815 1.85677 2.26771 1.78739 1.98152 1.97181 1.57137 2.3065 1.93164 2.16562 0 1.89264 2.18662 1.70204 1.90704 1.63512 1.47054 1.72602 1.43806 1.41156 1.85677 1.32175 1.22281 1.41097 1.93164 2.05055 1.50095 1.72602 1.86863 1.32175 1.45815 1.8206 2.25717 2.08884 2.74138 2.20373 1.73787 1.81956 2.40109 1.63512 1.78616 2.28882 1.73926 1.98137 2.06169 2.09639 2.40887 2.07259 2.18769 2.12605 2.201 1.78616 1.98614 1.73926 1.82601 2.04597 1.67317 1.99897 2.11596 2.25099 1.93164 1.41097 2.31905 1.61191 1.41156 1.65909 1.92578 1.81584 1.96221 1.765 2.11343 1.41097 1.89181 
2.21471 5.02426 3.65996 2.20209 1.03302 2.88753 4.28346 1.67813 3.85505 3.48035 2.41064 2.81874 3.42215 3.63123 4.8909 4.96499 2.61646 3.81236 3.4679 1.94269 4.24664 1.43473 2.66273 2.30845 0.875616 4.46568 1.48117 4.92478 4.96494 2.56861 2.24649 0.87207 4.46335 2.76205 1.19432 2.21216 0.714643 1.89264 0 1.55988 4.36081 5.58022 5.50724 5.01493 5.46701 3.9997 3.88156 5.4727 3.54785 4.82849 3.95365 6.25366 5.02714 3.67043 3.65105 5.51673 3.9743 3.57927 3.87171 3.98813 1.67452 2.22448 7.21011 5.4413 5.31043 1.8631 5.33207 5.31176 1.86989 5.42932 6.53398 2.51033 3.91348 1.84127 2.67133 1.55053 1.86399 2.50348 1.29894 2.13737 2.27901 1.27477 1.78633 3.67349 1.44773 1.70164 1.62378 1.51272 4.76849 1.71294 2.184 3.81339 4.89866 2.58729 1.29894 2.3275 5.18609 1.69911 4.81326 4.08943 
1.91824 1.79083 2.97797 2.85974 1.24614 2.52308 2.24724 1.85034 2.95737 2.96849 2.91441 3.4626 2.76894 3.01878 2.38554 2.29066 2.92772 1.64619 2.89339 2.34638 2.71722 1.64785 3.3576 2.9661 0.921974 2.47881 1.65338 2.0477 2.65738 3.37405 2.94505 1.37941 2.35958 2.53677 1.36653 2.86372 1.32594 2.18662 1.55988 0 2.81356 2.55185 2.80534 2.15035 2.42941 2.23601 2.49241 2.74616 1.85732 2.35028 1.99027 2.89223 3.02299 2.04662 1.941 2.66651 2.04794 1.76218 2.58601 3.34859 1.8901 2.43391 3.4102 2.53481 2.68708 2.07253 2.85149 2.72398 2.09008 2.59719 3.06287 3.08731 3.46314 2.12934 3.21615 1.72273 2.0532 3.15504 1.50837 2.78893 2.84493 1.59477 2.00191 2.30422 1.76773 1.91722 1.93074 1.7329 2.06416 2.0199 2.88503 2.01568 2.98814 3.26194 1.50837 2.99738 2.44129 1.91469 2.31464 3.37743 
3.00499 4.70499 3.97549 1.69703 1.10723 3.0577 4.69996 1.7422 4.0165 3.82581 2.60092 2.93137 3.17 3.75492 3.50741 3.40585 2.76 4.20285 2.85326 2.53461 4.92075 1.59843 2.86003 1.98168 0.800681 5.11835 1.57608 3.60708 3.66975 2.70633 2.41923 1.32803 4.69621 2.82488 1.7334 2.42972 1.42961 1.70204 4.36081 2.81356 0 4.07366 3.6291 4.41204 4.59899 3.54562 3.8208 3.52756 2.80041 3.6489 3.28804 4.89672 5.24818 3.41874 3.63781 4.11023 3.66957 3.21683 4.97372 4.10782 1.10019 1.4926 5.1002 4.40303 3.99453 1.13122 3.46213 3.67953 1.78678 3.9552 4.31362 2.2182 4.01597 1.70558 2.51482 1.64543 1.62847 2.62351 0.910519 2.26346 2.06728 1.21442 1.52437 4.14038 1.38738 1.61393 1.5057 1.4296 3.81636 1.45172 2.14749 3.23197 5.11178 2.57956 0.9402 2.19878 3.85636 1.58614 3.75528 3.80819 
2.77819 7.60255 3.61643 2.48847 0.900667 2.03609 4.43344 1.79359 3.65284 3.85203 2.20938 2.53984 2.87549 3.32552 5.78677 6.15501 2.66586 6.55195 3.58673 2.04323 4.56155 1.58775 2.46169 2.39971 0.981772 4.75418 1.59663 5.93414 5.55219 2.04821 2.0944 1.39652 4.21516 2.50473 1.5365 1.93326 1.15284 1.90704 5.58022 2.55185 4.07366 0 7.20671 5.16981 6.97961 5.81698 3.79282 6.2725 4.43138 6.31599 4.96273 6.08616 5.19398 3.12593 4.67059 4.66734 6.00372 5.47427 4.12768 3.91137 1.37994 1.75132 6.30054 6.69981 5.98075 1.45195 5.89843 6.10338 1.7715 6.66312 7.49775 2.11433 3.94353 1.85958 2.453 1.66599 1.79044 2.1773 1.01675 1.7021 2.00568 1.13937 1.68794 3.44296 1.25952 1.60325 1.30735 1.41432 5.5491 1.46042 2.2341 5.13947 5.02488 2.41007 1.04643 2.0118 5.99071 1.48532 4.95893 3.83696 
2.90482 7.53828 3.42021 1.89474 0.923496 2.99797 4.17807 1.7018 3.63873 3.70665 2.50716 2.83761 3.09492 3.47227 7.83743 7.91372 2.59423 7.6493 2.83566 2.28738 4.79687 1.41304 2.60976 2.52914 0.861623 4.66167 1.51164 7.21518 7.79772 2.9401 2.07603 1.29038 4.51693 3.11769 1.693 2.218 1.43628 1.63512 5.50724 2.80534 3.6291 7.20671 0 5.02381 8.51857 7.38552 3.04954 6.15615 4.9769 6.71082 6.06397 5.56896 4.71495 3.18681 6.68697 4.58807 6.66543 6.50433 4.06304 3.13546 0.921904 1.57444 5.93433 7.73544 7.71582 1.51991 7.48893 7.05172 1.62638 7.80732 7.48507 1.83556 3.54361 1.53114 2.13826 1.41097 1.2093 2.26393 0.619219 1.9384 1.59319 1.13935 0.926485 3.23603 1.31231 1.45352 1.37925 1.2692 5.4923 1.16042 2.25235 5.39151 3.69938 1.92795 0.6489 1.5871 6.168 1.28096 4.58305 2.93235 
2.33403 5.27139 3.44392 2.26649 0.780222 2.71226 4.13921 1.34206 3.15565 3.60129 2.20042 2.53071 3.04457 3.09982 4.8592 4.82506 2.44337 4.07104 3.40378 1.63239 4.39591 1.22723 2.32533 2.36566 0.766282 3.66333 1.30085 4.01052 4.68545 2.61906 1.58441 0.913491 4.03362 2.81383 1.18259 1.8654 1.13228 1.47054 5.01493 2.15035 4.41204 5.16981 5.02381 0 4.53273 4.35419 3.44529 4.92536 3.00872 4.66997 3.16688 5.36861 4.93575 3.28394 3.90828 5.0333 4.12607 3.60219 3.81966 3.57198 1.21561 1.86814 6.23641 4.5087 4.63588 1.55176 4.95305 4.68112 1.29488 4.53804 5.96641 2.04228 3.83218 1.49906 2.25217 1.37021 1.40568 2.27281 0.91292 1.64772 1.88395 0.887461 1.32559 3.19885 1.06042 1.24273 1.19634 0.937707 3.91047 1.2405 2.00754 3.81851 4.49469 2.10776 0.942601 1.96619 4.45873 1.24019 4.48951 3.57436 
2.67367 7.39695 3.35339 2.20033 0.646266 2.6234 4.32415 1.53919 3.45895 3.67072 2.0776 2.44963 3.04998 3.44081 8.07086 7.99596 2.34585 7.72563 3.35784 1.91145 4.46531 1.39844 2.4132 2.30669 0.779093 4.56894 1.34223 7.23599 7.3359 2.5592 1.97318 1.14212 4.4573 2.86397 1.28209 1.72005 1.00901 1.72602 5.46701 2.42941 4.59899 6.97961 8.51857 4.53273 0 7.1713 3.92757 6.64614 5.29866 8.17786 5.80205 5.74594 4.45814 3.46727 6.54437 5.26762 6.99506 6.22328 4.21421 3.97103 1.40217 1.89996 6.50934 7.12142 7.61742 1.62211 8.02251 7.37515 1.61333 7.43104 8.07826 2.14122 3.42332 1.40966 2.41007 1.41159 1.53604 2.13437 0.944731 1.64526 1.96275 1.08039 1.52516 3.58191 0.774543 1.02052 1.32688 1.25615 5.44816 1.41604 1.59965 5.64907 4.93526 2.43697 0.974411 2.07797 6.10517 1.4133 4.12829 3.95648 
1.81411 6.38746 3.36391 1.83633 0.823515 2.65525 3.78036 1.69307 3.46166 2.97856 2.14018 2.49288 2.90712 3.25272 6.09967 6.35047 2.47701 6.00994 2.9751 1.98626 3.66208 1.43525 2.3909 1.96219 0.979265 4.1654 1.49611 6.44605 6.09442 2.08363 2.01702 1.04431 4.05478 2.28067 1.55417 1.96251 0.924547 1.43806 3.9997 2.23601 3.54562 5.81698 7.38552 4.35419 7.1713 0 3.38397 5.41821 4.04429 6.05593 4.9525 5.40191 4.41481 3.09053 5.12311 4.61909 5.35081 4.62484 3.58295 3.5316 1.41228 2.00058 6.08017 6.99568 6.94162 1.6392 6.54672 6.69904 1.68053 7.12058 7.04849 2.26068 3.48752 1.53893 2.44185 1.56547 1.54704 2.25383 1.1726 1.88772 2.02563 1.07245 1.46696 3.2447 1.22347 1.51228 1.49743 1.32335 5.1501 1.58659 1.82207 5.26104 4.34766 2.33391 1.1726 2.03176 5.6758 1.50974 3.71917 3.61591 
2.6989 3.94386 3.25373 1.72535 0.736076 2.80635 4.01159 1.3415 3.42286 3.42658 2.23267 2.56312 2.91282 3.14653 3.55965 3.06716 2.2813 3.56387 2.6582 1.97445 4.46568 1.07093 2.27115 2.22778 0.807453 4.42156 1.14454 2.90071 3.35991 2.67843 1.7631 0.997237 4.2134 2.76239 1.3327 1.94398 1.21603 1.41156 3.88156 2.49241 3.8208 3.79282 3.04954 3.44529 3.92757 3.38397 0 3.34267 2.13936 3.00628 2.54706 4.01408 4.47484 2.96525 3.11796 3.12793 2.3181 2.75445 4.09212 3.04717 0.921904 1.57444 4.42032 3.51688 3.20729 1.39546 3.24288 3.03705 1.25927 3.09367 4.0253 1.66809 3.26407 1.34276 1.87325 1.2139 1.2093 2.03082 0.619219 1.76224 1.42571 0.917701 0.926485 3.07724 1.09066 1.08642 1.25366 0.902099 2.60115 1.16042 1.93942 2.20611 3.84078 1.68898 0.6489 1.34813 3.16247 1.08389 3.10857 3.31538 
2.77621 6.631 3.51476 2.15518 1.14131 2.40203 4.33574 1.63419 3.55577 3.72105 2.3796 2.71006 2.53972 3.25777 5.61337 4.69751 2.49954 5.87773 3.12859 2.2282 4.44679 1.53272 2.65185 1.98034 0.925808 4.71235 1.47652 5.25788 5.0461 2.68406 2.22647 1.44926 3.19322 2.49358 1.62539 2.26999 1.50405 1.85677 5.4727 2.74616 3.52756 6.2725 6.15615 4.92536 6.64614 5.41821 3.34267 0 3.3556 5.74835 4.36295 5.72617 4.94315 2.25847 4.90752 4.6256 5.27303 4.78547 4.36622 3.86504 0.921904 1.44072 5.78203 5.88817 5.5055 1.07934 5.37771 5.13197 1.81173 5.48339 6.8188 2.11146 4.10259 1.94739 2.35773 1.54587 1.77824 2.42957 0.955233 2.02284 1.81929 1.14341 1.67415 3.50616 1.31637 1.63887 1.45382 1.45455 5.51961 1.49644 2.33037 4.97174 4.63727 2.38257 0.984914 2.15982 5.6855 1.53426 4.6147 3.70031 
1.69625 4.59404 2.20697 1.58354 0.646266 1.94427 2.90729 1.08258 2.24798 2.62175 1.71383 2.04429 1.84353 2.22351 5.91468 5.87105 1.67062 5.65288 2.16669 1.33936 3.22488 0.981118 1.86952 1.68989 0.685141 2.99735 0.924909 7.20964 4.18471 2.15386 1.25784 0.907428 2.87581 1.9253 1.07378 1.42467 1.00901 1.32175 3.54785 1.85732 2.80041 4.43138 4.9769 3.00872 5.29866 4.04429 2.13936 3.3556 0 5.14218 10.1951 3.56854 3.22815 1.4748 15.2509 3.04116 9.54226 11.8738 2.52583 2.68039 0.921904 1.44072 4.41364 6.68248 5.13011 1.07934 3.9994 7.40048 1.19337 5.9191 4.6629 1.34056 2.6312 1.34276 1.4694 0.994267 1.2093 1.46094 0.51518 1.29538 1.09818 0.601583 1.10521 2.15147 0.774543 1.02052 0.937547 0.836196 3.38984 1.02671 1.50297 12.5196 3.12434 1.61167 0.51518 1.40454 3.39408 1.01799 2.61425 2.52461 
2.09767 7.06453 3.46075 1.79785 0.935433 2.6318 3.92901 1.42199 3.54089 2.64859 2.13658 2.46703 2.93259 3.27992 6.67395 7.47233 2.37496 7.09477 2.89076 1.86588 3.672 1.32053 2.4306 1.85928 0.810237 4.41393 1.26432 7.54824 7.07993 2.25761 1.91497 1.13627 4.19069 2.24871 1.41319 1.86046 1.23785 1.22281 4.82849 2.35028 3.6489 6.31599 6.71082 4.66997 8.17786 6.05593 3.00628 5.74835 5.14218 0 5.93662 5.61621 4.76977 3.06215 6.1929 4.62529 6.18462 5.82014 3.51323 3.0303 1.15945 1.78014 5.25422 7.98655 7.44255 1.41875 7.24109 6.98294 1.52818 7.91568 7.08224 1.81557 3.48093 1.56361 2.1313 1.33368 1.2093 2.15178 0.854591 1.78566 1.57319 0.754449 1.12922 3.14752 0.927409 1.35993 1.17943 1.17101 5.31165 1.26859 1.74196 5.53163 3.71928 2.08667 0.854591 1.75887 5.81015 1.3574 3.93981 2.97924 
