0 1068 1240 442 1638 1050 1182 986 1206 1304 1480 954 614 410 1100 1456 1518 1424 520 1623 2723 900 168 2430 1446 1284 1878 804 2324 600 422 2134 3864 946 756 1100 2930 2724 672 632 3430 3934 3890 3387 3938 2506 2950 2540 3684 1716 945 2604 1124 2108 1518 1750 1312 1370 1700 4314 1752 2355 3131 584 562 1120 1310 897 1570 985 1198 1422 792 2452 2928 1554 1502 2217 1368 1332 5650 1542 1296 4128 2080 828 1202 642 1708 1324 2786 1322 1520 2032 2685 752 1234 2196 1827 1104 
1068 0 1768 1510 1770 1534 1416 1972 1734 2010 1808 1886 1682 1478 2036 1984 1752 2268 1048 1316 1504 1968 1236 1554 2092 1496 1864 1872 1498 1188 1440 1452 1282 1474 1572 1992 1992 2024 1516 1132 982 1406 988 1104 1290 1342 1708 1900 1246 1798 798 1396 1630 924 1346 1568 1184 1616 1426 1224 1696 1470 1040 1112 1290 1648 1838 1126 2098 1206 1818 1950 1320 1242 1088 1564 2030 2140 1440 972 1628 1556 1824 1904 1568 1356 1730 1170 1088 1700 1324 1850 2048 1250 1602 1280 1762 1992 1746 1080 
1240 1768 0 1584 1942 2000 1882 2166 1906 2240 1830 2096 1854 1060 1510 1886 2218 2314 1220 1782 1676 2140 1310 896 1856 1570 2036 2044 1692 1262 1564 1498 1454 1646 1618 2164 1878 2260 1590 1304 1448 1636 1454 1276 1462 1514 1880 2144 1418 1832 970 1568 1802 1096 1518 1474 1356 958 1622 1544 1868 1522 1212 1284 1462 1820 2010 1298 2270 1378 1990 2122 1492 1414 1260 1736 2202 1888 1612 1144 1800 1728 1996 2076 1740 1528 1902 1342 1554 2024 1496 2022 2220 1716 1774 1452 1934 2164 1918 1252 
442 1510 1584 0 1294 1252 1504 1428 1502 1506 942 1156 1056 612 1302 1678 1852 1352 962 1404 980 1342 370 688 1648 356 1454 1138 968 322 624 1078 1050 1242 1198 1028 1670 1564 650 758 1082 902 1076 1018 1204 918 1476 1472 1014 1060 712 1164 1004 838 708 702 1098 750 882 1140 1522 1314 954 1026 764 1562 1752 1040 1866 848 1400 1628 1234 1156 1002 1478 1944 1680 1354 886 1542 1324 1738 1582 1482 1270 1644 1084 1188 1766 1238 1618 1962 1350 1516 1194 1676 1906 1660 994 
1638 1770 1942 1294 0 1360 1242 1200 1012 1352 2388 1724 1706 1262 1242 1190 1590 2124 1222 1607 1173 1544 1020 2007 2034 1920 1734 1788 1089 1458 1266 1962 732 680 1428 1934 1797 2049 1566 1581 1230 1122 1221 1569 1815 930 1371 513 786 1809 1458 903 2481 1269 1353 1668 1689 2100 1092 867 1770 2085 1473 1054 958 1508 1696 1602 1376 1606 1302 1812 1240 1743 1512 1545 1950 1875 2040 1341 1173 1143 1532 2649 2235 1298 884 1090 1389 1538 1629 1056 1522 1632 1068 1202 1252 2298 1350 1533 
1050 1534 2000 1252 1360 0 974 1530 1396 1568 310 1456 1664 1220 1626 1574 1322 2234 1280 874 1166 1748 978 1244 1972 1238 1540 1746 1056 930 998 1432 872 1064 1552 1872 1582 1058 1258 1112 552 964 546 984 942 1004 1298 1470 908 1356 1030 986 1612 904 1158 1310 1064 1306 984 782 1348 1122 1024 992 1214 1632 1428 1110 1760 1186 1470 1544 972 894 740 1216 1682 1746 1092 952 1280 1146 1476 1498 1548 1090 1382 822 658 1270 976 1440 1726 820 1254 1260 1414 1644 1398 1064 
1182 1416 1882 1504 1242 974 0 1412 1278 1450 1284 1338 1796 1472 1508 1456 1204 2130 1162 756 1048 1630 1230 1548 1854 1490 1422 1986 938 1182 880 1314 754 946 1434 1754 1464 608 1256 994 434 846 428 866 824 886 1180 1352 790 1238 912 868 1514 786 1040 1562 946 1568 866 664 1230 1004 906 874 1096 1514 1310 992 1642 1068 1352 1426 854 776 622 1098 1564 1628 974 834 1162 1028 1358 1380 1430 972 1264 704 540 1152 858 1322 1608 702 1136 1142 1296 1526 1280 946 
986 1972 2166 1428 1200 1530 1412 0 1236 1170 1726 1894 1600 1396 1466 1414 1760 2348 1446 1260 884 1768 1154 1472 2258 1414 1380 1790 474 1106 1408 1532 712 904 1652 2086 1422 1468 792 1278 990 566 984 1270 1144 844 1138 1542 748 1430 1196 826 1548 1070 760 1486 1350 1534 586 802 1404 1324 1206 1278 816 1814 1692 1292 1600 900 1452 1804 1174 1096 942 1254 1884 1766 1294 1118 1308 986 1678 1758 1714 1292 1410 1024 1096 1706 1076 1280 1746 1258 1378 1426 1616 1756 1426 1246 
1206 1734 1906 1502 1012 1396 1278 1236 0 1316 1706 1760 1820 1470 1278 1226 1626 2154 1186 1072 746 1580 1228 1532 2070 1488 1120 1996 762 1180 1302 1338 524 716 1458 1970 1234 1330 1080 1018 856 712 850 1082 1176 584 950 1354 488 1170 936 638 1730 810 866 1516 1162 1594 692 614 1144 1356 1018 1090 922 1626 1724 1104 1340 1006 1266 1836 1206 1128 974 994 1916 1578 1326 858 1156 798 1568 1790 1454 1324 1258 1056 962 1574 1084 1092 1558 1124 1226 1166 1626 1568 1274 1058 
1304 2010 2240 1506 1352 1568 1450 1170 1316 0 1804 1932 1918 1474 1618 1566 1798 1658 1520 1350 922 1920 1232 1444 2280 1492 1460 2000 696 1184 1474 842 864 1056 962 2164 1574 1506 1014 1162 1028 604 1022 1422 1182 924 1290 1694 828 1510 1270 978 1866 1144 798 1564 1502 1382 624 954 1484 1362 1358 1430 854 1966 1730 1444 1680 938 1490 1842 1212 1134 980 1334 1922 1918 1332 1192 1346 1138 1716 1796 1788 1330 1448 1062 1134 1744 1114 1432 1898 1296 1416 1500 1654 1884 1464 1398 
1480 1808 1830 942 2388 310 1284 1726 1706 1804 0 1454 1354 910 1548 1884 1632 1924 1260 1776 2556 1640 668 1868 1894 1856 2628 1436 2532 1240 922 2752 2447 1374 1496 1600 3796 1496 1422 2112 1983 2400 1971 2599 2629 2432 3299 3540 2483 2716 2020 2675 2604 2272 2012 2000 2759 1992 2360 2357 2487 2928 2504 1302 1062 1860 1738 2007 2070 1855 1698 1854 1282 2533 2225 2289 1992 2889 2103 2368 3305 2184 1786 3652 3560 1400 1692 1132 2195 1580 2697 1750 2036 2519 3253 1492 1724 2931 2562 2584 
954 1886 2096 1156 1724 1456 1338 1894 1760 1932 1454 0 1568 1124 1814 1938 1674 2138 1474 1238 1492 1854 882 1200 2160 1142 1904 1650 1420 834 1136 1590 1236 1428 1710 1814 1946 1946 1162 1270 904 1328 910 1348 1294 1368 1662 1822 1272 1572 1224 1350 1516 1256 1220 1214 1428 1262 1348 1146 1700 1474 1388 1356 1276 1996 1792 1474 2124 1360 1822 1896 1324 1246 1092 1568 2034 2110 1444 1304 1632 1510 1828 1850 1900 1442 1734 1174 1010 1622 1328 1804 2090 1172 1606 1612 1766 1996 1750 1428 
614 1682 1854 1056 1706 1664 1796 1600 1820 1918 1354 1568 0 1024 1714 2070 2132 1878 1134 1696 1392 1514 782 1100 2060 882 1866 1418 1380 734 1036 1250 1368 1560 1370 1554 2078 1976 1062 930 1362 1314 1368 1190 1376 1330 1794 1884 1332 1472 884 1482 1176 1010 1120 1114 1270 1162 1294 1458 1782 1556 1126 1198 1176 1734 1924 1212 2184 1260 1812 2036 1406 1328 1174 1650 2116 2092 1526 1058 1714 1642 1910 1990 1654 1442 1816 1256 1468 1938 1410 1936 2134 1630 1688 1366 1848 2078 1832 1166 
410 1478 1060 612 1262 1220 1472 1396 1470 1474 910 1124 1024 0 778 1154 1820 1582 930 1372 948 1310 338 164 1124 598 1422 1106 936 290 592 766 1018 1210 886 1270 1146 1532 618 726 1050 870 1044 986 1172 886 1444 1440 982 1028 680 1058 972 806 676 670 1066 226 850 1108 1490 790 922 994 732 1530 1720 1008 1834 816 1368 1596 1202 1124 970 1446 1518 1156 1322 854 1510 1218 1706 1550 1450 1238 1612 1052 1156 1734 1206 1586 1930 1318 1484 1162 1644 1874 1628 962 
1100 2036 1510 1302 1242 1626 1508 1466 1278 1618 1548 1814 1714 778 0 1456 1856 2032 1488 1302 1048 1810 1028 614 1574 1288 1422 1796 992 980 1282 1216 754 946 1336 1960 1464 1632 1308 1320 1086 1014 1080 1312 1476 886 1180 1584 790 1472 1238 868 1532 1112 1168 1192 1392 676 994 844 1446 1240 1248 1320 1224 1856 1962 1334 1642 1308 1568 2078 1506 1428 1274 1296 1968 1606 1626 1160 1458 1028 1798 2032 1756 1564 1560 1356 1192 1804 1386 1322 1788 1354 1528 1468 1928 1798 1576 1288 
1456 1984 1886 1678 1190 1574 1456 1414 1226 1566 1884 1938 2070 1154 1456 0 1002 2338 1436 1250 996 1758 1404 990 1950 1664 1370 2172 940 1356 1480 1522 702 894 1642 2148 8 1580 1258 1268 1034 962 1028 1260 1424 834 1128 1532 738 1420 1186 816 1908 1060 1116 1568 1340 1052 942 792 1394 1604 1196 1268 1172 1804 1910 1282 1590 1256 1516 2026 1454 1376 1222 1244 2164 1756 1574 1108 1406 976 1746 1980 1704 1512 1508 1304 1140 1752 1334 1270 1736 1302 1476 1416 1876 1746 1524 1236 
1518 1752 2218 1852 1590 1322 1204 1760 1626 1798 1632 1674 2132 1820 1856 1002 0 2466 1498 1104 1396 1978 1578 1896 2202 1838 1770 2322 1286 1530 1228 1650 1102 1294 1770 2102 994 1812 1604 1330 770 1194 776 1214 1160 1234 1528 1688 1138 1586 1248 1216 1862 1122 1388 1910 1294 1904 1214 1012 1566 1340 1254 1222 1444 1862 1658 1340 1990 1404 1688 1762 1190 1112 958 1434 1900 1976 1310 1170 1498 1376 1694 1716 1766 1308 1600 1040 876 1488 1194 1670 1956 1038 1472 1478 1632 1862 1616 1294 
1424 2268 2314 1352 2124 2234 2130 2348 2154 1658 1924 2138 1878 1582 2032 2338 2466 0 1720 2030 1924 2324 1352 1418 2254 996 2284 2120 1874 1304 1606 816 1636 1828 936 1668 2346 2508 1632 1136 1696 1884 1702 1708 1710 1762 2062 2392 1666 2042 1470 1750 1986 1344 1690 1684 1788 1356 1864 1726 2116 1890 1712 1716 1710 2320 2258 1798 2518 1626 2238 2370 1740 1662 1508 1984 2450 2286 1860 1392 2048 1910 2244 2324 1988 1858 2150 1590 1802 2272 1744 2204 2652 1964 2022 1700 2182 2412 2166 1752 
520 1048 1220 962 1222 1280 1162 1446 1186 1520 1260 1474 1134 930 1488 1436 1498 1720 0 1062 956 1420 688 1006 1544 948 1316 1324 972 640 942 904 734 926 1024 1444 1444 1540 968 584 728 916 734 556 742 794 1160 1424 698 1310 250 848 1082 376 798 1020 636 1068 902 824 1148 922 492 564 742 1100 1290 578 1550 658 1270 1402 772 694 540 1016 1482 1592 892 424 1080 1008 1276 1356 1020 808 1182 622 834 1304 776 1302 1500 996 1054 732 1214 1444 1198 532 
1623 1316 1782 1404 1607 874 756 1260 1072 1350 1776 1238 1696 1372 1302 1250 1104 2030 1062 0 1316 1530 1130 2172 1754 2085 1877 1886 1205 1623 780 1821 875 356 1334 1654 1940 2046 1682 1341 501 1119 492 1149 1086 1073 1514 1878 929 1707 1218 1046 2121 1029 1410 2193 1269 2202 1149 846 1695 1356 1209 774 996 1414 1210 1338 1436 1452 1252 1326 754 1014 783 1497 1464 2292 1311 1101 1593 1286 1258 1920 1995 872 1164 604 660 1052 1137 1116 1508 903 1554 1042 1196 2139 1770 1269 
2723 1504 1676 980 1173 1166 1048 884 746 922 2556 1492 1392 948 1048 996 1396 1924 956 1316 0 1350 706 3584 1840 2898 1047 1474 1230 2303 960 3327 1029 486 1228 1638 2177 1168 1092 1576 2191 1113 2170 2982 2513 567 1800 2369 903 1496 2471 1224 2680 2030 1781 2695 1864 2715 845 1344 1371 2690 2758 860 568 1396 1444 1311 1110 1083 1036 1540 926 2586 2429 1146 1636 2022 1302 1884 3241 852 1338 4530 2448 1044 1028 776 1464 1344 2898 862 1328 1788 2490 936 1368 2007 1566 1656 
900 1968 2140 1342 1544 1748 1630 1768 1580 1920 1640 1854 1514 1310 1810 1758 1978 2324 1420 1530 1350 0 1068 1386 2346 1328 1724 1704 1294 1020 1322 1536 1056 1248 1656 2000 1766 1934 1348 1216 1208 1316 1202 1434 1598 1188 1482 1886 1092 1758 1170 1170 1462 1296 1406 1400 1514 1448 1296 966 1748 1778 1370 1442 1462 1978 2084 1456 1944 1546 1870 2200 1628 1550 1396 1598 2338 1930 1748 1344 1760 1330 1920 2154 1940 1686 1862 1478 1314 1926 1632 1624 1910 1476 1830 1652 2070 2100 1878 1410 
168 1236 1310 370 1020 978 1230 1154 1228 1232 668 882 782 338 1028 1404 1578 1352 688 1130 706 1068 0 414 1374 356 1180 864 694 48 350 804 776 968 924 1028 1396 1290 376 484 808 628 802 744 930 644 1202 1198 740 786 438 890 730 564 434 428 824 476 608 866 1248 1040 680 752 490 1288 1478 766 1592 574 1126 1354 960 882 728 1204 1670 1406 1080 612 1268 1050 1464 1308 1208 996 1370 810 914 1492 964 1344 1688 1076 1242 920 1402 1632 1386 720 
2430 1554 896 688 2007 1244 1548 1472 1532 1444 1868 1200 1100 164 614 990 1896 1418 1006 2172 3584 1386 414 0 960 2022 2247 1182 3062 2013 668 2066 5673 1200 722 1346 1964 3216 1041 1604 5067 5809 6242 6463 6769 3367 3585 2696 5763 1872 2646 2682 1836 5043 2256 2023 2284 155 2315 6168 2374 1565 6131 1070 808 1606 1758 1626 1896 1474 1444 1504 1240 3828 5658 2226 1354 1488 2040 2790 8642 1581 1744 4374 3052 1314 1650 1090 2464 1772 4392 1576 2006 2788 3805 1238 1682 2697 2499 2076 
1446 2092 1856 1648 2034 1972 1854 2258 2070 2280 1894 2160 2060 1124 1574 1950 2202 2254 1544 1754 1840 2346 1374 960 0 1634 2214 2142 1784 1326 1628 1438 1546 1738 1558 1876 1942 2424 1654 1628 1432 1806 1426 988 1786 1678 1972 2190 1582 1896 1294 1608 1636 1420 1712 1538 1068 898 1786 1456 2192 1462 1052 996 1768 1660 2308 1138 2434 1702 2314 2424 1816 1564 1584 2060 2190 1828 1936 1468 1750 1768 2320 2378 2064 1368 1852 1636 1538 2150 1820 2114 1932 1700 1820 1776 2220 2488 1868 1092 
1284 1496 1570 356 1920 1238 1490 1414 1488 1492 1856 1142 882 598 1288 1664 1838 996 948 2085 2898 1328 356 2022 1634 0 2160 1124 2888 924 610 3298 3108 1228 1184 672 3312 3100 954 1488 3204 2743 3186 3012 3570 2712 3655 2916 3000 2092 2094 3450 1980 2472 2082 2064 2168 1840 2170 3378 2306 3250 2820 1012 750 1548 1738 1539 1852 1387 1386 1614 1220 3736 2964 2196 1930 2499 2010 2616 4584 1965 1724 4704 2936 1256 1630 1070 2348 1752 3672 1604 1948 2672 3755 1180 1662 2838 2469 1960 
1878 1864 2036 1454 1734 1540 1422 1380 1120 1460 2628 1904 1866 1422 1422 1370 1770 2284 1316 1877 1047 1724 1180 2247 2214 2160 0 1948 1359 1698 1434 2202 1002 860 1588 2112 2067 1923 1836 1722 1500 1284 1491 1839 1959 804 1641 2247 948 1683 1599 1173 2721 1410 1515 2202 1959 2340 1254 1137 1932 2229 1743 1234 1066 1770 1854 1872 1484 1761 1410 1966 1336 1887 1656 1707 2046 2583 2184 1482 1950 1413 1712 2880 2376 1454 1402 1186 1659 1718 1842 1236 1702 1902 2055 1296 1770 2568 2127 1803 
804 1872 2044 1138 1788 1746 1986 1790 1996 2000 1436 1650 1418 1106 1796 2172 2322 2120 1324 1886 1474 1704 864 1182 2142 1124 1948 0 1462 816 1118 1440 1544 1736 1560 1796 2164 2058 1144 1120 1552 1396 1558 1380 1566 1412 1970 1966 1508 1554 1074 1658 1366 1200 1202 1196 1460 1244 1376 1634 1972 1746 1316 1388 1258 1924 2114 1402 2360 1342 1894 2122 1596 1518 1364 1840 2306 2174 1716 1248 1904 1818 2100 2076 1844 1632 2006 1446 1658 2128 1600 2112 2324 1820 1878 1556 2038 2268 2022 1356 
2324 1498 1692 968 1089 1056 938 474 762 696 2532 1420 1380 936 992 940 1286 1874 972 1205 1230 1294 694 3062 1784 2888 1359 1462 0 1964 948 3174 714 430 1178 1626 2065 1988 477 1608 1548 276 1530 2388 2010 1110 1660 2239 822 1912 2166 1056 2656 1788 1224 3104 1752 2698 280 984 1395 2125 2196 804 342 1340 1218 1227 1126 865 978 1330 700 2202 1404 1170 1410 1938 1230 1932 2502 768 1204 3852 2480 818 936 550 1244 1232 1806 806 1272 1568 2260 952 1142 1923 1428 1544 
600 1188 1262 322 1458 930 1182 1106 1180 1184 1240 834 734 290 980 1356 1530 1304 640 1623 2303 1020 48 2013 1326 924 1698 816 1964 0 302 2374 4404 920 876 980 2696 2484 492 872 3420 4666 6452 4514 5452 2086 2885 2300 5716 1476 1365 2526 1364 3352 1158 1330 1552 1070 1400 4944 1844 2480 4256 704 442 1240 1430 1077 1544 925 1078 1306 912 2812 7040 1734 1622 2037 1548 1692 6803 1503 1416 3780 2320 948 1322 762 1732 1444 3206 1296 1640 2056 2985 872 1354 2376 2007 1344 
422 1440 1564 624 1266 998 880 1408 1302 1474 922 1136 1036 592 1282 1480 1228 1606 942 780 960 1322 350 668 1628 610 1434 1118 948 302 0 1058 778 970 1178 1282 1488 1488 630 738 458 870 452 890 848 898 1204 1376 814 1040 692 892 984 810 688 682 970 730 862 688 1254 1028 930 898 744 1538 1334 1016 1666 828 1376 1450 878 800 646 1122 1588 1652 998 858 1186 1052 1382 1404 1454 996 1288 728 564 1176 882 1346 1632 726 1160 1166 1320 1550 1304 970 
2134 1452 1498 1078 1962 1432 1314 1532 1338 842 2752 1590 1250 766 1216 1522 1650 816 904 1821 3327 1536 804 2066 1438 3298 2202 1440 3174 2374 1058 0 2460 1012 120 1736 3087 3384 1626 640 2776 3210 2788 2744 3006 2841 3115 3152 2553 2924 2234 2802 2396 1909 3280 3430 1944 1350 2635 2730 1950 2685 2718 900 894 1504 1442 1473 1702 1215 1422 1554 924 3017 2400 1752 1634 2205 1566 2053 3842 1641 1428 4800 2344 1042 1334 774 1972 1456 3046 1388 1836 2296 3015 884 1366 2394 2025 1872 
3864 1282 1454 1050 732 872 754 712 524 864 2447 1236 1368 1018 754 702 1102 1636 734 875 1029 1056 776 5673 1546 3108 1002 1544 714 4404 778 2460 0 192 940 1446 1589 1756 834 1132 1494 1665 1956 3069 4332 462 1065 1817 216 1436 1694 342 2412 2148 1425 3724 1276 2675 600 540 1038 2255 2717 566 470 1102 1208 870 888 874 814 1324 752 2208 3120 813 1462 1581 1308 1218 3872 411 1044 3834 2004 810 806 602 876 1050 2212 568 1034 1200 1935 714 1174 1566 1233 1068 
946 1474 1646 1242 680 1064 946 904 716 1056 1374 1428 1560 1210 946 894 1294 1828 926 356 486 1248 968 1200 1738 1228 860 1736 430 920 970 1012 192 0 1132 1638 902 1070 748 758 524 452 518 750 914 324 618 1022 228 910 676 306 1398 550 606 1256 830 1262 432 282 884 1094 686 758 662 1294 1400 772 1080 746 1006 1516 944 866 712 734 1654 1246 1064 598 896 466 1236 1470 1194 1002 998 794 630 1242 824 760 1226 792 966 906 1366 1236 1014 726 
756 1572 1618 1198 1428 1552 1434 1652 1458 962 1496 1710 1370 886 1336 1642 1770 936 1024 1334 1228 1656 924 722 1558 1184 1588 1560 1178 876 1178 120 940 1132 0 1660 1650 1812 1204 440 1000 1188 1006 772 1014 1066 1366 1696 970 1582 774 1054 1318 648 1070 1256 852 660 1174 1030 1420 1194 836 780 1014 1444 1562 922 1822 930 1542 1674 1044 966 812 1288 1754 1590 1164 696 1352 1214 1548 1628 1292 1152 1454 894 1106 1576 1048 1508 1716 1268 1326 1004 1486 1716 1470 876 
1100 1992 2164 1028 1934 1872 1754 2086 1970 2164 1600 1814 1554 1270 1960 2148 2102 1668 1444 1654 1638 2000 1028 1346 1876 672 2112 1796 1626 980 1282 1736 1446 1638 1660 0 2156 2222 1308 1416 1332 1560 1326 888 1686 1576 1872 2090 1482 1718 1194 1508 1536 1320 1366 1360 968 1408 1540 1356 2092 1866 952 896 1422 1560 2208 1038 2334 1506 2058 2286 1716 1464 1484 1960 2426 2258 1836 1368 1650 1668 2220 2240 1964 1268 1752 1536 1438 2050 1720 2014 1832 1600 1720 1676 2120 2388 1768 992 
2930 1992 1878 1670 1797 1582 1464 1422 1234 1574 3796 1946 2078 1146 1464 8 994 2346 1444 1940 2177 1766 1396 1964 1942 3312 2067 2164 2065 2696 1488 3087 1589 902 1650 2156 0 3345 1899 2721 2253 2109 2241 2679 3033 1853 2441 3406 1661 3025 2557 1703 3800 2305 2417 3120 2839 2088 2069 1769 2103 3216 2551 1276 1180 1812 1918 1935 1598 1939 1524 2034 1462 2937 2629 1878 2172 2646 2373 2401 2997 1476 1754 4145 3593 1520 1516 1312 2465 1760 2853 1278 1744 2789 3137 1424 1884 2631 2298 2591 
2724 2024 2260 1564 2049 1058 608 1468 1330 1506 1496 1946 1976 1532 1632 1580 1812 2508 1540 2046 1168 1934 1290 3216 2424 3100 1923 2058 1988 2484 1488 3384 1756 1070 1812 2222 3345 0 1968 2744 2168 1804 2156 2872 2604 1492 2608 3537 1684 2664 2580 1984 3848 2328 2192 2708 3032 3340 1844 1936 2247 3248 2744 1444 1152 1980 1918 2187 1694 1959 1620 2034 1462 2792 2484 2022 2172 2898 2178 2424 3020 1728 1922 4029 3616 1580 1612 1312 2380 1760 2824 1446 1912 2704 3160 1520 1904 2883 2442 2824 
672 1516 1590 650 1566 1258 1256 792 1080 1014 1422 1162 1062 618 1308 1258 1604 1632 968 1682 1092 1348 376 1041 1654 954 1836 1144 477 492 630 1626 834 748 1204 1308 1899 1968 0 1146 1251 615 1242 1536 1482 1032 1473 2079 888 1599 1077 1005 1515 1266 906 1062 1656 1134 645 969 1872 1752 1440 1032 660 1568 1536 1569 1444 1307 1296 1634 1018 1410 1179 1647 1728 2415 1707 1338 1728 1245 1522 2382 2232 1136 1254 868 1410 1550 1380 1124 1590 1653 1833 1200 1460 2400 1905 1500 
632 1132 1304 758 1581 1112 994 1278 1018 1162 2112 1270 930 726 1320 1268 1330 1136 584 1341 1576 1216 484 1604 1628 1488 1722 1120 1608 872 738 640 1132 758 440 1416 2721 2744 1146 0 1120 1496 1132 1280 1148 1252 1984 2512 1060 2284 668 1360 1756 416 1452 1632 1440 1720 1468 1312 1470 1508 1152 648 574 1184 1122 993 1382 735 1102 1234 604 1052 744 1272 1314 2136 1086 512 1824 1260 1108 2376 1704 722 1014 454 1332 1136 1216 1134 1584 1656 1772 564 1046 1914 1545 1232 
3430 982 1448 1082 1230 552 434 990 856 1028 1983 904 1362 1050 1086 1034 770 1696 728 501 2191 1208 808 5067 1432 3204 1500 1552 1548 3420 458 2776 1494 524 1000 1332 2253 2168 1251 1120 0 1908 27 1998 1755 1624 1895 1836 1656 1632 1673 1338 2184 1584 1932 3990 1048 2835 1110 1089 1194 1425 2178 452 674 1092 888 855 1220 951 918 992 420 1362 846 996 1130 1809 810 1200 3276 909 924 2838 1992 538 830 270 212 718 1484 900 1186 536 1755 708 862 1638 1269 1048 
3934 1406 1636 902 1122 964 846 566 712 604 2400 1328 1314 870 1014 962 1194 1884 916 1119 1113 1316 628 5809 1806 2743 1284 1396 276 4666 870 3210 1665 452 1188 1560 2109 1804 615 1496 1908 0 2717 4537 3468 1120 1715 2226 1740 1812 2331 1122 2524 3240 966 3488 1796 2520 50 2205 1320 1895 4217 826 250 1362 1126 1260 1076 745 886 1238 608 1926 2444 1095 1318 1971 1092 1764 4189 801 1112 3576 2368 726 844 458 1060 1140 1785 828 1294 1384 2030 896 1050 1920 1290 1588 
3890 988 1454 1076 1221 546 428 984 850 1022 1971 910 1368 1044 1080 1028 776 1702 734 492 2170 1202 802 6242 1426 3186 1491 1558 1530 6452 452 2788 1956 518 1006 1326 2241 2156 1242 1132 27 2717 0 2409 2376 1603 1880 1848 3456 1620 1694 1320 2172 2148 1920 3969 1036 2850 1095 1416 1203 1440 2629 446 668 1086 882 846 1214 960 924 998 426 1380 2628 1005 1136 1800 819 1218 4081 900 930 2856 2004 544 836 276 224 724 1505 894 1180 548 1770 714 868 1647 1278 1036 
3387 1104 1276 1018 1569 984 866 1270 1082 1422 2599 1348 1190 986 1312 1260 1214 1708 556 1149 2982 1434 744 6463 988 3012 1839 1380 2388 4514 890 2744 3069 750 772 888 2679 2872 1536 1280 1998 4537 2409 0 4425 2415 2460 2404 3267 2496 1071 1886 1296 2740 2798 3766 160 2810 1995 2574 1806 2445 352 8 798 672 1320 225 1446 1071 1326 1436 828 1902 3314 1608 1538 2055 1422 1440 4819 1170 1332 4170 2152 380 864 648 1100 1162 2912 1126 944 1424 2080 788 1232 2250 1320 208 
3938 1290 1462 1204 1815 942 824 1144 1176 1182 2629 1294 1376 1172 1476 1424 1160 1710 742 1086 2513 1598 930 6769 1786 3570 1959 1566 2010 5452 848 3006 4332 914 1014 1686 3033 2604 1482 1148 1755 3468 2376 4425 0 2744 2870 2172 4128 2412 1722 2508 2612 2196 2324 4417 1756 2870 1495 3792 1215 1460 4103 806 732 1342 952 1230 890 972 932 822 434 864 1212 1017 1144 1881 225 1242 4125 1290 938 2754 2020 484 844 284 992 898 1533 1290 1576 1248 1790 722 876 1659 1290 1548 
2506 1342 1514 918 930 1004 886 844 584 924 2432 1368 1330 886 886 834 1234 1762 794 1073 567 1188 644 3367 1678 2712 804 1412 1110 2086 898 2841 462 324 1066 1576 1853 1492 1032 1252 1624 1120 1603 2415 2744 0 1395 2045 336 1172 1904 738 2556 1463 1605 3262 1540 2560 750 777 1128 2410 2191 698 530 1234 1332 1068 948 964 874 1444 814 2184 2037 903 1524 1779 1401 1398 2674 609 1176 4194 2124 924 866 664 1140 1182 2422 700 1166 1464 2085 774 1234 1764 1323 1332 
2950 1708 1880 1476 1371 1298 1180 1138 950 1290 3299 1662 1794 1444 1180 1128 1528 2062 1160 1514 1800 1482 1202 3585 1972 3655 1641 1970 1660 2885 1204 3115 1065 618 1366 1872 2441 2608 1473 1984 1895 1715 1880 2460 2870 1395 0 2669 1155 2288 2275 1350 3264 1960 2100 3725 2128 3740 1665 1290 1677 3320 2300 992 896 1528 1634 1509 1314 1513 1240 1004 1178 2843 2365 1452 1888 2220 1947 2080 2825 1050 1470 2768 2856 1236 1232 1028 1728 1476 2645 142 1460 2052 3000 1140 1600 927 1872 1920 
2540 1900 2144 1472 513 1470 1352 1542 1354 1694 3540 1822 1884 1440 1584 1532 1688 2392 1424 1878 2369 1886 1198 2696 2190 2916 2247 1966 2239 2300 1376 3152 1817 1022 1696 2090 3406 3537 2079 2512 1836 2226 1848 2404 2172 2045 2669 0 1853 2256 2348 2045 3664 2096 2534 1540 2564 2820 2186 1960 2238 2532 2276 1210 1300 1166 1634 1836 1718 1995 1614 1474 1116 2076 1768 2040 1826 1362 1854 2192 880 1656 1620 2856 3384 1234 542 966 1624 1424 1488 1398 1864 1948 740 1404 910 2652 837 2196 
3684 1246 1418 1014 786 908 790 748 488 828 2483 1272 1332 982 790 738 1138 1666 698 929 903 1092 740 5763 1582 3000 948 1508 822 5716 814 2553 216 228 970 1482 1661 1684 888 1060 1656 1740 3456 3267 4128 336 1155 1853 0 1364 1568 450 2484 1932 1317 3598 1348 2765 510 756 984 2170 2915 602 434 1138 1236 924 852 820 778 1348 718 2104 3958 759 1428 1635 1257 1110 3674 465 1080 3906 1932 836 770 568 948 1086 2086 604 1070 1272 1845 678 1138 1620 1179 1140 
1716 1798 1832 1060 1809 1356 1238 1430 1170 1510 2716 1572 1472 1028 1472 1420 1586 2042 1310 1707 1496 1758 786 1872 1896 2092 1683 1554 1912 1476 1040 2924 1436 910 1582 1718 3025 2664 1599 2284 1632 1812 1620 2496 2412 1172 2288 2256 1364 0 2120 1664 2840 1868 2120 716 2656 1996 1772 1616 2007 2772 2424 1256 1116 1820 1692 1947 1534 1808 1460 1284 1236 2316 2008 1782 1946 2658 2034 1964 2700 1488 1740 2476 3156 1354 1452 1086 1844 1534 2480 1286 1752 2168 2840 1290 1678 2367 2202 2504 
945 798 970 712 1458 1030 912 1196 936 1270 2020 1224 884 680 1238 1186 1248 1470 250 1218 2471 1170 438 2646 1294 2094 1599 1074 2166 1365 692 2234 1694 676 774 1194 2557 2580 1077 668 1673 2331 1694 1071 1722 1904 2275 2348 1568 2120 0 1794 1664 441 2100 2695 772 2045 1630 2009 1347 1680 847 314 492 850 1040 492 1300 612 1020 1152 522 1642 1015 1149 1232 2013 963 522 2905 1137 1026 3318 1540 558 932 372 1168 1054 1841 1052 1250 1492 2010 482 964 1791 1422 564 
2604 1396 1568 1164 903 986 868 826 638 978 2675 1350 1482 1058 868 816 1216 1750 848 1046 1224 1170 890 2682 1608 3450 1173 1658 1056 2526 892 2802 342 306 1054 1508 1703 1984 1005 1360 1338 1122 1320 1886 2508 738 1350 2045 450 1664 1794 0 2536 1416 1767 3534 1400 2390 885 612 1209 2540 1694 628 584 1164 1322 963 1002 1045 928 1438 866 2550 1902 984 1576 1752 1479 1560 2454 240 1158 4176 2232 872 920 716 1104 1164 2238 682 1148 1428 2220 828 1288 1737 1404 1032 
1124 1630 1802 1004 2481 1612 1514 1548 1730 1866 2604 1516 1176 972 1532 1908 1862 1986 1082 2121 2680 1462 730 1836 1636 1980 2721 1366 2656 1364 984 2396 2412 1398 1318 1536 3800 3848 1515 1756 2184 2524 2172 1296 2612 2556 3264 3664 2484 2840 1664 2536 0 1880 2136 2124 1456 1960 2484 2232 2568 2972 1424 656 1124 1320 1854 1197 2094 1819 1760 1966 1336 2448 2208 2370 2046 2865 2184 1784 2820 2142 1840 3840 3168 1028 1512 1186 2396 1810 2680 1774 1592 2720 2960 1296 1778 3012 2292 1504 
2108 924 1096 838 1269 904 786 1070 810 1144 2272 1256 1010 806 1112 1060 1122 1344 376 1029 2030 1296 564 5043 1420 2472 1410 1200 1788 3352 810 1909 2148 550 648 1320 2305 2328 1266 416 1584 3240 2148 2740 2196 1463 1960 2096 1932 1868 441 1416 1880 0 1822 3136 1024 2360 1315 2688 1158 1365 2486 440 366 976 914 681 1174 423 894 1026 396 1290 984 960 1106 1824 774 144 3916 948 900 2940 1288 514 806 246 916 928 1400 926 1376 1240 1695 356 838 1602 1233 816 
1518 1346 1518 708 1353 1158 1040 760 866 798 2012 1220 1120 676 1168 1116 1388 1690 798 1410 1781 1406 434 2256 1712 2082 1515 1202 1224 1158 688 3280 1425 606 1070 1366 2417 2192 906 1452 1932 966 1920 2798 2324 1605 2100 2534 1317 2120 2100 1767 2136 1822 0 2298 1986 2035 435 1695 1331 2380 2606 862 56 1398 1320 1373 1230 631 692 1432 802 2516 1718 1326 1512 2202 1267 1898 2803 1032 1306 4166 2410 920 998 652 1448 1334 2171 982 1448 1772 2415 778 1244 2187 1521 1778 
1750 1568 1474 702 1668 1310 1562 1486 1516 1564 2000 1214 1114 670 1192 1568 1910 1684 1020 2193 2695 1400 428 2023 1538 2064 2202 1196 3104 1330 682 3430 3724 1256 1256 1360 3120 2708 1062 1632 3990 3488 3969 3766 4417 3262 3725 1540 3598 716 2695 3534 2124 3136 2298 0 2312 1600 2350 4039 2414 3010 3542 1084 822 1620 1810 1647 1880 1495 1458 926 1292 3952 3710 1407 1932 2355 2118 2832 4820 2007 1796 2640 3080 1328 1312 1142 2492 1824 4536 1632 2020 2816 3067 1252 1680 1830 1992 2104 
1312 1184 1356 1098 1689 1064 946 1350 1162 1502 2759 1428 1270 1066 1392 1340 1294 1788 636 1269 1864 1514 824 2284 1068 2168 1959 1460 1752 1552 970 1944 1276 830 852 968 2839 3032 1656 1440 1048 1796 1036 160 1756 1540 2128 2564 1348 2656 772 1400 1456 1024 1986 2312 0 2408 1756 1096 1926 2116 288 88 878 752 1400 345 1526 1191 1406 1516 908 1312 1352 1728 1618 2175 1542 1120 1684 1290 1412 2940 2312 460 944 728 1260 1242 1824 1206 1024 1584 1824 868 1312 2370 1440 368 
1370 1616 958 750 2100 1306 1568 1534 1594 1382 1992 1262 1162 226 676 1052 1904 1356 1068 2202 2715 1448 476 155 898 1840 2340 1244 2698 1070 730 1350 2675 1262 660 1408 2088 3340 1134 1720 2835 2520 2850 2810 2870 2560 3740 2820 2765 1996 2045 2390 1960 2360 2035 1600 2408 0 2470 2900 2331 1410 2650 1132 870 1668 1696 1719 1958 1567 1506 1566 1178 2918 2365 2133 1292 1395 1947 2480 3715 1674 1682 3800 3012 1296 1588 1028 2480 1710 2955 1638 2068 2804 3650 1300 1620 2775 2406 2200 
1700 1426 1622 882 1092 984 866 586 692 624 2360 1348 1294 850 994 942 1214 1864 902 1149 845 1296 608 2315 1786 2170 1254 1376 280 1400 862 2635 600 432 1174 1540 2069 1844 645 1468 1110 50 1095 1995 1495 750 1665 2186 510 1772 1630 885 2484 1315 435 2350 1756 2470 0 825 1290 1945 1835 806 230 1342 1146 1230 1056 718 866 1258 628 1543 990 1065 1338 1941 1122 1435 1805 771 1132 3030 2340 746 824 478 1100 1160 1325 808 1274 1424 1980 882 1070 1926 1260 1548 
4314 1224 1544 1140 867 782 664 802 614 954 2357 1146 1458 1108 844 792 1012 1726 824 846 1344 966 866 6168 1456 3378 1137 1634 984 4944 688 2730 540 282 1030 1356 1769 1936 969 1312 1089 2205 1416 2574 3792 777 1290 1960 756 1616 2009 612 2232 2688 1695 4039 1096 2900 825 0 1173 2030 2222 476 560 1012 1118 735 978 1009 904 1234 662 2084 2580 948 1372 1446 1173 1488 4367 546 954 3564 2184 720 896 512 696 960 2331 658 944 1020 2160 804 1104 1701 1368 888 
1752 1696 1868 1522 1770 1348 1230 1404 1144 1484 2487 1700 1782 1490 1446 1394 1566 2116 1148 1695 1371 1748 1248 2374 2192 2306 1932 1972 1395 1844 1254 1950 1038 884 1420 2092 2103 2247 1872 1470 1194 1320 1203 1806 1215 1128 1677 2238 984 2007 1347 1209 2568 1158 1331 2414 1926 2331 1290 1173 0 1485 1710 1212 870 1748 1358 1839 1508 1481 122 1470 840 1143 912 1626 1550 2490 1440 1230 1722 1449 1344 2136 2124 958 1250 690 1353 1372 1266 1260 1726 1596 1683 1128 1282 2268 1899 1770 
2355 1470 1522 1314 2085 1122 1004 1324 1356 1362 2928 1474 1556 790 1240 1604 1340 1890 922 1356 2690 1778 1040 1565 1462 3250 2229 1746 2125 2480 1028 2685 2255 1094 1194 1866 3216 3248 1752 1508 1425 1895 1440 2445 1460 2410 3320 2532 2170 2772 1680 2540 2972 1365 2380 3010 2116 1410 1945 2030 1485 0 2285 986 912 1522 1132 1500 1474 1242 1112 1244 614 1508 955 1287 728 2151 1101 1485 2305 1560 1118 2995 1884 732 1024 464 1352 1146 1545 1470 1756 1676 2240 902 1056 1929 1560 1908 
3131 1040 1212 954 1473 1024 906 1206 1018 1358 2504 1388 1126 922 1248 1196 1254 1712 492 1209 2758 1370 680 6131 1052 2820 1743 1316 2196 4256 930 2718 2717 686 836 952 2551 2744 1440 1152 2178 4217 2629 352 4103 2191 2300 2276 2915 2424 847 1694 1424 2486 2606 3542 288 2650 1835 2222 1710 2285 0 72 734 608 1282 129 1382 975 1262 1394 764 1710 3060 1512 1474 1959 1326 1248 4587 1074 1268 4044 2024 316 800 584 1180 1122 2688 1062 1008 1504 1920 724 1168 2154 1224 80 
584 1112 1284 1026 1054 992 874 1278 1090 1430 1302 1356 1198 994 1320 1268 1222 1716 564 774 860 1442 752 1070 996 1012 1234 1388 804 704 898 900 566 758 780 896 1276 1444 1032 648 452 826 446 8 806 698 992 1210 602 1256 314 628 656 440 862 1084 88 1132 806 476 1212 986 72 0 806 680 1328 158 1454 722 1334 1444 836 584 604 1080 1546 1378 956 488 770 788 1340 1398 1084 388 872 656 558 1170 840 1134 952 720 840 796 1240 1508 888 112 
562 1290 1462 764 958 1214 1096 816 922 854 1062 1276 1176 732 1224 1172 1444 1710 742 996 568 1462 490 808 1768 750 1066 1258 342 442 744 894 470 662 1014 1422 1180 1152 660 574 674 250 668 798 732 530 896 1300 434 1116 492 584 1124 366 56 822 878 870 230 560 870 912 734 806 0 1342 1280 820 1286 84 748 1392 762 684 530 940 1472 1524 750 414 952 744 1266 1346 1010 880 1054 612 780 1294 760 1038 1504 942 1022 722 1204 1434 1070 774 
1120 1648 1820 1562 1508 1632 1514 1814 1626 1966 1860 1996 1734 1530 1856 1804 1862 2320 1100 1414 1396 1978 1288 1606 1660 1548 1770 1924 1340 1240 1538 1504 1102 1294 1444 1560 1812 1980 1568 1184 1092 1362 1086 672 1342 1234 1528 1166 1138 1820 850 1164 1320 976 1398 1620 752 1668 1342 1012 1748 1522 608 680 1342 0 1890 694 1990 1258 1870 1900 1372 1120 1140 1616 2082 1334 1492 1024 866 1324 1876 1854 1620 924 968 1192 1198 1730 1170 1670 1616 1360 796 1332 1336 2044 984 648 
1310 1838 2010 1752 1696 1428 1310 1692 1724 1730 1738 1792 1924 1720 1962 1910 1658 2258 1290 1210 1444 2084 1478 1758 2308 1738 1854 2114 1218 1430 1334 1442 1208 1400 1562 2208 1918 1918 1536 1122 888 1126 882 1320 952 1332 1634 1634 1236 1692 1040 1322 1854 914 1320 1810 1400 1696 1146 1118 1358 1132 1282 1328 1280 1890 0 1368 1842 1196 1480 1612 982 904 750 1226 1692 1802 1102 962 1290 1408 1486 1566 1558 1100 1392 832 994 1514 986 1776 2062 1156 1264 1270 1424 1654 1408 1322 
897 1126 1298 1040 1602 1110 992 1292 1104 1444 2007 1474 1212 1008 1334 1282 1340 1798 578 1338 1311 1456 766 1626 1138 1539 1872 1402 1227 1077 1016 1473 870 772 922 1038 1935 2187 1569 993 855 1260 846 225 1230 1068 1509 1836 924 1947 492 963 1197 681 1373 1647 345 1719 1230 735 1839 1500 129 158 820 694 1368 0 1468 1104 1348 1480 850 897 927 1641 1560 2088 1455 753 1176 1203 1354 2151 1647 402 886 670 1014 1208 1281 1148 1094 1257 1281 810 1254 2283 1353 189 
1570 2098 2270 1866 1376 1760 1642 1600 1340 1680 2070 2124 2184 1834 1642 1590 1990 2518 1550 1436 1110 1944 1592 1896 2434 1852 1484 2360 1126 1544 1666 1702 888 1080 1822 2334 1598 1694 1444 1382 1220 1076 1214 1446 890 948 1314 1718 852 1534 1300 1002 2094 1174 1230 1880 1526 1958 1056 978 1508 1474 1382 1454 1286 1990 1842 1468 0 1370 1630 1712 1324 1178 1092 1358 2034 1942 1040 1222 1520 1162 1828 1758 1818 1374 1622 1174 1326 1788 1328 1456 1922 1488 1590 1530 1766 1932 1638 1422 
985 1206 1378 848 1606 1186 1068 900 1006 938 1855 1360 1260 816 1308 1256 1404 1626 658 1452 1083 1546 574 1474 1702 1387 1761 1342 865 925 828 1215 874 746 930 1506 1939 1959 1307 735 951 745 960 1071 972 964 1513 1995 820 1808 612 1045 1819 423 631 1495 1191 1567 718 1009 1481 1242 975 722 84 1258 1196 1104 1370 0 832 1308 678 900 669 1383 1388 2247 999 495 1479 1285 1182 1893 1389 796 1088 528 1110 1210 1023 1122 1588 1353 1440 638 1120 2025 1656 1035 
1198 1818 1990 1400 1302 1470 1352 1452 1266 1490 1698 1822 1812 1368 1568 1516 1688 2238 1270 1252 1036 1870 1126 1444 2314 1386 1410 1894 978 1078 1376 1422 814 1006 1542 2058 1524 1620 1296 1102 918 886 924 1326 932 874 1240 1614 778 1460 1020 928 1760 894 692 1458 1406 1506 866 904 122 1112 1262 1334 748 1870 1480 1348 1630 832 0 1592 962 884 730 1206 1672 1782 1082 942 1270 1088 1466 1546 1538 1080 1372 812 1024 1494 966 1382 1848 1186 1244 1250 1404 1634 1388 1302 
1422 1950 2122 1628 1812 1544 1426 1804 1836 1842 1854 1896 2036 1596 2078 2026 1762 2370 1402 1326 1540 2200 1354 1504 2424 1614 1966 2122 1330 1306 1450 1554 1324 1516 1674 2286 2034 2034 1634 1234 992 1238 998 1436 822 1444 1004 1474 1348 1284 1152 1438 1966 1026 1432 926 1516 1566 1258 1234 1470 1244 1394 1444 1392 1900 1612 1480 1712 1308 1592 0 1094 1016 862 1338 1804 1642 972 1074 1034 1520 1598 46 1670 1212 1136 944 1098 1626 1098 1146 2178 1260 1104 1382 1504 386 1152 1434 
792 1320 1492 1234 1240 972 854 1174 1206 1212 1282 1324 1406 1202 1506 1454 1190 1740 772 754 926 1628 960 1240 1816 1220 1336 1596 700 912 878 924 752 944 1044 1716 1462 1462 1018 604 420 608 426 828 434 814 1178 1116 718 1236 522 866 1336 396 802 1292 908 1178 628 662 840 614 764 836 762 1372 982 850 1324 678 962 1094 0 386 232 708 1174 1284 584 444 772 890 968 1048 1040 582 874 314 526 996 468 1320 1606 688 746 752 906 1136 890 804 
2452 1242 1414 1156 1743 894 776 1096 1128 1134 2533 1246 1328 1124 1428 1376 1112 1662 694 1014 2586 1550 882 3828 1564 3736 1887 1518 2202 2812 800 3017 2208 866 966 1464 2937 2792 1410 1052 1362 1926 1380 1902 864 2184 2843 2076 2104 2316 1642 2550 2448 1290 2516 3952 1312 2918 1543 2084 1143 1508 1710 584 684 1120 904 897 1178 900 884 1016 386 0 798 945 1096 1809 657 1434 2162 1218 890 3096 1924 196 796 72 896 610 1506 1242 1520 1220 1758 674 828 1587 1218 1104 
2928 1088 1260 1002 1512 740 622 942 974 980 2225 1092 1174 970 1274 1222 958 1508 540 783 2429 1396 728 5658 1584 2964 1656 1364 1404 7040 646 2400 3120 712 812 1484 2629 2484 1179 744 846 2444 2628 3314 1212 2037 2365 1768 3958 2008 1015 1902 2208 984 1718 3710 1352 2365 990 2580 912 955 3060 604 530 1140 750 927 1092 669 730 862 232 798 0 714 942 1578 528 636 3014 987 736 2448 1616 350 642 82 588 764 826 1088 1374 912 1285 520 674 1356 987 1144 
1554 1564 1736 1478 1545 1216 1098 1254 994 1334 2289 1568 1650 1446 1296 1244 1434 1984 1016 1497 1146 1598 1204 2226 2060 2196 1707 1840 1170 1734 1122 1752 813 734 1288 1960 1878 2022 1647 1272 996 1095 1005 1608 1017 903 1452 2040 759 1782 1149 984 2370 960 1326 1407 1728 2133 1065 948 1626 1287 1512 1080 940 1616 1226 1641 1358 1383 1206 1338 708 945 714 0 1418 2292 1242 1032 1524 1224 1212 1938 1926 826 1118 558 1155 1240 1068 1110 1576 1398 1485 996 1150 2070 1701 1572 
1502 2030 2202 1944 1950 1682 1564 1884 1916 1922 1992 2034 2116 1518 1968 2164 1900 2450 1482 1464 1636 2338 1670 1354 2190 1930 2046 2306 1410 1622 1588 1634 1462 1654 1754 2426 2172 2172 1728 1314 1130 1318 1136 1538 1144 1524 1888 1826 1428 1946 1232 1576 2046 1106 1512 1932 1618 1292 1338 1372 1550 728 1474 1546 1472 2082 1692 1560 2034 1388 1672 1804 1174 1096 942 1418 0 1994 1294 1154 1482 1600 1678 1758 1670 1292 1584 1024 1236 1706 1178 2030 2316 1398 1456 1462 1616 1846 1600 1514 
2217 2140 1888 1680 1875 1746 1628 1766 1578 1918 2889 2110 2092 1156 1606 1756 1976 2286 1592 2292 2022 1930 1406 1488 1828 2499 2583 2174 1938 2037 1652 2205 1581 1246 1590 2258 2646 2898 2415 2136 1809 1971 1800 2055 1881 1779 2220 1362 1635 2658 2013 1752 2865 1824 2202 2355 2175 1395 1941 1446 2490 2151 1959 1378 1524 1334 1802 2088 1942 2247 1782 1642 1284 1809 1578 2292 1994 0 2106 1896 912 1992 1788 2394 2790 1402 710 1134 1968 1816 1368 1622 1908 2211 807 1572 1078 2904 1089 1899 
1368 1440 1612 1354 2040 1092 974 1294 1326 1332 2103 1444 1526 1322 1626 1574 1310 1860 892 1311 1302 1748 1080 2040 1936 2010 2184 1716 1230 1548 998 1566 1308 1064 1164 1836 2373 2178 1707 1086 810 1092 819 1422 225 1401 1947 1854 1257 2034 963 1479 2184 774 1267 2118 1542 1947 1122 1173 1440 1101 1326 956 750 1492 1102 1455 1040 999 1082 972 584 657 528 1242 1294 2106 0 846 1338 1515 1088 1527 1740 634 994 434 969 1048 882 1440 1726 1161 1299 872 1026 1884 1515 1386 
1332 972 1144 886 1341 952 834 1118 858 1192 2368 1304 1058 854 1160 1108 1170 1392 424 1101 1884 1344 612 2790 1468 2616 1482 1248 1932 1692 858 2053 1218 598 696 1368 2401 2424 1338 512 1200 1764 1218 1440 1242 1398 2080 2192 1110 1964 522 1560 1784 144 1898 2832 1120 2480 1435 1488 1230 1485 1248 488 414 1024 962 753 1222 495 942 1074 444 1434 636 1032 1154 1896 846 0 2256 1020 948 3084 1384 562 854 294 1012 976 1344 974 1424 1336 1815 404 886 1674 1305 912 
5650 1628 1800 1542 1173 1280 1162 1308 1156 1346 3305 1632 1714 1510 1458 1406 1498 2048 1080 1593 3241 1760 1268 8642 1750 4584 1950 1904 2502 6803 1186 3842 3872 896 1352 1650 2997 3020 1728 1824 3276 4189 4081 4819 4125 2674 2825 880 3674 2700 2905 2454 2820 3916 2803 4820 1684 3715 1805 4367 1722 2305 4587 770 952 866 1290 1176 1520 1479 1270 1034 772 2162 3014 1524 1482 912 1338 2256 0 1467 1276 2964 2556 890 102 622 1588 1304 1064 1272 1706 1912 175 1060 470 1992 177 1316 
1542 1556 1728 1324 1143 1146 1028 986 798 1138 2184 1510 1642 1218 1028 976 1376 1910 1008 1286 852 1330 1050 1581 1768 1965 1413 1818 768 1503 1052 1641 411 466 1214 1668 1476 1728 1245 1260 909 801 900 1170 1290 609 1050 1656 465 1488 1137 240 2142 948 1032 2007 1290 1674 771 546 1449 1560 1074 788 744 1324 1408 1203 1162 1285 1088 1520 890 1218 987 1224 1600 1992 1515 1020 1467 0 1318 2211 1914 1008 1080 740 1068 1324 1341 842 1308 1311 1572 988 1332 1977 1644 1014 
1296 1824 1996 1738 1532 1476 1358 1678 1568 1716 1786 1828 1910 1706 1798 1746 1694 2244 1276 1258 1338 1920 1464 1744 2320 1724 1712 2100 1204 1416 1382 1428 1044 1236 1548 2220 1754 1922 1522 1108 924 1112 930 1332 938 1176 1470 1620 1080 1740 1026 1158 1840 900 1306 1796 1412 1682 1132 954 1344 1118 1268 1340 1266 1876 1486 1354 1828 1182 1466 1598 968 890 736 1212 1678 1788 1088 948 1276 1318 0 1552 1544 1086 1378 818 1030 1500 972 1612 1898 1192 1250 1256 1410 1640 1394 1308 
