0 2954 1744 442 1984 1876 867 1512 723 1662 1205 954 498 410 1650 1809 1456 1424 1040 1530 778 900 168 2673 3884 2354 1758 804 1571 660 633 2134 2986 1044 756 1650 2555 744 405 790 3144 3722 3871 3554 4319 1908 2325 2514 3184 2532 1080 1854 1124 2306 2721 1750 1312 1370 2596 3481 1752 2355 3202 584 762 1680 1310 1196 1392 1017 1290 1422 792 2452 3208 1554 1502 2217 912 1332 5837 1167 1296 4128 1560 828 1869 642 2482 1192 1082 1072 5119 1484 3222 752 1234 2928 1893 1380 
2954 0 3068 1104 1656 2795 621 1792 1296 1401 1810 1576 1160 1072 1641 1563 1442 1976 1548 1332 648 1396 830 4200 4053 3841 1512 1598 1266 2919 1626 3480 1190 798 1280 1824 2269 1900 1850 2265 2352 1155 2331 2570 3178 1416 1915 3620 1316 3174 2009 1362 2716 2443 1834 4249 1580 3025 1225 1505 1548 2720 2346 718 580 1881 1456 1464 1228 1154 1154 1568 938 2878 2471 1323 1648 2091 1058 2238 3654 921 1384 4566 2013 962 1647 788 2023 1190 840 908 3843 1480 3342 1054 1380 2768 1743 1515 
1744 3068 0 926 3384 1608 1917 2512 1671 2712 2228 1586 640 1042 2265 2199 2126 1566 2440 2517 1410 1772 800 1792 2780 1140 2808 1568 2224 1504 1581 2996 2408 2094 1618 1863 3150 2008 1588 2376 2712 2408 2700 2552 2924 2672 3260 2940 2480 2952 1940 2636 2868 2192 2796 2264 2712 1916 2448 2588 2802 3044 2424 1284 1454 2730 2010 2596 2092 2067 1990 2058 1492 2828 2520 2604 2202 2832 1612 2288 3688 2217 1996 4024 2610 1528 2919 1342 2560 1892 1714 1772 3892 2884 3548 1452 1934 4328 2943 2504 
442 1104 926 0 1294 374 994 958 684 1378 684 1156 426 612 1302 1252 1696 1352 962 1248 980 1342 370 688 960 356 1454 1138 682 322 624 1078 920 1112 1198 1028 1260 574 364 758 926 774 920 1018 1204 918 1346 1040 956 1046 712 1034 1004 838 968 702 1098 750 794 1010 1610 1314 954 1026 1024 1562 1752 1040 1808 1108 1660 1628 1234 1156 1002 1462 1944 1680 1354 886 1480 1194 1738 1582 1482 1270 1542 1084 1022 1634 1284 1488 1542 1184 1410 1194 1676 1906 1598 994 
1984 1656 3384 1294 0 2048 843 2400 1518 1638 2668 1724 1334 1262 1863 1785 1590 2124 1844 1554 1066 1544 1020 2676 1648 2528 1734 1788 1452 1944 1899 2616 976 1020 1428 2046 2565 2367 2028 2108 1640 1496 1628 1716 2420 1240 1828 684 1048 2300 1444 1204 3012 1692 1804 2224 1876 2800 1456 1156 1770 2780 1588 866 958 2103 1696 1760 1376 1606 1302 1812 1240 2324 2016 1545 1950 1875 1360 1788 1564 1143 1532 3532 2235 1110 1326 1090 1452 1338 1120 1056 1768 1776 1424 1202 1252 3064 1350 1508 
1876 2795 1608 374 2048 0 960 1376 465 1536 775 886 430 342 1548 1884 1322 1356 1384 1311 710 1072 100 3457 2930 3138 1776 868 1229 1444 531 2530 3155 1137 928 1548 2596 400 25 1220 2484 3570 3003 4177 5149 1944 2480 2310 3353 2328 1768 2047 1468 3628 2273 1512 1656 1200 2330 3650 1887 2610 3825 756 670 1938 1428 1540 1454 1179 1306 1358 964 2968 4038 1662 1674 2115 1084 1848 6004 1260 1468 3936 1818 1000 1782 814 2632 1270 930 1134 4938 1640 3420 924 1406 3220 1920 1715 
867 621 1917 994 843 960 0 1179 897 1017 1425 1310 920 962 1242 1164 1176 1710 762 933 652 1130 720 1557 1665 1275 1113 1382 468 1008 1278 1341 111 399 1014 1425 1176 912 945 960 609 501 600 666 1194 309 750 1356 165 1188 462 282 1638 648 732 1578 786 1650 471 246 1149 1464 570 452 544 1482 1282 699 962 985 888 1398 826 1122 891 924 1536 1692 946 720 1167 522 1118 2028 1614 696 1320 676 468 924 706 642 1320 711 1272 788 1248 1677 1344 510 
1512 1792 2512 958 2400 1376 1179 0 1497 1755 1996 1470 756 926 2199 2121 1760 1682 2292 1890 884 1656 684 2004 2548 1372 2070 1452 948 1272 1407 2784 1424 1356 1512 2037 3013 1776 1356 2144 1980 1132 1968 2164 2288 1688 2276 2708 1496 2720 1892 1652 2636 2140 1520 2032 2324 2128 1172 1604 2106 2648 2036 1090 816 2439 1692 2208 1600 1576 1452 1804 1174 2192 1884 1881 1884 2649 1294 2236 2616 1479 1678 3516 2571 1292 2001 1024 1900 1562 1076 1280 2668 2224 2756 1426 1616 3512 2139 1956 
723 1296 1671 684 1518 465 897 1497 0 1692 930 1196 740 652 1917 1839 1566 1666 1437 1608 1020 1382 410 1092 1344 1005 1680 1178 957 543 996 1677 786 1074 1238 2013 1851 765 480 1197 1194 1068 1203 1233 1764 876 1425 1620 732 1629 1128 957 1566 1215 1299 1113 1353 1185 1038 921 1716 2031 1137 830 922 2049 1684 1266 1340 1552 1266 1668 1206 1692 1461 1491 1916 2367 1326 1287 1734 1197 1568 2433 2181 1074 1887 1056 1035 1302 1084 1092 1887 1278 1839 1166 1626 2352 1911 1077 
1662 1401 2712 1378 1638 1536 1017 1755 1692 0 2001 1840 1434 1346 2037 1959 1706 1658 1557 1728 922 1660 1104 2133 2148 2046 1908 1872 1044 1584 2037 1263 906 1194 962 2220 1971 1836 1521 1743 1404 906 1395 1461 1773 1104 1545 2151 960 1983 1257 1077 2433 1443 1197 2154 1581 2073 936 1041 1944 2043 1365 982 854 2277 1730 1494 1492 1560 1418 1842 1212 1701 1470 1719 1922 2487 1332 1515 1962 1317 1648 2694 2409 1226 2058 1062 1263 1454 1114 1172 2058 1506 2067 1318 1654 2472 2139 1305 
1205 1810 2228 684 2668 775 1425 1996 930 2001 0 1196 740 652 2013 2349 1632 1666 2004 1776 1020 1382 410 1820 2240 1675 2241 1178 1595 905 996 2795 2190 1602 1238 2013 3216 1020 800 1995 2155 1825 2140 2645 3110 2395 3255 2700 2280 2715 1880 2475 2088 2195 2310 1855 2276 1975 1875 2415 2352 3385 2485 1066 980 2403 1738 2160 1764 1644 1616 1668 1274 3145 2605 2127 1984 2580 1394 2315 3680 1725 1778 4055 2283 1310 2247 1124 2420 1580 1240 1444 3745 2260 3625 1234 1716 3840 2385 2490 
954 1576 1586 1156 1724 886 1310 1470 1196 1840 1196 0 1212 1124 1814 1938 1674 2138 1474 1238 1492 1854 882 1200 1472 1142 1844 1650 1194 834 1136 1590 1236 1428 1710 1814 1946 1086 876 1270 904 1286 910 1142 1294 1308 1662 1552 1212 1558 1224 1350 1516 1256 1480 1214 1222 1262 1306 1146 1700 1474 1078 1150 1536 1686 1792 1164 2064 1538 1822 1896 1324 1246 1092 1568 2034 2110 1444 1304 1676 1510 1828 1850 1900 1394 1778 1174 1010 1622 1796 1804 1778 1172 1606 1612 1766 1978 1794 1038 
498 1160 640 426 1334 430 920 756 740 1434 740 1212 0 668 1358 966 1752 1066 794 1300 1036 1398 426 744 1016 70 1442 1194 738 378 680 1134 846 944 1254 742 974 630 420 814 982 830 976 1074 1260 906 1272 1096 810 1102 768 960 1060 894 1024 758 1154 806 850 936 1466 1370 1010 1082 1080 1618 1808 1096 1662 1164 1588 1684 1290 1212 1058 1316 2000 1736 1410 942 1478 1120 1794 1638 1538 1326 1580 1140 1012 1624 1340 1414 1580 1174 1466 1250 1732 1890 1596 1040 
410 1072 1042 612 1262 342 962 926 652 1346 652 1124 668 0 778 1154 1664 1582 930 1216 948 1310 338 164 928 598 1422 1106 650 290 592 766 888 1080 886 1270 1146 542 332 726 894 742 888 986 1172 886 1314 1008 924 1014 680 1002 972 806 936 670 1066 226 762 978 1578 790 922 994 992 1530 1720 1008 1776 1076 1628 1596 1202 1124 970 1430 1518 1156 1322 854 1448 1162 1706 1550 1450 1238 1510 1052 990 1602 1252 1456 1510 1152 1378 1162 1644 1874 1566 962 
1650 1641 2265 1302 1863 1548 1242 2199 1917 2037 2013 1814 1358 778 0 2184 1856 2032 1782 1953 1332 1810 1028 921 1083 1932 2133 1796 1488 1470 1923 1824 1131 1419 1336 2445 2196 1848 1533 1893 1629 1521 1620 1686 2214 1329 1770 2376 1185 1572 1482 1302 2298 1668 1752 1788 1806 1014 1491 1266 2169 1860 1590 1132 1224 2502 1962 1719 1642 2005 1568 2078 1506 2142 1911 1944 1968 2409 1626 1740 2187 1542 1798 3048 2634 1376 2340 1356 1488 1604 1386 1322 2340 1731 2292 1468 1928 2697 2364 1530 
1809 1563 2199 1252 1785 1884 1164 2121 1839 1959 2349 1938 966 1154 2184 0 1002 1892 1704 1875 1280 1758 1252 1485 2607 1344 2055 2010 1410 1806 2220 2283 1053 1341 1642 2352 12 2076 1869 1902 1551 1443 1542 1608 2136 1251 1692 2298 1107 2130 1404 1224 2580 1590 1674 2352 1728 1578 1413 1188 2091 2406 1512 1080 1172 2424 1910 1641 1590 1927 1516 2026 1454 2064 1833 1866 2164 2634 1574 1662 2109 1464 1746 2970 2556 1324 2262 1304 1410 1552 1334 1270 2262 1653 2214 1416 1876 2619 2286 1452 
1456 1442 2126 1696 1590 1322 1176 1760 1566 1706 1632 1674 1752 1664 1856 1002 0 2466 1436 1104 1512 1978 1422 1740 1870 1682 1710 2190 1286 1374 1228 1650 1102 1294 1770 1896 994 1522 1332 1330 770 1194 776 1008 1160 1174 1528 1688 1078 1586 1186 1216 1656 1122 1388 1754 1088 1802 1214 1012 1566 1340 944 1016 1444 1552 1658 1030 1930 1404 1688 1762 1190 1112 958 1434 1900 1976 1310 1170 1542 1376 1694 1716 1766 1260 1644 1040 876 1488 1674 1670 1644 1038 1472 1478 1632 1844 1660 904 
1424 1976 1566 1352 2124 1356 1710 1682 1666 1658 1666 2138 1066 1582 2032 1892 2466 0 1720 2030 1962 2324 1352 1418 1676 996 2284 2120 1664 1304 1606 816 1636 1828 936 1668 1900 1556 1346 1136 1696 1756 1702 1708 1710 1762 2062 2022 1666 2002 1470 1750 1986 1344 1766 1684 1788 1356 1776 1726 2116 1890 1712 1716 1710 2320 2258 1798 2518 1626 2238 2370 1740 1662 1508 1984 2450 2286 1860 1392 2092 1910 2244 2324 1988 1858 2194 1590 1780 2272 2262 2204 2194 1942 2022 1700 2182 2412 2210 1752 
1040 1548 2440 962 1844 1384 762 2292 1437 1557 2004 1474 794 930 1782 1704 1436 1720 0 1473 1012 1420 688 2012 2248 1448 1653 1324 1344 1280 1413 1808 868 939 1024 1965 2457 1784 1364 1168 1332 1388 1344 1112 1484 1132 1720 2528 940 2304 500 1096 2164 752 1646 2040 1272 2136 1348 1048 1689 1844 984 564 742 1650 1290 1156 1322 987 1248 1402 772 1388 1080 1464 1482 2232 892 848 2248 1062 1276 2712 1530 808 1839 622 1120 1172 1066 1002 2452 1444 2108 732 1214 2888 1863 1064 
1530 1332 2517 1248 1554 1311 933 1890 1608 1728 1776 1238 1300 1216 1953 1875 1104 2030 1473 0 1064 1530 974 1938 2151 1845 1824 1742 1179 1389 1170 1821 822 534 1334 2136 1887 1611 1326 1341 501 1119 492 858 1086 1020 1461 1878 876 1707 1125 993 1830 1029 1410 1959 978 2031 1149 846 1695 1356 762 580 996 1674 1210 891 1436 1452 1252 1326 754 1014 783 1497 1464 2292 874 1101 1659 1233 1258 1920 1995 824 1812 604 660 1052 1180 1116 1812 903 1554 1042 1196 2112 1836 702 
778 648 1410 980 1066 710 652 884 1020 922 1020 1492 1036 948 1332 1280 1512 1962 1012 1064 0 1634 706 1024 1146 966 1174 1474 410 658 960 1386 578 770 1506 1454 1288 910 700 1066 742 318 736 876 896 638 1004 1376 542 1224 812 692 1340 858 512 1038 956 1086 338 668 1198 1076 812 884 568 1420 1444 898 1394 652 1204 1556 926 848 694 1048 1636 1632 1046 906 1060 852 1430 1510 1502 1044 1086 776 744 1356 828 1146 1086 906 1130 1214 1368 1598 1178 772 
900 1396 1772 1342 1544 1072 1130 1656 1382 1660 1382 1854 1398 1310 1810 1758 1978 2324 1420 1530 1634 0 1068 1386 1658 1328 1724 1704 1294 1020 1322 1536 1056 1248 1656 1932 1766 1272 1062 1216 1208 1316 1202 1426 1598 1188 1482 1738 1092 1744 1170 1170 1462 1296 1470 1400 1506 1448 1296 966 1748 1778 1362 1434 1526 1970 2084 1448 1944 1578 1870 2200 1628 1550 1396 1598 2338 1930 1748 1344 1760 1330 1920 2154 1940 1678 1862 1478 1294 1906 1688 1624 1862 1456 1830 1652 2070 2100 1878 1322 
168 830 800 370 1020 100 720 684 410 1104 410 882 426 338 1028 1252 1422 1352 688 974 706 1068 0 414 686 356 1180 864 408 48 350 804 646 838 924 1028 1260 300 90 484 652 500 646 744 930 644 1072 766 682 772 438 760 730 564 694 428 824 476 520 736 1336 1040 680 752 750 1288 1478 766 1534 834 1386 1354 960 882 728 1188 1670 1406 1080 612 1206 920 1464 1308 1208 996 1268 810 748 1360 1010 1214 1268 910 1136 920 1402 1632 1324 720 
2673 4200 1792 688 2676 3457 1557 2004 1092 2133 1820 1200 744 164 921 1485 1740 1418 2012 1938 1024 1386 414 0 4866 3707 2247 1182 2387 2013 1002 2066 5380 1734 722 2019 1964 1236 1020 2005 4443 5763 5536 5987 6769 2886 3475 3252 5578 2808 3024 2682 1836 4979 3582 2023 2284 155 3934 5875 2424 1565 5635 1070 1068 2409 1758 2168 1852 1734 1704 1504 1240 3828 5658 2226 1354 1488 1360 2790 7692 1581 1744 4374 2289 1314 2295 1090 4274 1678 1328 1532 6148 2456 4362 1238 1682 3596 2463 2595 
3884 4053 2780 960 1648 2930 1665 2548 1344 2148 2240 1472 1016 928 1083 2607 1870 1676 2248 2151 1146 1658 686 4866 0 4824 2172 1454 2745 3284 1410 2869 5180 1842 980 2427 3590 1572 1490 1350 4988 4229 5569 4940 6008 2736 3655 3593 5048 978 3573 3450 2640 4349 3437 2561 2136 2245 3232 4730 2280 3235 5260 996 1038 2490 1662 2276 1860 1545 1642 1610 1144 3534 4998 2082 1854 2742 1264 2388 7531 1965 1648 4692 2088 1262 2334 994 4566 1676 1338 1604 6224 2564 4278 1104 1586 3632 2421 2730 
2354 3841 1140 356 2528 3138 1275 1372 1005 2046 1675 1142 70 598 1932 1344 1682 996 1448 1845 966 1328 356 3707 4824 0 2058 1124 2177 2002 915 3298 5044 1311 1184 1008 2184 1120 875 1860 4172 5756 6259 5592 6625 2508 3005 3078 4810 3096 2792 2670 1980 5612 3379 2408 2168 1840 3366 5196 2094 3250 5240 1012 1010 2322 1738 2052 1592 1647 1518 1614 1220 3736 6646 1869 1930 2499 1340 2616 7040 1575 1724 4704 2202 1256 2265 1070 3768 1554 1270 1344 6067 2208 4188 1180 1662 3640 2289 2425 
1758 1512 2808 1454 1734 1776 1113 2070 1680 1908 2241 1844 1442 1422 2133 2055 1710 2284 1653 1824 1174 1724 1180 2247 2172 2058 0 1948 1359 1698 2097 2202 1002 1290 1588 2316 2067 2025 1761 1722 1410 1284 1419 1449 1959 804 1641 2247 948 1683 1353 1173 2421 1410 1515 2220 1569 2340 1254 1137 1932 2229 1353 974 1066 2265 1828 1482 1484 1761 1410 1932 1336 1887 1656 1707 2046 2583 1456 1482 1950 1413 1712 2829 2376 1218 2103 1186 1251 1446 1228 1236 2103 1494 2055 1296 1770 2568 2127 1293 
804 1598 1568 1138 1788 868 1382 1452 1178 1872 1178 1650 1194 1106 1796 2010 2190 2120 1324 1742 1474 1704 864 1182 1454 1124 1948 0 1176 816 1118 1440 1308 1500 1560 1796 2018 1068 858 1120 1420 1268 1414 1380 1566 1412 1734 1534 1344 1540 1074 1422 1366 1200 1462 1196 1460 1244 1288 1398 1972 1746 1316 1388 1518 1924 2114 1402 2196 1482 2094 2122 1596 1518 1364 1840 2306 2174 1716 1248 1948 1582 2100 2076 1844 1632 2036 1446 1384 1996 1778 1876 2036 1546 1878 1556 2038 2268 2066 1356 
1571 1266 2224 682 1452 1229 468 948 957 1044 1595 1194 738 650 1488 1410 1286 1664 1344 1179 410 1294 408 2387 2745 2177 1359 1176 0 1289 993 3174 714 645 1178 1671 2065 1056 795 1990 1548 276 1530 1824 2010 1110 1660 3209 822 2868 1416 1056 2084 1788 858 2429 1376 1970 336 984 1395 2125 1632 616 342 1728 1218 1260 1126 865 978 1330 700 2202 1404 1170 1410 1938 820 1932 2502 768 1204 3852 1860 818 1290 550 1428 1088 602 806 2580 1276 2712 952 1142 2564 1428 1260 
660 2919 1504 322 1944 1444 1008 1272 543 1584 905 834 378 290 1470 1806 1374 1304 1280 1389 658 1020 48 2013 3284 2002 1698 816 1289 0 453 2374 6515 1185 876 1470 2492 504 105 1090 2796 5070 5408 3974 4931 1788 2560 2154 6225 2172 1560 2149 1364 3932 2301 1330 1552 1070 2470 4219 1932 2480 3622 704 702 1860 1430 1436 1486 1185 1338 1306 912 2812 8652 1710 1622 2037 1032 1692 5862 1308 1416 3780 1740 948 1830 762 2810 1312 962 1166 4940 1724 3264 872 1354 3168 1914 1680 
633 1626 1581 624 1899 531 1278 1407 996 2037 996 1136 680 592 1923 2220 1228 1606 1413 1170 960 1322 350 1002 1410 915 2097 1118 993 453 0 1587 1167 1455 1178 1923 2232 831 516 1107 687 1131 678 1044 1272 1293 1806 1530 1149 1539 1038 1338 1476 1215 1422 1023 1164 1095 1161 1032 1881 1542 948 704 1004 1860 1334 1077 1618 1634 1376 1450 878 1200 969 1683 1588 2478 998 1287 1845 1578 1382 2106 2181 948 1998 728 846 1176 1264 1346 1998 1089 1740 1166 1320 2298 2022 888 
2134 3480 2996 1078 2616 2530 1341 2784 1677 1263 2795 1590 1134 766 1824 2283 1650 816 1808 1821 1386 1536 804 2066 2869 3298 2202 1440 3174 2374 1587 0 2460 1518 120 2544 3087 2016 1995 800 2765 3210 2783 2744 2995 2841 3115 4510 2553 3734 2162 2802 2396 1909 3409 3430 1944 1350 3165 2730 1950 2685 2718 900 894 2256 1442 1964 1702 1215 1422 1554 924 3017 2389 1752 1634 2205 1044 2053 3952 1641 1428 4800 1758 1042 2067 774 2922 1456 1446 1388 4303 2252 3812 884 1366 3192 2091 2340 
2986 1190 2408 920 976 3155 111 1424 786 906 2190 1236 846 888 1131 1053 1102 1636 868 822 578 1056 646 5380 5180 5044 1002 1308 714 6515 1167 2460 0 288 940 1314 1589 1406 1390 1415 1494 1925 2632 2460 3971 396 1065 2600 342 2154 936 342 2036 2506 1449 3449 900 2565 960 540 1038 2255 2108 378 470 1371 1208 784 888 874 814 1324 752 2166 5469 813 1462 1581 872 1218 3520 411 1044 3834 1503 622 1209 602 952 850 632 568 3497 800 2322 714 1174 2088 1233 665 
1044 798 2094 1112 1020 1137 399 1356 1074 1194 1602 1428 944 1080 1419 1341 1294 1828 939 534 770 1248 838 1734 1842 1311 1290 1500 645 1185 1455 1518 288 0 1132 1602 1353 1311 1122 1137 786 678 777 843 1371 486 927 1533 342 1365 639 459 1815 825 909 1755 963 1827 648 423 1326 1641 747 570 662 1659 1400 876 1080 1162 1006 1516 944 1299 1068 1101 1654 1869 1064 897 1344 699 1236 2205 1791 814 1497 794 645 1042 824 760 1497 888 1449 906 1366 1854 1521 687 
756 1280 1618 1198 1428 928 1014 1512 1238 962 1238 1710 1254 886 1336 1642 1770 936 1024 1334 1506 1656 924 722 980 1184 1588 1560 1178 876 1178 120 940 1132 0 1660 1650 1128 918 440 1000 1188 1006 772 1014 1066 1366 1594 970 1306 774 1054 1318 648 1070 1256 852 660 1174 1030 1420 1194 836 780 1014 1444 1562 922 1822 930 1542 1674 1044 966 812 1288 1754 1590 1164 696 1396 1214 1548 1628 1292 1152 1498 894 904 1516 1566 1508 1498 1066 1326 1004 1486 1716 1514 876 
1650 1824 1863 1028 2046 1548 1425 2037 2013 2220 2013 1814 742 1270 2445 2352 1896 1668 1965 2136 1454 1932 1028 2019 2427 1008 2316 1796 1671 1470 1923 2544 1314 1602 1660 0 2364 1848 1533 2124 1689 1704 1698 1332 2274 1512 1953 2547 1368 2391 1665 1485 2304 1851 1935 2040 1452 2112 1674 1449 2352 2544 1428 896 1346 2340 2014 1557 1764 2188 1690 2118 1546 2196 1971 2127 2256 2895 1666 1923 2370 1725 1920 3108 2817 1268 2523 1396 1530 1632 1508 1444 2523 1773 2475 1590 1988 2880 2547 1488 
2555 2269 3150 1260 2565 2596 1176 3013 1851 1971 3216 1946 974 1146 2196 12 994 1900 2457 1887 1288 1766 1260 1964 3590 2184 2067 2018 2065 2492 2232 3087 1589 1353 1650 2364 0 2888 2576 2721 2253 2109 2241 2329 3033 1853 2441 3249 1661 3025 2057 1703 3542 2305 2417 3120 2489 2088 2069 1769 2103 3216 2201 1088 1180 2436 1918 2373 1598 1939 1524 2034 1462 2937 2629 1878 2172 2646 1582 2401 2997 1476 1754 4145 2568 1332 2274 1312 2065 1560 1342 1278 3201 2389 3137 1424 1884 3677 2298 2121 
744 1900 2008 574 2367 400 912 1776 765 1836 1020 1086 630 542 1848 2076 1522 1556 1784 1611 910 1272 300 1236 1572 1120 2025 1068 1056 504 831 2016 1406 1311 1128 1848 2888 0 420 1376 1504 1240 1492 1896 2268 1645 2258 1940 1478 1952 1284 1634 1868 1536 1628 1264 2056 1360 1280 1586 2061 2488 1768 956 870 2238 1628 1940 1570 1479 1496 1558 1164 2172 1864 1836 1874 2415 1284 1632 2724 1434 1668 3024 2118 1200 2082 1014 1716 1470 1130 1250 2776 2040 2680 1124 1606 3494 2220 1772 
405 1850 1588 364 2028 25 945 1356 480 1521 800 876 420 332 1533 1869 1332 1346 1364 1326 700 1062 90 1020 1490 875 1761 858 795 105 516 1995 1390 1122 918 1533 2576 420 0 1195 1405 1025 1390 1845 2310 1595 2455 1900 1480 1915 1080 1675 1448 1395 1510 1055 1636 1175 1075 1615 1872 2585 1685 746 660 1923 1438 1520 1444 1164 1296 1348 954 2345 1805 1647 1664 2100 1074 1515 2880 1245 1458 3255 1803 990 1767 804 1670 1280 920 1124 2945 1660 2825 914 1396 3200 1905 1740 
790 2265 2376 758 2108 1220 960 2144 1197 1743 1995 1270 814 726 1893 1902 1330 1136 1168 1341 1066 1216 484 2005 1350 1860 1722 1120 1990 1090 1107 800 1415 1137 440 2124 2721 1376 1195 0 1400 1870 1415 1600 1435 1565 2480 2885 1325 2165 835 1700 1756 520 1992 2040 1440 2150 1835 1640 1470 1885 1440 648 574 1776 1122 1324 1382 735 1102 1234 604 1483 930 1272 1314 2136 724 640 2390 1260 1108 2970 1278 722 1587 454 1610 1136 1126 1134 2645 1612 2215 564 1046 2552 1611 1540 
3144 2352 2712 926 1640 2484 609 1980 1194 1404 2155 904 982 894 1629 1551 770 1696 1332 501 742 1208 652 4443 4988 4172 1410 1420 1548 2796 687 2765 1494 786 1000 1689 2253 1504 1405 1400 0 1908 27 1380 1755 1212 1895 2754 1416 2448 1726 1338 1772 1584 2163 3444 636 2580 1776 1089 1194 1425 1248 246 674 1173 888 520 1160 951 918 992 420 1362 846 996 1130 1809 540 1200 3484 909 924 2838 1494 490 1311 270 424 718 904 900 3958 536 2106 708 862 2148 1335 335 
3722 1155 2408 774 1496 3570 501 1132 1068 906 1825 1286 830 742 1521 1443 1194 1756 1388 1119 318 1316 500 5763 4229 5756 1284 1268 276 5070 1131 3210 1925 678 1188 1704 2109 1240 1025 1870 1908 0 2926 3674 3179 960 1715 3310 1781 2718 1976 1122 2268 3780 679 3330 1276 2200 80 2135 1320 1895 3322 566 250 1653 1126 1160 1076 745 886 1238 608 1926 2632 1095 1318 1971 728 1764 3774 801 1112 3576 1776 726 1152 458 1704 1038 510 828 3072 1176 2436 896 1050 2560 1290 1135 
3871 2331 2700 920 1628 3003 600 1968 1203 1395 2140 910 976 888 1620 1542 776 1702 1344 492 736 1202 646 5536 5569 6259 1419 1414 1530 5408 678 2783 2632 777 1006 1698 2241 1492 1390 1415 27 2926 0 1827 2178 1230 1880 2772 2704 2430 1750 1320 1784 2716 2142 3423 648 2565 1752 1416 1203 1440 1735 252 668 1182 882 532 1166 960 924 998 426 1380 2628 1005 1136 1800 546 1218 3910 900 930 2856 1503 496 1320 276 448 724 910 894 3970 548 2124 714 868 2160 1344 350 
3554 2570 2552 1018 1716 4177 666 2164 1233 1461 2645 1142 1074 986 1686 1608 1008 1708 1112 858 876 1426 744 5987 4940 5592 1449 1380 1824 3974 1044 2744 2460 843 772 1332 2329 1896 1845 1600 1380 3674 1827 0 3879 1290 1990 2832 2442 3048 1224 1452 1296 2534 2563 3766 160 2810 2394 2550 1485 2020 352 8 768 1008 1126 300 1186 1071 1112 1230 658 1732 2768 1260 1368 2055 778 1440 4184 966 1162 3552 1614 380 1296 508 946 744 930 938 3576 588 2496 788 1100 2200 1320 260 
4319 3178 2924 1204 2420 5149 1194 2288 1764 1773 3110 1294 1260 1172 2214 2136 1160 1710 1484 1086 896 1598 930 6769 6008 6625 1959 1566 2010 4931 1272 2995 3971 1371 1014 2274 3033 2268 2310 1435 1755 3179 2178 3879 0 2352 2870 3258 3784 3618 1968 2508 2552 2013 2702 4417 1416 2870 2392 3476 1215 1460 3527 636 732 1758 952 1300 890 972 932 822 434 864 1111 1017 1144 1881 150 1242 4182 1290 938 2754 1515 484 1332 284 1984 898 1088 1290 4179 1248 2148 722 876 2212 1356 1310 
1908 1416 2672 918 1240 1944 309 1688 876 1104 2395 1308 906 886 1329 1251 1174 1762 1132 1020 638 1188 644 2886 2736 2508 804 1412 1110 1788 1293 2841 396 486 1066 1512 1853 1645 1595 1565 1212 960 1230 1290 2352 0 1395 2960 288 1758 1098 738 2156 1254 1422 2832 1020 2560 900 666 1128 2410 1098 438 530 1461 1292 904 948 964 874 1396 814 2184 1746 903 1524 1779 934 1398 2292 609 1176 4050 1593 682 1299 664 894 910 692 700 2689 920 2502 774 1234 2352 1323 815 
2325 1915 3260 1346 1828 2480 750 2276 1425 1545 3255 1662 1272 1314 1770 1692 1528 2062 1720 1461 1004 1482 1072 3475 3655 3005 1641 1734 1660 2560 1806 3115 1065 927 1366 1953 2441 2258 2455 2480 1895 1715 1880 1990 2870 1395 0 3140 1155 2860 1650 1350 2888 1960 2100 3510 1752 3630 1665 1290 1677 3320 1830 804 896 2010 1634 1636 1314 1513 1240 1004 1178 2822 2365 1452 1888 2220 1298 2080 2825 1050 1470 2768 2142 1048 1848 1028 1660 1276 1058 142 3080 1652 3000 1140 1600 1236 1872 1730 
2514 3620 2940 1040 684 2310 1356 2708 1620 2151 2700 1552 1096 1008 2376 2298 1688 2022 2528 1878 1376 1738 766 3252 3593 3078 2247 1534 3209 2154 1530 4510 2600 1533 1594 2547 3249 1940 1900 2885 2754 3310 2772 2832 3258 2960 3140 0 2672 3384 3214 2942 2800 3144 3778 2310 2048 2865 3256 2870 2238 3165 2640 952 1300 1749 1634 1932 1718 1995 1614 1474 1116 3290 2652 2040 1826 1362 1236 3288 1320 1656 1620 4284 2538 1196 813 966 2436 1424 1462 1398 1644 1948 1110 1404 910 3536 837 2100 
3184 1316 2480 956 1048 3353 165 1496 732 960 2280 1212 810 924 1185 1107 1078 1666 940 876 542 1092 682 5578 5048 4810 948 1344 822 6225 1149 2553 342 342 970 1368 1661 1478 1480 1325 1416 1781 2704 2442 3784 288 1155 2672 0 2046 1080 450 1964 2254 1323 3575 828 2655 816 756 984 2170 2090 342 434 1317 1196 712 852 820 778 1300 718 2062 4632 759 1428 1635 838 1110 3340 465 1080 3762 1449 586 1155 568 808 814 596 604 3353 728 2214 678 1138 2160 1179 575 
2532 3174 2952 1046 2300 2328 1188 2720 1629 1983 2715 1558 1102 1014 1572 2130 1586 2002 2304 1707 1224 1744 772 2808 978 3096 1683 1540 2868 2172 1539 3734 2154 1365 1306 2391 3025 1952 1915 2165 2448 2718 2430 3048 3618 1758 2860 3384 2046 0 2856 2496 2812 2802 3180 1074 2192 2495 2658 2424 2007 3465 2856 1024 1116 2340 1692 2076 1534 1808 1460 1284 1236 3630 3012 1782 1946 2658 1356 2946 4050 1488 1740 3714 2367 1268 1965 1086 2652 1496 1278 1286 3930 2092 4260 1290 1678 3156 2202 2280 
1080 2009 1940 712 1444 1768 462 1892 1128 1257 1880 1224 768 680 1482 1404 1186 1470 500 1125 812 1170 438 3024 3573 2792 1353 1074 1416 1560 1038 2162 936 639 774 1665 2057 1284 1080 835 1726 1976 1750 1224 1968 1098 1650 3214 1080 2856 0 1044 1664 504 2168 2695 772 2045 1896 1296 1347 1680 968 314 492 1275 1040 656 1122 612 1020 1152 522 1642 1160 1149 1232 1932 642 522 3496 762 1026 3318 1155 558 1464 372 1402 922 866 802 4039 944 2412 482 964 2388 1488 705 
1854 1362 2636 1034 1204 2047 282 1652 957 1077 2475 1350 960 1002 1302 1224 1216 1750 1096 993 692 1170 760 2682 3450 2670 1173 1422 1056 2149 1338 2802 342 459 1054 1485 1703 1634 1675 1700 1338 1122 1320 1452 2508 738 1350 2942 450 2496 1044 0 2264 1416 1584 3289 1128 2390 1062 612 1209 2540 1260 492 584 1542 1322 1012 1002 1045 928 1438 866 2508 1902 984 1576 1752 986 1560 2454 240 1158 4176 1674 736 1380 716 1056 964 746 682 2851 1028 2664 828 1288 2316 1404 950 
1124 2716 2868 1004 3012 1468 1638 2636 1566 2433 2088 1516 1060 972 2298 2580 1656 1986 2164 1830 1340 1462 730 1836 2640 1980 2421 1366 2084 1364 1476 2396 2036 1815 1318 2304 3542 1868 1448 1756 1772 2268 1784 1296 2552 2156 2888 2800 1964 2812 1664 2264 0 1880 2656 2124 1456 1960 2308 2216 2457 2912 1424 656 1306 1980 1774 1596 1834 1833 1760 1878 1306 2448 2148 2232 2016 2865 1426 1784 2820 1938 1810 3664 2376 1028 2268 1156 1560 1392 1578 1586 3024 1884 2960 1296 1748 3496 2292 1504 
2306 2443 2192 838 1692 3628 648 2140 1215 1443 2195 1256 894 806 1668 1590 1122 1344 752 1029 858 1296 564 4979 4349 5612 1410 1200 1788 3932 1215 1909 2506 825 648 1851 2305 1536 1395 520 1584 3780 2716 2534 2013 1254 1960 3144 2254 2802 504 1416 1880 0 2172 3136 1024 2360 2104 2688 1158 1365 2182 440 366 1464 914 908 1174 423 894 1026 396 1290 1148 960 1106 1824 516 144 3982 948 900 2940 966 514 1275 246 1766 928 918 926 3535 1196 2034 356 838 2136 1299 1020 
2721 1834 2796 968 1804 2273 732 1520 1299 1197 2310 1480 1024 936 1752 1674 1388 1766 1646 1410 512 1470 694 3582 3437 3379 1515 1462 858 2301 1422 3409 1449 909 1070 1935 2417 1628 1510 1992 2163 679 2142 2563 2702 1422 2100 3778 1323 3180 2168 1584 2656 2172 0 3631 1584 2685 609 1764 1331 2380 2339 720 56 1884 1320 1468 1230 631 692 1432 802 2508 1995 1326 1512 2202 806 1898 3136 1032 1306 4158 1738 920 1383 652 2030 1192 704 982 3227 1484 2898 778 1244 2916 1521 1520 
1750 4249 2264 702 2224 1512 1578 2032 1113 2154 1855 1214 758 670 1788 2352 1754 1684 2040 1959 1038 1400 428 2023 2561 2408 2220 1196 2429 1330 1023 3430 3449 1755 1256 2040 3120 1264 1055 2040 3444 3330 3423 3766 4417 2832 3510 2310 3575 1074 2695 3289 2124 3136 3631 0 2312 1600 3370 3764 2502 3010 3542 1084 1082 2430 1810 2196 1866 1755 1718 926 1292 3952 3710 1407 1932 2355 1412 2832 3845 1878 1796 2640 2310 1328 1428 1142 3785 1692 1342 1546 3332 2484 3380 1252 1524 2440 1758 2630 
1312 1580 2712 1098 1876 1656 786 2324 1353 1581 2276 1222 1154 1066 1806 1728 1088 1788 1272 978 956 1506 824 2284 2136 2168 1569 1460 1376 1552 1164 1944 900 963 852 1452 2489 2056 1636 1440 636 1276 648 160 1416 1020 1752 2048 828 2192 772 1128 1456 1024 1584 2312 0 2408 1236 1080 1605 1776 288 88 848 1128 1206 460 1266 1191 1192 1310 738 1312 1012 1380 1448 2175 858 1120 1684 1086 1242 2528 1734 460 1416 588 424 824 1010 1018 1888 748 1824 868 1180 2360 1440 368 
1370 3025 1916 750 2800 1200 1650 2128 1185 2073 1975 1262 806 226 1014 1578 1802 1356 2136 2031 1086 1448 476 155 2245 1840 2340 1244 1970 1070 1095 1350 2565 1827 660 2112 2088 1360 1175 2150 2580 2200 2565 2810 2870 2560 3630 2865 2655 2495 2045 2390 1960 2360 2685 1600 2408 0 2250 2790 2331 1410 2650 1132 1130 2502 1696 2292 1914 1827 1676 1566 1178 2918 2365 2133 1292 1395 1298 2480 3825 1674 1682 3800 2259 1296 2388 1028 2820 1710 1390 1594 3980 2580 3650 1300 1620 3700 2472 2750 
2596 1225 2448 794 1456 2330 471 1172 1038 936 1875 1306 850 762 1491 1413 1214 1776 1348 1149 338 1296 520 3934 3232 3366 1254 1288 336 2470 1161 3165 960 648 1174 1674 2069 1280 1075 1835 1776 80 1752 2394 2392 900 1665 3256 816 2658 1896 1062 2308 2104 609 3370 1236 2250 0 1320 1290 1945 2138 546 230 1623 1146 1120 1056 718 866 1258 628 1986 1584 1065 1338 1941 748 1722 2888 771 1132 3636 1755 746 1122 478 1624 1018 530 808 2992 1136 2376 882 1070 2568 1260 1085 
3481 1505 2588 1010 1156 3650 246 1604 921 1041 2415 1146 936 978 1266 1188 1012 1726 1048 846 668 966 736 5875 4730 5196 1137 1398 984 4219 1032 2730 540 423 1030 1449 1769 1586 1615 1640 1089 2135 1416 2550 3476 666 1290 2870 756 2424 1296 612 2216 2688 1764 3764 1080 2790 1320 0 1173 2030 2198 468 560 1506 1118 964 978 1009 904 1234 662 2076 2580 948 1372 1446 782 1488 3970 546 954 3564 1638 712 1344 512 1312 940 722 658 3656 980 2592 804 1104 2268 1368 890 
1752 1548 2802 1610 1770 1887 1149 2106 1716 1944 2352 1700 1466 1578 2169 2091 1566 2116 1689 1695 1198 1748 1336 2424 2280 2094 1932 1972 1395 1932 1881 1950 1038 1326 1420 2352 2103 2061 1872 1470 1194 1320 1203 1485 1215 1128 1677 2238 984 2007 1347 1209 2457 1158 1331 2502 1605 2331 1290 1173 0 1485 1389 998 870 2301 1358 1518 1508 1481 122 1470 840 1143 912 1626 1550 2490 960 1230 1788 1449 1344 2136 2124 958 1941 690 1287 1372 1252 1260 1941 1530 1683 1128 1282 2268 1965 1329 
2355 2720 3044 1314 2780 2610 1464 2648 2031 2043 3385 1474 1370 790 1860 2406 1340 1890 1844 1356 1076 1778 1040 1565 3235 3250 2229 1746 2125 2480 1542 2685 2255 1641 1194 2544 3216 2488 2585 1885 1425 1895 1440 2020 1460 2410 3320 3165 2170 3465 1680 2540 2912 1365 2380 3010 1776 1410 1945 2030 1485 0 1860 816 912 2028 1132 1660 1474 1242 1112 1244 614 1508 955 1287 728 2151 734 1485 2415 1560 1118 2995 1413 732 1602 464 1690 1146 1268 1470 2670 1676 2240 902 1056 2572 1626 1760 
3202 2346 2424 954 1588 3825 570 2036 1137 1365 2485 1078 1010 922 1590 1512 944 1712 984 762 812 1362 680 5635 5260 5240 1353 1316 1632 3622 948 2718 2108 747 836 1428 2201 1768 1685 1440 1248 3322 1735 352 3527 1098 1830 2640 2090 2856 968 1260 1424 2182 2339 3542 288 2650 2138 2198 1389 1860 0 72 704 912 1062 172 1122 975 1048 1166 594 1540 2416 1164 1304 1959 714 1248 3992 870 1098 3360 1518 316 1200 444 794 680 866 874 3512 460 2304 724 1036 2072 1224 100 
584 718 1284 1026 866 756 452 1090 830 982 1066 1150 1082 994 1132 1080 1016 1716 564 580 884 1434 752 1070 996 1012 974 1388 616 704 704 900 378 570 780 896 1088 956 746 648 246 566 252 8 636 438 804 952 342 1024 314 492 656 440 720 1084 88 1132 546 468 998 816 72 0 776 680 1134 158 1194 722 1120 1238 666 584 434 848 1376 1378 786 488 770 652 1170 1192 1084 388 872 516 140 752 938 946 872 302 840 796 1108 1108 888 112 
762 580 1454 1024 958 670 544 816 922 854 980 1536 1080 992 1224 1172 1444 1710 742 996 568 1526 750 1068 1038 1010 1066 1518 342 702 1004 894 470 662 1014 1346 1180 870 660 574 674 250 668 768 732 530 896 1300 434 1116 492 584 1306 366 56 1082 848 1130 230 560 870 912 704 776 0 1312 1280 790 1286 84 748 1392 762 684 530 940 1472 1524 750 414 952 744 1266 1346 1010 880 978 612 636 1248 760 1038 978 798 1022 722 1204 1434 1070 664 
1680 1881 2730 1562 2103 1938 1482 2439 2049 2277 2403 1686 1618 1530 2502 2424 1552 2320 1650 1674 1420 1970 1288 2409 2490 2322 2265 1924 1728 1860 1860 2256 1371 1659 1444 2340 2436 2238 1923 1776 1173 1653 1182 1008 1758 1461 2010 1749 1317 2340 1275 1542 1980 1464 1884 2430 1128 2502 1623 1506 2301 2028 912 680 1312 0 1670 1041 1730 1887 1656 1774 1202 1680 1455 2076 1912 2001 1322 1536 1299 1782 1706 2592 2430 924 1452 1052 1014 1288 1474 1482 1452 1257 1194 1332 1336 2466 1476 972 
1310 1456 2010 1752 1696 1428 1282 1692 1684 1730 1738 1792 1808 1720 1962 1910 1658 2258 1290 1210 1444 2084 1478 1758 1662 1738 1828 2114 1218 1430 1334 1442 1208 1400 1562 2014 1918 1628 1438 1122 888 1126 882 1126 952 1292 1634 1634 1196 1692 1040 1322 1774 914 1320 1810 1206 1696 1146 1118 1358 1132 1062 1134 1280 1670 0 1148 1842 1196 1480 1612 982 904 750 1226 1692 1802 1102 962 1334 1408 1486 1566 1558 1100 1436 832 994 1514 1636 1776 1436 1156 1264 1270 1424 1654 1452 1022 
1196 1464 2596 1040 1760 1540 699 2208 1266 1494 2160 1164 1096 1008 1719 1641 1030 1798 1156 891 898 1448 766 2168 2276 2052 1482 1402 1260 1436 1077 1964 784 876 922 1557 2373 1940 1520 1324 520 1160 532 300 1300 904 1636 1932 712 2076 656 1012 1596 908 1468 2196 460 2292 1120 964 1518 1660 172 158 790 1041 1148 0 1208 1104 1134 1252 680 1196 896 1293 1390 2088 800 1004 1568 999 1184 2412 1647 402 1329 530 308 766 952 960 1772 632 1708 810 1122 2244 1353 252 
1392 1228 2092 1808 1376 1454 962 1600 1340 1492 1764 2064 1662 1776 1642 1590 1930 2518 1322 1436 1394 1944 1534 1852 1860 1592 1484 2196 1126 1486 1618 1702 888 1080 1822 1764 1598 1570 1444 1382 1160 1076 1166 1186 890 948 1314 1718 852 1534 1122 1002 1834 1174 1230 1866 1266 1914 1056 978 1508 1474 1122 1194 1286 1730 1842 1208 0 1370 1630 1712 1324 1178 1092 1358 2034 1942 1040 1222 1520 1162 1828 1758 1818 1374 1622 1174 1054 1666 1448 1456 1622 1216 1590 1530 1766 1932 1638 1082 
1017 1154 2067 1108 1606 1179 985 1576 1552 1560 1644 1538 1164 1076 2005 1927 1404 1626 987 1452 652 1578 834 1734 1545 1647 1761 1482 865 1185 1634 1215 874 1162 930 2188 1939 1479 1164 735 951 745 960 1071 972 964 1513 1995 820 1808 612 1045 1833 423 631 1755 1191 1827 718 1009 1481 1242 975 722 84 1887 1196 1104 1370 0 832 1308 678 900 669 1383 1388 2247 666 495 1545 1285 1182 1893 1389 796 1628 528 1077 1210 844 1122 1628 1320 1440 638 1120 2025 1722 1035 
1290 1154 1990 1660 1302 1306 888 1452 1266 1418 1616 1822 1588 1628 1568 1516 1688 2238 1248 1252 1204 1870 1386 1704 1642 1518 1410 2094 978 1338 1376 1422 814 1006 1542 1690 1524 1496 1296 1102 918 886 924 1112 932 874 1240 1614 778 1460 1020 928 1760 894 692 1718 1192 1676 866 904 122 1112 1048 1120 748 1656 1480 1134 1630 832 0 1592 962 884 730 1206 1672 1782 1082 942 1314 1088 1466 1546 1538 1080 1416 812 980 1494 1374 1382 1416 1142 1244 1250 1404 1634 1432 1008 
1422 1568 2058 1628 1812 1358 1398 1804 1668 1842 1668 1896 1684 1596 2078 2026 1762 2370 1402 1326 1556 2200 1354 1504 1610 1614 1932 2122 1330 1306 1450 1554 1324 1516 1674 2118 2034 1558 1348 1234 992 1238 998 1230 822 1396 1004 1474 1300 1284 1152 1438 1878 1026 1432 926 1310 1566 1258 1234 1470 1244 1166 1238 1392 1774 1612 1252 1712 1308 1592 0 1094 1016 862 1338 1804 1642 972 1074 1034 1520 1598 46 1670 1212 1136 944 1098 1626 1748 1146 1136 1260 1104 1382 1504 386 1152 1126 
792 938 1492 1234 1240 964 826 1174 1206 1212 1274 1324 1290 1202 1506 1454 1190 1740 772 754 926 1628 960 1240 1144 1220 1336 1596 700 912 878 924 752 944 1044 1546 1462 1164 954 604 420 608 426 658 434 814 1178 1116 718 1236 522 866 1306 396 802 1292 738 1178 628 662 840 614 594 666 762 1202 982 680 1324 678 962 1094 0 386 232 708 1174 1284 584 444 816 890 968 1048 1040 582 918 314 526 996 1118 1320 918 688 746 752 906 1136 934 554 
2452 2878 2828 1156 2324 2968 1122 2192 1692 1701 3145 1246 1212 1124 2142 2064 1112 1662 1388 1014 848 1550 882 3828 3534 3736 1887 1518 2202 2812 1200 3017 2166 1299 966 2196 2937 2172 2345 1483 1362 1926 1380 1732 864 2184 2822 3290 2062 3630 1642 2508 2448 1290 2508 3952 1312 2918 1986 2076 1143 1508 1540 584 684 1680 904 1196 1178 900 884 1016 386 0 798 945 1096 1809 438 1434 2250 1218 890 3096 1443 196 1260 72 1476 610 1040 1242 2765 1220 2180 674 828 2116 1284 1228 
3208 2471 2520 1002 2016 4038 891 1884 1461 1470 2605 1092 1058 970 1911 1833 958 1508 1080 783 694 1396 728 5658 4998 6646 1656 1364 1404 8652 969 2389 5469 1068 812 1971 2629 1864 1805 930 846 2632 2628 2768 1111 1746 2365 2652 4632 3012 1160 1902 2148 1148 1995 3710 1012 2365 1584 2580 912 955 2416 434 530 1455 750 896 1092 669 730 862 232 798 0 714 942 1578 352 636 3172 987 736 2448 1212 350 1029 82 1176 764 886 1088 3371 912 1542 520 674 1808 1053 805 
1554 1323 2604 1462 1545 1662 924 1881 1491 1719 2127 1568 1316 1430 1944 1866 1434 1984 1464 1497 1048 1598 1188 2226 2082 1869 1707 1840 1170 1710 1683 1752 813 1101 1288 2127 1878 1836 1647 1272 996 1095 1005 1260 1017 903 1452 2040 759 1782 1149 984 2232 960 1326 1407 1380 2133 1065 948 1626 1287 1164 848 940 2076 1226 1293 1358 1383 1206 1338 708 945 714 0 1418 2292 828 1032 1590 1224 1212 1938 1926 826 1743 558 1062 1240 1102 1110 1743 1305 1485 996 1150 2070 1767 1104 
1502 1648 2202 1944 1950 1674 1536 1884 1916 1922 1984 2034 2000 1518 1968 2164 1900 2450 1482 1464 1636 2338 1670 1354 1854 1930 2046 2306 1410 1622 1588 1634 1462 1654 1754 2256 2172 1874 1664 1314 1130 1318 1136 1368 1144 1524 1888 1826 1428 1946 1232 1576 2016 1106 1512 1932 1448 1292 1338 1372 1550 728 1304 1376 1472 1912 1692 1390 2034 1388 1672 1804 1174 1096 942 1418 0 1994 1294 1154 1526 1600 1678 1758 1670 1292 1628 1024 1236 1706 1828 2030 1628 1398 1456 1462 1616 1846 1644 1264 
2217 2091 2832 1680 1875 2115 1692 2649 2367 2487 2580 2110 1736 1156 2409 2634 1976 2286 2232 2292 1632 1930 1406 1488 2742 2499 2583 2174 1938 2037 2478 2205 1581 1869 1590 2895 2646 2415 2100 2136 1809 1971 1800 2055 1881 1779 2220 1362 1635 2658 1932 1752 2865 1824 2202 2355 2175 1395 1941 1446 2490 2151 1959 1378 1524 2001 1802 2088 1942 2247 1782 1642 1284 1809 1578 2292 1994 0 1404 1896 912 1992 1788 2394 2790 1402 1065 1134 1938 1816 1686 1622 1065 2181 807 1572 1078 2904 1089 1899 
912 1058 1612 1354 1360 1084 946 1294 1326 1332 1394 1444 1410 1322 1626 1574 1310 1860 892 874 1046 1748 1080 1360 1264 1340 1456 1716 820 1032 998 1044 872 1064 1164 1666 1582 1284 1074 724 540 728 546 778 150 934 1298 1236 838 1356 642 986 1426 516 806 1412 858 1298 748 782 960 734 714 786 750 1322 1102 800 1040 666 1082 972 584 438 352 828 1294 1404 0 564 936 1010 1088 1018 1160 634 1038 434 646 1048 1238 1440 1038 774 866 872 1026 1256 1054 674 
1332 2238 2288 886 1788 1848 720 2236 1287 1515 2315 1304 942 854 1740 1662 1170 1392 848 1101 906 1344 612 2790 2388 2616 1482 1248 1932 1692 1287 2053 1218 897 696 1923 2401 1632 1515 640 1200 1764 1218 1440 1242 1398 2080 3288 1110 2946 522 1560 1784 144 1898 2832 1120 2480 1722 1488 1230 1485 1248 488 414 1536 962 1004 1222 495 942 1074 444 1434 636 1032 1154 1896 564 0 2388 1020 948 3084 1038 562 1347 294 1452 976 966 974 2739 1292 2178 404 886 2232 1371 1140 
5837 3654 3688 1480 1564 6004 1167 2616 1734 1962 3680 1676 1478 1448 2187 2109 1542 2092 2248 1659 1060 1760 1206 7692 7531 7040 1950 1948 2502 5862 1845 3952 3520 1344 1396 2370 2997 2724 2880 2390 3484 3774 3910 4184 4182 2292 2825 1320 3340 4050 3496 2454 2820 3982 3136 3845 1684 3825 2888 3970 1788 2415 3992 770 952 1299 1334 1568 1520 1545 1314 1034 816 2250 3172 1590 1526 912 936 2388 0 1467 1320 2964 2088 934 153 666 2928 1298 1252 1272 1782 1696 210 1104 470 2656 177 1645 
1167 921 2217 1194 1143 1260 522 1479 1197 1317 1725 1510 1120 1162 1542 1464 1376 1910 1062 1233 852 1330 920 1581 1965 1575 1413 1582 768 1308 1578 1641 411 699 1214 1725 1476 1434 1245 1260 909 801 900 966 1290 609 1050 1656 465 1488 762 240 1938 948 1032 1878 1086 1674 771 546 1449 1560 870 652 744 1782 1408 999 1162 1285 1088 1520 890 1218 987 1224 1600 1992 1010 1020 1467 0 1318 2211 1914 896 1620 740 768 1124 906 842 1620 1011 1572 988 1332 1977 1644 810 
1296 1384 1996 1738 1532 1468 1118 1678 1568 1648 1778 1828 1794 1706 1798 1746 1694 2244 1276 1258 1430 1920 1464 1744 1648 1724 1712 2100 1204 1416 1382 1428 1044 1236 1548 1920 1754 1668 1458 1108 924 1112 930 1162 938 1176 1470 1620 1080 1740 1026 1158 1810 900 1306 1796 1242 1682 1132 954 1344 1118 1098 1170 1266 1706 1486 1184 1828 1182 1466 1598 968 890 736 1212 1678 1788 1088 948 1320 1318 0 1552 1544 1086 1422 818 1030 1500 1622 1612 1422 1192 1250 1256 1410 1640 1438 1058 
