0 5.83485 2.59789 0.742532 2.83922 10.345 1.44004 2.16766 1.7068 1.88523 3.63816 1.27473 0.557997 0.750998 1.9714 2.13549 1.85574 1.44084 2.39447 1.85793 0.932596 1.23204 0.822049 10.2719 9.66294 9.63591 2.02404 0.870591 4.18168 7.63567 1.44526 5.06353 8.66114 1.78736 1.05528 2.16713 3.63063 2.70204 2.8491 3.06995 9.076 10.7601 9.44513 11.8837 12.5123 5.4498 4.80767 5.3132 9.57919 4.62646 6.00407 5.15114 2.33255 10.3412 5.78151 6.91756 2.906 4.31784 7.04546 11.6189 2.04256 4.76508 11.5892 1.43692 0.795678 2.455 1.45854 3.2376 1.59074 1.65236 1.3783 1.50895 1.17856 5.39262 10.2647 1.82925 1.67469 2.39293 1.19688 4.64068 11.171 1.89658 1.48906 6.35098 2.47896 0.936526 2.13655 0.936526 8.31077 1.32718 1.11251 1.39141 8.00049 3.24494 5.5274 1.44932 1.49413 3.59371 2.20975 4.10886 
5.83485 0 3.74085 1.29068 3.41002 4.24203 1.67816 3.21967 1.80402 2.0897 3.84827 1.59938 1.31314 1.28665 2.50149 2.37979 1.78676 2.03545 2.56384 1.68453 1.12328 1.60154 1.07134 6.14737 5.69306 5.88985 2.1121 1.62573 4.46864 4.61178 1.8601 5.84679 3.571 2.06841 1.47519 2.42136 3.82514 2.469 3.23561 3.72192 4.89287 4.35429 4.15958 5.95982 6.10426 5.25876 4.30482 5.29938 3.84048 4.96894 4.35245 5.24743 3.48182 4.43004 5.50469 7.32771 2.86704 4.96088 5.05304 5.58486 2.03765 5.06297 5.02795 1.4044 0.824892 2.56064 1.50407 3.29142 1.51607 1.88139 1.18762 1.70191 1.33827 5.10733 4.85677 2.21644 1.81343 2.72417 1.27671 4.8953 6.08663 1.79588 1.4144 5.96897 2.81838 1.013 2.05362 1.013 6.29951 1.33452 0.907349 1.27687 6.46904 3.18426 5.53184 1.7736 1.44952 3.52483 2.11412 3.61425 
2.59789 3.74085 0 1.00198 4.02444 3.22193 2.43439 3.46941 2.6052 2.98476 3.36208 1.94147 1.06583 1.05349 2.79564 2.63332 2.3028 1.94449 3.54311 2.80455 1.53295 2.01898 1.38805 2.76079 3.51756 2.75233 3.01133 1.68803 3.11726 2.13 2.18262 3.67904 2.90777 2.44219 1.83803 2.82161 4.37042 3.96825 3.41454 3.19113 3.39932 3.31299 3.22518 3.79054 3.72758 3.66563 4.49976 3.99844 2.9741 3.54598 2.88054 3.64153 3.79638 3.05401 3.38747 3.6281 4.3767 3.8221 3.1682 3.70576 3.02984 4.30691 3.50963 2.10569 1.46242 3.46324 2.12528 4.72249 2.26124 2.79408 2.04504 2.17569 1.95904 3.93041 3.27651 2.81653 2.22986 3.26691 1.91467 3.73516 4.13458 2.92093 2.19663 4.72972 3.47111 1.65923 3.15592 1.65923 3.50188 2.04988 1.77924 2.05814 4.26498 4.53637 4.05039 2.23626 2.16086 4.84289 3.15622 3.83995 
0.742532 1.29068 1.00198 0 1.45938 0.933846 1.19768 1.00109 1.13648 1.56027 0.987219 1.66807 0.742532 0.905437 1.59666 1.43933 1.97951 1.62538 1.02221 1.42 1.20965 1.76757 1.06475 0.905437 1.30306 0.494142 1.66926 1.36473 1.02825 0.494142 0.933846 1.3586 1.02825 1.17255 1.70489 1.41438 1.46739 1.19768 0.933846 1.17249 1.17026 1.0498 1.17026 1.36406 1.4188 1.05716 1.65973 1.42945 1.02825 1.22724 1.02221 1.38174 1.47835 1.10825 1.16303 1.15768 1.45877 1.3586 1.0498 1.19274 1.68403 1.52473 1.16314 1.90324 1.28982 1.90731 1.95268 1.63699 2.02497 1.28982 1.77104 2.00309 1.78645 1.52189 1.23412 1.54281 2.16883 1.93644 1.74208 1.30322 1.62367 1.53628 1.96036 1.87434 2.04503 1.52189 1.70789 1.52189 1.16314 1.84341 1.49077 1.80673 1.70789 1.56505 1.62367 2.09591 1.95841 2.04486 1.74351 1.16314 
2.83922 3.41002 4.02444 1.45938 0 2.66396 2.05059 3.72099 2.38022 2.82715 3.46749 1.76808 1.48184 1.42844 2.3732 2.89609 2.11498 2.20415 3.54797 2.46849 1.35059 1.77024 1.24004 3.07119 2.88305 3.28089 2.87587 1.79444 2.82466 2.30757 2.09164 3.56289 2.66093 2.39792 1.72219 2.75087 4.73211 3.65922 2.70425 2.91384 2.9655 2.92274 2.81251 3.18377 3.53601 3.02347 4.275 2.92934 2.6879 2.76716 2.62885 3.54887 4.0166 2.65366 3.24075 2.97544 3.90015 3.57782 2.66005 2.89658 2.72982 4.29135 2.8476 1.33424 1.36247 2.70222 1.83984 3.90624 1.85185 2.5367 1.78053 1.93019 1.67404 3.46317 2.88689 2.51651 2.1492 2.56526 1.65016 3.39068 3.31814 2.58384 1.75017 4.16752 3.43602 1.34878 2.41928 1.34878 2.76187 1.6703 1.5305 1.7538 3.44082 4.15071 3.39616 2.10938 1.47221 4.43986 2.39521 3.10068 
10.345 4.24203 3.22193 0.933846 2.66396 0 1.21418 2.79351 1.53528 2.20586 2.85409 1.17392 0.921725 0.851 1.84114 2.21927 1.79497 1.79065 2.49153 1.6497 0.937095 1.35674 0.826548 10.42 8.36499 9.997 2.17688 1.23432 4.09806 7.34283 0.939641 5.39328 6.72232 1.62205 1.25173 2.09085 3.45095 1.93337 2.47745 2.97157 8.24335 7.84906 7.39256 10.5795 11.107 4.68401 4.26712 4.92614 7.53835 3.98919 5.38831 5.01497 3.01346 8.24118 5.01027 6.41026 2.91289 4.10036 5.46099 10.1674 2.03082 4.93361 9.70311 1.49173 0.897836 2.52562 1.45854 3.33727 1.64843 1.78121 1.35435 1.56673 1.29231 5.07675 8.5443 1.86044 1.73247 2.42412 1.26279 4.57084 9.91022 1.88484 1.54675 5.93022 2.77995 1.05027 2.13463 1.05027 7.48863 1.39026 1.07408 1.39591 7.36413 3.26215 5.41844 1.72764 1.52844 3.4526 2.19514 3.74067 
1.44004 1.67816 2.43439 1.19768 2.05059 1.21418 0 2.20109 1.6903 2.29818 1.89215 1.42522 1.22015 1.19365 2.46886 2.33079 1.49411 1.94245 1.75725 1.74202 1.0889 1.50855 0.978349 1.97581 2.02475 1.8539 2.2692 1.53274 1.19655 1.37422 1.59549 2.02566 1.10426 1.71437 1.23541 2.18316 2.40225 1.52128 1.33963 1.5481 1.29016 1.20868 1.09401 1.59534 1.85062 1.59034 2.21379 1.92359 1.15891 1.81294 1.21069 1.7025 2.12644 1.30303 1.62896 2.20088 1.90659 2.15258 1.26868 1.36657 2.12314 2.14667 1.34071 1.23959 0.853473 2.61794 1.33084 2.1536 1.34285 1.96732 1.27153 1.52913 1.16505 1.859 1.41692 1.95276 1.64064 2.51643 1.14116 1.61644 1.98322 1.97716 1.24117 2.46293 2.87227 0.839778 2.22695 0.839779 1.2133 1.1613 1.03385 1.24085 2.21316 2.07031 1.97162 1.60038 1.27629 2.54268 2.28746 1.40903 
2.16766 3.21967 3.46941 1.00109 3.72099 2.79351 2.20109 0 2.35788 2.73962 3.32531 1.68516 1.06494 1.14785 2.72356 2.49757 2.17612 1.94779 3.1144 2.46163 1.09057 1.71418 0.945679 3.04526 3.28298 2.39845 2.74601 1.60715 2.47493 1.78803 1.97587 3.63421 2.47101 2.19487 1.68856 2.58742 4.39183 3.46089 2.77546 3.27694 2.88907 2.87978 2.8308 3.48208 3.54362 3.41235 4.12799 3.71589 2.54089 3.30482 2.63875 3.63547 3.83287 2.72356 2.87307 3.67376 4.0253 3.83036 2.73499 3.31019 2.79565 4.25739 3.06329 1.83348 1.17075 3.267 1.90813 4.37612 2.00865 2.49509 1.75337 1.95854 1.68412 3.62884 2.93638 2.62029 2.12429 3.18397 1.62301 3.36565 3.70137 2.68673 1.90697 4.41745 3.45732 1.44209 2.88678 1.44209 3.16176 1.82709 1.47444 1.75335 3.89755 4.19624 3.84361 2.1016 1.88866 4.52646 2.94149 3.49494 
1.7068 1.80402 2.6052 1.13648 2.38022 1.53528 1.6903 2.35788 0 2.48703 2.25932 1.45183 1.19601 1.16951 2.64631 2.47123 1.934 1.91546 1.93369 2.11917 1.02769 1.48441 0.954211 2.2166 2.17057 1.97976 2.53596 1.5086 1.3854 1.62956 1.97264 2.29243 1.2447 2.09152 1.42172 2.51279 2.5427 1.95711 1.57919 1.88819 1.63024 1.54877 1.44868 1.89466 2.1907 1.93043 2.35424 2.25322 1.28478 2.15303 1.50744 2.03213 2.45607 1.63526 1.89572 2.42387 2.14541 2.52688 1.39455 1.35281 2.46323 2.48676 1.57953 1.62007 1.08222 2.9496 1.73411 2.49369 1.7418 2.3074 1.44494 1.83842 1.564 2.19908 1.757 2.29284 2.00416 2.7248 1.53448 1.95696 2.32329 2.17643 1.67719 2.80301 3.21236 1.23873 2.55658 1.23873 1.55339 1.56025 1.16468 1.51265 2.3514 2.4104 2.31171 1.83476 1.67524 2.87231 2.57543 1.73866 
1.88523 2.0897 2.98476 1.56027 2.82715 2.20586 2.29818 2.73962 2.48703 0 2.61497 1.86897 1.58273 1.48174 2.78995 3.00692 2.05635 2.01377 2.23702 2.34614 1.39287 1.87113 1.34093 2.24423 2.39049 2.45911 2.60521 1.89532 1.75146 1.99817 2.4191 1.97291 1.56865 2.6455 1.35921 3.06143 2.83177 2.33414 1.92837 1.91715 1.85589 1.69338 1.84528 2.09072 2.40182 2.40205 2.61957 2.77313 1.58432 2.57142 1.84365 2.3212 2.84388 1.74225 2.16277 2.57725 2.50379 2.47483 1.69409 2.0524 2.53076 2.6345 1.97367 1.67399 1.09448 3.18093 1.77366 2.68424 1.78566 2.3745 1.45721 1.9715 1.60786 2.29822 1.8241 2.76447 2.08302 2.96583 1.5463 2.05566 2.39084 2.4434 1.68399 3.14855 3.31149 1.28259 2.73515 1.28259 1.89912 1.60411 1.17694 1.54646 2.55086 2.50954 2.60086 2.04319 1.71911 3.04846 2.76802 2.04199 
3.63816 3.84827 3.36208 0.987219 3.46749 2.85409 1.89215 3.32531 2.25932 2.61497 0 1.6131 1.05107 0.877315 2.49519 2.63271 2.20344 1.93392 3.24244 2.37374 1.16566 1.75384 1.02076 3.65798 3.96455 4.16468 2.68955 1.36367 3.63728 2.87654 1.80142 4.81387 3.26961 2.30317 1.69091 2.74962 4.24999 2.50225 3.68574 4.10483 4.00024 3.61596 3.76693 4.57594 4.57062 4.77805 5.65003 4.93228 3.61709 4.2694 3.81543 4.67659 3.63261 3.78308 4.19489 4.57001 3.92605 5.20292 3.79783 4.48153 2.70806 5.71067 4.19811 1.90857 1.24583 3.18439 1.89772 4.30266 2.0483 2.44557 1.75144 2.00203 1.73148 5.11896 3.77082 2.53768 2.14071 3.02037 1.69809 4.64077 4.94911 2.56208 1.94662 5.79983 3.34829 1.48945 2.83414 1.48945 4.45471 1.82944 1.47117 1.793 5.11597 4.142 5.03834 2.09484 1.96374 4.43416 2.85391 5.1057 
1.27473 1.59938 1.94147 1.66807 1.76808 1.17392 1.42522 1.68516 1.45183 1.86897 1.6131 0 1.71252 1.58522 1.90536 1.99195 2.35971 2.37308 1.57466 1.61194 1.57115 1.98546 1.51922 1.58522 1.74116 1.55046 1.98462 2.02512 1.3101 1.17392 1.25097 1.79669 1.33695 1.61194 1.81648 1.92625 2.06765 1.50638 1.17392 1.36896 1.17392 1.3101 1.17392 1.44259 1.54717 1.37251 1.96843 1.68902 1.34361 1.64141 1.27473 1.55353 1.65729 1.30472 1.52454 1.6492 1.67131 1.6531 1.36516 1.33695 1.91516 1.6531 1.27473 2.07994 1.58277 2.0189 2.03121 1.74858 2.2561 1.58277 2.00082 2.13147 1.85705 1.61501 1.30472 1.77394 2.29721 2.15433 1.87046 1.37382 1.84629 1.73034 2.15442 1.97429 2.20884 1.61501 1.92006 1.61501 1.27473 1.955 1.80612 2.11543 1.92006 1.67664 1.76572 2.29238 2.11665 2.20208 2.02858 1.27473 
0.557997 1.31314 1.06583 0.742532 1.48184 0.921725 1.22015 1.06494 1.19601 1.58273 1.05107 1.71252 0 0.969293 1.61913 1.39611 2.02396 1.56903 0.965858 1.47238 1.2735 1.71122 1.12861 0.969293 1.24671 0.557997 1.69959 1.30838 1.05072 0.557997 0.997701 1.30225 0.985033 1.12933 1.61328 1.37116 1.53125 1.22015 0.921725 1.01966 1.14778 1.10933 1.14778 1.30771 1.36245 1.11669 1.6765 1.49331 0.985033 1.2911 0.965858 1.32539 1.422 1.01966 1.22689 1.22154 1.40242 1.30225 1.10933 1.21521 1.62768 1.46838 1.10679 1.84689 1.23347 1.85096 1.89633 1.58064 1.96862 1.23347 1.8161 1.94674 1.7301 1.46554 1.17777 1.48646 2.11248 1.95891 1.68573 1.24687 1.62126 1.47993 1.904 1.81799 1.98868 1.46554 1.73533 1.46554 1.10679 1.78706 1.5503 1.79552 1.73533 1.50869 1.58099 2.00732 1.90206 1.98851 1.7411 1.10679 
0.750998 1.28665 1.05349 0.905437 1.42844 0.851 1.19365 1.14785 1.16951 1.48174 0.877315 1.58522 0.969293 0 1.21256 1.32721 1.90656 1.59258 1.24881 1.4637 1.1268 1.75041 0.981906 0.411296 1.02963 0.905437 1.6201 1.28189 0.981906 0.411296 0.851 0.908812 1.02422 1.39931 1.32722 1.64114 1.32721 1.19365 0.851 0.908812 1.12129 1.08019 1.08959 1.28122 1.296 1.07706 1.60912 1.26164 1.07706 1.05943 1.02422 1.03228 1.02856 1.0254 1.08019 0.707897 1.44161 0.908812 1.08019 1.18871 1.68538 1.07494 1.12129 1.85025 1.20697 1.86546 1.85128 1.52075 2.02631 1.20697 1.77104 1.83528 1.62727 1.38523 1.07494 1.54415 1.71905 1.53867 1.64067 1.14404 1.59015 1.42568 1.92464 1.70653 1.59524 1.38523 1.62584 1.38523 1.12129 1.77588 1.5238 1.78957 1.60594 1.49751 1.53593 1.93783 1.88686 1.9218 1.76342 1.12129 
1.9714 2.50149 2.79564 1.59666 2.3732 1.84114 2.46886 2.72356 2.64631 2.78995 2.49519 1.90536 1.61913 1.21256 0 2.8178 2.2267 2.2838 2.52799 2.81926 1.48788 1.90752 1.37733 2.01125 2.04723 2.43372 3.05287 1.93172 1.99081 1.86359 2.32638 2.19009 2.0493 2.81619 1.62234 3.09854 2.93743 2.52236 1.82899 2.00333 2.26035 2.20675 2.24973 2.43229 2.71555 2.05317 3.0331 2.69996 2.09481 2.0403 1.98142 2.3574 2.68059 2.04378 2.36971 2.16968 2.82196 2.20921 1.99294 2.16838 3.07138 2.68461 2.22898 2.08025 1.53489 3.55872 2.17142 3.05892 2.18343 2.85971 1.94805 2.2132 2.00562 2.74576 2.27164 2.77311 2.09697 3.05481 1.98173 2.5032 2.92873 2.83196 2.08175 3.28284 3.37522 1.68035 3.24671 1.68035 2.27066 2.00187 1.66778 1.94669 2.99658 2.95707 2.87694 2.28179 2.11687 3.37894 3.2263 2.4347 
2.13549 2.37979 2.63332 1.43933 2.89609 2.21927 2.33079 2.49757 2.47123 3.00692 2.63271 1.99195 1.39611 1.32721 2.8178 0 1.40584 2.11842 2.15129 2.74868 1.57447 1.99411 1.46392 2.13873 2.77185 2.0232 3.11296 2.01831 1.96117 1.93408 2.4639 2.54251 1.71772 2.3685 1.78463 2.73603 2.15855 2.54386 2.07947 2.41654 2.26099 2.17711 2.12623 2.57221 2.81436 2.55408 2.77832 2.78606 1.94877 2.64362 2.04028 2.07409 2.76421 2.16811 2.4298 2.47175 2.76906 2.86778 1.97032 2.30529 3.09997 2.9728 2.20318 1.99689 1.48223 3.54731 2.12294 3.11734 2.13451 2.93669 1.85074 2.32079 1.9567 2.81307 2.4063 2.9165 2.25926 3.28907 1.93282 2.58062 2.90611 2.6484 2.03327 3.42667 3.66341 1.63144 3.19925 1.63144 2.17704 1.95296 1.59049 1.72748 3.01798 3.03405 2.93536 2.22913 2.06795 3.40515 3.21044 2.15687 
1.85574 1.78676 2.3028 1.97951 2.11498 1.79497 1.49411 2.17612 1.934 2.05635 2.20344 2.35971 2.02396 1.90656 2.2267 1.40584 0 2.68452 1.79068 1.68083 2.16228 2.54707 2.05173 1.8622 2.30879 1.79497 2.22053 2.60613 1.61729 1.79497 1.87201 2.09038 1.40584 1.68083 2.21754 2.23769 1.40584 1.95814 1.79497 1.8883 1.40584 1.58295 1.40584 1.64949 1.91965 1.84263 2.09731 2.11498 1.4125 2.00885 1.5661 1.57466 2.2189 1.59485 1.83561 2.1588 1.7402 1.97444 1.58295 1.40584 1.98405 1.97444 1.5661 2.22172 1.83561 2.2258 2.31298 1.95743 2.32498 1.83561 2.25366 2.51082 2.14718 1.82191 1.59485 1.84283 2.61855 2.3865 2.12329 1.66395 1.97762 1.79923 2.22331 2.38207 2.49897 1.82191 2.1729 1.82191 1.4125 2.14343 2.02391 2.22299 2.1729 1.86506 1.97762 2.58251 2.25843 2.29927 2.09747 1.5661 
1.44084 2.03545 1.94449 1.62538 2.20415 1.79065 1.94245 1.94779 1.91546 2.01377 1.93392 2.37308 1.56903 1.59258 2.2838 2.11842 2.68452 0 1.7236 2.13293 2.08614 2.51234 1.98214 1.54822 1.81304 1.44084 2.33015 2.19123 1.77302 1.44084 1.88055 1.44084 1.70734 1.85163 1.85925 2.09347 2.15453 1.94245 1.77302 1.44084 1.80834 1.82509 1.80834 1.85925 1.99301 1.83613 2.39881 2.21155 1.70448 2.01866 1.58599 2.08313 2.13966 1.58599 1.86403 1.84482 2.1244 1.54822 1.82878 1.90568 2.25825 2.09894 1.85925 2.56125 1.86403 2.60871 2.5269 2.19637 2.59918 1.86403 2.44666 2.57731 2.30289 2.06085 1.80834 2.11702 2.74305 2.55971 2.31629 1.81966 2.25182 2.1105 2.53457 2.44855 2.57365 2.06085 2.3659 2.06085 1.86454 2.41763 2.26974 2.51783 2.3659 2.13926 2.21155 2.57365 2.53262 2.61907 2.37166 1.86454 
2.39447 2.56384 3.54311 1.02221 3.54797 2.49153 1.75725 3.1144 1.93369 2.23702 3.24244 1.57466 0.965858 1.24881 2.52799 2.15129 1.79068 1.7236 0 1.97036 1.15718 1.45662 1.04663 3.10092 3.0709 2.33747 2.2008 1.58789 2.3307 2.12894 1.88454 3.1282 1.72271 1.79497 1.3059 2.07878 3.95272 3.20876 2.42972 2.76529 2.32143 2.29583 2.18996 2.75142 2.99716 3.00242 3.42933 3.15923 1.74591 3.09172 1.82472 2.9048 3.49094 2.13812 2.65817 3.40914 3.25608 3.75876 2.10733 2.57952 2.16496 3.75294 2.33262 1.3591 0.826884 2.55743 1.46883 3.68046 1.48083 2.0087 1.37278 1.66667 1.30259 2.96165 2.41943 2.17645 1.77819 2.74013 1.27914 2.85227 3.12191 1.87209 1.37916 3.79401 2.90802 0.977762 2.29103 0.977762 2.5196 1.29928 1.17075 1.30774 3.33609 3.61186 3.16638 1.57379 1.41428 3.79579 2.18028 2.73965 
1.85793 1.68453 2.80455 1.42 2.46849 1.6497 1.74202 2.46163 2.11917 2.34614 2.37374 1.61194 1.47238 1.4637 2.81926 2.74868 1.68083 2.13293 1.97036 0 1.35895 1.74374 1.2484 2.3937 2.3632 2.12779 2.36853 1.80279 1.47828 1.79212 2.03101 2.39314 1.16924 1.85728 1.42213 2.60106 2.77194 2.04999 1.69361 1.966 1.29653 1.21506 1.24753 1.74886 2.00057 2.00824 2.22017 2.34149 1.16529 2.2188 1.54041 1.86037 2.54434 1.5105 1.87619 2.61878 2.12379 2.57048 1.27506 1.48958 2.12951 2.5632 1.58524 1.42631 1.0402 2.67097 1.51757 2.29451 1.52957 1.97369 1.45825 1.71585 1.35177 1.89697 1.42329 2.37066 1.82736 2.93433 1.32788 1.65485 1.98959 2.04215 1.4279 2.64132 3.07482 1.0265 2.23332 1.0265 1.42077 1.34802 1.22058 1.42757 2.21954 2.10829 2.19961 1.7871 1.46301 2.58065 2.29383 1.65356 
0.932596 1.12328 1.53295 1.20965 1.35059 0.937095 1.0889 1.09057 1.02769 1.39287 1.16566 1.57115 1.2735 1.1268 1.48788 1.57447 2.16228 2.08614 1.15718 1.35895 0 1.65878 0.924626 1.1268 1.22316 1.12632 1.56048 1.5861 0.715505 0.715505 1.07553 1.40893 0.919467 1.30768 1.5961 1.54952 1.65017 1.07501 0.715505 1.08202 1.03687 0.715505 0.998485 1.26715 1.26024 0.948369 1.49233 1.39523 0.919467 1.30646 0.932596 1.27295 1.43691 1.01778 0.929948 1.31425 1.34999 1.36617 0.919467 1.08396 1.57524 1.36617 1.05435 1.71947 1.05673 1.79853 1.79412 1.4636 1.91618 1.05673 1.63936 1.84453 1.57011 1.32808 1.01778 1.43402 2.01027 1.82765 1.50899 1.08688 1.43991 1.42749 1.85157 1.71578 1.9219 1.32808 1.50466 1.32808 1.05435 1.71873 1.36043 1.69795 1.50466 1.44036 1.43991 2.00544 1.77464 1.93105 1.63264 1.05435 
1.23204 1.60154 2.01898 1.76757 1.77024 1.35674 1.50855 1.71418 1.48441 1.87113 1.75384 1.98546 1.71122 1.75041 1.90752 1.99411 2.54707 2.51234 1.45662 1.74374 1.65878 0 1.54824 1.72724 1.78825 1.58304 1.98366 2.0895 1.33912 1.33912 1.48983 1.70837 1.23204 1.72733 1.93261 1.96917 2.06982 1.50855 1.33912 1.42222 1.40132 1.39773 1.40132 1.55862 1.7561 1.40508 1.92351 1.81488 1.35799 1.76318 1.23204 1.57239 1.77342 1.35799 1.59216 1.77097 1.55862 1.8999 1.39773 1.23204 1.91175 1.8999 1.39086 2.13096 1.59874 2.13504 2.14987 1.86471 2.25269 1.59874 2.11896 2.34772 1.98363 1.7416 1.43131 1.77053 2.45923 2.15649 2.00195 1.50041 1.90533 1.72694 2.0602 2.21896 2.33543 1.7416 2.03176 1.7416 1.39086 2.07114 1.83869 2.07959 2.03176 1.79277 1.90533 2.34564 2.18613 2.23551 2.02517 1.39086 
0.822049 1.07134 1.38805 1.06475 1.24004 0.826548 0.978349 0.945679 0.954211 1.34093 1.02076 1.51922 1.12861 0.981906 1.37733 1.46392 2.05173 1.98214 1.04663 1.2484 0.924626 1.54824 0 0.981906 1.17122 1.05284 1.41792 1.4412 0.570611 0.570611 0.967388 1.29838 0.822049 1.19714 1.52262 1.43897 1.53962 0.978349 0.570611 1.01223 0.984935 0.867532 0.94655 1.21521 1.2083 0.874887 1.4404 1.28469 0.867532 1.23298 0.822049 1.1624 1.36343 0.947996 0.878013 1.23415 1.23944 1.31423 0.867532 0.973408 1.50176 1.31423 0.980873 1.66754 1.0048 1.72505 1.74219 1.41166 1.8427 1.0048 1.58743 1.7926 1.51818 1.27614 0.96585 1.36054 1.95834 1.71711 1.45706 1.03495 1.38797 1.31695 1.74102 1.66384 1.86997 1.27614 1.45273 1.27614 0.980873 1.66115 1.3085 1.5874 1.45273 1.38278 1.38797 1.93565 1.72271 1.82552 1.56124 0.980873 
10.2719 6.14737 2.76079 0.905437 3.07119 10.42 1.97581 3.04526 2.2166 2.24423 3.65798 1.58522 0.969293 0.411296 2.01125 2.13873 1.8622 1.54822 3.10092 2.3937 1.1268 1.72724 0.981906 0 8.9423 10.2896 2.62273 1.28189 4.86446 8.18274 1.68152 5.65561 8.76483 2.24732 1.28286 2.63987 3.61214 3.12291 3.38979 3.42322 8.76934 10.9537 9.60587 11.9076 12.4765 5.36849 4.96943 5.37702 9.81722 4.5884 6.56881 5.00497 3.00109 10.3115 6.32095 6.81408 3.50226 4.54424 7.00566 11.8534 2.57833 5.1681 11.6821 1.84127 1.20697 3.02707 1.80692 3.78361 1.98196 2.22444 1.72669 1.77236 1.58291 5.70398 10.1734 2.25887 1.67469 2.52638 1.59632 5.26375 11.2848 2.31772 1.88028 6.38584 2.79913 1.34088 2.6352 1.34088 8.40344 1.73153 1.4875 1.7664 8.07271 3.69899 5.72157 1.89348 1.84251 3.90553 2.75865 4.21985 
9.66294 5.69306 3.51756 1.30306 2.88305 8.36499 2.02475 3.28298 2.17057 2.39049 3.96455 1.74116 1.24671 1.02963 2.04723 2.77185 2.30879 1.81304 3.0709 2.3632 1.22316 1.78825 1.17122 8.9423 0 9.94567 2.49012 1.55931 4.54619 7.32021 1.8553 5.5431 6.59504 2.42598 1.37164 2.70833 4.3308 3.01029 2.71077 3.37779 8.89028 8.40526 7.40848 9.63451 10.144 5.0663 4.93631 4.92825 7.77295 4.48627 6.3948 5.69222 3.26724 8.02429 5.89392 6.41616 3.35468 4.18408 6.10802 9.30576 2.49617 5.27322 9.03891 1.75328 1.07875 3.02657 1.84108 3.72478 1.93732 2.2518 1.66138 1.77722 1.61214 5.41906 8.08914 2.26895 2.02458 2.85418 1.53101 5.35557 10.4375 2.34875 1.77646 6.34404 3.14522 1.31862 2.62568 1.31862 7.83128 1.70928 1.47433 1.75662 7.37675 3.72289 5.74874 1.94172 1.79666 3.9519 2.65381 4.36149 
9.63591 5.88985 2.75233 0.494142 3.28089 9.997 1.8539 2.39845 1.97976 2.45911 4.16468 1.55046 0.557997 0.905437 2.43372 2.0232 1.79497 1.44084 2.33747 2.12779 1.12632 1.58304 1.05284 10.2896 9.94567 0 2.49662 1.30838 4.10998 10.6104 1.69039 5.30838 9.66507 1.72049 1.52035 2.11304 3.70141 3.07696 3.59102 3.77973 8.66323 12.9535 11.1315 11.4175 12.0081 5.51075 4.95501 5.49445 12.0104 4.9004 5.53198 5.19344 3.30879 13.9884 6.00872 7.34102 3.46782 4.90074 6.83865 13.786 2.51514 5.46693 10.8962 1.7187 1.18648 2.94854 1.84301 3.8922 1.84043 2.35931 1.5865 1.93705 1.66263 5.65759 12.7821 2.30183 2.10279 2.85699 1.63874 5.49692 10.8061 2.30862 1.77582 6.61672 3.18591 1.33736 2.64088 1.33736 8.21911 1.65888 1.30623 1.6222 7.93031 3.80509 5.9696 1.93339 1.77387 3.99809 2.61681 4.38857 
2.02404 2.1121 3.01133 1.66926 2.87587 2.17688 2.2692 2.74601 2.53596 2.60521 2.68955 1.98462 1.69959 1.6201 3.05287 3.11296 2.22053 2.33015 2.2008 2.36853 1.56048 1.98366 1.41792 2.62273 2.49012 2.49662 0 2.04139 1.70364 1.93771 2.47119 2.60967 1.56787 2.65945 1.66869 3.04045 3.18443 2.50168 2.00295 2.27376 1.84122 1.67871 1.86767 2.31803 2.38715 1.88951 2.67741 2.74887 1.5481 2.50399 1.80743 2.29196 2.73625 1.71096 2.1481 2.77635 2.50333 2.89831 1.697 2.05111 2.51609 2.8644 1.93745 1.84095 1.18968 3.16626 1.8462 2.70533 1.84363 2.36027 1.65917 2.03612 1.66582 2.20629 1.81609 2.66427 2.14763 3.26502 1.64194 2.05557 2.37617 2.40718 1.77902 3.14053 3.29682 1.34055 2.72048 1.2633 1.88445 1.66207 1.3789 1.6289 2.53619 2.49486 2.58619 1.93658 1.77707 3.01224 2.78911 2.00577 
0.870591 1.62573 1.68803 1.36473 1.79444 1.23432 1.53274 1.60715 1.5086 1.89532 1.36367 2.02512 1.30838 1.28189 1.93172 2.01831 2.60613 2.19123 1.58789 1.80279 1.5861 2.0895 1.4412 1.28189 1.55931 1.30838 2.04139 0 1.36331 0.870591 1.31029 1.61484 1.36331 1.75153 1.92587 1.99336 2.09401 1.53274 1.23432 1.33225 1.46037 1.42192 1.46037 1.62031 1.67504 1.42928 1.99479 1.8059 1.42192 1.60369 1.33225 1.70367 1.73459 1.33225 1.53948 1.53413 1.7807 1.61484 1.42192 1.5278 2.04302 1.78097 1.46037 2.18934 1.54606 2.20455 2.20893 1.93422 2.38396 1.54606 2.12869 2.25933 2.04269 1.79594 1.49036 1.9018 2.42508 2.2715 1.99832 1.55946 1.98317 1.85821 2.28228 2.13058 2.30127 1.80066 2.04792 1.79594 1.46037 2.14065 1.86289 2.14179 2.04792 1.86228 1.89358 2.31991 2.24451 2.34585 2.11564 1.46037 
4.18168 4.46864 3.11726 1.02825 2.82466 4.09806 1.19655 2.47493 1.3854 1.75146 3.63728 1.3101 1.05072 0.981906 1.99081 1.96117 1.61729 1.77302 2.3307 1.47828 0.715505 1.33912 0.570611 4.86446 4.54619 4.10998 1.70364 1.36331 0 3.07481 1.4497 5.61902 3.32522 1.5868 1.30573 2.00273 3.56673 2.30762 2.91868 3.55994 4.5289 4.00367 3.71378 5.03726 5.17725 4.70213 4.59248 5.37316 3.40142 4.75189 4.02046 5.54282 2.97474 3.72637 4.57774 5.50634 2.96212 4.53861 3.97321 4.88694 1.84455 5.09064 4.39495 1.23493 0.65543 2.36754 1.33461 3.33873 1.34661 1.68829 1.01816 1.53245 1.16881 5.51214 4.17201 1.70577 1.64396 2.23057 1.10725 5.44441 5.2078 1.7478 1.24493 6.4332 2.62528 0.843539 1.96321 0.843539 5.03611 1.16506 0.737887 1.10741 5.4047 3.17807 5.96234 1.60414 1.28005 3.50183 1.99039 4.04463 
7.63567 4.61178 2.13 0.494142 2.30757 7.34283 1.37422 1.78803 1.62956 1.99817 2.87654 1.17392 0.557997 0.411296 1.86359 1.93408 1.79497 1.44084 2.12894 1.79212 0.715505 1.33912 0.570611 8.18274 7.32021 10.6104 1.93771 0.870591 3.07481 0 1.07532 4.60515 17.3668 1.64451 1.25173 2.02392 3.30741 2.36367 2.60008 2.65404 7.05411 11.2735 12.409 9.18676 9.36666 4.41286 4.20692 4.12042 16.4061 3.31815 4.75082 4.50598 2.56124 9.66047 4.48622 5.29888 2.82592 3.82488 5.11906 11.0944 2.04439 4.20789 8.73374 1.43895 0.795678 2.39693 1.45854 3.16936 1.63358 1.68678 1.3783 1.50895 1.29231 4.31625 23.3523 1.81199 1.67469 2.32173 1.24794 4.22804 8.40913 1.94528 1.5319 5.20804 2.5713 1.05027 2.07848 1.04555 6.62054 1.39026 1.11251 1.37828 6.30885 3.00351 4.72094 1.60176 1.49413 3.32707 2.15168 3.46715 
1.44526 1.8601 2.18262 0.933846 2.09164 0.939641 1.59549 1.97587 1.97264 2.4191 1.80142 1.25097 0.997701 0.851 2.32638 2.4639 1.87201 1.88055 1.88454 2.03101 1.07553 1.48983 0.967388 1.68152 1.8553 1.69039 2.47119 1.31029 1.4497 1.07532 0 2.10298 1.39325 1.95378 1.32877 2.42258 2.63695 1.80153 1.0813 1.70567 1.50362 1.49768 1.32205 1.73967 1.91171 1.82954 2.50279 2.06567 1.44791 1.80452 1.4501 1.94191 2.10044 1.4606 1.68442 1.91462 2.146 2.10274 1.55448 1.60598 2.41213 2.20777 1.56165 1.59224 1.09507 2.76227 1.53558 2.348 1.76839 2.02841 1.51312 1.64377 1.36935 2.03492 1.47801 2.19217 1.80951 2.75585 1.38275 1.68185 2.20311 2.26615 1.66672 2.52402 3.02984 1.12731 2.4364 1.12731 1.45271 1.4673 1.31842 1.61981 2.3263 2.26471 2.1576 1.80468 1.62894 2.78209 2.55033 1.64844 
5.06353 5.84679 3.67904 1.3586 3.56289 5.39328 2.02566 3.63421 2.29243 1.97291 4.81387 1.79669 1.30225 0.908812 2.19009 2.54251 2.09038 1.44084 3.1282 2.39314 1.40893 1.70837 1.29838 5.65561 5.5431 5.30838 2.60967 1.61484 5.61902 4.60515 2.10298 0 4.38549 2.37299 0.930178 2.61085 3.98096 3.58676 3.92418 3.90274 5.40709 4.84777 4.82903 5.51481 5.83095 6.51249 5.35093 6.33514 4.4206 5.91275 4.70229 5.91964 3.19546 4.79087 5.66741 6.65489 3.34551 4.85745 5.1647 5.76829 2.60993 5.30173 5.10485 1.59641 1.0966 2.79281 1.73653 3.76989 1.75055 2.27094 1.6425 1.91595 1.56237 6.47175 4.87857 2.32991 1.73585 2.54774 1.54886 6.2998 6.18166 2.33144 1.64887 7.44743 2.86814 1.16175 2.54859 1.16175 6.02347 1.5524 1.51863 1.66633 6.3582 3.71516 6.50379 1.8435 1.68399 3.93512 2.42005 4.62225 
8.66114 3.571 2.90777 1.02825 2.66093 6.72232 1.10426 2.47101 1.2447 1.56865 3.26961 1.33695 0.985033 1.02422 2.0493 1.71772 1.40584 1.70734 1.72271 1.16924 0.919467 1.23204 0.822049 8.76483 6.59504 9.66507 1.56787 1.36331 3.32522 17.3668 1.39325 4.38549 0 1.42882 1.04588 1.86203 2.90516 2.13733 2.22234 2.59489 5.94044 7.56317 10.465 8.30401 8.45218 3.88168 2.97012 3.95822 15.2457 3.74307 3.86768 3.38986 2.73354 9.27962 4.05965 5.6612 2.09155 3.9012 4.34302 9.85142 1.53737 4.06542 6.96944 1.13452 0.602303 2.02576 1.24301 2.54941 1.25458 1.37576 0.970816 1.44086 1.07678 3.67878 18.3417 1.73289 1.55237 2.16485 1.05289 3.60521 7.14104 1.20086 1.15334 4.64782 2.27508 0.751511 1.64118 0.751511 5.25457 1.07303 0.71056 0.847553 5.48724 2.40877 4.03622 1.34921 1.18803 2.65621 1.68489 2.49514 
1.78736 2.06841 2.44219 1.17255 2.39792 1.62205 1.71437 2.19487 2.09152 2.6455 2.30317 1.61194 1.12933 1.39931 2.81619 2.3685 1.68083 1.85163 1.79497 1.85728 1.30768 1.72733 1.19714 2.24732 2.42598 1.72049 2.65945 1.75153 1.5868 1.64451 1.95378 2.37299 1.42882 0 1.42213 2.22088 2.73995 2.16949 1.60991 1.89543 1.64458 1.59894 1.49524 1.98082 2.19794 1.93767 2.60404 2.27092 1.42487 2.16027 1.55801 2.04982 2.47376 1.65036 1.97629 2.53599 2.25391 2.49991 1.65893 1.7139 2.51339 2.494 1.68803 1.42631 1.0402 2.96526 1.51757 2.50093 1.52957 2.32027 1.45825 1.71585 1.35177 2.20632 1.78989 2.30008 1.82736 2.86376 1.32788 1.96376 2.36446 2.30173 1.4279 2.81025 3.2196 1.0265 2.6172 1.0265 1.56062 1.34802 1.22058 1.42757 2.60341 2.41764 2.31894 1.7871 1.46301 2.89001 2.62839 1.75635 
1.05528 1.47519 1.83803 1.70489 1.72219 1.25173 1.23541 1.68856 1.42172 1.35921 1.69091 1.81648 1.61328 1.32722 1.62234 1.78463 2.21754 1.85925 1.3059 1.42213 1.5961 1.93261 1.52262 1.28286 1.37164 1.52035 1.66869 1.92587 1.30573 1.25173 1.32877 0.930178 1.04588 1.42213 0 1.74113 1.78463 1.48292 1.25173 0.930178 1.01004 1.26483 1.09411 0.930178 1.3302 1.3424 1.73735 1.6589 1.04302 1.553 0.930178 1.22741 1.3721 0.930178 1.28377 1.57947 1.23871 1.28286 1.25839 1.13872 1.59678 1.40747 0.930178 1.59641 1.28377 1.74348 1.73653 1.29727 1.93772 1.28377 1.82967 1.92645 1.56237 1.16175 1.01004 1.45556 2.03796 1.8694 1.58069 1.07914 1.46923 1.44903 1.87311 1.7977 1.91416 1.16175 1.61097 1.16175 1.01004 1.5524 1.7058 1.85636 1.61097 1.27403 1.46923 1.91783 1.75003 1.79947 1.59641 1.01004 
2.16713 2.42136 2.82161 1.41438 2.75087 2.09085 2.18316 2.58742 2.51279 3.06143 2.74962 1.92625 1.37116 1.64114 3.09854 2.73603 2.23769 2.09347 2.07878 2.60106 1.54952 1.96917 1.43897 2.63987 2.70833 2.11304 3.04045 1.99336 2.00273 2.02392 2.42258 2.61085 1.86203 2.22088 1.74113 0 3.1171 2.58542 2.07871 2.36422 2.09879 2.06773 1.96403 2.08231 2.65373 2.3939 2.97157 2.62386 1.77781 2.62906 1.84182 2.37437 2.69184 2.0956 2.35729 2.92853 2.47199 2.96078 2.01188 2.07396 2.97426 2.95486 1.879 1.74531 1.52211 3.24908 2.07935 2.73748 2.09136 2.78114 1.99768 2.2772 1.91355 2.51483 2.25076 2.76095 2.38915 3.26889 1.88967 2.42463 2.68901 2.76259 1.98968 3.27068 3.68046 1.5125 2.94175 1.5125 1.92068 1.90315 1.72943 1.88144 2.86291 2.87185 2.77981 2.26902 2.0248 3.24295 2.84646 2.07542 
3.63063 3.82514 4.37042 1.46739 4.73211 3.45095 2.40225 4.39183 2.5427 2.83177 4.24999 2.06765 1.53125 1.32721 2.93743 2.15855 1.40584 2.15453 3.95272 2.77194 1.65017 2.06982 1.53962 3.61214 4.3308 3.70141 3.18443 2.09401 3.56673 3.30741 2.63695 3.98096 2.90516 2.73995 1.78463 3.1171 0 4.30496 3.46858 3.77806 3.19646 3.34468 3.15791 3.77997 4.07688 4.12043 4.5038 4.24678 3.1903 4.10866 3.20449 3.0283 4.34494 3.29871 3.89207 4.31693 4.37408 4.5044 3.22533 3.57355 3.13214 4.50567 3.40078 1.99689 1.48223 3.60297 2.12294 4.86537 2.13451 2.97053 1.85074 2.32079 1.95671 4.08945 3.43773 2.903 2.25926 3.05298 1.93282 3.92401 4.25741 2.68057 2.03327 4.82039 3.50678 1.63144 3.23595 1.63144 3.56241 1.95296 1.59049 1.72748 4.47298 4.67442 4.3616 2.22913 2.06795 4.82882 3.29646 3.72625 
2.70204 2.469 3.96825 1.19768 3.65922 1.93337 1.52128 3.46089 1.95711 2.33414 2.50225 1.50638 1.22015 1.19365 2.52236 2.54386 1.95814 1.94245 3.20876 2.04999 1.07501 1.50855 0.978349 3.12291 3.01029 3.07696 2.50168 1.53274 2.30762 2.36367 1.80153 3.58676 2.13733 2.16949 1.48292 2.58542 4.30496 0 2.26807 3.09626 2.58989 2.14653 2.48317 3.1494 3.34015 3.20626 3.79625 3.55841 2.33682 3.2545 2.59361 3.34906 3.82574 2.66132 2.69239 3.62743 3.70034 3.76062 2.44032 2.97327 2.42724 4.09593 2.78567 1.68128 1.14342 2.95022 1.791 4.07695 1.80301 2.27098 1.50615 1.89919 1.62477 3.34889 2.68226 2.28845 2.06493 2.81326 1.59525 3.1203 3.43771 2.31285 1.70133 4.13034 3.20797 1.29993 2.53492 1.29993 2.86258 1.62145 1.22588 1.54771 3.70489 3.91629 3.60221 1.89596 1.73645 4.24005 2.57308 3.15871 
2.8491 3.23561 3.41454 0.933846 2.70425 2.47745 1.33963 2.77546 1.57919 1.92837 3.68574 1.17392 0.921725 0.851 1.82899 2.07947 1.79497 1.77302 2.42972 1.69361 0.715505 1.33912 0.570611 3.38979 2.71077 3.59102 2.00295 1.23432 2.91868 2.60008 1.0813 3.92418 2.22234 1.60991 1.25173 2.07871 3.46858 2.26807 0 3.04164 2.84045 2.73791 2.59783 3.20827 3.60362 3.31063 4.5835 3.86125 2.31376 3.27004 2.64329 3.89275 3.20108 2.56722 2.97987 4.01213 2.92257 4.28131 2.37585 3.01611 2.02146 4.92014 2.82235 1.45841 0.795678 2.46506 1.45854 3.26212 1.63358 1.68454 1.35435 1.56673 1.29231 3.90805 2.74519 1.8483 1.73247 2.40748 1.24794 3.55628 3.79991 1.87548 1.5319 4.6924 2.76781 1.05027 2.09253 1.05027 3.36966 1.39026 1.07408 1.37828 4.05615 3.10146 4.26336 1.72653 1.51359 3.46228 2.1673 3.98778 
3.06995 3.72192 3.19113 1.17249 2.91384 2.97157 1.5481 3.27694 1.88819 1.91715 4.10483 1.36896 1.01966 0.908812 2.00333 2.41654 1.8883 1.44084 2.76529 1.966 1.08202 1.42222 1.01223 3.42322 3.37779 3.77973 2.27376 1.33225 3.55994 2.65404 1.70567 3.90274 2.59489 1.89543 0.930178 2.36422 3.77806 3.09626 3.04164 0 2.93969 2.96076 2.73932 2.93545 3.78197 3.62786 4.93458 4.01909 2.71166 3.28464 2.70989 4.09073 2.74869 2.65525 3.49624 3.88081 2.98125 3.67192 2.84691 3.07033 2.24685 4.82464 2.97245 1.43692 0.859914 2.45564 1.36516 3.37077 1.59074 1.83098 1.44254 1.563 1.17856 4.02186 2.92676 2.07897 1.67451 2.5481 1.19688 3.70746 4.08124 1.97089 1.48906 4.79666 2.5728 0.936526 2.28974 0.936526 3.41982 1.29688 1.26562 1.50652 4.37437 3.26573 4.3054 1.44932 1.51245 3.65718 2.29976 4.11227 
9.076 4.89287 3.39932 1.17026 2.9655 8.24335 1.29016 2.88907 1.63024 1.85589 4.00024 1.17392 1.14778 1.12129 2.26035 2.26099 1.40584 1.80834 2.32143 1.29653 1.03687 1.40132 0.984935 8.76934 8.89028 8.66323 1.84122 1.46037 4.5289 7.05411 1.50362 5.40709 5.94044 1.64458 1.01004 2.09879 3.19646 2.58989 2.84045 2.93969 0 6.62789 6.53358 8.5133 8.00816 4.80837 3.67543 4.68909 6.62778 4.39072 5.87093 4.55471 2.80004 7.01783 5.52915 6.32099 1.85099 4.331 6.15355 8.20501 1.6022 4.38259 6.951 1.01773 0.699747 1.82615 0.915059 2.36618 1.22417 1.40267 1.1178 1.10498 0.969535 4.01645 6.64205 1.70718 1.47825 2.30792 0.987434 3.96415 8.25496 1.28399 1.06209 4.7207 2.30827 0.517337 1.59945 0.517337 6.54301 0.838856 0.9231 1.15259 7.14297 2.38759 4.62485 1.43799 1.06488 2.42037 1.59828 2.70212 
10.7601 4.35429 3.31299 1.0498 2.92274 7.84906 1.20868 2.87978 1.54877 1.69338 3.61596 1.3101 1.10933 1.08019 2.20675 2.17711 1.58295 1.82509 2.29583 1.21506 0.715505 1.39773 0.867532 10.9537 8.40526 12.9535 1.67871 1.42192 4.00367 11.2735 1.49768 4.84777 7.56317 1.59894 1.26483 2.06773 3.34468 2.14653 2.73791 2.96076 6.62789 0 9.76592 9.78333 9.90045 4.32185 3.3617 4.38153 10.0504 4.07558 4.62081 4.25417 2.93692 11.2867 4.69395 6.22726 2.36991 4.2 5.26373 11.4478 1.5111 4.18837 7.95414 1.21638 0.580325 2.13945 1.21479 2.67023 1.2752 1.35528 0.99838 1.34993 1.09739 3.84048 11.0418 1.68083 1.43302 2.28158 0.868011 3.74508 8.49251 1.42374 1.21059 4.85384 2.46133 0.772126 1.69695 0.729895 6.23458 1.09365 0.666474 1.10741 6.51319 2.43493 4.63238 1.53273 1.13366 2.87677 1.79484 2.95673 
9.44513 4.15958 3.22518 1.17026 2.81251 7.39256 1.09401 2.8308 1.44868 1.84528 3.76693 1.17392 1.14778 1.08959 2.24973 2.12623 1.40584 1.80834 2.18996 1.24753 0.998485 1.40132 0.94655 9.60587 7.40848 11.1315 1.86767 1.46037 3.71378 12.409 1.32205 4.82903 10.465 1.49524 1.09411 1.96403 3.15791 2.48317 2.59783 2.73932 6.53358 9.76592 0 8.58676 8.92175 4.08828 3.65093 4.29907 11.4087 3.77688 4.22749 4.22863 2.79693 9.23806 4.30659 5.87522 1.96789 3.96433 4.76306 10.0138 1.62865 4.23972 6.94451 1.11985 0.699747 2.02591 0.915059 2.48308 1.25458 1.41365 1.1178 1.38168 0.969535 3.7502 11.5599 1.73362 1.49319 2.20649 0.987434 3.54606 7.82829 1.36164 1.06209 5.05955 2.37739 0.67237 1.73246 0.67237 5.81111 1.06302 0.9231 1.15259 5.77401 2.57337 4.3586 1.45293 1.18803 2.91331 1.69643 2.8386 
11.8837 5.95982 3.79054 1.36406 3.18377 10.5795 1.59534 3.48208 1.89466 2.09072 4.57594 1.44259 1.30771 1.28122 2.43229 2.57221 1.64949 1.85925 2.75142 1.74886 1.26715 1.55862 1.21521 11.9076 9.63451 11.4175 2.31803 1.62031 5.03726 9.18676 1.73967 5.51481 8.30401 1.98082 0.930178 2.08231 3.77997 3.1494 3.20827 2.93545 8.5133 9.78333 8.58676 0 10.7334 5.25254 4.60168 4.80782 8.60829 4.66774 6.31196 5.28065 2.95997 8.69513 6.05923 6.67528 2.01092 4.29716 5.3412 10.0003 2.08499 4.73254 9.37014 0.891861 0.956868 2.03181 1.25205 2.17988 1.46116 1.81633 1.38984 1.44989 1.17052 3.92547 8.48023 2.18996 1.64611 2.66139 1.18883 4.09496 8.92565 1.73393 1.39645 5.35826 2.72193 0.685192 1.58447 0.685192 6.78867 1.07584 1.15216 1.37902 6.65985 2.63633 4.63853 1.60585 1.27347 3.12403 1.59721 2.85097 
12.5123 6.10426 3.72758 1.4188 3.53601 11.107 1.85062 3.54362 2.1907 2.40182 4.57062 1.54717 1.36245 1.296 2.71555 2.81436 1.91965 1.99301 2.99716 2.00057 1.26024 1.7561 1.2083 12.4765 10.144 12.0081 2.38715 1.67504 5.17725 9.36666 1.91171 5.83095 8.45218 2.19794 1.3302 2.65373 4.07688 3.34015 3.60362 3.78197 8.00816 9.90045 8.92175 10.7334 0 5.29883 4.51653 5.27468 8.58337 5.01178 6.40379 5.41451 3.32135 8.57802 5.41099 6.50732 2.37171 4.55182 6.20139 11.1457 2.08955 3.79498 9.24088 1.33789 0.868011 2.33183 1.23985 2.86957 1.21796 1.31462 1.29424 0.944829 1.04169 4.03901 7.30406 2.20276 1.24898 2.60843 0.735214 4.2325 8.54964 1.94933 1.38689 5.05292 2.31244 0.685785 2.12809 0.324793 6.51872 0.988269 1.31083 1.65319 7.3683 2.03568 5.31836 1.52946 1.19065 3.04665 2.22699 3.58604 
5.4498 5.25876 3.66563 1.05716 3.02347 4.68401 1.59034 3.41235 1.93043 2.40205 4.77805 1.37251 1.11669 1.07706 2.05317 2.55408 1.84263 1.83613 3.00242 2.00824 0.948369 1.40508 0.874887 5.36849 5.0663 5.51075 1.88951 1.42928 4.70213 4.41286 1.82954 6.51249 3.88168 1.93767 1.3424 2.3939 4.12043 3.20626 3.31063 3.62786 4.80837 4.32185 4.08828 5.25254 5.29883 0 4.39548 5.60583 4.00717 5.27646 4.32427 5.59515 3.40087 3.81753 5.11393 5.85255 3.25213 4.67103 4.08729 5.02198 2.1558 5.26727 4.54796 1.46306 0.976356 2.64313 1.46831 3.58383 1.43029 1.92723 1.39441 1.62278 1.28793 5.46245 4.23451 1.92681 1.76352 2.54323 1.22859 5.62871 5.39197 2.04688 1.40112 6.08693 2.862 0.806317 2.36019 0.735604 5.14556 1.12784 1.12828 0.847553 5.71729 3.31013 6.36362 1.72326 1.39918 3.491 2.33612 4.41018 
4.80767 4.30482 4.49976 1.65973 4.275 4.26712 2.21379 4.12799 2.35424 2.61957 5.65003 1.96843 1.6765 1.60912 3.0331 2.77832 2.09731 2.39881 3.42933 2.22017 1.49233 1.92351 1.4404 4.96943 4.93631 4.95501 2.67741 1.99479 4.59248 4.20692 2.50279 5.35093 2.97012 2.60404 1.73735 2.97157 4.5038 3.79625 4.5835 4.93458 3.67543 3.3617 3.65093 4.60168 4.51653 4.39548 0 5.18717 3.16779 4.93619 3.84642 4.20217 4.34731 3.59813 4.61987 4.98064 3.73253 6.00815 3.48735 4.1468 2.60129 6.11127 3.96723 1.77345 1.19395 3.10839 1.87312 4.11331 1.88513 2.44547 1.55667 1.49162 1.70732 4.59964 3.58211 2.79243 2.18248 3.27286 1.64577 4.62676 4.48098 2.1944 1.78345 5.1432 3.38369 1.38206 2.67074 1.38206 3.73152 1.70358 1.2764 0.847553 5.01789 3.95099 5.16688 2.04068 1.81857 3.54974 2.73124 4.56148 
5.3132 5.29938 3.99844 1.42945 2.92934 4.92614 1.92359 3.71589 2.25322 2.77313 4.93228 1.68902 1.49331 1.26164 2.69996 2.78606 2.11498 2.21155 3.15923 2.34149 1.39523 1.81488 1.28469 5.37702 4.92825 5.49445 2.74887 1.8059 5.37316 4.12042 2.06567 6.33514 3.95822 2.27092 1.6589 2.62386 4.24678 3.55841 3.86125 4.01909 4.68909 4.38153 4.29907 4.80782 5.27468 5.60583 5.18717 0 3.90024 4.9144 4.43255 5.88976 3.62936 4.12106 5.13118 5.01057 3.34684 4.6964 4.00636 4.7163 2.60281 5.44646 4.4693 1.20388 1.36247 2.34015 1.72406 3.21914 1.85185 2.40969 1.78053 1.8052 1.67404 5.25204 4.1941 2.22476 2.0255 2.43825 1.65016 5.69279 4.3592 2.32458 1.75017 5.79307 3.30902 1.21842 1.48015 1.21842 4.26245 1.53994 1.57514 1.7538 4.27543 3.61437 5.08321 2.10938 1.34851 3.7218 2.03313 3.1872 
9.57919 3.84048 2.9741 1.02825 2.6879 7.53835 1.15891 2.54089 1.28478 1.58432 3.61709 1.34361 0.985033 1.07706 2.09481 1.94877 1.4125 1.70448 1.74591 1.16529 0.919467 1.35799 0.867532 9.81722 7.77295 12.0104 1.5481 1.42192 3.40142 16.4061 1.44791 4.4206 15.2457 1.42487 1.04302 1.77781 3.1903 2.33682 2.31376 2.71166 6.62778 10.0504 11.4087 8.60829 8.58337 4.00717 3.16779 3.90024 0 3.69857 4.17232 4.23798 2.66224 9.53003 4.03703 5.42276 2.17341 3.94341 4.14556 9.78877 1.47519 4.07542 6.95974 1.01299 0.564005 1.90596 1.22053 2.4146 1.21796 1.32559 0.92673 1.41045 1.04637 3.23362 13.5637 1.7148 1.52196 2.20493 1.01626 3.71434 6.91678 1.43191 1.15334 4.62238 2.2632 0.714883 1.4773 0.714883 5.89158 1.0364 0.666474 0.847553 5.64308 2.36345 4.2286 1.34921 1.1514 2.70402 1.40728 2.4572 
4.62646 4.96894 3.54598 1.22724 2.76716 3.98919 1.81294 3.30482 2.15303 2.57142 4.2694 1.64141 1.2911 1.05943 2.0403 2.64362 2.00885 2.01866 3.09172 2.2188 1.30646 1.76318 1.23298 4.5884 4.48627 4.9004 2.50399 1.60369 4.75189 3.31815 1.80452 5.91275 3.74307 2.16027 1.553 2.62906 4.10866 3.2545 3.27004 3.28464 4.39072 4.07558 3.77688 4.66774 5.01178 5.27646 4.93619 4.9144 3.69857 0 4.07724 5.78451 3.40719 3.44282 4.55375 5.35884 3.40375 4.44787 3.86885 4.47501 2.54284 5.25359 4.27163 1.71726 1.21216 2.86324 1.77156 3.65441 1.82052 2.22732 1.73459 1.66043 1.60533 5.32982 4.06129 1.98781 2.08092 2.88516 1.61883 5.31253 5.03241 2.32742 1.75591 6.17797 3.12664 1.31745 2.36083 1.2402 4.90909 1.63897 1.47433 1.64304 5.27268 3.62321 5.88023 1.95907 1.75397 3.62441 2.48609 4.18107 
