0 432 876 3435 3906 346 1386 3120 1695 3816 1268 2100 634 1124 1134 1176 574 1333 948 894 3710 950 1236 728 2148 1496 2088 3183 1848 690 1218 580 1438 844 2046 1054 530 1224 327 1602 1496 1484 2015 2820 5511 3052 3384 2780 6067 4796 3780 2940 2982 2874 2192 5075 2285 1974 4833 2905 5967 1234 1830 4816 5208 1736 4025 2733 2208 2832 1842 1204 3108 1551 3360 2748 1606 2058 1274 3416 1448 1797 1666 2364 1802 3953 2202 2577 1854 4648 1912 2204 2400 1400 4998 3264 1341 1470 7243 1380 
432 0 1308 1360 1528 778 1348 376 1562 1244 1464 1482 1066 1364 1566 40 1006 1098 906 1028 1428 1034 1256 1160 1386 1928 1752 1014 572 662 1244 796 1690 1276 1254 1486 962 1656 650 1416 704 1174 1238 944 1350 956 1490 1532 2132 986 1692 1412 1284 788 1308 1330 1346 852 1266 1594 1224 1582 2262 1518 1640 1300 1498 1964 1904 2320 1454 1346 2346 1466 1486 1974 1748 2200 1500 1842 1582 1630 1808 1394 2218 1716 1900 1860 1988 1594 2344 1244 1632 1542 1042 1774 1326 1604 1456 1796 
876 1308 0 1894 2178 1088 1906 1506 2006 1688 1998 1926 1510 1534 2010 1268 1450 1542 1350 1006 1470 1826 1700 1604 1772 2372 2268 1432 1800 1106 1688 785 1848 1720 2240 1828 1406 2100 1094 1700 1148 1520 1216 922 1644 1490 2004 1808 2408 1636 2136 1856 1728 1572 1584 2208 1790 1296 1710 1976 1500 1876 2706 1794 1934 1744 1792 2240 2264 2704 2104 1622 2622 1890 1762 2250 2024 2476 2150 2118 1858 2074 2084 1670 2494 1710 2344 2136 2264 1954 2704 1520 1610 1818 1318 2050 1770 1880 1732 1790 
3435 1360 1894 0 3890 1138 12 3191 2055 4315 1238 3808 1168 1392 1868 3626 1526 2868 3363 1416 3655 2314 2364 1582 2088 1960 2289 1680 2070 2860 2370 810 1898 1758 3108 1878 1384 2078 2388 1785 2815 3140 3165 2430 2810 1825 4590 3716 2375 2535 5045 4735 2605 3030 3268 3975 4420 2385 3475 3775 3875 1356 2386 4170 3535 3444 3180 3435 3042 3702 2223 1672 2601 2055 4530 3186 2022 2372 1528 3168 1908 3168 1978 3440 2358 4400 3036 3216 2190 4295 1828 3140 3320 1712 3420 3328 2622 1862 4065 1840 
3906 1528 2178 3890 0 1172 1568 4254 921 2436 1450 1396 1096 920 1796 4464 1426 2668 3177 2133 3562 2252 2499 1554 2512 1580 2088 2652 3768 3216 2220 993 824 844 2376 1880 1188 1850 2280 2103 3414 3832 3965 4040 4008 2826 5595 2828 4265 1626 5608 2940 3138 2220 2520 1392 1140 2646 2754 2905 3528 1568 1914 3504 4878 3128 4452 2874 2334 2994 1515 1298 2994 1677 3595 2436 1522 1872 1056 3588 1534 1797 1458 2692 1886 4370 2328 2436 1938 3738 1996 2392 2768 1192 2982 3452 2484 1556 3318 1530 
346 778 1088 1138 1172 0 1150 740 932 776 1094 852 980 778 936 738 562 470 662 250 714 1296 994 530 900 1640 1356 528 1058 576 616 407 1092 808 1166 856 332 1026 564 870 74 764 460 166 804 586 930 1052 1558 870 1062 944 862 816 828 1414 716 766 1180 1126 744 1036 1998 1038 1094 670 952 1484 1508 1690 1338 866 1866 1050 1006 1494 1268 1720 1384 1362 1102 1162 1328 914 1738 954 1814 1380 1508 1198 1948 764 854 1062 562 1294 696 1124 976 1034 
1386 1348 1906 12 1568 1150 0 1242 1382 1738 1250 1916 1180 1404 1880 1308 1538 1446 1638 956 1468 2302 1588 1594 1056 1972 1538 684 776 1156 1592 816 1910 1770 2084 1890 1396 2090 1604 1202 1138 1582 1278 984 1136 742 1848 1870 962 1026 2030 1906 1054 1224 1646 1602 1780 966 1402 1522 1562 1368 2398 1680 1426 1734 1284 2302 2040 2480 1494 1684 1746 1382 1824 2136 2034 2384 1540 1596 1920 2124 1990 1732 2370 1772 2036 2156 2202 1730 1840 1582 1672 1724 1380 1676 1760 1874 1638 1852 
3120 376 1506 3191 4254 740 1242 0 2004 6156 1088 2888 1134 1196 1528 1008 742 1782 1284 1002 3962 1330 2118 1122 2020 1810 2064 3099 932 2718 1470 616 1314 1400 1317 1448 924 1618 687 1560 2997 2364 2195 2628 4549 2320 3750 2940 6739 4561 4962 4608 3528 3252 2492 3339 3270 3680 6179 3400 5229 1206 2352 5096 5307 2524 3927 2853 2889 3423 2172 1284 3426 1830 3560 2868 1686 2138 1494 3488 1520 2631 1746 2664 2156 4257 2985 2697 1926 6566 2366 2364 2544 1480 4410 3328 1932 1542 6273 1452 
1695 1562 2006 2055 921 932 1382 2004 0 2139 1264 1968 1194 1418 1720 2283 812 1080 1368 1773 2223 2080 2403 1314 1605 1986 2328 1047 2703 1755 1299 873 1438 1458 2925 1640 1116 1810 2022 1824 1287 2544 2088 1647 1725 1134 2571 2649 2712 1560 2769 2391 492 1857 2313 1617 1605 1470 2124 2304 2187 1382 2412 2541 2160 2181 1947 3297 3081 3711 2262 1580 3870 2094 1794 3225 1982 2398 1554 3132 1842 2718 2042 2442 1928 2829 3075 3141 2216 2616 2494 2217 2679 1776 1953 3012 2220 1864 2535 1966 
3816 1244 1688 4315 2436 776 1738 6156 2139 0 1620 2960 986 1316 1564 3612 1190 2196 2268 1539 4620 1762 1764 1158 2852 1848 870 4845 3472 1746 1866 795 998 32 2691 1484 960 1654 1545 2190 3159 3080 2990 4239 6368 4457 4674 1308 3573 4878 4662 504 4984 3786 1836 2233 3170 3410 5453 875 3881 1304 2088 3636 5921 2596 4574 2361 2736 3171 2316 956 2553 2079 2740 2220 1358 1728 1590 2928 1548 579 1314 2008 1828 4524 2730 2205 1954 6084 1796 1708 3128 1048 4544 2768 1986 1570 4485 1406 
1268 1464 1998 1238 1450 1094 1250 1088 1264 1620 0 1798 1062 1038 1762 1424 1420 1328 1520 1160 974 2218 1354 1476 938 1738 1304 566 1554 1038 1474 862 1844 1652 1966 1802 1278 1840 1486 968 1020 1674 1330 1076 902 508 1730 1700 1856 908 1876 1788 936 1106 1308 1484 1662 848 1284 1288 1392 1134 2280 1446 1192 1616 1050 2132 1922 2362 1376 1514 2398 1148 1654 1902 1800 2150 1422 2022 1842 1910 1860 1394 2252 1824 1918 2026 1968 1612 2362 1412 1750 1594 1302 1942 1642 1864 1508 1904 
2100 1482 1926 3808 1396 852 1916 2888 1968 2960 1798 0 1502 1326 1640 2884 1266 2348 2811 1653 2780 2000 2769 1234 3208 1986 3090 2464 3820 2560 1980 833 1522 1512 1329 1560 1036 1730 1902 2361 1556 3232 2624 2036 3016 2580 2500 3780 4116 1896 3532 3296 3132 2292 3204 2324 2308 2576 2648 3660 3164 1740 2320 3732 3596 2748 3312 3483 2943 3591 2124 1704 3843 2286 3688 3483 2106 2558 1462 3728 1940 2799 2156 3376 2292 3612 2937 3327 2344 3304 2402 3204 3412 1890 2800 3574 2100 1870 3608 1886 
634 1066 1510 1168 1096 980 1180 1134 1194 986 1062 1502 0 932 1128 1026 1208 1258 1108 1090 996 1584 998 914 868 954 1350 496 1558 404 1404 827 1774 1018 1896 1688 1164 1858 852 804 906 1290 1018 1006 738 554 1660 1068 1668 554 1412 1154 866 752 844 1414 1548 214 292 1256 760 970 1288 1054 1028 1462 886 1500 930 1370 1022 882 1464 492 1022 1510 1284 1736 1068 1390 1482 1362 1344 930 1260 864 926 1396 1312 620 1370 780 1396 1078 942 1310 1506 1504 992 944 
1124 1364 1534 1392 920 778 1404 1196 1418 1316 1038 1326 932 0 1632 1324 1340 1248 1440 696 64 2074 878 1308 1092 1262 1574 720 1504 908 1394 630 1538 1348 1816 1518 1024 930 1342 492 852 1210 854 612 426 778 1580 790 1390 378 966 1148 1090 576 398 1356 1344 718 754 1322 482 658 1736 776 716 1184 574 1222 1392 1594 846 604 1604 672 744 1232 1006 1458 892 1112 1204 1084 1066 484 1476 974 1388 1118 1492 1082 1698 502 1220 800 664 1032 1194 1226 714 1054 
1134 1566 2010 1868 1796 936 1880 1528 1720 1564 1762 1640 1128 1632 0 1526 1350 1258 1450 1186 1650 2084 1698 1318 1568 2082 2050 1196 1994 1104 1404 875 2028 1596 1954 1644 1120 1814 1352 1658 862 1700 1396 1102 1592 1254 1718 1884 2346 1254 1850 1732 1566 1452 1660 2114 1504 914 1420 1914 1576 1824 2416 1870 1882 1458 1740 2316 2058 2478 1722 1698 2592 1620 1838 2326 2100 2552 1768 2206 2038 1950 2160 1746 2388 1890 2054 2212 2440 1748 2498 1596 1790 1894 1498 2126 1484 2060 1808 1970 
1176 40 1268 3626 4464 738 1308 1008 2283 3612 1424 2884 1026 1324 1526 0 966 2117 1732 1482 4228 994 1824 1120 2692 1888 2568 2922 1064 1866 1806 776 1650 1236 1821 1446 922 1616 915 2064 1992 2268 2995 2712 3930 2748 4420 2984 6276 2838 4956 4116 3732 2244 2536 3870 3265 2436 3678 3885 3552 1542 2222 4434 4800 2520 4374 2886 2796 3420 2121 1306 3459 2139 3615 2901 1708 2160 1460 3604 1542 2385 1768 2708 2178 5052 2790 2730 1948 4662 2304 2408 3184 1502 3006 3468 1929 1564 4248 1756 
574 1006 1450 1526 1426 562 1538 742 812 1190 1420 1266 1208 1340 1350 966 0 92 100 812 1276 1524 1398 944 1226 2054 1708 854 1208 804 238 688 1654 1222 1580 1270 746 1440 792 1284 488 1316 1022 728 1218 912 1344 1614 1180 1196 1476 1066 484 1378 1312 1696 1130 994 1408 1540 1306 1450 2404 1600 1508 1084 1366 2046 2046 2104 1664 1428 1964 1464 1352 2056 1830 2282 1710 1814 1664 1284 1890 1398 2084 1516 2042 1942 2070 1736 2058 1326 1416 1624 1124 1856 1110 1686 1538 1596 
1333 1098 1542 2868 2668 470 1446 1782 1080 2196 1328 2348 1258 1248 1258 2117 92 0 859 1080 2368 1616 2196 852 2268 1962 2424 1524 2714 1793 219 642 1562 1130 2232 1178 654 1348 1326 1788 792 2468 1860 1272 2252 1640 2504 3044 2603 2208 2768 2370 784 2572 2440 3360 2076 2088 2960 2896 2428 1358 2468 3016 2832 1984 2548 2931 2967 3018 2358 1336 2808 2058 2520 2946 1738 2190 1618 3499 1572 2064 1798 2612 1992 2848 3171 2775 1978 3336 1966 2468 2648 1532 2064 3528 1527 1594 2892 1504 
948 906 1350 3363 3177 662 1638 1284 1368 2268 1520 2811 1108 1440 1450 1732 100 859 0 1368 2831 1424 1947 1044 2763 1970 2571 2019 2216 1408 507 738 1754 1166 2280 1370 846 1540 1038 2076 1255 2432 2323 1735 2715 2129 2967 3465 2946 2468 3231 1932 1539 2864 2903 3192 2539 1788 2616 2968 2887 1550 2304 3475 3295 2447 3011 3219 2919 3306 2553 1528 3096 2262 3087 3234 1930 2382 1748 3962 1764 1776 1990 3075 2184 3311 2913 3063 2170 3272 2158 2927 3111 1724 2527 3987 1815 1786 3351 1696 
894 1028 1006 1416 2133 250 956 1002 1773 1539 1160 1653 1090 696 1186 1482 812 1080 1368 0 948 1546 1116 780 1401 1632 2172 891 1464 1239 1299 366 1010 1058 2124 990 582 1276 1221 1293 486 1023 567 126 1209 978 1770 1455 2355 1398 1968 1791 1446 1101 1119 2055 1449 1314 1695 1707 993 1038 1916 1434 1644 1380 1431 2103 2139 2799 2061 784 2676 1578 1386 2118 1186 1638 1446 1920 1020 1896 1246 1248 1656 1308 2646 1947 1426 1674 1866 1023 1158 980 720 1818 1419 1042 1341 952 
3710 1428 1470 3655 3562 714 1468 3962 2223 4620 974 2780 996 64 1650 4228 1276 2368 2831 948 0 2010 1221 1244 2312 1198 2328 2789 2880 3214 1995 598 1474 1284 2628 1454 1046 866 1917 642 2758 2292 1975 1918 1267 2646 4612 1452 4959 2462 3471 3385 4084 2134 668 4678 3200 3184 2828 3145 2109 594 1672 2686 2282 2240 1785 1737 2169 2295 1365 540 2310 912 1700 1752 942 1394 956 2096 1140 1530 1002 840 1412 3291 2163 1581 1428 3976 1634 876 2472 736 2394 1936 1695 1162 2593 990 
950 1034 1826 2314 2252 1296 2302 1330 2080 1762 2218 2000 1584 2074 2084 994 1524 1616 1424 1546 2010 0 1774 1678 2024 2446 2342 1652 1526 1180 1762 1055 2388 1794 2208 2004 1480 2174 1168 2018 1222 1692 1756 1462 1952 1710 2078 2340 2680 1710 2210 1930 1802 1742 2046 2284 1864 1370 1784 2112 2032 2184 2780 2326 2242 1818 2100 2772 2422 2838 2178 2154 2956 1984 2294 2782 2556 3008 2224 2658 2398 2148 2616 2132 2752 2250 2418 2668 2804 2112 2862 2052 2150 2350 1858 2582 1844 2420 2264 2330 
1236 1256 1700 2364 2499 994 1588 2118 2403 1764 1354 2769 998 878 1698 1824 1398 2196 1947 1116 1221 1774 0 1484 1914 1288 2463 1356 2580 891 2415 738 1754 1208 3240 1734 1326 1680 1563 777 1602 2139 1320 1242 678 1269 2886 2049 2601 1686 2574 2016 1911 1983 1722 2550 2055 1176 1347 2289 1731 684 1894 1494 1113 2496 900 2841 2304 2964 2388 1276 2922 1047 2124 2178 1350 1700 1638 2676 1536 2190 1410 1851 1866 2061 2298 2364 1518 1839 1976 1761 2274 1144 1836 2556 1830 1786 1587 1454 
728 1160 1604 1582 1554 530 1594 1122 1314 1158 1476 1234 914 1308 1318 1120 944 852 1044 780 1244 1678 1484 0 1282 1868 1738 910 1588 890 998 672 1622 1190 1548 1238 714 1408 946 1252 456 1294 990 696 1186 968 1312 1582 1940 1040 1444 1326 1244 1238 1280 1796 1098 700 1206 1508 1274 1418 2202 1568 1476 1052 1334 2014 1844 2072 1508 1396 2378 1406 1536 2024 1798 2250 1554 1892 1632 1544 1858 1366 2174 1484 1840 1910 2038 1534 2284 1294 1384 1592 1092 1824 1078 1654 1506 1564 
2148 1386 1772 2088 2512 900 1056 2020 1605 2852 938 3208 868 1092 1568 2692 1226 2268 2763 1401 2312 2024 1914 1282 0 1660 1839 744 2952 1688 1920 749 1650 1458 1542 1608 1084 1778 1938 1335 1652 2896 2288 1700 1648 860 1584 3248 3556 1428 1948 3188 1484 1824 2800 2580 2936 1308 2180 2420 2632 1056 2086 2736 2228 2844 1944 3084 2592 2403 1773 1438 3422 1605 3156 2736 1722 2072 1228 2844 1706 2718 1782 2912 2058 3276 2586 2922 1890 2836 2168 2672 3076 1516 2332 2684 2172 1540 2860 1718 
1496 1928 2372 1960 1580 1640 1972 1810 1986 1848 1738 1986 954 1262 2082 1888 2054 1962 1970 1632 1198 2446 1288 1868 1660 0 2026 1288 2276 1266 2108 1098 2364 1880 2464 2348 1684 2064 1714 770 1566 1660 1264 1548 836 1230 2228 1438 2038 1038 1782 1796 1658 1236 1214 2004 1754 1168 662 1626 1130 1068 1658 1380 1126 1832 984 1870 1300 1740 1506 1252 1834 862 1392 1836 1654 2084 1552 1760 1852 1732 1714 1300 1630 1234 1296 1766 1682 990 1740 1150 1880 1448 1312 1680 1604 1874 1362 1314 
2088 1752 2268 2289 2088 1356 1538 2064 2328 870 1304 3090 1350 1574 2050 2568 1708 2424 2571 2172 2328 2342 2463 1738 1839 2026 0 1281 2763 1743 2643 1006 1578 612 3381 2064 1540 2234 2415 1884 1923 2943 2427 2046 1785 1194 3027 1851 2247 1794 3099 1122 1836 2091 2247 1827 2772 1704 2358 1395 2121 1422 2568 2406 2220 2817 2007 3231 3315 3975 2496 1536 3423 2154 2514 3090 1938 2308 1710 3066 2128 1449 1894 2376 2408 2859 3309 3075 2256 2850 2376 2151 3057 1628 2382 2946 2856 2150 2313 1986 
3183 1014 1432 1680 2652 528 684 3099 1047 4845 566 2464 496 720 1196 2922 854 1524 2019 891 2789 1652 1356 910 744 1288 1281 0 2208 1416 1362 579 1278 1086 2100 1236 712 1406 1380 777 2043 2216 2010 2295 2381 232 3565 2504 5029 1539 4086 3666 1295 1620 2056 3213 2740 1128 3231 2095 4264 684 1714 3486 3374 2100 2100 2526 2034 2694 1215 1066 2864 1047 3015 2178 1350 1700 856 3148 1334 2160 1410 2228 1686 3870 2028 2364 1518 4184 1796 1928 2368 1144 3573 2988 1614 1356 4820 1370 
1848 572 1800 2070 3768 1058 776 932 2703 3472 1554 3820 1558 1504 1994 1064 1208 2714 2216 1464 2880 1526 2580 1588 2952 2276 2763 2208 0 2308 2169 770 1780 1768 2016 1798 1390 2084 1386 2259 2264 2980 2372 1784 2880 2092 3160 3556 3796 2892 4240 3808 2948 2560 3108 2840 3548 2688 3516 3652 2940 1672 2724 3528 3460 3456 3176 3315 3351 4011 2871 1592 3783 2529 3464 3330 1994 2446 1960 4176 1828 3108 2054 3280 2464 3360 3588 3159 2234 3848 2616 2980 3160 1788 2576 4040 2631 1850 3404 1760 
690 662 1106 2860 3216 576 1156 2718 1755 1746 1038 2560 404 908 1104 1866 804 1793 1408 1239 3214 1180 891 890 1688 1266 1743 1416 2308 0 1563 695 1580 614 2391 1284 760 1454 672 1485 1506 1944 1535 2226 2772 1590 4074 2320 4500 1590 4470 2250 2526 2184 1872 3660 2860 570 1812 2330 2556 1156 1600 3438 3642 2196 3216 2388 1863 2523 1497 974 2763 1206 2785 2403 1376 1828 1044 2964 1522 1452 1436 2044 1572 3358 1857 2232 1624 2796 1682 1744 2744 1170 2946 2804 1686 1544 3252 1188 
1218 1244 1688 2370 2220 616 1592 1470 1299 1866 1474 1980 1404 1394 1404 1806 238 219 507 1299 1995 1762 2415 998 1920 2108 2643 1362 2169 1563 0 715 1708 1276 2451 1324 800 1494 1545 2007 813 2070 1614 1173 1908 1449 2097 2502 1413 1875 2295 1956 807 2148 2049 2739 1776 1785 2439 2265 2040 1504 2614 2481 2343 1707 2130 3150 3186 3237 2577 1482 2589 2277 2109 3165 1884 2336 1764 2364 1718 2283 1944 2178 2138 2355 3390 2994 2124 2721 1820 2070 2205 1678 1767 2484 1746 1740 2388 1650 
580 796 785 810 993 407 816 616 873 795 862 833 827 630 875 776 688 642 738 366 598 1055 738 672 749 1098 1006 579 770 695 715 0 787 811 990 777 573 920 689 713 444 623 471 324 685 608 872 767 1067 748 938 879 764 649 655 967 765 720 847 851 613 801 1240 760 830 742 759 983 995 1215 969 674 1174 808 744 988 875 1101 1005 922 792 914 905 698 1110 718 1164 931 995 840 1215 623 668 772 522 888 755 803 729 758 
1438 1690 1848 1898 824 1092 1910 1314 1438 998 1844 1522 1774 1538 2028 1650 1654 1562 1754 1010 1474 2388 1754 1622 1650 2364 1578 1278 1780 1580 1708 787 0 1030 2192 1832 1424 2118 1656 1674 1166 1524 1220 926 1608 1336 2022 1310 1678 1366 1886 1166 1648 1564 1318 360 1280 1560 1702 1348 1234 1704 2488 1064 1762 1762 1756 1974 1894 2514 1834 1356 1892 1854 1496 1520 1418 1768 1854 1864 1862 1384 1354 1404 2224 1714 2336 1520 2268 1824 1986 1254 1604 1088 1322 1784 1788 1884 1002 1794 
844 1276 1720 1758 844 808 1770 1400 1458 32 1652 1512 1018 1348 1596 1236 1222 1130 1166 1058 1284 1794 1208 1190 1458 1880 612 1086 1768 614 1276 811 1030 0 1826 1516 992 1686 1062 1492 734 1572 1228 974 1426 1144 1590 686 950 1108 1518 200 1456 1294 950 670 1300 804 1218 382 866 1336 2120 1056 1420 1330 1278 1606 1856 2146 1576 988 1734 1418 1128 1512 1390 1760 1622 1496 1580 418 1346 1036 1860 1358 1852 1502 1986 1546 1828 886 1596 1080 1040 1416 1356 1602 994 1438 
2046 1254 2240 3108 2376 1166 2084 1317 2925 2691 1966 1329 1896 1816 1954 1821 1580 2232 2280 2124 2628 2208 3240 1548 1542 2464 3381 2100 2016 2391 2451 990 2192 1826 0 1874 1350 2044 2004 2832 1638 1851 2439 1998 2733 2187 354 2463 2250 2406 2520 2943 2655 2109 2127 2748 2601 2523 2703 2715 2001 1804 2588 2442 3045 2532 2832 3111 3570 3462 3069 1456 3426 3003 2394 3126 1858 2310 2118 1299 1692 2904 1918 2256 2328 2739 3654 2955 2098 3105 2378 2031 3030 1652 1728 1179 2571 984 2349 1906 
1054 1486 1828 1878 1880 856 1890 1448 1640 1484 1802 1560 1688 1518 1644 1446 1270 1178 1370 990 1454 2004 1734 1238 1608 2348 2064 1236 1798 1284 1324 777 1832 1516 1874 0 1040 1734 1272 1578 782 1504 1200 906 1512 1294 1638 1792 2266 1578 1770 1652 1570 1556 1568 2122 1424 1474 1888 1834 1484 1744 2738 1778 1802 1378 1660 2224 2248 2398 2046 1606 2606 1758 1746 2234 2008 2460 2092 2102 1842 1870 2068 1654 2478 1694 2522 2120 2248 1938 2688 1504 1594 1802 1302 2034 1404 1864 1716 1774 
530 962 1406 1384 1188 332 1396 924 1116 960 1278 1036 1164 1024 1120 922 746 654 846 582 1046 1480 1326 714 1084 1684 1540 712 1390 760 800 573 1424 992 1350 1040 0 1210 748 1054 258 1096 792 498 988 770 1114 1384 1742 646 1246 1128 1046 844 1082 1598 900 950 1022 1310 1076 1220 2018 1370 1278 854 1136 1816 1660 1874 1114 1198 2194 1222 1338 1826 1600 2052 1160 1694 1434 1346 1660 1168 1990 1286 1656 1712 1840 1350 2100 1096 1186 1394 894 1626 880 1456 1308 1366 
1224 1656 2100 2078 1850 1026 2090 1618 1810 1654 1840 1730 1858 930 1814 1616 1440 1348 1540 1276 866 2174 1680 1408 1778 2064 2234 1406 2084 1454 1494 920 2118 1686 2044 1734 1210 0 1442 1294 952 1790 1486 1192 1228 1464 1808 1592 2192 1308 1768 1822 1740 1506 1200 2158 1594 1644 1674 2004 1284 1460 2538 1578 1518 1548 1376 2024 2312 2396 1776 1406 2406 1474 1546 2034 1808 2260 1822 1914 2006 1886 1868 1286 2278 1776 2308 1920 2294 2002 2500 1304 1880 1602 1466 1834 1574 2028 1516 1856 
327 650 1094 2388 2280 564 1604 687 2022 1545 1486 1902 852 1342 1352 915 792 1326 1038 1221 1917 1168 1563 946 1938 1714 2415 1380 1386 672 1545 689 1656 1062 2004 1272 748 1442 0 1929 735 1440 1536 1095 1830 1467 2019 2412 2922 1467 2217 1797 1605 1764 1971 2118 1698 957 1578 2070 1950 1452 2048 2391 2265 1629 2052 3060 2535 3159 2169 1422 3435 1878 2343 3075 1824 2276 1492 2889 1666 2124 1884 2100 2020 2277 2529 2904 2072 2070 2130 1980 2127 1618 1689 2775 1668 1688 2298 1598 
1602 1416 1700 1785 2103 870 1202 1560 1824 2190 968 2361 804 492 1658 2064 1284 1788 2076 1293 642 2018 777 1252 1335 770 1884 777 2259 1485 2007 713 1674 1492 2832 1578 1054 1294 1929 0 1194 2064 741 1167 99 690 2478 1470 2022 1290 1995 1938 1332 1587 1143 1971 1476 1200 768 1860 1152 298 1508 915 534 2088 321 2262 1725 2385 1992 890 2343 468 1545 1599 964 1314 1374 2097 1150 1611 1024 1272 1480 1482 1719 1785 1132 1260 1590 1182 1752 758 1425 1977 1251 1512 1008 1068 
1496 704 1148 2815 3414 74 1138 2997 1287 3159 1020 1556 906 852 862 1992 488 792 1255 486 2758 1222 1602 456 1652 1566 1923 2043 2264 1506 813 444 1166 734 1638 782 258 952 735 1194 0 1676 1335 2316 4015 2048 2568 2252 5318 5282 2964 2610 2794 2670 1648 4690 1605 2790 6768 2630 9705 962 2072 3892 4120 1192 3073 2337 2373 2424 1896 940 2910 1464 2700 2352 1342 1794 1310 2872 1176 1632 1402 1820 1812 3225 2610 2181 1582 5331 2022 1676 1856 1136 5112 2736 933 1198 7895 1108 
1484 1174 1520 3140 3832 764 1582 2364 2544 3080 1674 3232 1290 1210 1700 2268 1316 2468 2432 1023 2292 1692 2139 1294 2896 1660 2943 2216 2980 1944 2070 623 1524 1572 1851 1504 1096 1790 1440 2064 1676 0 1784 1196 2640 2332 1996 2968 4168 2748 3652 3416 2956 2496 2520 3768 2960 2324 1996 3304 2352 1552 1994 2940 3220 2868 2936 2874 2454 3114 2763 1298 3319 1797 2876 2889 1700 2152 1888 3256 1534 2667 1760 2692 1966 2772 2448 2718 1940 2652 2076 2392 2572 1494 1988 3096 2190 1556 2816 1466 
2015 1238 1216 3165 3965 460 1278 2195 2088 2990 1330 2624 1018 854 1396 2995 1022 1860 2323 567 1975 1756 1320 990 2288 1264 2427 2010 2372 1535 1614 471 1220 1228 2439 1200 792 1486 1536 741 1335 1784 0 735 1070 2055 3475 2360 4275 2610 3805 3410 2935 2115 1912 3998 2940 2010 2185 3370 2180 660 1764 2430 1795 2260 1440 2418 1572 2232 2268 864 2544 1011 2835 2142 1326 1676 1558 2980 1230 2154 1386 2084 1378 1235 2103 2262 1494 1845 1488 1784 1964 1120 1725 2844 1734 1252 2585 574 
2820 944 922 2430 4040 166 984 2628 1647 4239 1076 2036 1006 612 1102 2712 728 1272 1735 126 1918 1462 1242 696 1700 1548 2046 2295 1784 2226 1173 324 926 974 1998 906 498 1192 1095 1167 2316 1196 735 0 4154 2272 3288 1772 5201 5520 3684 3330 3080 1950 1324 4714 2205 3168 6276 2635 5879 954 1832 3052 4200 1672 3045 1977 2013 2673 1935 700 2550 1452 2100 1992 1102 1554 1362 2392 936 1770 1162 1496 1572 2505 2520 1821 1342 4581 1782 1196 1376 896 3168 2256 1293 958 6075 868 
5511 1350 1644 2810 4008 804 1136 4549 1725 6368 902 3016 738 426 1592 3930 1218 2252 2715 1209 1267 1952 678 1186 1648 836 1785 2381 2880 2772 1908 685 1608 1426 2733 1512 988 1228 1830 99 4015 2640 1070 4154 0 1576 4758 1828 4487 4382 4246 3820 2877 2976 1392 4368 2295 2936 3901 2935 4192 232 1442 1904 1636 2652 518 2163 1626 2286 1893 824 2244 369 2449 1500 898 1248 1308 2664 1084 1512 958 1564 1414 2786 1620 1686 1066 3292 1524 1444 2204 692 5193 2504 1152 1446 3661 1002 
3052 956 1490 1825 2826 586 742 2320 1134 4457 508 2580 554 778 1254 2748 912 1640 2129 978 2646 1710 1269 968 860 1230 1194 232 2092 1590 1449 608 1336 1144 2187 1294 770 1464 1467 690 2048 2332 2055 2272 1576 0 3739 2568 4882 1600 4260 3840 1498 1794 2120 3416 2885 1360 3104 1950 3904 626 1772 3283 3200 2216 1897 2574 2121 2781 1302 1098 2835 960 3095 2091 1292 1642 914 3188 1334 2103 1352 2292 1744 3964 2115 2277 1460 4416 1854 1992 2484 1086 3176 3052 1701 1356 4000 1396 
3384 1490 2004 4590 5595 930 1848 3750 2571 4674 1730 2500 1660 1580 1718 4420 1344 2504 2967 1770 4612 2078 2886 1312 1584 2228 3027 3565 3160 4074 2097 872 2022 1590 354 1638 1114 1808 2019 2478 2568 1996 3475 3288 4758 3739 0 2812 4534 4104 4638 5178 4657 3510 2364 5916 3745 4389 4698 3935 3294 1568 2352 4176 5424 2904 5038 2757 3216 3108 2715 1220 3072 2649 3400 2772 1622 2074 1882 1260 1456 2550 1682 2536 2092 5211 3300 2601 1862 5592 2142 2236 3568 1416 2748 1100 2217 748 3990 1670 
2780 1532 1808 3716 2828 1052 1870 2940 2649 1308 1700 3780 1068 790 1884 2984 1614 3044 3465 1455 1452 2340 2049 1582 3248 1438 1851 2504 3556 2320 2502 767 1310 686 2463 1792 1384 1592 2412 1470 2252 2968 2360 1772 1828 2568 2812 0 1968 1884 1920 1644 2876 1488 784 1900 3536 1940 1552 2008 616 778 1562 740 2008 2020 1724 1572 1800 2382 1941 430 1797 1464 1140 1239 724 1074 1160 1876 1030 1365 660 956 1302 1803 2115 1239 1436 2118 1292 656 1820 394 980 1716 1728 1052 616 880 
6067 2132 2408 2375 4265 1558 962 6739 2712 3573 1856 4116 1668 1390 2346 6276 1180 2603 2946 2355 4959 2680 2601 1940 3556 2038 2247 5029 3796 4500 1413 1067 1678 950 2250 2266 1742 2192 2922 2022 5318 4168 4275 5201 4487 4882 4534 1968 0 5397 4400 3258 5772 4032 1984 4613 2260 5495 4816 1420 3178 1378 2162 2583 5026 3220 5005 2472 2352 3114 2841 1030 1176 2292 2925 1791 1092 1442 1528 1268 1630 1956 1028 2156 1898 4713 3015 1791 2036 5243 878 1856 2556 762 3815 1428 2628 912 2366 1480 
4796 986 1636 2535 1626 870 1026 4561 1560 4878 908 1896 554 378 1254 2838 1196 2208 2468 1398 2462 1710 1686 1040 1428 1038 1794 1539 2892 1590 1875 748 1366 1108 2406 1578 646 1308 1467 1290 5282 2748 2610 5520 4382 1600 4104 1884 5397 0 3982 2724 2492 594 1436 3648 2495 1360 2256 2775 4541 1026 1372 3248 4480 2044 3297 2061 1521 2181 702 756 2426 864 2240 2076 1158 1610 514 2504 992 1689 1218 1608 1344 2844 1515 1905 1396 2816 1454 1308 1684 952 4086 2368 1671 1014 6049 1028 
3780 1692 2136 5045 5608 1062 2030 4962 2769 4662 1876 3532 1412 966 1850 4956 1476 2768 3231 1968 3471 2210 2574 1444 1948 1782 3099 4086 4240 4470 2295 938 1886 1518 2520 1770 1246 1768 2217 1995 2964 3652 3805 3684 4246 4260 4638 1920 4400 3982 0 4442 5178 3388 1136 5015 4075 4256 3848 3792 2444 1122 1906 3275 4574 2708 4278 2088 2532 942 2457 774 2661 1980 2529 2103 1176 1628 1736 1628 1374 1881 1236 964 1646 4113 2631 1932 1780 4144 1868 1344 2972 970 2626 1788 2244 1092 3089 1224 
2940 1412 1856 4735 2940 944 1906 4608 2391 504 1788 3296 1154 1148 1732 4116 1066 2370 1932 1791 3385 1930 2016 1326 3188 1796 1122 3666 3808 2250 1956 879 1166 200 2943 1652 1128 1822 1797 1938 2610 3416 3410 3330 3820 3840 5178 1644 3258 2724 4442 0 4713 3306 1500 2418 3590 2820 3402 1295 1998 1136 1920 2880 3802 2736 3376 2109 2568 2919 2064 788 2682 2001 2320 2124 1190 1642 1422 2592 1388 327 1250 1672 1660 4083 2652 1953 1794 4296 1882 1372 3000 984 2544 2432 2238 1410 2694 1238 
2982 1284 1728 2605 3138 862 1054 3528 492 4984 936 3132 866 1090 1566 3732 484 784 1539 1446 4084 1802 1911 1244 1484 1658 1836 1295 2948 2526 807 764 1648 1456 2655 1570 1046 1740 1605 1332 2794 2956 2935 3080 2877 1498 4657 2876 5772 2492 5178 4713 0 2730 2428 4508 3511 2282 3808 3020 3968 1054 2084 4781 3892 2768 3395 2805 2589 3249 1770 1252 3378 1602 2170 2733 1654 2070 1226 3520 1514 2598 1714 2600 1600 4923 2583 2649 1888 4956 2166 2300 3108 1448 3409 3360 2115 1536 4780 1702 
2874 788 1572 3030 2220 816 1224 3252 1857 3786 1106 2292 752 576 1452 2244 1378 2572 2864 1101 2134 1742 1983 1238 1824 1236 2091 1620 2560 2184 2148 649 1564 1294 2109 1556 844 1506 1764 1587 2670 2496 2115 1950 2976 1794 3510 1488 4032 594 3388 3306 2730 0 1040 3612 2990 1614 1722 2280 1308 906 1570 2190 3438 1648 3120 1764 1818 2478 999 558 2337 1161 1745 1779 960 1412 712 2108 794 1557 1020 1212 1430 3111 1812 1608 1200 2706 1652 912 2080 754 762 1972 1374 816 2004 1008 
2192 1308 1584 3268 2520 828 1646 2492 2313 1836 1308 3204 844 398 1660 2536 1312 2440 2903 1119 668 2046 1722 1280 2800 1214 2247 2056 3108 1872 2049 655 1318 950 2127 1568 1082 1200 1971 1143 1648 2520 1912 1324 1392 2120 2364 784 1984 1436 1136 1500 2428 1040 0 1916 2932 1492 1104 1848 168 554 1338 756 1560 1572 1276 1236 1695 1794 1605 206 1809 1128 692 1251 608 1060 1168 1428 806 1029 668 172 1078 1355 1779 1080 1212 1670 1300 208 1836 402 532 1268 1392 828 632 656 
5075 1330 2208 3975 1392 1414 1602 3339 1617 2233 1484 2324 1414 1356 2114 3870 1696 3360 3192 2055 4678 2284 2550 1796 2580 2004 1827 3213 2840 3660 2739 967 360 670 2748 2122 1598 2158 2118 1971 4690 3768 3998 4714 4368 3416 5916 1900 4613 3648 5015 2418 4508 3612 1916 0 2300 4200 4697 2470 3059 1344 2128 2464 4907 3152 4886 2421 2301 3231 2211 996 2298 2241 2840 1740 1058 1408 1494 3008 1596 1536 994 2088 1864 4611 2964 1740 2002 5124 1626 1788 2488 728 3696 2848 2577 1618 2247 1446 
2285 1346 1790 4420 1140 716 1780 3270 1605 3170 1662 2308 1548 1344 1504 3265 1130 2076 2539 1449 3200 1864 2055 1098 2936 1754 2772 2740 3548 2860 1776 765 1280 1300 2601 1424 900 1594 1698 1476 1605 2960 2940 2205 2295 2885 3745 3536 2260 2495 4075 3590 3511 2990 2932 2300 0 3335 3410 3680 3650 1150 2264 3655 3020 2476 2665 3300 2322 2982 2199 1364 2532 1746 4305 2877 1816 2166 1512 3076 1818 2481 1876 3104 1878 2485 2853 3063 1984 3095 1782 2939 3140 1610 3195 3236 1896 1816 3810 1074 
1974 852 1296 2385 2646 766 966 3680 1470 3410 848 2576 214 718 914 2436 994 2088 1788 1314 3184 1370 1176 700 1308 1168 1704 1128 2688 570 1785 720 1560 804 2523 1474 950 1644 957 1200 2790 2324 2010 3168 2936 1360 4389 1940 5495 1360 4256 2820 2282 1614 1492 4200 3335 0 2339 2800 2648 966 1502 3346 4284 2576 3087 2103 1716 2376 1212 784 2570 1059 2310 2118 1186 1638 854 2584 1332 1737 1246 1664 1474 3272 1710 1947 1526 3513 1584 1364 2364 980 3168 2424 1971 1354 3576 1158 
4833 1266 1710 3475 2754 1180 1402 6179 2124 5453 1284 2648 292 754 1420 3678 1408 2960 2616 1695 2828 1784 1347 1206 2180 662 2358 3231 3516 1812 2439 847 1702 1218 2703 1888 1022 1674 1578 768 6768 1996 2185 6276 3901 3104 4698 1552 4816 2256 3848 3402 3808 1722 1104 4697 3410 2339 0 2410 2808 678 996 2667 3179 2340 2079 1812 957 1617 1266 590 1967 300 1825 1827 992 1444 890 2196 1190 1605 1052 1276 968 1716 951 1656 1020 1312 1078 976 2436 786 3900 2036 1821 1212 4200 652 
2905 1594 1976 3775 2905 1126 1522 3400 2304 875 1288 3660 1256 1322 1914 3885 1540 2896 2968 1707 3145 2112 2289 1508 2420 1626 1395 2095 3652 2330 2265 851 1348 382 2715 1834 1310 2004 2070 1860 2630 3304 3370 2635 2935 1950 3935 2008 1420 2775 3792 1295 3020 2280 1848 2470 3680 2800 2410 0 2100 1310 1960 2835 3660 3084 3305 2370 2403 3063 2328 962 2028 1746 2755 2385 1364 1816 1624 2404 1198 1104 1424 2020 1834 3534 2397 2214 1604 3230 1446 1720 3348 1158 1645 2564 1980 1220 2680 1412 
5967 1224 1500 3875 3528 744 1562 5229 2187 3881 1392 3164 760 482 1576 3552 1306 2428 2887 993 2109 2032 1731 1274 2632 1130 2121 4264 2940 2556 2040 613 1234 866 2001 1484 1076 1284 1950 1152 9705 2352 2180 5879 4192 3904 3294 616 3178 4541 2444 1998 3968 1308 168 3059 3650 2648 2808 2100 0 470 1254 1029 2868 1404 2230 1110 1569 1920 1479 122 1683 1002 655 1125 524 976 1084 1260 722 903 584 340 994 2085 1653 954 1128 3094 1216 40 1668 318 1456 1100 1266 744 1740 572 
1234 1582 1876 1356 1568 1036 1368 1206 1382 1304 1134 1740 970 658 1824 1542 1450 1358 1550 1038 594 2184 684 1418 1056 1068 1422 684 1672 1156 1504 801 1704 1336 1804 1744 1220 1460 1452 298 962 1552 660 954 232 626 1568 778 1378 1026 1122 1136 1054 906 554 1344 1150 966 678 1310 470 0 1674 764 226 1172 84 1210 1316 1750 1456 592 1592 478 732 1220 994 1446 1540 1100 1020 944 1054 640 1464 898 1312 1106 1298 1006 1686 490 1038 788 652 1020 704 1214 702 978 
1830 2262 2706 2386 1914 1998 2398 2352 2412 2088 2280 2320 1288 1736 2416 2222 2404 2468 2304 1916 1672 2780 1894 2202 2086 1658 2568 1714 2724 1600 2614 1240 2488 2120 2588 2738 2018 2538 2048 1508 2072 1994 1764 1832 1442 1772 2352 1562 2162 1372 1906 1920 2084 1570 1338 2128 2264 1502 996 1960 1254 1674 0 1548 1732 1956 1590 514 1336 1416 1840 1376 1870 1196 1516 2004 1778 2230 1886 1884 1976 1856 1838 1424 1666 1270 362 1890 2016 1026 1776 1274 2088 1572 1436 1804 2098 1998 1486 1350 
4816 1518 1794 4170 3504 1038 1680 5096 2541 3636 1446 3732 1054 776 1870 4434 1600 3016 3475 1434 2686 2326 1494 1568 2736 1380 2406 3486 3528 3438 2481 760 1064 1056 2442 1778 1370 1578 2391 915 3892 2940 2430 3052 1904 3283 4176 740 2583 3248 3275 2880 4781 2190 756 2464 3655 3346 2667 2835 1029 764 1548 0 2443 1992 2422 1551 1245 2361 1920 416 1428 1185 1390 684 354 704 914 1848 1016 1344 414 928 1160 2871 2094 870 1422 3094 1046 628 1328 148 1666 1688 1707 1038 217 866 
5208 1640 1934 3535 4878 1094 1426 5307 2160 5921 1192 3596 1028 716 1882 4800 1508 2832 3295 1644 2282 2242 1113 1476 2228 1126 2220 3374 3460 3642 2343 830 1762 1420 3045 1802 1278 1518 2265 534 4120 3220 1795 4200 1636 3200 5424 2008 5026 4480 4574 3802 3892 3438 1560 4907 3020 4284 3179 3660 2868 226 1732 2443 0 2796 497 2154 2061 2721 2328 818 2475 804 2195 1731 1052 1402 1598 2652 794 1503 1112 1732 1610 2868 2055 1917 1356 4461 1744 1432 1624 846 3596 2492 717 1440 3108 1036 
1736 1300 1744 3444 3128 670 1734 2524 2181 2596 1616 2748 1462 1184 1458 2520 1084 1984 2447 1380 2240 1818 2496 1052 2844 1832 2817 2100 3456 2196 1707 742 1762 1330 2532 1378 854 1548 1629 2088 1192 2868 2260 1672 2652 2216 2904 2020 3220 2044 2708 2736 2768 1648 1572 3152 2476 2576 2340 3084 1404 1172 1956 1992 2796 0 2512 2163 2594 2973 2235 824 2736 2055 1316 2178 1226 1678 1536 2664 1424 1956 1286 1744 1390 2591 2706 2007 1830 2906 1918 1444 3048 1020 1768 2504 1827 1446 1868 1274 
4025 1498 1792 3180 4452 952 1284 3927 1947 4574 1050 3312 886 574 1740 4374 1366 2548 3011 1431 1785 2100 900 1334 1944 984 2007 2100 3176 3216 2130 759 1756 1278 2832 1660 1136 1376 2052 321 3073 2936 1440 3045 518 1897 5038 1724 5005 3297 4278 3376 3395 3120 1276 4886 2665 3087 2079 3305 2230 84 1590 2422 497 2512 0 1941 1848 2508 2115 676 2466 591 2137 1722 1046 1396 1456 2368 936 1290 1106 1448 1548 2442 1842 1785 1214 3227 1672 1148 1908 840 2867 2208 930 1298 2639 894 
2733 1964 2240 3435 2874 1484 2302 2853 3297 2361 2132 3483 1500 1222 2316 2886 2046 2931 3219 2103 1737 2772 2841 2014 3084 1870 3231 2526 3315 2388 3150 983 1974 1606 3111 2224 1816 2024 3060 2262 2337 2874 2418 1977 2163 2574 2757 1572 2472 2061 2088 2109 2805 1764 1236 2421 3300 2103 1812 2370 1110 1210 514 1551 2154 2163 1941 0 2679 1353 2589 862 2793 2112 1503 2235 1264 1716 1824 2055 1462 2013 1324 1365 1734 1848 1797 2064 1868 2214 1956 1140 2361 1058 1383 1935 2376 1484 1458 1312 
2208 1904 2264 3042 2334 1508 2040 2889 3081 2736 1922 2943 930 1392 2058 2796 2046 2967 2919 2139 2169 2422 2304 1844 2592 1300 3315 2034 3351 1863 3186 995 1894 1856 3570 2248 1660 2312 2535 1725 2373 2454 1572 2013 1626 2121 3216 1800 2352 1521 2532 2568 2589 1818 1695 2301 2322 1716 957 2403 1569 1316 1336 1245 2061 2594 1848 2679 0 1590 2223 924 2045 1257 1716 1929 1184 1534 1528 2514 1768 2472 1244 1824 330 831 1461 2115 1658 465 1060 1539 2241 978 1842 2394 2778 1790 1338 634 
2832 2320 2704 3702 2994 1690 2480 3423 3711 3171 2362 3591 1370 1594 2478 3420 2104 3018 3306 2799 2295 2838 2964 2072 2403 1740 3975 2694 4011 2523 3237 1215 2514 2146 3462 2398 1874 2396 3159 2385 2424 3114 2232 2673 2286 2781 3108 2382 3114 2181 942 2919 3249 2478 1794 3231 2982 2376 1617 3063 1920 1750 1416 2361 2721 2973 2508 1353 1590 0 2883 1364 2795 1917 2313 3045 1804 2256 1968 2163 2002 2823 1864 1665 1390 1491 2121 2874 2098 1125 1500 1950 3171 1598 2193 2283 3186 1720 2268 1074 
1842 1454 2104 2223 1515 1338 1494 2172 2262 2316 1376 2124 1022 846 1722 2121 1664 2358 2553 2061 1365 2178 2388 1508 1773 1506 2496 1215 2871 1497 2577 969 1834 1576 3069 2046 1114 1776 2169 1992 1896 2763 2268 1935 1893 1302 2715 1941 2841 702 2457 2064 1770 999 1605 2211 2199 1212 1266 2328 1479 1456 1840 1920 2328 2235 2115 2589 2223 2883 0 1108 3070 1566 1872 2604 1510 1962 982 2424 1434 2382 1570 1734 1812 2124 2217 2433 1840 1758 1922 1509 1965 1304 1341 2304 2334 1456 1827 1496 
1204 1346 1622 1672 1298 866 1684 1284 1580 956 1514 1704 882 604 1698 1306 1428 1336 1528 784 540 2154 1276 1396 1438 1252 1536 1066 1592 974 1482 674 1356 988 1456 1606 1198 1406 1422 890 940 1298 864 700 824 1098 1220 430 1030 756 774 788 1252 558 206 996 1364 784 590 962 122 592 1376 416 818 824 676 862 924 1364 1108 0 1244 790 384 872 646 1098 1206 752 844 724 706 292 1116 370 1224 758 1250 614 1338 102 956 440 304 672 966 866 354 450 
3108 2346 2622 2601 2994 1866 1746 3426 3870 2553 2398 3843 1464 1604 2592 3459 1964 2808 3096 2676 2310 2956 2922 2378 3422 1834 3423 2864 3783 2763 2589 1174 1892 1734 3426 2606 2194 2406 3435 2343 2910 3319 2544 2550 2244 2835 3072 1797 1176 2426 2661 2682 3378 2337 1809 2298 2532 2570 1967 2028 1683 1592 1870 1428 2475 2736 2466 2793 2045 2795 3070 1244 0 2243 2076 2112 1306 1656 1742 2127 1844 2586 1242 1938 1484 1895 2620 2112 2192 1700 94 1713 2238 976 1956 2247 2949 1696 1335 1168 
1551 1466 1890 2055 1677 1050 1382 1830 2094 2079 1148 2286 492 672 1620 2139 1464 2058 2262 1578 912 1984 1047 1406 1605 862 2154 1047 2529 1206 2277 808 1854 1418 3003 1758 1222 1474 1878 468 1464 1797 1011 1452 369 960 2649 1464 2292 864 1980 2001 1602 1161 1128 2241 1746 1059 300 1746 1002 478 1196 1185 804 2055 591 2112 1257 1917 1566 790 2243 0 1395 1869 1144 1494 1090 1947 1330 1881 1204 1257 1168 1158 1251 1956 820 792 1278 1032 2022 938 1275 1827 1521 1412 1278 852 
3360 1486 1762 4530 3595 1006 1824 3560 1794 2740 1654 3688 1022 744 1838 3615 1352 2520 3087 1386 1700 2294 2124 1536 3156 1392 2514 3015 3464 2785 2109 744 1496 1128 2394 1746 1338 1546 2343 1545 2700 2876 2835 2100 2449 3095 3400 1140 2925 2240 2529 2320 2170 1745 692 2840 4305 2310 1825 2755 655 732 1516 1390 2195 1316 2137 1503 1716 2313 1872 384 2076 1395 0 1518 786 1238 1346 1784 984 1296 846 864 732 2291 2046 1347 1390 2555 1478 564 2192 580 1110 1624 1659 1006 1235 834 
2748 1974 2250 3186 2436 1494 2136 2868 3225 2220 1902 3483 1510 1232 2326 2901 2056 2946 3234 2118 1752 2782 2178 2024 2736 1836 3090 2178 3330 2403 3165 988 1520 1512 3126 2234 1826 2034 3075 1599 2352 2889 2142 1992 1500 2091 2772 1239 1791 2076 2103 2124 2733 1779 1251 1740 2877 2118 1827 2385 1125 1220 2004 684 1731 2178 1722 2235 1929 3045 2604 872 2112 1869 1518 0 810 248 1370 2070 1472 2028 870 1380 1616 1863 2778 345 1878 2010 1502 1155 1680 604 1398 1950 2391 1494 777 1322 
1606 1748 2024 2022 1522 1268 2034 1686 1982 1358 1800 2106 1284 1006 2100 1708 1830 1738 1930 1186 942 2556 1350 1798 1722 1654 1938 1350 1994 1376 1884 875 1418 1390 1858 2008 1600 1808 1824 964 1342 1700 1326 1102 898 1292 1622 724 1092 1158 1176 1190 1654 960 608 1058 1816 1186 992 1364 524 994 1778 354 1052 1226 1046 1264 1184 1804 1510 646 1306 1144 786 810 0 1058 1268 1154 1246 1126 768 694 1514 1016 1626 934 1652 1238 1400 544 1018 502 706 1074 1368 1268 416 1096 
2058 2200 2476 2372 1872 1720 2384 2138 2398 1728 2150 2558 1736 1458 2552 2160 2282 2190 2382 1638 1394 3008 1700 2250 2072 2084 2308 1700 2446 1828 2336 1101 1768 1760 2310 2460 2052 2260 2276 1314 1794 2152 1676 1554 1248 1642 2074 1074 1442 1610 1628 1642 2070 1412 1060 1408 2166 1638 1444 1816 976 1446 2230 704 1402 1678 1396 1716 1534 2256 1962 1098 1656 1494 1238 248 1058 0 1618 1606 1698 1578 1118 1146 1864 1468 2078 478 2104 1588 1750 996 1368 852 1158 1526 1820 1720 766 1548 
1274 1500 2150 1528 1056 1384 1540 1494 1554 1590 1422 1462 1068 892 1768 1460 1710 1618 1748 1446 956 2224 1638 1554 1228 1552 1710 856 1960 1044 1764 1005 1854 1622 2118 2092 1160 1822 1492 1374 1310 1888 1558 1362 1308 914 1882 1160 1528 514 1736 1422 1226 712 1168 1494 1512 854 890 1624 1084 1540 1886 914 1598 1536 1456 1824 1528 1968 982 1206 1742 1090 1346 1370 1268 1618 0 1714 1506 1640 1204 1254 1858 1462 1524 1370 1910 1218 1836 1104 1356 938 966 1634 1628 1528 852 1542 
3416 1842 2118 3168 3588 1362 1596 3488 3132 2928 2022 3728 1390 1112 2206 3604 1814 3499 3962 1920 2096 2658 2676 1892 2844 1760 3066 3148 4176 2964 2364 922 1864 1496 1299 2102 1694 1914 2889 2097 2872 3256 2980 2392 2664 3188 1260 1876 1268 2504 1628 2592 3520 2108 1428 3008 3076 2584 2196 2404 1260 1100 1884 1848 2652 2664 2368 2055 2514 2163 2424 752 2127 1947 1784 2070 1154 1606 1714 0 1340 1848 1214 1600 1624 2447 2598 1899 1746 2762 1512 1300 2928 948 1600 160 2193 278 1724 1202 
1448 1582 1858 1908 1534 1102 1920 1520 1842 1548 1842 1940 1482 1204 2038 1542 1664 1572 1764 1020 1140 2398 1536 1632 1706 1852 2128 1334 1828 1522 1718 792 1862 1580 1692 1842 1434 2006 1666 1150 1176 1534 1230 936 1084 1334 1456 1030 1630 992 1374 1388 1514 794 806 1596 1818 1332 1190 1198 722 1020 1976 1016 794 1424 936 1462 1768 2002 1434 844 1844 1330 984 1472 1246 1698 1506 1340 0 1324 1306 892 1716 1214 1824 1358 1486 1458 1938 742 1556 1040 540 1272 1202 1102 954 1294 
1797 1630 2074 3168 1797 1162 2124 2631 2718 579 1910 2799 1362 1084 1950 2385 1284 2064 1776 1896 1530 2148 2190 1544 2718 1732 1449 2160 3108 1452 2283 914 1384 418 2904 1870 1346 1886 2124 1611 1632 2667 2154 1770 1512 2103 2550 1365 1956 1689 1881 327 2598 1557 1029 1536 2481 1737 1605 1104 903 944 1856 1344 1503 1956 1290 2013 2472 2823 2382 724 2586 1881 1296 2028 1126 1578 1640 1848 1324 0 1186 1158 1596 1641 2556 1857 1730 2007 1818 933 2154 920 1176 1728 2169 1346 1251 1174 
