0 0.631442 1.15722 4.79165 5.6627 0.827961 1.54749 7.42614 2.11654 8.07754 1.65606 3.8519 0.965721 1.13432 1.23623 3.93767 0.670258 2.31222 2.30529 2.41642 6.84657 1.16996 2.03483 0.927384 3.98052 1.67059 2.68425 7.77387 2.82345 4.92 2.29156 0.581763 1.62786 1.65726 2.73706 1.55222 0.971133 1.64995 1.26969 2.47665 9.97396 3.24111 3.89725 9.81588 12.8592 8.09389 5.71038 3.68576 8.30953 12.1784 6.91356 5.29221 5.81231 5.13044 3.32238 7.20938 5.2425 7.46098 13.0712 4.53302 12.6727 1.39689 2.09117 8.22159 9.49236 3.50319 7.68836 3.5664 3.13565 3.34992 2.74596 1.44224 3.3864 2.64383 5.06315 3.2458 1.67589 2.07797 1.72813 4.19398 1.84971 2.64375 1.82272 3.92915 1.94773 6.43301 3.08819 3.07654 1.85863 9.90368 2.11477 3.78207 3.88916 1.72024 13.4144 3.94027 2.44452 1.65423 14.5415 1.64515 
0.631442 0 1.78866 1.78552 1.86728 1.15306 1.78552 0.942351 1.78762 1.52682 2.16706 1.90927 1.56345 1.66182 1.86768 0.631442 1.3017 1.3017 1.16336 1.71645 1.66182 1.40799 1.71645 1.55883 1.79256 2.26013 1.98955 1.2765 1.27349 1.2765 1.58417 0.79925 1.9821 2.17026 1.72684 1.87732 1.49863 2.17744 0.942351 1.77051 1.07403 1.55869 1.4594 1.15306 1.59318 1.2765 1.72684 1.9178 2.35032 1.29008 1.98715 1.69511 1.5354 1.29008 1.62022 1.80771 1.86728 1.2765 1.51598 1.84935 1.57058 1.88249 2.57308 1.9507 1.92483 1.65707 1.88249 2.57308 2.32996 2.53566 2.00008 1.92783 2.59667 1.73347 1.92482 2.38039 2.1578 2.55988 2.21004 2.19611 2.25308 1.93079 2.30463 1.98715 2.42964 1.92783 2.33062 2.26538 2.34054 1.94953 2.59667 1.90377 1.93208 2.20584 1.39201 2.13614 1.71669 2.13614 1.9507 2.13075 
1.15722 1.78866 0 2.07522 2.22392 1.15722 2.24498 1.53145 2.04031 1.7795 2.29952 2.26591 1.8898 1.77778 2.12036 1.55849 1.55439 1.55439 1.55439 1.72847 1.77778 2.32718 1.72847 1.81151 1.86507 2.42522 2.28154 1.50853 1.81018 1.47142 1.83686 0.786712 2.27132 2.46225 2.31594 1.88147 1.85526 2.22143 1.53145 1.82443 1.15722 1.57071 1.47142 1.15722 1.76398 1.81441 2.12174 2.07935 2.51187 1.70683 2.14871 1.9478 1.76744 1.70683 1.78177 2.27132 2.18008 1.50853 1.84234 2.0109 1.73213 2.04404 2.73463 2.11225 2.09562 1.97645 2.04404 2.73463 2.49151 2.73943 2.16163 2.0857 2.75823 1.90427 2.08637 2.54194 2.31935 2.72143 2.37159 2.35766 2.41463 2.09234 2.46618 2.14871 2.59119 2.00058 2.48665 2.42693 2.50209 2.00058 2.75823 2.06532 2.04804 2.36739 1.70683 2.29769 1.87825 2.29769 2.11225 2.28861 
4.79165 1.78552 2.07522 0 5.99352 1.17014 1.28532 4.47178 3.18561 5.34497 1.86852 4.99704 1.74194 1.4893 1.97249 5.22548 1.76498 3.59043 4.2493 2.16417 5.03215 2.32405 2.79015 1.66365 4.55599 2.28842 3.42021 4.29135 3.45329 4.85867 2.75198 0.810898 1.92571 2.17134 3.54533 1.89439 1.56677 2.23435 2.69189 3.19855 3.99224 4.73182 5.38358 3.65463 4.76439 4.59212 5.42071 4.27601 5.74936 5.02306 6.07225 5.59701 5.42296 4.82961 4.003 5.46876 5.84744 5.1056 5.32573 5.42512 4.98385 1.69158 2.59783 5.9678 5.82793 4.47153 5.892 4.45775 3.71504 4.27784 3.29711 1.93341 3.48878 3.36572 6.62158 3.64104 2.05103 2.45312 2.00446 4.54042 2.06217 3.27554 2.20603 4.62676 2.45439 5.94095 3.9635 3.34648 2.25611 6.02222 2.15094 4.60959 4.30423 1.93629 4.79264 4.32255 2.91211 1.89762 5.16231 2.13633 
5.6627 1.86728 2.22392 5.99352 0 1.36748 2.11742 5.7473 2.07894 5.18863 1.92222 3.6288 1.50834 1.36318 1.88052 7.20079 1.65521 3.62564 3.66115 3.33266 6.0342 2.40581 2.97763 1.57167 4.51847 1.89911 2.59159 4.60955 4.4614 5.85391 2.97279 0.995816 1.54763 1.7209 3.01769 2.09174 1.27525 1.95406 2.68042 3.1283 4.42966 4.52537 4.84978 5.17416 5.31604 5.69593 6.98654 3.37453 6.45216 4.86186 7.6287 5.94858 5.93222 6.66432 3.48326 5.96854 5.15321 5.43285 5.6899 4.66023 5.29231 1.63068 2.25727 6.90484 6.69828 3.88995 6.39202 3.93361 3.21842 3.85231 2.98645 1.56403 3.12112 3.01896 5.66194 3.27424 1.6136 2.01568 1.50888 4.44548 2.00127 2.68571 1.76043 4.12776 2.11383 6.77923 3.43936 2.98512 2.19521 7.10435 2.0472 4.15848 3.99129 1.78278 5.37038 4.05238 2.86556 1.8256 5.864 1.76695 
0.827961 1.15306 1.15722 1.17014 1.36748 0 1.52637 0.746576 1.154 1.11728 1.39444 1.40947 1.24634 1.01521 1.40581 0.915032 0.915375 0.915375 0.915375 1.08501 0.863048 1.69158 1.08501 1.09696 0.959987 1.75957 1.44658 0.603449 1.13454 0.827961 0.925479 0.408201 1.43636 1.62728 1.39938 0.964923 0.998825 1.30488 0.887988 0.907878 0.245116 0.927249 0.827961 0.245116 0.847428 0.937438 1.20519 1.24438 1.60843 0.944262 1.23215 1.11728 0.955881 0.944262 0.86522 1.43636 1.26353 0.865073 1.19888 1.17594 0.86522 1.12749 2.09117 1.1957 1.17907 1.0599 1.12749 2.04079 1.77116 1.82288 1.39906 1.17728 2.03788 1.23291 1.16982 1.67503 1.45244 1.85452 1.60902 1.46368 1.49808 1.25693 1.59927 1.23215 1.87085 1.17728 1.84319 1.56002 1.69202 1.35712 2.03788 1.17728 1.28547 1.45084 0.86522 1.39006 0.961697 1.40371 1.1957 1.3802 
1.54749 1.78552 2.24498 1.28532 2.11742 1.52637 0 1.28532 2.07692 2.17898 2.22475 2.33365 2.00935 1.84552 2.32872 1.487 1.76498 1.76498 1.76498 1.35747 1.84552 2.32405 2.04761 2.01987 1.7903 2.56316 2.3205 1.28532 1.28532 1.54749 2.06786 0.817649 2.23674 2.50121 2.10562 2.25062 1.923 2.59058 1.65672 1.8282 1.52637 2.01501 1.76775 1.32825 1.76775 1.28532 2.10562 2.25486 2.06187 1.6431 2.46658 2.31201 1.76498 1.6431 2.07083 1.90193 2.21257 1.54749 1.97295 2.06945 1.94049 2.04781 2.95406 2.11602 2.21119 2.2803 2.04781 2.95406 2.71093 3.00777 2.22937 2.26042 2.56142 2.0365 2.21884 2.62985 2.40726 2.80934 2.43933 2.23358 2.4184 2.49182 2.56226 2.41892 2.81062 2.22001 2.70608 2.52301 2.61234 2.22001 2.65053 2.26042 2.11578 2.37116 1.77457 2.24019 2.22318 2.25384 2.06187 2.46334 
7.42614 0.942351 1.53145 4.47178 5.7473 0.746576 1.28532 0 2.44945 7.97799 1.59894 3.63167 1.47328 1.27967 1.68383 4.60749 0.951198 2.54661 2.85992 2.5238 6.94116 1.48087 2.17315 1.37498 3.49398 1.99506 2.88148 6.77674 2.45991 5.14886 2.6702 0.617356 1.41398 1.84536 2.56652 1.47083 1.27811 1.81079 1.46691 2.67672 6.01309 3.53814 4.10969 6.99961 8.73269 8.38349 5.69474 3.68965 8.00565 8.24071 6.7755 5.52075 6.37643 5.10941 3.44396 7.0645 5.14212 8.2283 9.30219 4.84968 8.64614 1.422 2.3882 8.30978 9.37815 3.77578 7.53748 3.9829 3.49042 3.76642 2.91949 1.67874 3.76715 2.84389 5.40619 3.35647 1.78145 2.18353 1.87348 4.28223 1.79259 2.75557 1.99061 4.11599 2.24476 6.54229 3.6424 3.06191 1.98653 10.3476 2.4118 4.17084 3.84219 1.74535 8.74169 3.87218 2.34074 1.70541 10.0156 1.88166 
2.11654 1.78762 2.04031 3.18561 2.07894 1.154 2.07692 2.44945 0 2.37299 1.92222 2.47066 1.51327 1.55907 1.80829 2.6536 1.26045 2.28322 2.5427 3.26466 2.38276 2.32614 2.90963 1.49944 3.12582 2.095 3.03479 1.75604 3.21855 2.27324 2.73177 0.874279 1.7338 1.96321 3.18588 1.87825 1.40257 2.08139 2.80452 3.03359 1.84639 3.07753 2.58953 2.13709 2.35341 2.40815 3.00825 3.01025 3.13584 1.98164 3.17134 2.60406 1.92333 2.47275 2.58305 2.44954 2.32383 2.01672 2.49728 2.73701 2.51197 1.76805 2.62455 3.02007 2.94482 2.74655 2.8781 4.31454 3.62025 4.09806 3.2322 1.92237 4.05369 3.20076 2.6848 3.73636 2.06191 2.46399 2.06546 3.50119 2.13864 3.13079 2.20874 3.23757 2.21758 2.95632 3.97572 3.47086 2.33258 2.9663 2.60378 3.14193 2.99903 1.99729 2.20521 3.32641 2.84061 2.13436 2.69767 2.12528 
8.07754 1.52682 1.7795 5.34497 5.18863 1.11728 2.17898 7.97799 2.37299 0 1.92894 4.03721 1.29392 1.4072 1.62723 6.7044 1.2155 3.13022 2.97915 2.88101 7.15672 2.06534 2.4015 1.31838 4.20554 2.04361 1.71856 6.67939 4.14755 5.20636 2.42991 0.797154 1.43636 0.761882 3.28411 1.83709 1.34459 1.89063 2.32339 2.90507 6.17078 4.15538 4.16695 6.71665 6.85121 7.50821 6.5566 2.91246 7.33578 6.29799 6.62491 4.9582 6.44675 5.78871 3.09013 6.07335 4.60198 7.69152 6.96831 4.19686 6.1214 1.38572 2.13874 7.42538 8.66951 3.40977 6.67165 3.71588 2.92531 3.49941 2.65602 1.51281 2.96257 2.9073 5.3884 2.78898 1.37139 1.77347 1.70604 3.74077 1.87013 2.20091 1.51822 3.45864 1.99531 6.00367 3.29427 2.49443 2.08468 9.35191 2.03402 3.77385 3.68288 1.59228 6.90295 3.52289 2.43644 1.58034 7.29757 1.71573 
1.65606 2.16706 2.29952 1.86852 1.92222 1.39444 2.22475 1.59894 1.92222 1.92894 0 2.08561 1.57343 1.16501 2.19679 1.89706 2.01924 1.74687 2.01924 1.8506 1.12113 2.70558 1.71394 1.88794 1.65837 2.06369 2.0595 1.16501 1.9869 1.65606 2.02934 0.864927 2.15001 2.2402 2.34986 2.11869 1.67496 1.91006 1.90198 1.63118 1.39444 2.06955 1.57073 1.30183 1.12113 1.12113 2.11395 1.76384 2.08232 1.16501 1.89789 1.92894 1.73362 1.4716 1.44131 1.87984 1.96256 1.30563 1.53703 1.76361 1.44131 1.50263 2.46883 1.57084 1.66601 1.86037 1.50263 2.46883 2.22571 2.43908 1.88112 1.85984 2.49243 1.53703 1.73362 2.08467 1.86208 2.26416 1.9541 2.06684 2.05548 1.95678 2.07123 1.8339 2.32539 1.85984 2.35166 2.03199 2.24942 1.87776 2.49243 1.7745 1.98385 1.82598 1.44131 2.00687 1.87811 2.00687 1.57084 2.06276 
3.8519 1.90927 2.26591 4.99704 3.6288 1.40947 2.33365 3.63167 2.47066 4.03721 2.08561 0 1.65515 1.48043 1.92251 4.1608 1.77895 4.2625 4.30836 3.56341 4.00295 2.4478 3.20838 1.61366 4.47945 2.16838 3.33354 3.33947 4.81236 3.99559 3.4008 0.834968 1.73651 2.26001 2.78518 2.13373 1.31724 1.99605 2.89616 3.33234 3.15334 4.4064 4.41891 3.57214 4.03715 4.0472 3.91384 4.67041 4.60768 3.1308 4.64576 4.04054 3.94412 4.21546 4.16125 4.10902 4.27073 3.73195 3.99895 4.46528 3.77169 1.89995 2.58896 4.62578 4.72423 4.61854 4.66499 4.37948 3.79609 4.163 3.29715 1.9453 4.0362 3.37468 4.97525 3.84726 2.16616 2.56824 2.06145 4.62084 2.27054 3.30471 2.31299 4.80835 2.44552 4.2903 4.08934 3.61028 2.35642 4.76165 2.59977 4.8951 4.82305 2.21755 3.54087 4.36492 3.13935 1.91975 4.29516 2.14821 
0.965721 1.56345 1.8898 1.74194 1.50834 1.24634 2.00935 1.47328 1.51327 1.29392 1.57343 1.65515 0 1.05169 1.69809 1.32542 1.53058 1.53058 1.53058 1.51704 1.05169 2.10197 1.09725 1.38924 1.53178 1.37419 1.70912 0.756058 1.83146 0.652978 1.81377 0.82979 1.96826 1.88983 2.05792 1.9706 1.2445 1.91775 1.47328 1.29763 1.17887 1.33623 1.09629 1.17525 0.847526 0.847526 1.76206 1.24689 1.79039 0.613543 1.63184 1.29392 1.38173 0.977201 1.0912 1.52796 1.60749 0.613543 0.613543 1.29912 0.820241 1.16223 1.71253 1.18394 1.32561 1.48697 1.16223 1.71253 1.46941 1.76862 1.38672 1.12147 1.73613 0.847526 1.38173 1.63005 1.40746 1.80954 1.4597 1.60273 1.68978 1.37157 1.55429 1.29867 1.5691 1.12147 1.38148 1.51504 1.63695 0.895403 1.73613 1.12147 1.49942 1.48558 0.977201 1.54276 1.52304 1.54276 1.18394 1.32438 
1.13432 1.66182 1.77778 1.4893 1.36318 1.01521 1.84552 1.27967 1.55907 1.4072 1.16501 1.48043 1.05169 0 1.67506 1.42379 1.53149 1.36765 1.53149 1.47011 0.750309 2.20034 1.1922 1.36621 1.27915 1.3424 1.74023 0.801862 1.66763 1.13432 1.65012 0.631777 1.6442 1.92094 2.01749 1.73947 1.06978 1.53084 1.50855 1.2507 1.01521 1.48362 1.14009 0.921347 0.801862 0.801862 1.66927 1.17696 1.72842 0.750309 1.38033 1.22092 1.35439 0.750309 0.750309 1.37404 1.36318 0.933526 0.815735 1.44434 0.750309 1.07397 1.74753 1.14219 1.23735 1.29516 1.07397 1.74753 1.50441 1.71778 1.15982 1.15647 1.77113 0.815735 1.35439 1.56012 1.33753 1.73961 1.23281 1.37584 1.44456 1.29858 1.48436 1.1429 1.6041 1.15647 1.63037 1.44511 1.6385 1.15647 1.77113 1.0835 1.26256 1.39732 0.750309 1.31586 1.34751 1.31586 1.14219 1.35938 
1.23623 1.86768 2.12036 1.97249 1.88052 1.40581 2.32872 1.68383 1.80829 1.62723 2.19679 1.92251 1.69809 1.67506 0 1.79914 1.6334 1.61018 1.6334 1.81687 1.67506 2.4062 1.81687 1.46812 1.76234 2.25879 2.10087 1.25775 2.12986 1.23623 1.89265 0.876566 2.25398 2.28158 2.33664 2.13006 1.51187 2.19068 1.63766 1.80025 1.23623 1.89039 1.55982 1.40581 1.62292 1.62292 2.04079 2.05452 2.41856 1.4573 2.04229 1.79553 1.61018 1.6041 1.67535 2.16118 1.88052 1.23623 1.69809 1.97811 1.6294 1.93762 2.67937 2.00584 1.95456 1.86917 1.93762 2.67937 2.43625 2.49241 2.0589 1.98297 2.70296 1.73213 1.97995 2.43921 2.21662 2.6187 2.26886 2.25493 2.39045 2.06706 2.36345 2.04229 2.53593 1.94532 2.43139 2.32421 2.44683 1.94532 2.70296 1.96259 1.94532 2.26097 1.6041 2.19496 1.92879 2.19496 2.00584 2.18588 
3.93767 0.631442 1.55849 5.22548 7.20079 0.915032 1.487 4.60749 2.6536 6.7044 1.89706 4.1608 1.32542 1.42379 1.79914 0 1.11965 3.31213 3.20294 2.62099 6.70998 1.16996 2.58522 1.49029 4.38029 2.0221 3.14603 5.03602 2.9461 6.38489 2.9221 0.778469 1.74407 1.93223 2.85407 1.63929 1.2606 1.93941 1.70442 2.91261 4.97432 3.94733 4.61858 4.96613 6.07791 6.50212 7.217 4.13328 7.80873 5.60784 8.32424 6.92653 6.33425 6.42786 3.69804 7.30836 5.93864 5.89501 6.03327 5.2996 6.41165 1.60256 2.33505 7.98147 7.86126 3.95962 7.62162 4.09872 3.53703 3.88224 3.00644 1.6898 3.88297 2.88252 6.14235 3.53697 1.91977 2.32185 1.97201 4.63618 1.97315 2.85446 2.0666 4.4735 2.19161 7.74039 3.64694 3.29998 2.10251 8.07516 2.35864 4.34362 4.25696 1.92591 6.20239 4.23161 2.52078 1.88597 7.37493 1.89272 
0.670258 1.3017 1.55439 1.76498 1.65521 0.915375 1.76498 0.951198 1.26045 1.2155 2.01924 1.77895 1.53058 1.53149 1.6334 1.11965 0 0.670258 0.670258 1.48218 1.53149 1.84022 1.48218 1.32455 1.58479 2.06776 1.76469 1.06872 1.4182 1.06872 0.952731 0.690365 1.85927 1.94539 1.60401 1.63518 1.3683 1.97514 1.07168 1.57814 0.670258 1.32442 1.22513 0.915375 1.44536 1.11967 1.60401 1.75601 1.66979 1.26828 1.86253 1.21506 0.95734 1.46054 1.53179 1.73628 1.6897 1.06872 1.49418 1.64193 1.48584 1.79406 2.48834 1.86227 1.73245 1.7256 1.73245 2.48834 2.23488 2.30138 1.91534 1.83941 2.2777 1.5411 1.63936 2.29565 2.07306 2.47514 2.1253 2.0525 2.16834 1.60026 2.21989 1.86253 2.23488 1.75429 2.24036 2.18064 2.2558 1.75429 2.2777 1.81903 1.80175 2.11741 1.46054 2.0514 1.63195 2.0514 1.86227 2.04232 
2.31222 1.3017 1.55439 3.59043 3.62564 0.915375 1.76498 2.54661 2.28322 3.13022 1.74687 4.2625 1.53058 1.36765 1.61018 3.31213 0.670258 0 3.09386 2.67224 3.27148 1.84022 2.31721 1.30133 4.07135 2.0556 2.78686 2.35253 3.61206 2.96804 2.23801 0.644164 1.80406 1.83166 2.91879 1.63518 1.20446 1.88327 2.00236 2.82078 1.76055 3.9741 3.36089 2.27303 3.1103 2.87756 3.74559 3.901 3.836 2.87133 4.18709 3.13999 2.64364 3.2747 3.71097 3.81127 3.71142 2.89754 3.38745 3.31844 3.18495 1.56993 2.47618 4.04674 4.01508 3.92782 3.79447 4.10173 3.40744 3.88525 3.12239 1.72425 3.43665 2.98795 3.899 3.55985 1.92938 2.33146 1.96145 4.23211 1.94052 2.71412 2.10473 4.2942 2.15427 3.9887 3.72651 3.29435 2.13446 4.04764 2.19708 4.42284 4.14767 1.89328 3.17223 4.01423 2.62621 1.8004 3.66863 1.92716 
2.30529 1.16336 1.55439 4.2493 3.66115 0.915375 1.76498 2.85992 2.5427 2.97915 2.01924 4.30836 1.53058 1.53149 1.6334 3.20294 0.670258 3.09386 0 2.90586 3.52125 1.70188 2.51777 1.32455 4.49287 2.06776 2.88084 2.81807 3.94708 2.96302 2.45249 0.740966 1.85927 1.94539 2.81188 1.63518 1.3683 1.97514 1.62285 3.02134 2.24502 4.25444 3.56148 2.63605 3.42533 3.13132 4.07895 4.11582 4.17743 3.11947 4.42259 3.18152 3.16746 3.50171 3.77849 3.73375 4.26328 3.20005 3.57874 3.69457 3.25247 1.79406 2.48834 4.29833 4.23376 4.17615 3.88443 4.15685 3.61609 3.94037 3.22621 1.83941 3.65745 3.18851 4.07397 3.72605 2.07306 2.47514 2.1253 4.58211 2.16834 2.84144 2.21989 4.48659 2.23488 4.11098 3.86671 3.56951 2.2558 4.35919 2.2777 4.48592 4.39926 2.11741 3.34732 4.32166 2.82677 2.0514 4.03313 2.04232 
2.41642 1.71645 1.72847 2.16417 3.33266 1.08501 1.35747 2.5238 3.26466 2.88101 1.8506 3.56341 1.51704 1.47011 1.81687 2.62099 1.48218 2.67224 2.90586 0 2.29913 2.25497 2.34658 1.50802 3.18345 1.91565 3.47507 1.93358 2.60627 2.13102 3.18437 0.367328 1.91114 2.15875 4.00696 1.80927 1.55176 1.85365 2.81793 2.94995 2.12159 3.16655 2.3575 1.9623 2.03998 2.26066 3.44065 3.02536 3.04433 2.38325 3.37261 3.07921 2.76401 2.68422 2.7719 3.17938 2.94448 2.35378 2.5577 2.93661 2.5653 1.28356 2.28128 2.8842 3.03399 3.25645 2.93969 4.4414 3.77164 4.3134 3.34782 1.63713 3.64502 3.11713 3.07665 3.7058 1.64302 2.0451 2.05467 3.17446 1.65416 3.26913 1.85217 3.38959 2.13784 2.9741 3.94716 3.41125 1.8481 2.97414 2.30488 3.20757 2.94054 1.60691 2.49051 3.1546 2.90511 1.84912 2.63806 1.84004 
6.84657 1.66182 1.77778 5.03215 6.0342 0.863048 1.84552 6.94116 2.38276 7.15672 1.12113 4.00295 1.05169 0.750309 1.67506 6.70998 1.53149 3.27148 3.52125 2.29913 0 2.20034 1.88192 1.36621 3.51163 1.3424 2.91421 5.71952 3.81633 4.79738 2.68033 0.599177 1.56691 1.87706 3.02411 1.5873 1.06978 1.30488 2.4058 2.00588 4.57496 3.71125 3.29614 4.7554 5.24103 6.26379 6.2207 2.93108 8.60726 5.43007 6.32956 5.44183 6.84555 5.06447 2.48086 7.25134 4.4378 6.08132 6.23743 4.41071 5.9899 0.74425 1.74197 8.01149 7.52093 2.98393 7.44073 3.14403 2.47426 3.0735 2.08008 1.10146 2.98668 2.00202 4.61704 2.47948 1.1037 1.50578 1.23281 3.73027 1.2971 1.98504 1.31286 3.15351 1.59853 5.76974 2.64978 2.24249 1.49104 8.28952 1.76556 3.09339 2.62519 1.0676 6.20023 3.40193 1.90611 1.31586 7.08607 1.30438 
1.16996 1.40799 2.32718 2.32405 2.40581 1.69158 2.32405 1.48087 2.32614 2.06534 2.70558 2.4478 2.10197 2.20034 2.4062 1.16996 1.84022 1.84022 1.70188 2.25497 2.20034 0 2.25497 2.09735 2.33108 2.79865 2.52807 1.81502 1.81201 1.81502 2.12269 1.0573 2.52062 2.70878 2.26536 2.41584 2.03715 2.71596 1.48087 2.30903 1.61255 2.09721 1.99792 1.69158 2.1317 1.81502 2.26536 2.45632 2.88884 1.8286 2.52567 2.23363 2.07392 1.8286 2.15874 2.34623 2.40581 1.81502 2.0545 2.38787 2.1091 2.42101 3.1116 2.48922 2.46335 2.19559 2.42101 3.1116 2.86848 3.07418 2.5386 2.46636 3.1352 2.27199 2.46334 2.91891 2.69632 3.0984 2.74856 2.73463 2.7916 2.46931 2.84315 2.52567 2.96816 2.46636 2.86914 2.8039 2.87906 2.48805 3.1352 2.44229 2.4706 2.74436 1.93053 2.67466 2.25522 2.67466 2.48922 2.66927 
2.03483 1.71645 1.72847 2.79015 2.97763 1.08501 2.04761 2.17315 2.90963 2.4015 1.71394 3.20838 1.09725 1.1922 1.81687 2.58522 1.48218 2.31721 2.51777 2.34658 1.88192 2.25497 0 1.50802 2.855 1.57644 3.06008 1.65889 2.68559 1.77599 3.10467 0.740311 1.91114 1.8818 3.61886 1.80927 1.55176 1.85365 2.42983 2.38106 1.67654 2.4478 1.60855 1.67309 1.76528 1.98597 3.08561 2.461 3.19658 2.02822 2.99649 2.48543 2.40897 2.26702 2.28457 2.81929 2.60637 1.90966 1.9888 2.52163 2.00747 1.28356 2.28128 2.4016 2.54666 2.83924 2.38186 3.87251 3.20274 3.84107 2.93061 1.63713 3.71516 2.54824 2.80196 3.20269 1.64302 2.0451 1.77676 3.23982 1.65416 2.52018 1.85217 2.83177 2.13784 2.40521 3.37826 2.9657 1.8481 2.41631 2.1634 2.68702 2.52333 1.60691 2.0733 3.07956 2.41778 1.84912 2.38551 1.84004 
0.927384 1.55883 1.81151 1.66365 1.57167 1.09696 2.01987 1.37498 1.49944 1.31838 1.88794 1.61366 1.38924 1.36621 1.46812 1.49029 1.32455 1.30133 1.32455 1.50802 1.36621 2.09735 1.50802 0 1.45349 1.94994 1.79202 0.948895 1.82101 0.927384 1.5838 0.674196 1.94514 1.97273 2.02779 1.82121 1.20302 1.88183 1.32881 1.4914 0.927384 1.58154 1.25097 1.09696 1.31407 1.31407 1.73194 1.74567 2.10971 1.14845 1.73344 1.48668 1.30133 1.29525 1.3665 1.85234 1.57167 0.927384 1.38924 1.66926 1.32055 1.62877 2.37052 1.69699 1.64571 1.56032 1.62877 2.37052 2.1274 2.18356 1.75005 1.67412 2.39411 1.42328 1.6711 2.13036 1.90777 2.30985 1.96001 1.94608 2.0816 1.75821 2.0546 1.73344 2.22708 1.63647 2.12254 2.01536 2.13798 1.63647 2.39411 1.65374 1.63647 1.95212 1.29525 1.88611 1.61994 1.88611 1.69699 1.87703 
3.98052 1.79256 1.86507 4.55599 4.51847 0.959987 1.7903 3.49398 3.12582 4.20554 1.65837 4.47945 1.53178 1.27915 1.76234 4.38029 1.58479 4.07135 4.49287 3.18345 3.51163 2.33108 2.855 1.45349 0 2.07827 3.50766 3.20754 4.55943 3.73337 3.09585 0.750622 1.71556 1.98382 2.83975 1.68424 1.35662 2.0242 2.78082 3.0285 2.76619 4.07925 3.89658 2.91662 3.51209 3.74946 3.53167 4.32507 4.48038 3.5927 3.55863 4.20388 4.03528 3.87963 3.4544 4.40007 4.76832 3.61929 3.91311 4.23015 3.13713 1.48143 2.38768 4.31775 4.28421 4.28694 4.06034 3.64118 3.62331 3.4247 2.97173 1.72768 3.83265 3.19567 4.57859 3.49174 1.84088 2.24296 1.87295 3.83999 1.85202 3.12735 2.05004 3.98239 2.24424 4.21013 3.76391 3.25475 2.04596 4.269 2.41127 4.425 4.47322 1.80478 2.96861 3.54682 2.84275 1.63699 3.93061 1.93059 
1.67059 2.26013 2.42522 2.28842 1.89911 1.75957 2.56316 1.99506 2.095 2.04361 2.06369 2.16838 1.37419 1.3424 2.25879 2.0221 2.06776 2.0556 2.06776 1.91565 1.3424 2.79865 1.57644 1.94994 2.07827 0 2.2309 1.33779 2.35323 1.51784 2.33807 1.09944 2.42309 2.4116 2.5797 2.48383 1.75773 2.39694 1.99506 0.974074 1.67059 1.90516 1.49913 1.63008 0.974074 1.33779 2.32776 1.59845 2.1596 1.33779 2.17246 1.93331 1.96346 1.60989 1.37633 2.06818 1.89911 1.37419 0.974074 1.82089 1.33724 1.33724 2.22953 1.40546 1.50062 2.0002 1.33724 2.22953 1.75865 2.23887 2.01941 1.63847 2.08769 0.974074 1.70201 1.91929 1.69669 2.09878 1.92695 2.14503 1.89009 1.79139 1.90585 1.76893 2.0861 1.49913 1.78871 1.8666 2.08403 1.49913 2.08769 1.63847 1.91364 1.66059 1.60989 2.08506 1.79304 2.08506 1.40546 1.84138 
2.68425 1.98955 2.28154 3.42021 2.59159 1.44658 2.3205 2.88148 3.03479 1.71856 2.0595 3.33354 1.70912 1.74023 2.10087 3.14603 1.76469 2.78686 2.88084 3.47507 2.91421 2.52807 3.06008 1.79202 3.50766 2.2309 0 2.29819 3.47295 2.32268 3.33666 1.00861 1.9384 0.761882 3.98882 2.17083 1.69515 2.33009 2.97653 3.56365 2.29005 3.59888 2.79115 2.56289 2.77427 2.28471 3.51653 2.71768 3.28296 2.45748 3.45614 2.68838 2.95567 3.03172 2.93225 2.60856 3.12676 2.42801 2.79646 2.56534 2.55005 1.65726 2.62346 3.00202 3.15544 3.29324 2.81799 4.67189 3.88131 4.45541 3.46034 2.01447 3.91858 3.56589 3.33989 3.74736 2.01671 2.41879 2.0566 3.47035 2.20633 2.84152 2.22586 3.42299 2.48002 3.35007 4.18592 3.4528 2.40027 3.35589 2.51874 3.40473 3.38435 1.92848 2.57273 3.4505 3.24393 2.1615 2.67962 2.21739 
7.77387 1.2765 1.50853 4.29135 4.60955 0.603449 1.28532 6.77674 1.75604 6.67939 1.16501 3.33947 0.756058 0.801862 1.25775 5.03602 1.06872 2.35253 2.81807 1.93358 5.71952 1.81502 1.65889 0.948895 3.20754 1.33779 2.29819 0 2.80336 3.91181 2.26676 0.580306 1.35902 1.42797 2.52137 1.3277 0.852025 1.53084 1.66794 1.9824 5.97885 3.21937 3.21621 5.74731 7.26271 7.22125 5.0517 3.0221 6.88348 7.1937 5.57983 4.58472 5.24911 4.51983 2.65718 5.84253 4.31971 6.91779 8.01462 3.84613 6.98357 1.05302 1.95927 6.73959 7.77778 2.98244 6.51789 3.39291 2.73221 3.18251 2.24708 1.3682 3.07975 2.13045 4.10455 2.73743 1.41247 1.81456 1.38642 3.69097 1.43995 2.24299 1.62163 3.28147 1.81583 5.30086 2.89866 2.50044 1.63389 8.47921 1.92474 3.29975 2.86427 1.37637 7.12468 3.25422 1.88203 1.5276 8.21557 1.57112 
2.82345 1.27349 1.81018 3.45329 4.4614 1.13454 1.28532 2.45991 3.21855 4.14755 1.9869 4.81236 1.83146 1.66763 2.12986 2.9461 1.4182 3.61206 3.94708 2.60627 3.81633 1.81201 2.68559 1.82101 4.55943 2.35323 3.47295 2.80336 0 3.66032 3.04311 0.771614 1.80194 2.26336 3.22037 1.85879 1.74511 2.19875 2.03134 3.18915 2.6935 4.46218 3.82781 2.57442 3.68113 3.45786 4.23686 4.67241 4.58923 3.45135 4.77865 4.35377 3.76426 3.40748 4.39909 4.18276 4.63432 3.50965 3.88834 4.08986 4.06417 1.80996 2.74413 4.74111 4.63803 4.67277 4.59811 4.57253 4.01084 4.35605 3.40488 1.90507 4.02853 3.35633 4.75385 4.01078 2.16942 2.5715 2.26144 4.84359 2.18056 3.32828 2.37857 5.0787 2.59864 4.5149 4.12075 3.7738 2.3745 4.70316 2.65053 4.9062 4.66785 2.13331 3.63061 4.45729 2.99459 2.09338 4.30371 2.10799 
4.92 1.2765 1.47142 4.85867 5.85391 0.827961 1.54749 5.14886 2.27324 5.20636 1.65606 3.99559 0.652978 1.13432 1.23623 6.38489 1.06872 2.96804 2.96302 2.13102 4.79738 1.81502 1.77599 0.927384 3.73337 1.51784 2.32268 3.91181 3.66032 0 2.57511 0.697408 1.62786 1.42797 3.17013 1.55222 0.971133 1.64995 2.01602 2.27956 3.66497 3.36231 3.19093 3.62732 3.64481 4.92356 6.61541 3.03034 6.48166 3.99575 6.53786 4.95397 5.40105 5.07142 2.9783 5.48269 4.57983 4.41852 3.80158 4.17291 4.00171 1.30179 1.85619 5.55921 5.73747 3.38749 4.96742 3.36142 2.9239 3.15282 2.54886 1.23026 3.0234 2.42636 4.84042 3.03405 1.55112 1.9532 1.60336 3.9699 1.82934 2.24134 1.69795 3.59926 1.71275 5.5257 2.86717 2.79707 1.78061 5.53556 1.87979 3.24476 3.43495 1.62514 4.58527 3.73739 2.29591 1.65423 5.12327 1.43317 
2.29156 1.58417 1.83686 2.75198 2.97279 0.925479 2.06786 2.6702 2.73177 2.42991 2.02934 3.4008 1.81377 1.65012 1.89265 2.9221 0.952731 2.23801 2.45249 3.18437 2.68033 2.12269 3.10467 1.5838 3.09585 2.33807 3.33666 2.26676 3.04311 2.57511 0 0.71739 2.08653 2.11413 3.39629 1.64529 1.48693 1.98524 3.00619 3.46644 1.92664 3.21125 2.83573 2.1414 2.56922 2.5537 2.97828 2.88947 2.73891 2.7317 3.06943 2.51384 2.58298 2.86445 2.62457 3.12477 2.6244 2.60982 2.93829 2.5668 2.4722 1.80785 2.75865 3.00826 2.93301 3.01812 2.9473 4.53656 3.69368 4.25163 3.45423 1.85765 3.58189 3.63362 2.79856 3.66153 1.96199 2.36407 2.11906 2.93291 2.17844 3.27007 2.10882 3.0769 2.43674 3.18921 4.24641 3.42454 2.37238 3.24552 2.19708 3.10661 3.03177 2.00634 2.50123 2.89941 3.07154 1.8004 2.68586 2.06056 
0.581763 0.79925 0.786712 0.810898 0.995816 0.408201 0.817649 0.617356 0.874279 0.797154 0.864927 0.834968 0.82979 0.631777 0.876566 0.778469 0.690365 0.644164 0.740966 0.367328 0.599177 1.0573 0.740311 0.674196 0.750622 1.09944 1.00861 0.580306 0.771614 0.697408 0.71739 0 0.788788 0.813279 0.991947 0.778132 0.575132 0.922108 0.690912 0.714076 0.445219 0.624229 0.472332 0.324885 0.686704 0.610282 0.873725 0.769078 1.06919 0.750082 0.939777 0.881081 0.765448 0.650655 0.657105 0.969129 0.766909 0.721873 0.848481 0.852756 0.614186 0.803392 1.24179 0.762177 0.833155 0.744143 0.761159 0.984417 0.997652 1.21804 0.970852 0.676792 1.17671 0.810089 0.745956 0.990315 0.876264 1.1029 1.00773 0.923646 0.793763 0.915835 0.907224 0.700541 1.11274 0.719476 1.16595 0.932803 0.996918 0.842443 1.21821 0.625037 0.669349 0.774423 0.523056 0.890138 0.756651 0.804123 0.731015 0.760324 
1.62786 1.9821 2.27132 1.92571 1.54763 1.43636 2.23674 1.41398 1.7338 1.43636 2.15001 1.73651 1.96826 1.6442 2.25398 1.74407 1.85927 1.80406 1.85927 1.91114 1.56691 2.52062 1.91114 1.94514 1.71556 2.42309 1.9384 1.35902 1.80194 1.62786 2.08653 0.788788 0 2.1191 2.22842 2.16061 1.72168 2.3232 1.71702 1.69173 1.43636 2.04135 1.63127 1.35902 1.63127 1.69301 2.18047 1.56461 2.11607 1.57325 2.02517 1.60465 1.78901 1.57325 1.56691 1.35902 1.54763 1.71325 1.86044 1.66776 1.37162 1.79672 2.7325 1.63127 1.85442 1.85292 1.79672 2.7325 2.08541 2.61827 2.02805 1.72519 2.35212 1.90214 1.96284 1.94777 1.72518 2.12726 2.07451 1.99715 2.21217 1.74919 1.87201 1.73563 2.3656 1.72519 2.48453 1.83276 2.47587 1.89418 2.35212 1.70481 1.61155 1.88641 1.37162 1.93718 1.93697 1.93718 1.37162 1.9281 
1.65726 2.17026 2.46225 2.17134 1.7209 1.62728 2.50121 1.84536 1.96321 0.761882 2.2402 2.26001 1.88983 1.92094 2.28158 1.93223 1.94539 1.83166 1.94539 2.15875 1.87706 2.70878 1.8818 1.97273 1.98382 2.4116 0.761882 1.42797 2.26336 1.42797 2.11413 0.813279 2.1191 0 2.49817 2.35154 1.87586 2.5108 1.90518 1.96177 1.47922 2.23228 1.88084 1.62728 1.76647 1.42797 2.26226 1.66285 2.04324 1.60999 2.31906 1.60999 1.83166 1.80316 1.87706 1.67879 2.07114 1.42797 1.85343 1.43577 1.66285 1.83796 2.80416 1.85405 2.00134 2.18223 1.76647 2.80416 2.50891 2.86025 2.21645 2.19518 2.54279 1.88494 2.06895 2.35587 2.13328 2.53536 2.23731 2.27369 2.38703 1.7405 2.28011 2.14128 2.66073 2.19518 2.66806 2.24086 2.58097 2.2131 2.69944 2.10984 2.27702 2.10918 1.77286 2.27369 2.11609 2.3422 1.77971 2.39809 
2.73706 1.72684 2.31594 3.54533 3.01769 1.39938 2.10562 2.56652 3.18588 3.28411 2.34986 2.78518 2.05792 2.01749 2.33664 2.85407 1.60401 2.91879 2.81188 4.00696 3.02411 2.26536 3.61886 2.02779 2.83975 2.5797 3.98882 2.52137 3.22037 3.17013 3.39629 0.991947 2.22842 2.49817 0 2.12364 1.91783 2.46359 2.72395 3.84072 2.15371 2.99024 3.34993 2.35753 3.14625 2.79507 2.72218 3.63163 3.62996 2.65214 3.51974 3.48047 3.15181 2.70469 3.13047 3.04852 3.27785 2.8838 3.15964 3.38744 2.98071 1.94761 2.90072 3.57244 3.49482 3.5209 3.40344 4.86341 4.34549 4.64694 3.6913 2.04272 4.422 3.71907 3.64038 4.34495 2.27898 2.68106 2.386 3.50124 2.31821 3.78077 2.42581 3.73972 2.73629 3.43657 4.48349 4.10797 2.51215 3.68755 2.81685 3.60103 3.5025 2.27097 2.65173 3.21733 3.36595 1.70541 3.36287 2.24564 
1.55222 1.87732 1.88147 1.89439 2.09174 0.964923 2.25062 1.47083 1.87825 1.83709 2.11869 2.13373 1.9706 1.73947 2.13006 1.63929 1.63518 1.63518 1.63518 1.80927 1.5873 2.41584 1.80927 1.82121 1.68424 2.48383 2.17083 1.3277 1.85879 1.55222 1.64529 0.778132 2.16061 2.35154 2.12364 0 1.72308 2.02913 1.61224 1.63213 0.964923 1.6515 1.55222 0.964923 1.57168 1.66169 1.92945 1.96864 2.33268 1.66852 1.95641 1.83709 1.68014 1.66852 1.58948 2.16061 1.98778 1.58933 1.92313 1.90019 1.58948 1.85174 2.81542 1.91996 1.90333 1.78415 1.85174 2.76504 2.49097 2.54714 2.12332 1.89709 2.75769 1.95717 1.89408 2.39929 2.17669 2.57878 2.33328 2.18794 2.22234 1.98118 2.32352 1.95641 2.59065 1.89709 2.56745 2.28428 2.41628 2.08137 2.75769 1.89709 2.00973 2.1751 1.58948 2.11431 1.68595 2.12796 1.91996 2.10001 
0.971133 1.49863 1.85526 1.56677 1.27525 0.998825 1.923 1.27811 1.40257 1.34459 1.67496 1.31724 1.2445 1.06978 1.51187 1.2606 1.3683 1.20446 1.3683 1.55176 1.06978 2.03715 1.55176 1.20302 1.35662 1.75773 1.69515 0.852025 1.74511 0.971133 1.48693 0.575132 1.72168 1.87586 1.91783 1.72308 0 1.5854 1.37256 1.39452 0.852025 1.5611 1.24355 0.998825 1.2172 1.2172 1.56701 1.6062 1.97024 0.852025 1.59397 1.34415 1.20446 0.998825 1.22704 1.62888 1.27525 0.971133 1.19703 1.53775 1.22704 1.4893 2.17831 1.55752 1.54884 1.26389 1.4893 2.17831 1.93519 1.99136 1.45362 1.53465 2.20191 1.23107 1.53164 2.03685 1.81425 2.21634 1.66359 1.80662 1.8599 1.61874 1.96108 1.59397 2.03487 1.44426 1.93033 1.92184 1.94577 1.44426 2.20191 1.51428 1.34004 1.81265 0.998825 1.74664 1.32351 1.74664 1.55752 1.73757 
1.64995 2.17744 2.22143 2.23435 1.95406 1.30488 2.59058 1.81079 2.08139 1.89063 1.91006 1.99605 1.91775 1.53084 2.19068 1.93941 1.97514 1.88327 1.97514 1.85365 1.30488 2.71596 1.85365 1.88183 2.0242 2.39694 2.33009 1.53084 2.19875 1.64995 1.98524 0.922108 2.3232 2.5108 2.46359 2.02913 1.5854 0 1.9522 1.63423 1.30488 1.99146 1.57378 1.30488 1.4569 1.54691 2.09836 1.95529 2.31934 1.53084 1.85723 1.89019 1.88327 1.67764 1.49029 2.2304 1.873 1.64995 1.87028 2.06911 1.53018 1.8384 2.80208 1.90662 1.78855 1.77081 1.78855 2.7517 2.47762 2.6646 2.13244 1.88375 2.74434 1.87028 1.88073 2.33999 2.1174 2.51948 2.31993 2.15571 2.22443 1.96784 2.26423 1.85723 2.57731 1.88375 2.60358 2.22498 2.41838 2.11751 2.74434 1.86337 2.00377 2.16175 1.53018 2.09574 1.78855 2.09574 1.90662 2.08666 
1.26969 0.942351 1.53145 2.69189 2.68042 0.887988 1.65672 1.46691 2.80452 2.32339 1.90198 2.89616 1.47328 1.50855 1.63766 1.70442 1.07168 2.00236 1.62285 2.81793 2.4058 1.48087 2.42983 1.32881 2.78082 1.99506 2.97653 1.66794 2.03134 2.01602 3.00619 0.690912 1.71702 1.90518 2.72395 1.61224 1.37256 1.9522 0 2.9334 1.23778 2.61565 2.1609 1.44159 2.23908 2.00313 2.62448 2.96628 3.37267 2.09309 3.06595 2.49971 2.09413 2.23789 2.49967 2.65851 2.91804 2.00906 2.45468 2.67874 2.34731 1.72136 2.4654 2.95395 2.86402 2.89246 2.77264 4.15514 3.75509 3.93867 3.27045 1.81647 4.05363 3.10058 2.97024 3.75503 2.05012 2.4522 2.10236 3.39974 2.09564 3.07252 2.19695 3.07012 2.32196 2.81808 3.865 3.51804 2.23286 2.92607 2.489 2.97726 3.0357 2.04471 2.38207 3.11918 2.73884 2.00846 2.89453 2.01938 
2.47665 1.77051 1.82443 3.19855 3.1283 0.907878 1.8282 2.67672 3.03359 2.90507 1.63118 3.33234 1.29763 1.2507 1.80025 2.91261 1.57814 2.82078 3.02134 2.94995 2.00588 2.30903 2.38106 1.4914 3.0285 0.974074 3.56365 1.9824 3.18915 2.27956 3.46644 0.714076 1.69173 1.96177 3.84072 1.63213 1.39452 1.63423 2.9334 0 2.18011 2.81108 2.03577 2.02497 1.72508 2.30948 3.28183 2.58807 3.41291 2.15218 3.1927 2.8787 2.86797 2.39097 2.29853 3.10162 2.73032 2.23146 1.88686 2.73795 2.01573 1.06415 2.06187 2.29966 2.56061 2.95829 2.39012 3.77057 3.1008 3.73913 3.05457 1.41772 3.61322 2.44629 2.83995 3.21095 1.4236 1.82568 1.83526 3.24809 1.43474 2.84656 1.63276 2.84003 1.91843 2.30326 3.27632 2.97396 1.62868 2.53649 2.08546 2.6393 2.64729 1.3875 2.19726 3.11313 2.614 1.62971 2.39377 1.62063 
9.97396 1.07403 1.15722 3.99224 4.42966 0.245116 1.52637 6.01309 1.84639 6.17078 1.39444 3.15334 1.17887 1.01521 1.23623 4.97432 0.670258 1.76055 2.24502 2.12159 4.57496 1.61255 1.67654 0.927384 2.76619 1.67059 2.29005 5.97885 2.6935 3.66497 1.92664 0.445219 1.43636 1.47922 2.15371 0.964923 0.852025 1.30488 1.23778 2.18011 0 2.94203 3.23222 16.8629 7.67366 6.29612 4.838 2.83527 6.75407 9.84242 5.37614 4.11552 4.67393 3.87284 2.21127 5.52253 4.25467 5.51188 11.2242 3.88978 25.779 1.12749 2.09117 6.52105 7.16339 2.88715 5.72689 3.35209 2.89041 3.05873 2.34829 1.17728 3.1737 2.34729 4.2794 2.77829 1.45244 1.85452 1.60902 3.42721 1.49808 2.12729 1.59927 3.0577 1.87085 4.90391 3.06639 2.5413 1.69202 8.39078 2.03788 3.21458 3.03579 1.45084 15.5504 3.07785 1.71246 1.40371 15.4781 1.3802 
3.24111 1.55869 1.57071 4.73182 4.52537 0.927249 2.01501 3.53814 3.07753 4.15538 2.06955 4.4064 1.33623 1.48362 1.89039 3.94733 1.32442 3.9741 4.25444 3.16655 3.71125 2.09721 2.4478 1.58154 4.07925 1.90516 3.59888 3.21937 4.46218 3.36231 3.21125 0.624229 2.04135 2.23228 2.99024 1.6515 1.5611 1.99146 2.61565 2.81108 2.94203 0 3.68711 3.00288 3.56628 3.86044 3.67673 4.39377 4.68376 3.35087 4.26369 4.24345 4.10164 3.58015 3.92203 4.72009 4.72423 3.38727 3.45665 4.18011 3.28712 1.66426 2.21457 4.32218 4.39565 4.43881 4.22002 3.98306 3.54862 3.76658 3.15893 1.6235 3.76295 2.97826 4.76906 3.65877 1.90949 2.31157 2.07743 4.62955 2.03486 3.09049 2.05632 4.60708 2.07113 4.10411 3.50116 3.48951 1.98203 4.1159 2.23816 4.45371 4.56079 1.98761 3.25921 4.08326 2.7568 1.65363 4.3148 1.82641 
3.89725 1.4594 1.47142 5.38358 4.84978 0.827961 1.76775 4.10969 2.58953 4.16695 1.57073 4.41891 1.09629 1.14009 1.55982 4.61858 1.22513 3.36089 3.56148 2.3575 3.29614 1.99792 1.60855 1.25097 3.89658 1.49913 2.79115 3.21621 3.82781 3.19093 2.83573 0.472332 1.63127 1.88084 3.34993 1.55222 1.24355 1.57378 2.1609 2.03577 3.23222 3.68711 0 3.13808 3.21152 3.97203 5.01525 2.99862 5.38167 3.01081 4.9192 4.02316 4.23969 3.45774 2.8592 4.56936 4.5433 3.16 2.96553 4.63418 3.07102 1.0037 1.94886 4.33801 4.37366 3.27697 3.86276 3.19866 2.52889 3.16722 2.53899 0.932168 3.04131 2.20294 4.69147 2.69434 1.36315 1.76523 1.72464 4.10678 1.37429 2.25125 1.57231 3.53239 1.62573 3.81824 2.70441 2.45735 1.56823 4.14876 1.75752 3.03287 3.11708 1.32705 3.38728 3.75373 2.06148 1.49772 3.89636 1.13508 
9.81588 1.15306 1.15722 3.65463 5.17416 0.245116 1.32825 6.99961 2.13709 6.71665 1.30183 3.57214 1.17525 0.921347 1.40581 4.96613 0.915375 2.27303 2.63605 1.9623 4.7554 1.69158 1.67309 1.09696 2.91662 1.63008 2.56289 5.74731 2.57442 3.62732 2.1414 0.324885 1.35902 1.62728 2.35753 0.964923 0.998825 1.30488 1.44159 2.02497 16.8629 3.00288 3.13808 0 7.84276 6.50607 4.71274 2.86081 6.87376 11.5474 5.41697 4.61543 5.4623 3.55202 2.21127 5.53796 4.33992 6.09975 11.0613 4.07287 19.9455 1.0037 1.94886 6.3828 7.16132 2.8837 5.69969 3.33012 2.67429 2.93395 2.28468 0.932168 3.04891 2.2838 4.25719 2.6835 1.36111 1.76319 1.51642 3.60806 1.37429 2.12383 1.50794 3.06352 1.62573 4.92543 2.88158 2.44652 1.56823 8.46874 1.79276 3.08193 2.81494 1.32705 17.9597 3.19826 1.709 1.33944 16.5171 1.13508 
12.8592 1.59318 1.76398 4.76439 5.31604 0.847428 1.76775 8.73269 2.35341 6.85121 1.12113 4.03715 0.847526 0.801862 1.62292 6.07791 1.44536 3.1103 3.42533 2.03998 5.24103 2.1317 1.76528 1.31407 3.51209 0.974074 2.77427 7.26271 3.68113 3.64481 2.56922 0.686704 1.63127 1.76647 3.14625 1.57168 1.2172 1.4569 2.23908 1.72508 7.67366 3.56628 3.21152 7.84276 0 7.3999 5.88247 2.50976 6.98921 8.85851 5.54053 5.06915 6.22834 4.70706 2.26407 6.30419 4.09952 6.16053 9.21666 3.88732 8.0604 0.74425 1.70287 5.46171 6.97677 3.13135 5.60267 3.10303 2.24823 2.88656 2.40947 1.06237 2.76065 2.13969 4.02483 2.29205 1.06461 1.46669 1.38642 3.6195 1.2971 2.06276 1.27376 2.93673 1.55944 4.41704 2.62024 2.05506 1.45195 7.78985 1.56103 2.90993 2.68495 0.863066 10.1178 3.56133 1.87676 1.49207 9.84843 1.26528 
8.09389 1.2765 1.81441 4.59212 5.69593 0.937438 1.28532 8.38349 2.40815 7.50821 1.12113 4.0472 0.847526 0.801862 1.62292 6.50212 1.11967 2.87756 3.13132 2.26066 6.26379 1.81502 1.98597 1.31407 3.74946 1.33779 2.28471 7.22125 3.45786 4.92356 2.5537 0.610282 1.69301 1.42797 2.79507 1.66169 1.2172 1.54691 2.00313 2.30948 6.29612 3.86044 3.97203 6.50607 7.3999 0 6.27822 3.00831 7.99005 6.91837 6.56913 5.24969 6.53017 5.44757 3.05114 6.78858 4.66642 8.35013 7.36006 3.97916 6.8935 1.03907 2.00527 8.07324 9.17215 3.48708 7.44194 3.418 2.74824 3.29 2.32442 1.39628 2.99165 2.09373 4.80362 2.73711 1.39852 1.8006 1.38642 3.768 1.40966 2.24573 1.60768 3.6749 1.86183 6.31472 2.92376 2.50013 1.6036 10.1673 1.92474 3.64719 3.20737 1.36242 6.77592 3.52505 1.88171 1.55726 8.05105 1.5992 
5.71038 1.72684 2.12174 5.42071 6.98654 1.20519 2.10562 5.69474 3.00825 6.5566 2.11395 3.91384 1.76206 1.66927 2.04079 7.217 1.60401 3.74559 4.07895 3.44065 6.2207 2.26536 3.08561 1.73194 3.53167 2.32776 3.51653 5.0517 4.23686 6.61541 2.97828 0.873725 2.18047 2.26226 2.72218 1.92945 1.56701 2.09836 2.62448 3.28183 4.838 3.67673 5.01525 4.71274 5.88247 6.27822 0 3.94432 7.36703 5.52791 6.7887 6.63766 6.2717 6.23945 3.56333 6.6568 5.54141 5.83176 5.89029 5.14585 5.67174 1.69567 2.46211 7.41113 7.16933 3.90619 7.13098 4.10834 3.55047 3.85192 2.93883 1.74102 3.62699 3.14674 6.13096 3.4083 1.68845 2.09053 2.03778 3.95547 2.02807 3.08578 1.83528 4.01397 2.29134 7.18253 3.86139 3.20582 2.22957 7.74717 2.3693 4.28492 4.33315 1.98083 5.31317 3.56016 2.67095 1.11488 6.68119 1.94393 
3.68576 1.9178 2.07935 4.27601 3.37453 1.24438 2.25486 3.68965 3.01025 2.91246 1.76384 4.67041 1.24689 1.17696 2.05452 4.13328 1.75601 3.901 4.11582 3.02536 2.93108 2.45632 2.461 1.74567 4.32507 1.59845 2.71768 3.0221 4.67241 3.03034 2.88947 0.769078 1.56461 1.66285 3.63163 1.96864 1.6062 1.95529 2.96628 2.58807 2.83527 4.39377 2.99862 2.86081 2.50976 3.00831 3.94432 0 3.48051 2.93207 3.8984 2.88356 3.5572 3.51136 2.7302 2.96134 3.75381 2.82833 2.66918 2.94331 2.02357 0.966366 1.78753 2.92321 2.93503 3.6266 2.56602 3.36954 2.46209 3.15306 2.56053 1.0922 2.73042 2.35891 3.79883 2.29662 0.780213 1.18229 1.31181 3.87994 1.44946 1.94259 0.927042 3.40285 1.42063 3.24663 2.9024 2.00207 1.71316 3.16964 1.55014 3.73921 3.54697 1.07259 2.78374 3.8881 2.3437 1.17447 2.19789 1.29511 
8.30953 2.35032 2.51187 5.74936 6.45216 1.60843 2.06187 8.00565 3.13584 7.33578 2.08232 4.60768 1.79039 1.72842 2.41856 7.80873 1.66979 3.836 4.17743 3.04433 8.60726 2.88884 3.19658 2.10971 4.48038 2.1596 3.28296 6.88348 4.58923 6.48166 2.73891 1.06919 2.11607 2.04324 3.62996 2.33268 1.97024 2.31934 3.37267 3.41291 6.75407 4.68376 5.38167 6.87376 6.98921 7.99005 7.36703 3.48051 0 7.13298 6.83037 6.15131 8.08909 7.31183 3.83004 8.07741 5.09518 7.44732 7.03938 5.00009 6.62348 1.62805 2.34869 8.58126 8.37434 4.09771 7.98578 3.84024 3.05294 3.5078 3.18958 1.64166 2.53066 3.23256 5.98694 2.98302 1.4419 1.84398 1.86326 3.74943 2.00092 2.73669 1.58873 3.83781 2.08232 6.62106 3.49698 2.74603 2.26462 8.27672 1.56472 4.06002 4.50108 1.73428 6.68876 3.53155 2.95908 1.28425 6.95799 1.84458 
12.1784 1.29008 1.70683 5.02306 4.86186 0.944262 1.6431 8.24071 1.98164 6.29799 1.16501 3.1308 0.613543 0.750309 1.4573 5.60784 1.26828 2.87133 3.11947 2.38325 5.43007 1.8286 2.02822 1.14845 3.5927 1.33779 2.45748 7.1937 3.45135 3.99575 2.7317 0.750082 1.57325 1.60999 2.65214 1.66852 0.852025 1.53084 2.09309 2.15218 9.84242 3.35087 3.01081 11.5474 8.85851 6.91837 5.52791 2.93207 7.13298 0 5.44146 4.60434 5.49744 4.79115 2.42031 5.91934 4.28312 6.16025 12.1031 3.7063 10.6813 1.06936 1.63354 6.16811 7.22351 2.87717 5.75763 3.0497 2.48623 2.8577 1.82558 1.04247 2.92506 1.92301 4.29377 2.59638 1.32846 1.73054 1.11881 3.64213 1.43995 2.08829 1.47529 3.1633 1.4901 4.93618 2.55545 2.42711 1.401 8.38384 1.65713 3.05809 2.88521 1.39271 12.3613 3.30002 2.05767 1.3068 12.9055 1.24539 
