0 432 1185 3131 1370 346 2408 1644 1130 4183 1215 1575 1094 1124 1134 980 574 1334 711 894 3710 950 1340 728 2196 2001 2001 3267 1386 230 1219 1160 1438 786 3597 1054 530 1224 218 2670 1496 2226 1612 2816 5511 3136 3115 3495 5893 5928 5040 3688 4686 4582 2192 3480 2285 3972 5489 3312 5995 1851 1748 4844 7066 1736 4025 6737 2292 2832 3072 1212 2871 2995 4056 2052 2421 5693 1582 6556 2896 2280 1674 3235 2396 4035 2448 2397 1854 5304 2008 2220 3000 1408 4994 2520 1788 2916 7271 1380 
432 0 1222 1360 1802 778 1348 1528 1562 1186 1242 1482 1526 1364 1566 40 1006 1098 906 1028 1428 1034 1772 1160 1530 1766 1766 1158 572 662 1244 1592 1870 1218 1086 1486 962 1656 650 1500 704 1174 1238 944 1434 1216 1322 1532 2104 986 1514 1354 1284 788 1308 1824 1346 1312 1362 1536 1224 1666 2112 1518 1714 1300 1582 1598 1960 2142 1454 1346 2048 1562 1486 1406 1748 1158 1500 1612 1582 1572 1808 1394 1630 1716 1996 1636 1988 1690 2142 1244 1632 1542 1042 1692 1326 1594 1456 1796 
1185 1222 0 1047 1124 444 1029 1293 1214 390 474 1533 600 890 1300 1773 1006 1371 1738 543 1239 1740 1106 974 1560 1224 1260 1002 1755 842 1590 744 1204 292 204 1184 776 1470 1008 1584 777 372 858 417 1500 1089 558 1371 1767 1089 1389 642 1329 1386 1410 1347 1740 579 1338 915 1284 1521 1608 1725 1182 1671 1395 1641 1551 2331 1791 978 2520 1638 1677 1311 2070 939 1240 1029 1821 969 1440 1539 1056 1599 2289 1656 1620 1830 1774 1314 1449 1174 1011 1149 1710 1446 1632 1146 
3131 1360 1047 0 1326 870 24 1932 1370 1464 777 2172 802 1306 1502 3679 1432 2680 2330 1182 3232 2166 1532 1288 2088 1863 1563 1680 1182 1044 2229 946 1460 494 1681 1610 1202 1896 1434 2975 2451 1494 1996 1894 2810 1825 2271 3099 2375 2363 3129 1884 2605 2858 2668 2995 4056 1653 2883 2339 3275 1824 1844 3566 2658 3080 2900 3363 1854 2634 2792 1372 2601 3273 3882 1614 2580 2379 1442 2529 3280 1696 1656 3756 1812 3864 2592 1959 2046 3703 1828 2540 3614 1390 2884 1936 2936 2332 3421 1572 
1370 1802 1124 1326 0 1172 1314 1714 1956 864 920 1874 1204 1708 1904 1762 1586 1494 1686 1214 1678 2320 1826 1554 1644 1668 1444 1272 2022 1446 1640 1348 1862 896 988 1880 1356 2050 1588 1440 1098 876 1424 1130 1374 1330 1224 1518 1360 1330 1530 1032 1642 1528 1736 1502 456 990 1496 1214 1652 1606 2170 1768 1392 1694 1522 1656 1638 2158 1798 1774 2144 1620 1890 1478 2122 1230 1844 1290 2066 1250 2058 1822 1308 1450 2130 1708 2440 1694 2238 1672 1818 1792 1526 1370 1720 1568 1706 1530 
346 778 444 870 1172 0 858 750 932 432 488 852 772 778 936 738 562 470 662 250 714 1296 994 530 900 988 1012 528 1058 576 616 814 1092 464 308 856 332 1026 564 870 74 420 460 166 804 586 544 1052 1350 870 1062 600 862 816 828 1070 716 558 1064 782 744 1036 1600 1038 960 670 952 1086 1206 1690 1338 866 1568 1050 1006 1046 1268 798 1384 858 1102 818 1328 914 876 954 1698 1276 1508 1198 1662 764 854 1062 562 938 696 1114 976 1034 
2408 1348 1029 24 1314 858 0 1914 1382 900 759 2154 790 1294 1490 2760 1420 2656 2312 1164 2480 2154 1520 1276 2112 1845 1545 1368 1164 1032 2211 934 1448 482 1100 1598 1190 1884 1422 2404 1864 924 1972 1384 2272 1484 1572 2208 1924 1832 2232 1236 2108 2228 2644 2176 3148 1152 2164 1600 2476 1806 1832 2708 1956 3056 2240 2636 1836 2616 2768 1360 2619 2564 2952 1596 2562 1632 1430 1752 3256 1672 1644 2816 1788 2960 2574 1941 2034 2820 1840 2516 2760 1378 2176 1912 2912 2308 2584 1560 
1644 1528 1293 1932 1714 750 1914 0 1478 1275 1359 2403 1190 1196 1686 2232 1312 1830 2197 1002 1698 2046 1412 1280 1728 2109 2145 1170 2214 1326 2049 1232 1510 882 1089 1490 1082 1776 1314 1773 1236 1257 1317 876 1674 1083 1443 2205 2652 1683 2274 1527 1725 1851 1869 2232 2199 1464 2223 1800 1743 2022 1912 2184 2067 2130 1896 2097 2436 3216 2385 1284 2979 2043 2136 2196 2529 1824 1636 1914 2280 1854 1746 1998 1941 2058 3174 2541 1926 2424 2080 1773 1908 1480 1470 2034 2169 2298 2091 1452 
1130 1562 1214 1370 1956 932 1382 1478 0 1106 1162 1636 1194 1418 1720 1522 812 720 912 1182 1482 2080 1602 1314 1070 1758 1552 698 1990 1360 866 1590 1976 1138 1078 1640 1116 1810 1348 1216 858 1118 1392 1098 1150 756 1314 1428 1618 1040 1772 1242 328 1238 1436 1616 1500 980 1416 1456 1352 1338 1946 1182 1112 1454 1254 1432 1332 2334 1508 1474 1712 1396 1196 1638 1536 1440 1554 984 1626 1024 1472 1522 1002 1844 2050 1638 2216 1642 1806 1372 1722 1206 1302 1064 1480 1258 1120 1924 
4183 1186 390 1464 864 432 900 1275 1106 0 84 1515 340 844 1040 2865 994 1804 1661 525 2849 1704 1094 826 1560 1206 870 1836 1737 582 1572 484 998 32 1624 1172 764 1458 972 2210 4832 36 1120 4274 4541 1864 1260 1635 3284 3080 2664 672 4375 2656 1744 1595 2870 567 4106 1050 6396 1131 1382 3344 4089 2204 2345 4435 1161 1941 1868 910 2151 2080 3078 921 1887 2158 980 3258 2404 772 1194 2451 888 3237 1899 1266 1608 4017 1528 1616 2385 928 6320 1012 2012 1408 7514 1134 
1215 1242 474 777 920 488 759 1359 1162 84 0 1599 396 900 1096 1803 1050 1437 1745 609 1305 1760 1150 882 1254 1290 954 696 1821 638 1656 540 1054 88 270 1228 820 1514 1028 1410 843 102 924 483 1311 762 624 1065 1461 783 1083 336 1251 1080 1392 1041 1806 273 1032 609 1266 1215 1438 1440 876 1737 1089 1386 1245 2025 1485 966 2235 1332 1623 1005 1971 633 1036 723 1887 663 1250 1521 750 1665 1983 1350 1664 1524 1584 1296 1515 984 1077 843 1593 1140 1347 1190 
1575 1482 1533 2172 1874 852 2154 2403 1636 1515 1599 0 1350 1326 1640 2163 1266 1761 2128 1653 2085 2000 1846 1234 2406 2349 2385 1848 2865 1280 1980 1494 1944 1042 1329 1560 1036 1730 1268 2361 1167 1497 1968 1527 2262 1935 1683 2496 2892 1422 2514 1767 2349 1719 2403 2472 2130 1704 1986 2040 2373 2610 2074 2814 2307 2061 2484 2340 2676 3456 2124 1704 3609 2286 2766 2436 3159 2064 1462 2154 2910 2094 2166 2532 2181 2709 2937 2781 2344 2478 2402 2403 2559 1900 2100 2274 2100 2571 2721 1886 
1094 1526 600 802 1204 772 790 1190 1194 340 396 1350 0 932 1128 1486 1334 1242 1434 690 996 2044 1190 914 868 954 920 496 1498 922 1388 824 1338 372 464 1512 1104 1798 1312 804 846 352 900 606 738 554 700 994 1258 554 1006 508 866 752 844 978 1488 214 292 690 760 842 1042 1054 616 1442 758 528 930 1370 1022 882 1464 492 1022 954 1284 706 1068 766 1410 726 1344 930 784 864 926 1184 1312 620 1370 780 1294 1078 942 846 1094 1044 992 944 
1124 1364 890 1306 1708 778 1294 1196 1418 844 900 1326 932 0 1632 1324 1340 1248 1440 696 64 2074 878 1308 1092 1262 1424 720 1504 1354 1394 1260 1538 876 754 1518 1024 930 1342 492 852 856 854 612 426 778 990 790 1390 378 966 1012 1090 576 398 1356 1344 718 754 1156 482 658 1222 776 716 1184 574 708 1392 1594 846 604 1306 672 744 1194 1006 946 892 1112 1204 1084 1066 484 1130 974 1388 1118 1492 1082 1400 502 1220 800 664 1032 1194 852 714 1054 
1134 1566 1300 1502 1904 936 1490 1686 1720 1040 1096 1640 1128 1632 0 1526 1350 1258 1450 1186 1650 2084 1930 1318 1568 1844 1620 1196 1994 1364 1404 1524 2028 1072 1164 1644 1120 1814 1352 1658 862 1052 1396 1102 1592 1254 1400 1694 1958 1254 1706 1208 1566 1452 1660 1678 1504 914 1420 1390 1576 1542 2170 1870 1316 1458 1458 1656 1814 2334 1722 1698 2400 1620 1838 1654 2100 1406 1768 1466 2038 1426 2160 1746 1484 1890 2054 1884 2440 1748 2494 1596 1790 1894 1498 1546 1484 1744 1808 1970 
980 40 1773 3679 1762 738 2760 2232 1522 2865 1803 2163 1486 1324 1526 0 966 2118 1299 1482 3502 994 1732 1120 2980 2589 2589 2795 798 622 1807 1552 1830 1178 2615 1446 922 1616 610 3650 1660 2835 2396 2260 3485 2940 3205 3730 5160 2365 3685 3285 3110 1870 2536 4460 3265 3180 3305 3740 2960 2439 2072 3695 4185 2520 3855 3895 2880 3153 2828 1306 3012 3805 3615 2049 2562 2795 1460 3930 3084 3064 1768 3686 3180 4206 2934 2394 1948 4125 2102 2408 3980 1502 2505 3304 2572 3108 3540 1756 
574 1006 1006 1432 1586 562 1420 1312 812 994 1050 1266 1334 1340 1350 966 0 92 100 812 1276 1524 1556 944 1226 1550 1574 854 1498 804 238 1376 1654 1026 870 1270 746 1440 792 1284 488 982 1022 728 1218 912 1106 1584 1180 1196 1476 1066 484 1378 1312 1632 1130 1120 1572 1344 1306 1450 2014 1338 1268 1084 1366 1500 1488 2104 1664 1428 1868 1464 1352 1512 1692 1264 1710 1140 1664 1180 1628 1398 1158 1516 2206 1742 2070 1760 1962 1326 1416 1362 1124 1220 1110 1414 1276 1596 
1334 1098 1371 2680 1494 470 2656 1830 720 1804 1437 1761 1242 1248 1258 2118 92 0 763 1080 2368 1616 1464 852 2268 2187 2223 1524 2292 896 219 1284 1562 934 1556 1178 654 1348 884 2384 792 1780 1860 1272 2252 1640 2028 2984 2473 2208 2768 2140 784 2572 2440 3080 2076 2056 2960 2504 2428 2037 1922 2492 2352 1984 2548 2816 2094 3018 3144 1336 2664 2744 2520 2274 2400 2536 1618 2096 3144 2176 1536 2612 2132 2848 3171 2553 1978 3336 1870 2468 2648 1270 2064 2256 2036 2644 2368 1504 
711 906 1738 2330 1686 662 2312 2197 912 1661 1745 2128 1434 1440 1450 1299 100 763 0 1447 2143 1424 1656 1044 2112 2554 2531 1554 2097 704 982 1476 1754 1126 1534 1370 846 1540 692 2155 961 1655 1762 1321 2056 1641 1888 2578 2209 2067 2280 1449 1247 2245 2197 2618 1924 1850 2208 2186 2188 2404 2114 2289 2199 1855 2278 2452 2358 3222 2769 1528 3084 2400 2364 2118 2820 1746 1810 1836 2725 1776 1728 2326 1863 2503 3159 2463 2170 2700 2062 2218 2353 1462 1915 1956 1894 2253 2196 1696 
894 1028 543 1182 1214 250 1164 1002 1182 525 609 1653 690 696 1186 1482 812 1080 1447 0 948 1546 744 780 1401 1359 1395 891 1464 826 1299 732 1010 382 339 990 582 1276 814 1293 486 507 567 126 1209 978 693 1455 1902 1224 1524 777 1446 1101 1119 1482 1449 714 1473 1050 993 1557 1602 1434 1317 1380 1431 1632 1686 2466 1926 784 2229 1578 1386 1446 1779 1074 1330 1164 1530 1104 1246 1248 1191 1308 2424 1791 1426 1674 1580 1023 1158 980 720 1284 1419 1548 1341 952 
3710 1428 1239 3232 1678 714 2480 1698 1482 2849 1305 2085 996 64 1650 3502 1276 2368 2143 948 0 2010 814 1244 2312 1797 2091 2789 2160 1290 1995 1196 1474 846 2415 1454 1046 866 1278 1070 2758 2406 1580 1918 1267 2646 3241 1815 4959 2462 3853 3437 4084 2561 668 3230 3200 2974 2828 3276 2109 891 1158 2686 2282 2240 1785 2254 2094 2295 1820 540 1863 1520 2363 1752 1413 3790 956 3814 2280 2040 1002 1437 2132 3291 2163 1581 1428 3976 1336 876 3090 736 2394 1936 2260 1576 2593 990 
950 1034 1740 2166 2320 1296 2154 2046 2080 1704 1760 2000 2044 2074 2084 994 1524 1616 1424 1546 2010 0 2290 1678 2048 2284 2284 1676 1526 1180 1762 2110 2388 1736 1604 2004 1480 2174 1168 2018 1222 1692 1756 1462 1952 1734 1840 2348 2622 1940 2210 1872 1802 1742 2046 2342 1864 1830 1948 2054 2040 2184 2698 2334 2232 1818 2100 2184 2478 2838 2408 2162 2864 2148 2302 2318 2564 2070 2454 2130 2398 2090 2624 2132 2148 2250 2582 2548 2804 2276 2958 2060 2150 2358 1858 2210 1844 2408 2272 2330 
1340 1772 1106 1532 1826 994 1520 1412 1602 1094 1150 1846 1190 878 1930 1732 1556 1464 1656 744 814 2290 0 1524 1276 1288 1642 904 1720 1570 1610 1476 1754 1126 970 1734 1326 1680 1558 518 1068 1082 880 828 452 846 1206 1366 1734 1246 1630 1262 1274 1444 1148 1700 1370 1144 898 1182 1154 684 1248 996 742 1664 600 734 1536 1636 1714 1276 1650 698 1416 1452 1350 1274 1760 1284 1536 1324 1410 1234 1302 1374 1532 1576 1518 1226 1744 1174 1516 1144 1224 1364 1220 1196 1058 1454 
728 1160 974 1288 1554 530 1276 1280 1314 826 882 1234 914 1308 1318 1120 944 852 1044 780 1244 1678 1524 0 1282 1518 1406 910 1588 958 998 1310 1622 858 838 1238 714 1408 946 1252 456 838 990 696 1186 968 1074 1480 1744 1040 1444 994 1244 1238 1280 1464 1098 700 1206 1176 1274 1328 1956 1568 1102 1052 1244 1442 1600 2072 1508 1396 2098 1406 1536 1440 1798 1192 1554 1252 1632 1212 1858 1366 1270 1484 1840 1670 2038 1534 2192 1294 1384 1592 1092 1332 1078 1530 1506 1564 
2196 1530 1560 2088 1644 900 2112 1728 1070 1560 1254 2406 868 1092 1568 2980 1226 2268 2112 1401 2312 2048 1276 1282 0 2376 1839 744 2613 1328 1920 1264 1650 812 1808 1608 1084 1778 1316 1780 1652 1584 2288 1700 1648 860 1584 2868 3396 1428 1948 1896 1484 1824 2800 2580 2936 1308 2180 2260 2632 1584 1620 2736 2112 2844 1944 2212 2331 2403 2364 1438 3033 2140 3156 2091 2583 2292 1228 2412 3412 2332 1782 2912 2448 3276 2586 2436 1890 2836 2116 2672 3076 1516 2332 2572 2896 2968 2860 1718 
2001 1766 1224 1863 1668 988 1845 2109 1758 1206 1290 2349 954 1262 1844 2589 1550 2187 2554 1359 1797 2284 1288 1518 2376 0 2076 1818 2571 1386 2406 1288 1748 836 1020 1728 1320 2014 1552 1155 1593 1188 1674 1233 1254 1845 1374 2157 2583 1557 2205 1458 2145 1854 1821 2163 2556 1395 993 1731 1695 1602 1412 2070 1689 2487 1476 1347 1950 2610 2259 1252 2811 1293 2088 2127 2481 1755 1552 1845 2637 1785 1714 1950 1872 1851 1944 2472 1682 1485 1740 1725 2265 1448 1827 1965 2406 2250 2043 1314 
2001 1766 1260 1563 1444 1012 1545 2145 1552 870 954 2385 920 1424 1620 2589 1574 2223 2531 1395 2091 2284 1642 1406 1839 2076 0 1281 2607 1162 2442 1064 1578 612 1056 1752 1344 2038 1552 1884 1629 888 1710 1269 1785 1194 1410 1851 2247 1569 1869 1122 1836 1866 2178 1827 2592 1059 1818 1395 2052 2001 1962 2226 1662 2523 1875 2172 2031 2811 2271 1490 3021 2118 2409 1791 2757 1419 1560 1509 2673 1449 1774 2307 1536 2451 2769 2136 2188 2310 2108 2082 2301 1508 1863 1629 2379 1926 2133 1714 
3267 1158 1002 1680 1272 528 1368 1170 698 1836 696 1848 496 720 1196 2795 854 1524 1554 891 2789 1676 904 910 744 1818 1281 0 2103 956 1362 892 1278 440 2454 1236 712 1406 944 1295 2043 1260 1608 2295 2295 232 2688 2655 4712 1539 4296 2304 1665 2160 2056 2295 2740 1269 3231 2274 4248 1026 1248 3486 3078 2100 2100 3883 1773 2454 1620 1066 2475 1745 3618 1533 2025 3483 856 4041 2668 1588 1410 2841 1704 3870 2028 1878 1518 4184 1744 1928 2960 1144 3573 1828 2152 2224 4813 1370 
1386 572 1755 1182 2022 1058 1164 2214 1990 1737 1821 2865 1498 1504 1994 798 1498 2292 2097 1464 2160 1526 1720 1588 2613 2571 2607 2103 0 1154 2511 1540 1818 1190 1551 1798 1390 2084 1142 2505 1698 1719 1779 1338 2421 2190 1905 2667 2607 2217 2736 1989 2658 1920 2331 2694 2661 1926 2685 2262 2205 2769 2410 2646 2529 2592 2643 2844 2898 3678 2919 1592 3441 2790 2598 2658 2991 2286 1992 2376 2742 2316 2054 2460 2403 2520 3636 3003 2234 2886 2388 2235 2370 1788 1932 2496 2631 2760 2553 1760 
230 662 842 1044 1446 576 1032 1326 1360 582 638 1280 922 1354 1364 622 804 896 704 826 1290 1180 1570 958 1328 1386 1162 956 1154 0 1042 1066 1580 614 706 1284 760 1454 448 1298 502 594 1036 742 1232 1014 942 1236 1500 1048 1248 750 1082 1246 1326 1220 1144 708 1214 932 1320 1336 1964 1486 1110 1098 1252 1450 1356 1876 1516 1442 2016 1414 1582 1196 1840 948 1562 1008 1678 968 1776 1412 1026 1530 1848 1426 2084 1542 2110 1340 1430 1510 1138 1088 1124 1286 1424 1610 
1219 1244 1590 2229 1640 616 2211 2049 866 1572 1656 1980 1388 1394 1404 1807 238 219 982 1299 1995 1762 1610 998 1920 2406 2442 1362 2511 1042 0 1430 1708 1080 1386 1324 800 1494 1030 2007 813 1554 1614 1173 1908 1449 1740 2457 1413 1875 2295 1824 807 2148 2049 2529 1776 1761 2439 2097 2040 2256 2068 2088 1983 1707 2130 2331 2313 3237 2577 1482 2589 2277 2109 2493 2619 2121 1764 1791 2577 1851 1682 2178 1818 2355 3390 2772 2124 2721 1820 2070 2205 1416 1767 1911 1746 2202 1995 1650 
1160 1592 744 946 1348 814 934 1232 1590 484 540 1494 824 1260 1524 1552 1376 1284 1476 732 1196 2110 1476 1310 1264 1288 1064 892 1540 1066 1430 0 1482 516 608 1554 1146 1840 1378 1368 888 496 942 648 1302 950 844 1138 1402 950 1150 652 1262 1148 1310 1122 1530 610 1116 834 1226 1238 1866 1388 1012 1484 1154 1352 1258 1778 1418 1348 1918 1316 1488 1098 1742 850 1464 910 1584 870 1678 1396 928 1436 1750 1328 1990 1444 2012 1246 1336 1412 1044 990 1490 1188 1326 1516 
1438 1870 1204 1460 1862 1092 1448 1510 1976 998 1054 1944 1338 1538 2028 1830 1654 1562 1754 1010 1474 2388 1754 1622 1650 1748 1578 1278 1818 1580 1708 1482 0 1030 1068 1832 1424 2118 1656 1674 1166 1010 1220 926 1608 1336 1304 1310 1678 1464 1664 1166 1648 1576 1318 360 1808 1124 1630 1348 1234 1704 2310 1064 1526 1762 1668 1796 1766 2292 1932 1356 1594 1830 1496 1520 1418 1364 1854 1418 1508 1384 1354 1404 1436 1714 2264 1520 2268 1824 1688 1254 1604 1088 1322 1338 1598 1140 1002 1794 
786 1218 292 494 896 464 482 882 1138 32 88 1042 372 876 1072 1178 1026 934 1126 382 846 1736 1126 858 812 836 612 440 1190 614 1080 516 1030 0 156 1204 796 1490 1004 916 538 44 592 298 850 498 392 686 950 498 698 200 810 696 904 670 1180 158 664 382 820 786 1414 936 560 1134 702 900 806 1326 966 942 1466 864 1058 646 1290 398 1012 458 1234 418 1226 990 476 1086 1298 876 1640 992 1560 840 986 960 694 538 1038 736 874 1166 
3597 1086 204 1681 988 308 1100 1089 1078 1624 270 1329 464 754 1164 2615 870 1556 1534 339 2415 1604 970 838 1808 1020 1056 2454 1551 706 1386 608 1068 156 0 1048 640 1334 872 2300 2101 336 872 781 4908 2360 826 1945 3718 3845 3160 1168 4125 3152 1608 1905 2560 1439 5121 1422 3960 1317 1472 3549 4339 1956 2779 4824 1347 2127 2116 842 2316 2390 2946 1107 1866 2872 1104 3382 2156 1020 1304 2377 1136 2931 2085 1452 1484 4471 1638 1480 2075 1038 2959 1260 2008 1656 5236 1010 
1054 1486 1184 1610 1880 856 1598 1490 1640 1172 1228 1560 1512 1518 1644 1446 1270 1178 1370 990 1454 2004 1734 1238 1608 1728 1752 1236 1798 1284 1324 1554 1832 1204 1048 0 1040 1734 1272 1578 782 1160 1200 906 1512 1294 1284 1792 2090 1578 1770 1340 1570 1556 1568 1810 1424 1298 1804 1522 1484 1744 2308 1778 1700 1378 1660 1794 1946 2398 2046 1606 2308 1758 1746 1786 2008 1538 2092 1598 1842 1558 2068 1654 1616 1694 2438 2016 2248 1938 2402 1504 1594 1802 1302 1678 1404 1854 1716 1774 
530 962 776 1202 1356 332 1190 1082 1116 764 820 1036 1104 1024 1120 922 746 654 846 582 1046 1480 1326 714 1084 1320 1344 712 1390 760 800 1146 1424 796 640 1040 0 1210 748 1054 258 752 792 498 988 770 876 1384 1682 646 1246 932 1046 844 1082 1402 900 890 1022 1114 1076 1220 1772 1370 1278 854 1136 1258 1538 1874 1114 1198 1900 1222 1338 1378 1600 1130 1160 1190 1434 1150 1660 1168 1208 1286 1656 1608 1840 1350 1994 1096 1186 1394 894 1270 880 1446 1308 1366 
1224 1656 1470 1896 2050 1026 1884 1776 1810 1458 1514 1730 1798 930 1814 1616 1440 1348 1540 1276 866 2174 1680 1408 1778 2014 2038 1406 2084 1454 1494 1840 2118 1490 1334 1734 1210 0 1442 1294 952 1446 1486 1192 1228 1464 1570 1592 2192 1308 1768 1626 1740 1506 1200 2096 1594 1584 1674 1808 1284 1460 2024 1578 1518 1548 1376 1510 2232 2396 1776 1406 2108 1474 1546 2034 1808 1824 1822 1884 2006 1844 1868 1286 1902 1776 2308 1920 2294 2002 2202 1304 1880 1602 1466 1834 1574 1654 1516 1856 
218 650 1008 1434 1588 564 1422 1314 1348 972 1028 1268 1312 1342 1352 610 792 884 692 814 1278 1168 1558 946 1316 1552 1552 944 1142 448 1030 1378 1656 1004 872 1272 748 1442 0 1286 490 960 1024 730 1220 1002 1108 1616 1890 1286 1478 1140 1070 1358 1314 1610 1132 1098 1216 1322 1308 1452 1966 1602 1500 1086 1368 1452 1746 2106 1754 1430 2132 1416 1570 1586 1832 1338 1800 1398 1666 1358 1892 1400 1416 1518 1850 1816 2072 1544 2226 1328 1418 1626 1126 1478 1112 1676 1540 1598 
2670 1500 1584 2975 1440 870 2404 1773 1216 2210 1410 2361 804 492 1658 3650 1284 2384 2155 1293 1070 2018 518 1252 1780 1155 1884 1295 2505 1298 2007 1368 1674 916 2300 1578 1054 1294 1286 0 1990 2240 988 1945 165 1150 2675 2450 3370 2150 3110 2630 2220 2645 1524 3285 2460 1895 1280 1990 1920 447 862 1525 890 2784 535 870 1725 1875 2656 890 1896 780 2575 1599 1446 2220 1374 2245 2300 1876 1024 2145 1832 2470 1719 1785 1132 2100 1358 1576 2920 758 2375 1956 1668 1620 1680 1068 
1496 704 777 2451 1098 74 1864 1236 858 4832 843 1167 846 852 862 1660 488 792 961 486 2758 1222 1068 456 1652 1593 1629 2043 1698 502 813 888 1166 538 2101 782 258 952 490 1990 0 1482 1068 2560 4015 2048 2163 2815 5014 4884 3952 2696 4406 3560 1648 2860 1605 2896 6361 2568 9660 1443 1526 3892 7175 1192 3073 5552 1920 2424 2528 940 2463 2440 3240 1680 2013 4498 1310 5292 2352 1784 1402 2555 1900 3225 2658 2025 1582 5379 1736 1676 2320 1136 5108 2024 1244 2376 11758 1108 
2226 1174 372 1494 876 420 924 1257 1118 36 102 1497 352 856 1052 2835 982 1780 1655 507 2406 1692 1082 838 1584 1188 888 1260 1719 594 1554 496 1010 44 336 1160 752 1446 960 2240 1482 0 1096 762 2490 1434 1044 1665 2790 1434 2034 540 2370 2028 1768 1625 2840 414 2037 1086 2400 1149 1394 2868 1620 2180 2046 2659 1179 1959 1892 922 2169 2110 3114 939 1905 1134 992 1314 2380 796 1206 2481 912 3213 1917 1284 1596 2975 1540 1640 2355 940 1950 1036 2036 1432 2682 1122 
1612 1238 858 1996 1424 460 1972 1317 1392 1120 924 1968 900 854 1396 2396 1022 1860 1762 567 1580 1756 880 990 2288 1674 1710 1608 1779 1036 1614 942 1220 592 872 1200 792 1486 1024 988 1068 1096 0 588 856 1644 1344 2360 2956 2052 2452 1456 2348 1692 1912 2396 2352 1372 1748 1820 1744 990 1224 1944 1436 2260 1152 1420 1572 2232 2988 864 2395 1348 2268 1761 1989 1852 1540 1972 2460 1892 1386 2084 2008 988 2103 2106 1494 1476 1488 1784 1964 1120 1380 2132 2312 2344 2068 574 
2816 944 417 1894 1130 166 1384 876 1098 4274 483 1527 606 612 1102 2260 728 1272 1321 126 1918 1462 828 696 1700 1233 1269 2295 1338 742 1173 648 926 298 781 906 498 1192 730 1945 2560 762 588 0 4215 2272 1323 2215 4215 4624 3728 1736 4846 2600 1324 2260 2205 1936 5383 1848 6651 1431 1518 3052 6212 1672 3045 5164 1560 2340 2400 700 2103 2420 2520 1320 1653 3298 1246 4092 1872 1304 1162 2164 1420 2505 2298 1665 1342 4419 1496 1196 1720 896 3168 1544 1724 1896 8952 868 
5511 1434 1500 2810 1374 804 2272 1674 1150 4541 1311 2262 738 426 1592 3485 1218 2252 2056 1209 1267 1952 452 1186 1648 1254 1785 2295 2421 1232 1908 1302 1608 850 4908 1512 988 1228 1220 165 4015 2490 856 4215 0 1576 3514 2285 4487 4382 4751 3944 4899 3968 1392 3120 2295 3114 3539 2190 4124 348 796 1904 2441 2652 518 3087 1626 1776 2524 824 1797 615 2931 1500 1347 4511 1308 4255 2168 1744 958 1980 1700 2786 1620 1686 1066 3096 1292 1444 2755 692 5125 1824 1536 1488 3661 1002 
3136 1216 1089 1825 1330 586 1484 1083 756 1864 762 1935 554 778 1254 2940 912 1640 1641 978 2646 1734 846 968 860 1845 1194 232 2190 1014 1449 950 1336 498 2360 1294 770 1464 1002 1150 2048 1434 1644 2272 1576 0 2891 2800 4807 1600 4528 2536 1712 2392 2120 2440 2885 1360 3104 2340 3904 939 1190 3283 2736 2216 1897 3052 1860 2367 1736 1098 2388 1600 3714 1620 1938 3328 914 3760 2668 1704 1352 2905 1820 3964 2115 1965 1460 4416 1686 1992 3105 1086 3176 1944 2268 2276 4000 1396 
3115 1322 558 2271 1224 544 1572 1443 1314 1260 624 1683 700 990 1400 3205 1106 2028 1888 693 3241 1840 1206 1074 1584 1374 1410 2688 1905 942 1740 844 1304 392 826 1284 876 1570 1108 2675 2163 1044 1344 1323 3514 2891 0 2535 4438 2891 3591 1848 3451 3584 2080 2495 3150 1701 3353 2130 3346 1671 1236 3771 3108 2428 3605 2527 1467 2436 2588 1078 2217 1895 3654 1461 1953 2541 1340 2361 2628 1340 1238 2967 1296 3639 2388 1806 1578 4501 1572 1952 2665 972 2709 1100 2480 1496 3554 1246 
3495 1532 1371 3099 1518 1052 2208 2205 1428 1635 1065 2496 994 790 1694 3730 1584 2984 2578 1455 1815 2348 1366 1480 2868 2157 1851 2655 2667 1236 2457 1138 1310 686 1945 1792 1384 1592 1616 2450 2815 1665 2360 2215 2285 2800 2535 0 2460 2355 2580 2055 2750 1860 784 2375 4420 1950 1940 2510 770 1167 1526 925 2510 2020 2155 2530 1608 2382 2580 430 1350 2440 1425 1239 1086 2550 1160 1917 1628 1528 660 1502 1484 2406 2115 1239 1436 2670 994 656 2275 394 1225 1288 1808 892 770 880 
5893 2104 1767 2375 1360 1350 1924 2652 1618 3284 1461 2892 1258 1390 1958 5160 1180 2473 2209 1902 4959 2622 1734 1744 3396 2583 2247 4712 2607 1500 1413 1402 1678 950 3718 2090 1682 2192 1890 3370 5014 2790 2956 4215 4487 4807 4438 2460 0 4915 5062 3219 4515 4704 1984 3295 2260 3725 4816 1704 3178 1851 1984 2583 3612 3220 4109 5145 1473 3063 3316 1030 1176 3765 3510 1791 1638 3912 1528 2219 2364 1348 1028 2888 1304 4404 2934 1791 2036 4934 878 1856 3195 762 3815 1428 2544 1628 2366 1480 
5928 986 1089 2363 1330 870 1832 1683 1040 3080 783 1422 554 378 1254 2365 1196 2208 2067 1224 2462 1940 1246 1040 1428 1557 1569 1539 2217 1048 1875 950 1464 498 3845 1578 646 1308 1286 2150 4884 1434 2052 4624 4382 1600 2891 2355 4915 0 3696 2536 4230 792 1436 2760 3595 1530 2068 2448 4014 1452 1126 3248 4765 2044 3094 3804 1521 2181 936 756 2187 1440 2688 1224 1737 2972 514 5180 1984 1704 1218 2250 1820 2844 1515 1569 1396 2816 1454 1308 2105 952 3286 1944 2228 2008 5406 1028 
5040 1514 1389 3129 1530 1062 2232 2274 1772 2664 1083 2514 1006 966 1706 3685 1476 2768 2280 1524 3853 2210 1630 1444 1948 2205 1869 4296 2736 1248 2295 1150 1664 698 3160 1770 1246 1768 1478 3110 3952 2034 2452 3728 4751 4528 3591 2580 5062 3696 0 2216 5776 2904 1136 3260 4075 3168 4504 3048 3584 1683 1410 3482 4266 2708 4161 3584 1740 942 2784 774 2214 2330 3230 906 1764 1424 1438 3250 2664 1544 1236 1205 1660 4113 2631 1251 1752 5527 1570 1344 3782 970 3584 1784 2960 2044 4012 1224 
3688 1354 642 1884 1032 600 1236 1527 1242 672 336 1767 508 1012 1208 3285 1066 2140 1449 777 3437 1872 1262 994 1896 1458 1122 2304 1989 750 1824 652 1166 200 1168 1340 932 1626 1140 2630 2696 540 1456 1736 3944 2536 1848 2055 3219 2536 2216 0 3688 2272 1500 2015 3290 1176 3461 1554 2664 1383 1252 2825 2784 2540 2933 2952 909 1773 2204 788 1899 1935 2574 669 1635 792 1148 1932 2348 436 1026 2190 552 3477 2151 1014 1594 4194 1360 1372 2805 760 3288 676 2348 1072 3144 1238 
4686 1284 1329 2605 1642 862 2108 1725 328 4375 1251 2349 866 1090 1566 3110 484 784 1247 1446 4084 1802 1274 1244 1484 2145 1836 1665 2658 1082 807 1262 1648 810 4125 1570 1046 1740 1070 2220 4406 2370 2348 4846 4899 1712 3451 2750 4515 4230 5776 3688 0 3640 2216 3220 3575 2934 6186 3384 5632 1515 1618 2989 4312 2768 3241 6156 1506 3009 2360 1146 2076 2670 2604 1965 1812 5692 1226 3280 2596 1392 1144 3051 1348 4611 2583 1965 1888 5511 1478 2088 3485 878 5357 1472 2524 1860 4356 1596 
4582 788 1386 2858 1528 816 2228 1851 1238 2656 1080 1719 752 576 1452 1870 1378 2572 2245 1101 2561 1742 1444 1238 1824 1854 1866 2160 1920 1246 2148 1148 1576 696 3152 1556 844 1506 1358 2645 3560 2028 1692 2600 3968 2392 3584 1860 4704 792 2904 2272 3640 0 1040 3255 3830 2152 2296 2736 1744 1359 1324 2555 3760 1648 3557 3290 1761 2031 1332 558 1890 1935 2094 927 1440 1480 712 3532 1588 1572 1020 1816 1688 3111 1812 1272 1200 3608 1354 912 2600 754 1016 1812 1832 1612 2672 1008 
2192 1308 1410 2668 1736 828 2644 1869 1436 1744 1392 2403 844 398 1660 2536 1312 2440 2197 1119 668 2046 1148 1280 2800 1821 2178 2056 2331 1326 2049 1310 1318 904 1608 1568 1082 1200 1314 1524 1648 1768 1912 1324 1392 2120 2080 784 1984 1436 1136 1500 2216 1040 0 1916 2932 1492 1104 1848 168 831 1302 756 1256 1572 1276 1576 1593 1794 2140 206 1362 1504 692 1251 912 1780 1168 1428 1612 1372 668 172 1464 1355 1779 1080 1212 1670 1002 208 1836 402 532 1268 1824 908 632 656 
3480 1824 1347 2995 1502 1070 2176 2232 1616 1595 1041 2472 978 1356 1678 4460 1632 3080 2618 1482 3230 2342 1700 1464 2580 2163 1827 2295 2694 1220 2529 1122 360 670 1905 1810 1402 2096 1610 3285 2860 1625 2396 2260 3120 2440 2495 2375 3295 2760 3260 2015 3220 3255 1916 0 4465 1910 3175 2470 2185 2016 1950 1760 2915 3152 3270 3590 2109 2898 3144 996 1851 3675 2840 1740 1587 2510 1494 2648 2296 2048 994 2803 2152 3741 2856 1740 2002 3660 1328 1788 3110 728 2640 1956 2476 1560 1605 1446 
2285 1346 1740 4056 456 716 3148 2199 1500 2870 1806 2130 1488 1344 1504 3265 1130 2076 1924 1449 3200 1864 1370 1098 2936 2556 2592 2740 2661 1144 1776 1530 1808 1180 2560 1424 900 1594 1132 2460 1605 2840 2352 2205 2295 2885 3150 4420 2260 3595 4075 3290 3575 3830 2932 4465 0 3185 3410 3680 3650 1725 1714 3655 3020 2476 2665 3000 2322 2982 3812 1364 2532 2910 4305 2643 2724 3785 1952 3845 3636 3068 1876 3979 3112 2485 2853 2988 1984 3095 1782 2939 3925 1610 3195 3236 2528 3324 3810 1074 
3972 1312 579 1653 990 558 1152 1464 980 567 273 1704 214 718 914 3180 1120 2056 1850 714 2974 1830 1144 700 1308 1395 1059 1269 1926 708 1761 610 1124 158 1439 1298 890 1584 1098 1895 2896 414 1372 1936 3114 1360 1701 1950 3725 1530 3168 1176 2934 2152 1492 1910 3185 0 2697 1428 2979 942 1256 3346 1809 2456 1904 3839 1350 2130 1616 784 2229 1765 2772 1110 1779 2214 854 3072 2392 1024 1246 2136 1140 3272 1710 1455 1526 3513 1580 1364 2700 980 3548 1264 1760 1660 4023 1158 
5489 1362 1338 2883 1496 1064 2164 2223 1416 4106 1032 1986 292 754 1420 3305 1572 2960 2208 1473 2828 1948 898 1206 2180 993 1818 3231 2685 1214 2439 1116 1630 664 5121 1804 1022 1674 1216 1280 6361 2037 1748 5383 3539 3104 3353 1940 4816 2068 4504 3461 6186 2296 1104 3175 3410 2697 0 2892 2574 1017 750 2667 4306 2340 2079 2638 957 1617 1688 590 1818 500 2190 1536 1488 4087 890 5222 2380 2036 1052 1902 1990 1716 951 1656 1020 1312 1078 976 2770 786 3575 2036 2428 1676 3850 652 
3312 1536 915 2339 1214 782 1600 1800 1456 1050 609 2040 690 1156 1390 3740 1344 2504 2186 1050 3276 2054 1182 1176 2260 1731 1395 2274 2262 932 2097 834 1348 382 1422 1522 1114 1808 1322 1990 2568 1086 1820 1848 2190 2340 2130 2510 1704 2448 3048 1554 3384 2736 1848 2470 3680 1428 2892 0 2520 999 1526 3402 1320 2904 1746 3036 1686 2466 2568 962 2028 2440 3306 1446 2046 2148 1330 2328 2396 1472 1424 2455 1588 4092 2397 1791 1604 3876 1446 1720 3130 1158 1974 1712 1836 2108 3216 1412 
5995 1224 1284 3275 1652 744 2476 1743 1352 6396 1266 2373 760 482 1576 2960 1306 2428 2188 993 2109 2040 1154 1274 2632 1695 2052 4248 2205 1320 2040 1226 1234 820 3960 1484 1076 1284 1308 1920 9660 2400 1744 6651 4124 3904 3346 770 3178 4014 3584 2664 5632 1744 168 2185 3650 2979 2574 2520 0 705 1218 1029 5009 1404 2133 3574 1467 1920 1972 122 1236 1670 786 1125 786 4059 1084 3168 1444 1204 584 732 1296 2085 1653 954 1128 3094 918 40 2085 318 1456 1100 1656 740 2552 572 
1851 1666 1521 1824 1606 1036 1806 2022 1338 1131 1215 2610 842 658 1542 2439 1450 2037 2404 1557 891 2184 684 1328 1584 1602 2001 1026 2769 1336 2256 1238 1704 786 1317 1744 1220 1460 1452 447 1443 1149 990 1431 348 939 1671 1167 1851 1452 1683 1383 1515 1359 831 2016 1725 942 1017 999 705 0 1028 1146 339 1758 126 771 1674 2124 2154 592 1941 717 1098 1830 1491 1581 1482 1152 1530 1212 1054 960 1179 1347 1968 1659 1298 1509 1388 735 1557 788 978 1272 1056 1260 1053 978 
1748 2112 1608 1844 2170 1600 1832 1912 1946 1382 1438 2074 1042 1222 2170 2072 2014 1922 2114 1602 1158 2698 1248 1956 1620 1412 1962 1248 2410 1964 2068 1866 2310 1414 1472 2308 1772 2024 1966 862 1526 1394 1224 1518 796 1190 1236 1526 1984 1126 1410 1252 1618 1324 1302 1950 1714 1256 750 1526 1218 1028 0 1340 1086 1920 944 514 1336 1416 1594 1340 1870 550 1480 1302 1694 1054 1640 1386 1814 1426 1660 1388 1368 1270 362 1532 1370 1026 1776 1238 1386 1394 1400 1368 1564 1170 1308 1350 
4844 1518 1725 3566 1768 1038 2708 2184 1182 3344 1440 2814 1054 776 1870 3695 1338 2492 2289 1434 2686 2334 996 1568 2736 2070 2226 3486 2646 1486 2088 1388 1064 936 3549 1778 1370 1578 1602 1525 3892 2868 1944 3052 1904 3283 3771 925 2583 3248 3482 2825 2989 2555 756 1760 3655 3346 2667 3402 1029 1146 1340 0 2443 1992 2422 2891 1239 2361 2088 416 981 1975 1668 684 531 2694 914 2342 1136 1036 414 1353 992 2871 2094 870 1422 3094 748 628 1660 148 1666 796 1316 400 217 866 
7066 1714 1182 2658 1392 960 1956 2067 1112 4089 876 2307 616 716 1316 4185 1268 2352 2199 1317 2282 2232 742 1102 2112 1689 1662 3078 2529 1110 1983 1012 1526 560 4339 1700 1278 1518 1500 890 7175 1620 1436 6212 2441 2736 3108 2510 3612 4765 4266 2784 4312 3760 1256 2915 3020 1809 4306 1320 5009 339 1086 2443 0 2796 497 4123 1335 2211 2420 818 2028 1340 2634 1713 1578 4515 1256 2710 1588 1164 1112 1355 1120 2868 2055 1917 1356 4256 1446 1432 2030 846 6283 1244 956 1640 5592 1036 
1736 1300 1671 3080 1694 670 3056 2130 1454 2204 1737 2061 1442 1184 1458 2520 1084 1984 1855 1380 2240 1818 1664 1052 2844 2487 2523 2100 2592 1098 1707 1484 1762 1134 1956 1378 854 1548 1086 2784 1192 2180 2260 1672 2652 2216 2428 2020 3220 2044 2708 2540 2768 1648 1572 3152 2476 2456 2340 2904 1404 1758 1920 1992 2796 0 2512 2812 2409 2973 2980 824 2289 2740 1316 2163 1839 2388 1536 2516 2848 2596 1286 1744 2552 2591 2706 2007 1830 2906 1620 1444 3048 1020 1768 2504 2436 2144 1868 1274 
4025 1582 1395 2900 1522 952 2240 1896 1254 2345 1089 2484 758 574 1458 3855 1366 2548 2278 1431 1785 2100 600 1244 1944 1476 1875 2100 2643 1252 2130 1154 1668 702 2779 1660 1136 1376 1368 535 3073 2046 1152 3045 518 1897 3605 2155 4109 3094 4161 2933 3241 3557 1276 3270 2665 1904 2079 1746 2133 126 944 2422 497 2512 0 1505 1548 1998 2704 676 2019 985 2545 1722 1569 3395 1398 2394 1872 1448 1106 1710 1404 2442 1842 1785 1214 3227 1440 1148 2385 840 2770 1528 1240 1784 2639 894 
6737 1598 1641 3363 1656 1086 2636 2097 1432 4435 1386 2340 528 708 1656 3895 1500 2816 2452 1632 2254 2184 734 1442 2212 1347 2172 3883 2844 1450 2331 1352 1796 900 4824 1794 1258 1510 1452 870 5552 2659 1420 5164 3087 3052 2527 2530 5145 3804 3584 2952 6156 3290 1576 3590 3000 3839 2638 3036 3574 771 514 2891 4123 2812 1505 0 1311 1353 2160 826 2079 90 2898 1182 1770 2700 1126 4453 2600 1824 1146 2305 1708 2424 1305 1527 856 2712 1314 1448 2180 880 4484 1708 2100 1312 4111 888 
2292 1960 1551 1854 1638 1206 1836 2436 1332 1161 1245 2676 930 1392 1814 2880 1488 2094 2358 1686 2094 2478 1536 1600 2331 1950 2031 1773 2898 1356 2313 1258 1766 806 1347 1946 1538 2232 1746 1725 1920 1179 1572 1560 1626 1860 1467 1608 1473 1521 1740 909 1506 1761 1593 2109 2322 1350 957 1686 1467 1674 1336 1239 1335 2409 1548 1311 0 1590 2223 924 1832 1257 1422 1578 1770 1206 1528 522 1905 582 1116 1722 495 831 1461 1923 1658 465 1060 1497 2049 850 1722 642 2040 939 1146 634 
2832 2142 2331 2634 2158 1690 2616 3216 2334 1941 2025 3456 1370 1594 2334 3153 2104 3018 3222 2466 2295 2838 1636 2072 2403 2610 2811 2454 3678 1876 3237 1778 2292 1326 2127 2398 1874 2396 2106 1875 2424 1959 2232 2340 1776 2367 2436 2382 3063 2181 942 1773 3009 2031 1794 2898 2982 2130 1617 2466 1920 2124 1416 2361 2211 2973 1998 1353 1590 0 2883 1364 2646 1407 2313 1848 2706 1476 1968 2112 2940 2100 1864 1665 2085 1491 2121 2193 1758 1125 1500 1950 2661 1598 2193 2232 2928 2337 2268 1074 
3072 1454 1791 2792 1798 1338 2768 2385 1508 1868 1485 2124 1022 846 1722 2828 1664 3144 2769 1926 1820 2408 1714 1508 2364 2259 2271 1620 2919 1516 2577 1418 1932 966 2116 2046 1114 1776 1754 2656 2528 1892 2988 2400 2524 1736 2588 2580 3316 936 2784 2204 2360 1332 2140 3144 3812 1616 1688 2568 1972 2154 1594 2088 2420 2980 2704 2160 2223 2883 0 1108 2361 2088 2496 1926 2097 2072 982 2720 2868 2640 1334 2312 2756 2832 2217 2250 1840 2344 1668 2012 2620 1068 1788 2636 3112 2240 1964 1496 
1212 1346 978 1372 1774 866 1360 1284 1474 910 966 1704 882 604 1698 1306 1428 1336 1528 784 540 2162 1276 1396 1438 1252 1490 1066 1592 1442 1482 1348 1356 942 842 1606 1198 1406 1430 890 940 922 864 700 824 1098 1078 430 1030 756 774 788 1146 558 206 996 1364 784 590 962 122 592 1340 416 818 824 676 826 924 1364 1108 0 946 790 384 872 646 928 1206 752 844 724 706 292 770 370 1224 758 1250 614 1040 102 956 440 304 672 950 492 354 450 
2871 2048 2520 2601 2144 1568 2619 2979 1712 2151 2235 3609 1464 1306 2400 3012 1868 2664 3084 2229 1863 2864 1650 2098 3033 2811 3021 2475 3441 2016 2589 1918 1594 1466 2316 2308 1900 2108 2132 1896 2463 2169 2395 2103 1797 2388 2217 1350 1176 2187 2214 1899 2076 1890 1362 1851 2532 2229 1818 2028 1236 1941 1870 981 2028 2289 2019 2079 1832 2646 2361 946 0 2083 1629 1665 1512 2037 1444 1512 1647 1572 944 1491 1539 1746 2471 1665 1952 1551 94 1266 1791 678 1509 1392 1782 1095 888 1168 
2995 1562 1638 3273 1620 1050 2564 2043 1396 2080 1332 2286 492 672 1620 3805 1464 2744 2400 1578 1520 2148 698 1406 2140 1293 2118 1745 2790 1414 2277 1316 1830 864 2390 1758 1222 1474 1416 780 2440 2110 1348 2420 615 1600 1895 2440 3765 1440 2330 1935 2670 1935 1504 3675 2910 1765 500 2440 1670 717 550 1975 1340 2740 985 90 1257 1407 2088 790 2083 0 2325 1236 1716 1440 1090 2270 2660 1896 1182 2215 1780 1930 1251 1581 820 1320 1278 1376 2270 916 2125 1780 2028 1384 2075 852 
4056 1486 1677 3882 1890 1006 2952 2136 1196 3078 1623 2766 1022 744 1838 3615 1352 2520 2364 1386 2363 2302 1416 1536 3156 2088 2409 3618 2598 1582 2109 1488 1496 1058 2946 1746 1338 1546 1570 2575 3240 3114 2268 2520 2931 3714 3654 1425 3510 2688 3230 2574 2604 2094 692 2840 4305 2772 2190 3306 786 1098 1480 1668 2634 1316 2545 2898 1422 2313 2496 384 1629 2325 0 1518 1179 3168 1346 1800 1968 1280 846 1387 1236 2871 2046 1347 1390 3084 1180 564 2740 580 1332 1360 2180 1264 1482 834 
2052 1406 1311 1614 1478 1046 1596 2196 1638 921 1005 2436 954 1194 1654 2049 1512 2274 2118 1446 1752 2318 1452 1440 2091 2127 1791 1533 2658 1196 2493 1098 1520 646 1107 1786 1378 2034 1586 1599 1680 939 1761 1320 1500 1620 1461 1239 1791 1224 906 669 1965 927 1251 1740 2643 1110 1536 1446 1125 1830 1302 684 1713 2163 1722 1182 1578 1848 1926 872 1665 1236 1518 0 1215 372 1330 1056 1536 996 870 1380 1083 1863 2487 345 1644 2010 1204 1155 1680 604 1308 1176 1671 984 777 1322 
2421 1748 2070 2580 2122 1268 2562 2529 1536 1887 1971 3159 1284 1006 2100 2562 1692 2400 2820 1779 1413 2564 1350 1798 2583 2481 2757 2025 2991 1840 2619 1742 1418 1290 1866 2008 1600 1808 1832 1446 2013 1905 1989 1653 1347 1938 1953 1086 1638 1737 1764 1635 1812 1440 912 1587 2724 1779 1488 2046 786 1491 1694 531 1578 1839 1569 1770 1770 2706 2097 646 1512 1716 1179 1215 0 1587 1268 1248 1383 1308 768 1041 1275 1524 2439 1401 1652 1857 1102 816 1527 502 1059 1128 1518 831 624 1096 
5693 1158 939 2379 1230 798 1632 1824 1440 2158 633 2064 706 946 1406 2795 1264 2536 1746 1074 3790 2070 1274 1192 2292 1755 1419 3483 2286 948 2121 850 1364 398 2872 1538 1130 1824 1338 2220 4498 1134 1852 3298 4511 3328 2541 2550 3912 2972 1424 792 5692 1480 1780 2510 3785 2214 4087 2148 4059 1581 1054 2694 4515 2388 3395 2700 1206 1476 2072 928 2037 1440 3168 372 1587 0 1082 3708 1952 832 1118 2095 948 3969 2115 717 1396 4421 1452 1652 3300 852 3322 1072 2572 1468 4157 1378 
1582 1500 1240 1442 1844 1384 1430 1636 1554 980 1036 1462 1068 892 1768 1460 1710 1618 1810 1330 956 2454 1760 1554 1228 1552 1560 856 1992 1562 1764 1464 1854 1012 1104 2092 1160 1822 1800 1374 1310 992 1540 1246 1308 914 1340 1160 1528 514 1438 1148 1226 712 1168 1494 1952 854 890 1330 1084 1482 1640 914 1256 1536 1398 1126 1528 1968 982 1206 1444 1090 1346 1330 1268 1082 0 1268 1358 1308 1204 1254 1286 1462 1524 1370 1910 1218 1538 1104 1356 938 966 1188 1448 990 852 1542 
6556 1612 1029 2529 1290 858 1752 1914 984 3258 723 2154 766 1112 1466 3930 1140 2096 1836 1164 3814 2130 1284 1252 2412 1845 1509 4041 2376 1008 1791 910 1418 458 3382 1598 1190 1884 1398 2245 5292 1314 1972 4092 4255 3760 2361 1917 2219 5180 3250 1932 3280 3532 1428 2648 3845 3072 5222 2328 3168 1152 1386 2342 2710 2516 2394 4453 522 2112 2720 752 1512 2270 1800 1056 1248 3708 1268 0 1844 80 768 2142 36 3036 1983 1401 1728 4146 1102 1300 2713 502 4000 160 2024 556 3436 982 
2896 1582 1821 3280 2066 1102 3256 2280 1626 2404 1887 2910 1410 1204 2038 3084 1664 3144 2725 1530 2280 2398 1536 1632 3412 2637 2673 2668 2742 1678 2577 1584 1508 1234 2156 1842 1434 2006 1666 2300 2352 2380 2460 1872 2168 2668 2628 1628 2364 1984 2664 2348 2596 1588 1612 2296 3636 2392 2380 2396 1444 1530 1814 1136 1588 2848 1872 2600 1905 2940 2868 844 1647 2660 1968 1536 1383 1952 1358 1844 0 1924 858 1784 1880 2607 2736 1536 1486 2656 1192 1484 2216 592 1080 1684 2204 1288 1012 1294 
2280 1572 969 1696 1250 818 1672 1854 1024 772 663 2094 726 1084 1426 3064 1180 2176 1776 1104 2040 2090 1324 1212 2332 1785 1449 1588 2316 968 1851 870 1384 418 1020 1558 1150 1844 1358 1876 1784 796 1892 1304 1744 1704 1340 1528 1348 1704 1544 436 1392 1572 1372 2048 3068 1024 2036 1472 1204 1212 1426 1036 1164 2596 1448 1824 582 2100 2640 724 1572 1896 1280 996 1308 832 1308 80 1924 0 808 1544 116 1960 2043 1341 1730 1686 1142 1244 2116 542 1568 240 2104 636 912 1022 
1674 1808 1440 1656 2058 1328 1644 1746 1472 1194 1250 2166 1344 1066 2160 1768 1628 1536 1728 1246 1002 2624 1410 1858 1782 1714 1774 1410 2054 1776 1682 1678 1354 1226 1304 2068 1660 1868 1892 1024 1402 1206 1386 1162 958 1352 1238 660 1028 1218 1236 1026 1144 1020 668 994 1876 1246 1052 1424 584 1054 1660 414 1112 1286 1106 1146 1116 1864 1334 706 944 1182 846 870 768 1118 1204 768 858 808 0 754 786 1076 1686 870 1712 1174 1038 604 954 438 766 688 948 490 352 1156 
