0 0.631442 1.65325 4.69913 1.49694 0.756197 2.89449 2.46884 1.15618 8.79725 2.32117 2.51236 1.19534 1.36394 1.46586 3.65968 0.670258 2.31222 1.61547 2.70439 6.56268 1.16996 1.62212 1.15701 3.6502 2.52019 2.3387 7.84653 2.15822 0.784283 2.26206 1.20141 1.59835 1.54617 9.73213 1.48045 1.20075 1.82041 0.674515 4.41519 7.8881 4.25082 3.39158 8.23576 10.1064 7.67154 6.32906 4.42555 7.47226 9.68276 8.38414 6.85992 9.84412 7.44197 3.25328 5.04525 5.39159 8.6837 10.6265 5.4053 9.76623 2.8531 1.89961 7.18528 10.5954 3.69485 7.18645 12.086 2.69663 3.16048 4.28956 1.58156 3.27657 4.65309 5.73144 2.74761 2.87349 11.2316 1.95775 11.1289 3.92131 3.36932 1.96432 4.83147 3.88537 6.46291 3.09226 2.74767 1.94008 9.38954 2.04682 4.0117 4.92125 1.86165 10.0229 3.29754 3.48093 3.30671 10.5933 1.78447 
0.631442 0 1.4665 1.79699 2.12838 1.38764 1.69264 2.02077 1.78762 1.41572 1.68651 1.90927 1.79307 1.66182 2.0973 0.631442 1.3017 1.3017 1.3017 1.86876 1.66182 1.40799 2.20598 1.78845 1.94866 2.09817 2.09196 1.44406 1.40475 1.41572 1.58417 1.83285 2.2298 2.17761 1.38764 2.11189 1.49863 2.17744 1.30596 1.98656 1.3017 1.38764 1.63674 1.38764 1.80923 1.68651 1.74256 1.88829 2.32082 1.44406 1.80504 1.55611 1.58878 1.39201 1.62022 2.15227 2.12838 1.5197 1.59743 1.81985 1.62022 1.88249 2.4723 1.9507 1.92171 1.65707 1.88249 1.88392 2.1842 2.5285 2.04566 1.92783 2.52873 1.82311 1.92482 2.04183 2.20744 1.55611 2.25562 1.9296 2.12464 1.90128 2.35427 1.98715 2.12866 1.92783 2.41207 2.09938 2.42199 2.0363 2.52873 1.90746 1.93208 2.20584 1.39201 1.93622 1.71669 1.94584 1.89118 2.13075 
1.65325 1.4665 0 2.43708 1.68943 0.83506 2.31107 2.50521 1.61186 1.89903 2.47117 2.78081 1.38783 1.32287 1.65835 2.62761 1.23223 2.19413 2.25357 2.86702 2.36635 2.00502 1.605 1.3495 2.45896 2.91517 2.88421 1.85637 2.54258 0.976775 2.90017 1.16034 1.55728 1.73866 1.46785 1.55931 1.39325 1.89927 1.23648 2.37872 1.42167 1.69572 2.65135 1.29689 2.3064 2.26882 2.27951 2.51392 3.11595 2.22571 2.56101 2.1735 2.21114 2.26176 2.36311 2.81939 2.97276 2.19624 2.37326 2.51994 2.30786 3.09079 2.17105 2.77987 2.4916 2.85301 2.51201 2.65553 3.09407 3.64319 3.231 1.53366 3.67401 2.55194 2.73312 3.03106 3.15694 2.35813 1.91668 2.50746 3.12526 2.58584 1.92325 2.81576 3.02864 2.75928 3.55503 3.03111 2.09464 2.7533 2.20138 2.88665 2.99625 1.82057 2.37369 2.56014 2.51326 2.64344 2.60763 1.73658 
4.69913 1.79699 2.43708 0 1.77889 1.0378 2.95686 2.27676 1.58835 3.31701 2.12943 2.70324 1.24612 1.35696 1.74781 6.34778 1.61399 3.43944 2.59485 2.03183 4.43675 2.33551 1.55905 1.43896 3.58783 2.76205 2.37904 3.55807 2.4917 1.33933 2.61964 1.28525 1.68219 1.46779 3.7161 1.76206 1.43444 2.10201 1.71125 4.94757 3.61328 4.34209 3.69957 3.16607 4.10963 4.18842 4.50464 4.5032 4.84199 4.24876 4.88896 4.24392 4.47024 4.3063 3.5628 4.91422 5.18028 4.17346 4.5989 4.07341 4.16466 2.83906 2.01182 4.92802 4.45071 4.15691 4.82123 4.81452 2.8979 3.41649 4.29813 1.7557 3.10287 5.29679 5.0434 2.79275 2.93971 4.43936 1.84659 4.19514 4.00304 3.38507 2.04816 5.13291 4.21685 5.24205 3.34827 2.82206 2.12378 5.05523 2.00521 4.30608 5.23227 1.77842 4.31559 3.50129 3.73869 3.46799 4.36166 1.95861 
1.49694 2.12838 1.68943 1.77889 0 1.23799 1.67561 1.94736 1.96625 1.23799 1.52414 1.87954 1.6628 1.75776 1.93492 2.02383 1.84657 1.76813 1.84657 1.85066 1.71132 2.6669 1.89733 1.62607 1.9203 1.94292 1.92959 1.4157 2.16404 1.52644 1.91835 1.67048 2.06742 1.99987 1.23799 1.96225 1.66982 2.3022 1.89836 1.61334 1.23799 1.23799 1.61747 1.23799 1.53205 1.52414 1.59291 1.87545 1.57462 1.61526 1.81115 1.50324 1.76813 1.76206 1.83331 1.9899 1.23799 1.4157 1.6628 1.57462 1.78736 1.8683 2.33703 1.8485 1.53205 2.02712 1.53205 1.71671 1.82656 2.30564 2.21686 1.80165 2.22616 1.6628 2.03979 1.93005 2.22753 1.67272 2.34232 1.64622 2.23396 1.64622 2.43339 1.97479 1.82656 1.6879 2.25007 2.10749 2.46206 1.764 2.41208 1.80165 2.10327 2.10363 1.76206 1.82378 1.79807 1.8485 1.8485 2.00456 
0.756197 1.38764 0.83506 1.0378 1.23799 0 1.0378 1.03209 1.154 0.606923 0.796122 1.02517 1.16061 1.01521 1.20691 1.15398 0.915375 0.915375 0.915375 1.11402 0.863048 1.92616 1.12729 0.89806 0.959987 1.31583 1.20157 0.603449 1.16672 0.798426 0.925479 0.946916 1.34386 1.36881 0.606923 0.964923 0.941809 1.30488 0.919631 0.907878 0.245116 0.606923 0.847428 0.245116 0.847428 0.796122 0.738539 1.15188 1.4591 0.887245 1.08314 0.775221 0.955881 0.944262 0.86522 1.26188 1.23799 0.687688 1.16061 1.07881 0.86522 1.12749 1.8363 1.1957 1.03132 1.0599 1.03132 1.1785 1.44228 1.82288 1.39906 1.17728 1.88848 1.16207 1.16982 1.35331 1.45244 0.949157 1.60902 1.19227 1.4156 1.16488 1.59927 1.23215 1.39226 1.17728 1.8363 1.41086 1.69202 1.37971 1.88848 1.17728 1.28547 1.45084 0.86522 1.19227 0.961697 1.20944 1.13618 1.3802 
2.89449 1.69264 2.31107 2.95686 1.67561 1.0378 0 2.15074 1.58835 2.37059 1.99035 2.57722 1.24612 1.30195 1.64453 3.48108 1.55617 3.63557 2.45577 2.10455 3.38885 2.23116 1.55905 1.33568 3.62605 2.48001 2.097 2.51618 2.24826 1.23604 2.67859 1.13942 1.53636 1.32585 2.37444 1.76206 1.37943 2.05824 1.60796 3.27436 2.57536 2.57898 3.80986 2.20623 3.17335 3.18133 3.4342 3.47947 3.61809 2.94505 3.72667 3.43342 3.22614 2.9105 3.74398 3.90143 4.26765 3.00897 3.42945 3.35178 3.40543 2.69998 2.01182 3.83034 3.42436 4.33809 3.57316 3.64181 2.83745 3.23392 4.59627 1.60986 3.05457 3.59237 4.00193 2.67474 2.80062 3.28033 1.84659 3.38334 4.27691 3.65172 1.90233 4.09378 4.35455 3.99758 3.20919 2.68297 2.07372 3.86882 2.00521 4.48726 4.06647 1.77842 3.18426 3.53951 3.99163 3.82545 3.53223 1.81278 
2.46884 2.02077 2.50521 2.27676 1.94736 1.03209 2.15074 0 1.58264 1.9129 2.2509 2.77137 1.49665 1.35125 1.83445 3.05573 1.65689 2.54048 2.77627 2.73675 2.31431 2.55929 1.49339 1.5256 2.29863 2.88351 2.82628 1.69605 3.11074 1.5078 3.1505 1.41117 1.78767 1.65836 1.5121 1.75635 1.42873 2.06367 1.70661 2.24846 1.71673 1.73997 2.52109 1.49934 2.17613 1.77451 2.42174 2.54545 3.15676 2.06538 2.75164 2.43104 2.24841 2.20121 2.62553 2.65906 2.96628 2.03591 2.43715 2.29967 2.41593 2.96053 2.20239 2.6496 2.46105 2.98653 2.38174 2.55029 3.15455 3.53795 3.17502 1.7845 3.7379 2.51458 2.79151 2.93529 3.06117 2.26118 1.94506 2.46999 3.08834 2.55516 2.06219 2.77165 2.98521 2.82317 3.46974 2.99767 2.05812 2.81719 2.33399 2.95733 2.84375 1.81694 2.26212 2.59167 2.75874 2.61 2.53689 1.98741 
1.15618 1.78762 1.61186 1.58835 1.96625 1.154 1.58835 1.58264 0 1.23824 1.34667 1.80197 1.71116 1.56576 1.80829 1.75658 1.26045 0.988086 1.26045 1.7499 1.56576 2.32614 1.76785 1.49944 1.51054 1.95639 1.75212 1.00594 2.04981 1.52669 1.27056 1.67073 2.00218 1.93283 1.16042 1.87825 1.40257 2.08139 1.5576 1.54844 0.988086 1.23824 1.48799 1.154 1.37111 1.32285 1.51534 1.70898 1.95445 1.40257 1.8114 1.39153 0.988086 1.49481 1.56194 1.81243 1.78721 1.23824 1.71116 1.62936 1.51599 1.74545 2.40128 1.65876 1.49742 1.65581 1.49742 1.81906 1.89005 2.40833 1.94961 1.86955 2.34709 1.72705 1.5688 1.81192 1.86955 1.65752 2.07208 1.39153 1.8327 1.39153 2.01638 1.71288 1.84003 1.86955 2.40128 1.92704 2.33258 1.89005 2.34709 1.84918 1.75592 1.9139 1.39912 1.54799 1.53616 1.65721 1.51599 2.07247 
8.79725 1.41572 1.89903 3.31701 1.23799 0.606923 2.37059 1.9129 1.23824 0 1.41489 1.9562 0.823795 0.86433 1.20691 4.46555 1.11855 2.53809 1.76341 1.89227 4.95686 1.95425 1.18739 0.89806 2.68737 1.89814 1.39519 5.45672 2.0655 0.784283 2.21923 0.701799 1.09874 0.761882 8.82063 1.33118 0.941809 1.62062 1.19985 3.41955 11.8981 3.9611 2.62245 11.8409 8.06377 5.23942 5.09356 2.89441 5.83365 10.4393 6.40144 5.81514 9.08853 6.07052 2.37012 3.48264 4.14557 6.90686 9.03916 3.98892 13.1185 1.95407 1.5286 5.31613 13.187 2.97814 5.24143 9.17424 1.95733 2.41208 3.13385 1.17224 2.47796 3.4856 4.62115 1.87866 2.00454 7.95198 1.34089 7.94463 2.67471 2.26384 1.43548 3.30875 2.9796 5.19022 2.49531 1.87872 1.6361 7.13476 1.62559 3.16033 3.61215 1.24478 14.4593 2.03442 2.55341 2.28524 14.1837 1.37516 
2.32117 1.68651 2.47117 2.12943 1.52414 0.796122 1.99035 2.2509 1.34667 1.41489 0 2.62122 0.991368 0.971697 1.49305 2.86991 1.35924 2.44031 2.61587 2.56753 1.55889 2.22503 1.25741 1.18421 2.26459 2.49599 2.34011 1.39883 2.96341 1.08457 2.9901 1.13601 1.53295 1.15308 1.77053 1.52038 1.19276 1.68155 1.45649 2.11927 1.68269 1.76465 2.17076 1.4653 1.561 1.38493 2.24913 2.12058 2.64306 1.42735 2.15447 1.98483 2.14519 1.86978 2.03456 2.2285 2.65269 1.39789 1.88395 1.88581 1.86485 2.44683 1.69711 2.13591 1.86152 2.59919 1.86805 2.14481 2.64426 3.12355 2.69056 1.50413 3.22421 2.03818 2.27782 2.4216 2.54748 2.0342 1.59184 2.05588 2.68225 2.04146 1.76736 2.17212 2.47152 2.43583 3.05534 2.48398 1.82214 2.44648 1.98076 2.56999 2.50175 1.46371 1.80295 2.18232 2.46911 2.18916 2.0232 1.70704 
2.51236 1.90927 2.78081 2.70324 1.87954 1.02517 2.57722 2.77137 1.80197 1.9562 2.62122 0 1.48788 1.48043 1.84846 2.89947 1.69543 2.72184 2.96208 3.22319 2.34361 2.4478 1.9118 1.53961 2.72511 2.9523 3.02214 1.97447 3.27305 1.43998 3.33631 1.58402 1.98096 1.97639 1.79607 1.74943 1.31724 1.99605 1.69969 2.73489 1.8981 2.02394 2.62861 1.92456 2.50475 2.4181 2.52321 2.7594 3.34029 2.00299 2.66289 2.27538 2.43423 2.28562 2.51315 3.08555 3.21205 1.97352 2.46661 2.75128 2.5392 3.32213 2.31594 3.0112 2.65039 2.83027 2.74334 2.80383 3.24237 3.70621 3.20826 1.9453 3.82231 2.58336 2.96446 3.26239 3.38827 2.34559 2.07423 2.83913 3.31065 2.83132 2.3399 3.04437 3.17694 2.90757 3.638 3.26245 2.35642 2.9016 2.46316 3.07203 2.92816 2.2233 2.35095 2.80562 2.74459 2.82882 2.83897 2.14821 
1.19534 1.79307 1.38783 1.24612 1.6628 1.16061 1.24612 1.49665 1.71116 0.823795 0.991368 1.48788 0 1.05169 1.73067 1.55504 1.60665 1.51304 1.60665 1.31814 1.05169 2.33159 1.31814 1.42182 1.42454 1.05351 1.39682 0.756058 1.82873 1.22485 1.79552 1.40884 1.76937 1.57752 0.97635 1.88487 1.21517 1.88842 1.61091 1.03415 1.16061 0.823795 1.03828 0.97635 0.825985 0.847526 0.979631 1.03521 1.46773 0.613543 1.21395 0.890752 1.30176 0.975678 1.04756 1.31031 1.57817 0.613543 0.613543 0.976461 0.820241 1.04024 1.48841 1.18394 0.825985 1.45765 0.825985 0.890752 1.02733 1.5064 1.38672 1.12147 1.58674 0.825985 1.19955 1.23663 1.40746 0.890752 1.4597 1.02733 1.4491 1.02733 1.55429 1.04756 1.02733 1.12147 1.38148 1.29419 1.6361 0.895403 1.58674 1.12147 1.35195 1.3636 0.97635 1.08313 1.34427 1.09276 1.09276 1.32438 
1.36394 1.66182 1.32287 1.35696 1.75776 1.01521 1.30195 1.35125 1.56576 0.86433 0.971697 1.48043 1.05169 0 1.67506 1.42379 1.64001 1.36765 1.64001 1.4131 0.750309 2.20034 1.4131 1.36621 1.27915 1.3424 1.52073 0.801862 1.68334 1.39345 1.65012 1.29682 1.69376 1.62621 0.86433 1.73947 1.06978 1.53084 1.68973 1.12911 1.01521 0.86433 1.13323 0.86433 0.801862 0.801862 1.32136 1.14849 1.58102 0.750309 1.13828 1.08383 1.29846 0.750309 0.750309 1.4236 1.58334 0.86433 0.815735 1.17988 0.750309 1.07397 1.48996 1.14219 0.92094 1.29516 0.92094 1.10043 1.43158 1.71778 1.15982 1.15647 1.62173 0.815735 1.31283 1.21787 1.33753 1.09959 1.23281 1.19642 1.30068 1.16148 1.48436 1.07501 1.38886 1.15647 1.48996 1.27543 1.6385 1.15647 1.62173 1.0835 1.26256 1.39732 0.750309 1.19642 1.34751 1.12616 1.12616 1.35938 
1.46586 2.0973 1.65835 1.74781 1.93492 1.20691 1.64453 1.83445 1.80829 1.20691 1.49305 1.84846 1.73067 1.67506 0 1.86587 1.81549 1.61018 1.81549 1.81958 1.67506 2.63582 1.99812 1.46812 1.76234 2.00719 1.8985 1.25775 2.13296 1.49536 1.88727 1.6394 2.03634 1.96879 1.20691 1.93116 1.51187 2.19068 1.86728 1.7787 1.20691 1.20691 1.71825 1.20691 1.60138 1.49305 1.56183 1.84437 2.15603 1.4573 1.78007 1.47215 1.61018 1.6041 1.67535 1.95881 1.93492 1.20691 1.73067 1.74131 1.6294 1.8494 2.40635 1.99677 1.60138 1.86917 1.60138 1.91291 2.10736 2.49241 2.0589 1.98297 2.55357 1.73213 1.97995 2.04579 2.21662 1.64164 2.26886 1.7927 2.076 1.7927 2.36345 1.81683 2.08474 1.94532 2.40635 2.10335 2.44683 1.94532 2.55357 1.96259 1.94532 2.17276 1.6041 1.7927 1.64012 1.90192 1.90192 2.18588 
3.65968 0.631442 2.62761 6.34778 2.02383 1.15398 3.48108 3.05573 1.75658 4.46555 2.86991 2.89947 1.55504 1.42379 1.86587 0 1.3017 3.64286 2.44476 3.10265 5.69164 1.16996 1.96795 1.55702 4.48918 3.23666 3.251 4.77665 2.4884 1.31118 3.10414 1.72831 2.12525 2.04356 4.87684 1.87823 1.2606 1.93941 1.30596 6.40216 4.47157 4.94881 4.04014 4.43292 5.56616 5.73092 5.84107 6.21672 6.41884 5.10775 6.02785 5.35611 5.26128 5.22741 3.92824 6.71775 7.21407 5.27048 5.42514 6.08851 5.59189 3.37197 2.23427 6.38403 5.90947 4.39787 6.31326 6.14389 3.37524 3.82014 5.07635 1.6898 3.81997 6.3638 6.42941 3.28587 3.43811 5.52377 2.01759 5.99406 4.86481 4.34432 2.11624 6.70317 4.8515 6.41813 3.69106 3.28593 2.18396 6.48997 2.2907 4.67676 6.62556 1.96781 5.49843 4.1475 4.21198 4.28164 5.9608 1.89272 
0.670258 1.3017 1.23223 1.61399 1.84657 0.915375 1.55617 1.65689 1.26045 1.11855 1.35924 1.69543 1.60665 1.64001 1.81549 1.3017 0 0.670258 0.670258 1.73122 1.53331 1.84022 1.79755 1.50664 1.58479 1.89761 1.76469 1.08019 1.56389 1.1956 0.952731 1.55104 1.94799 1.88044 1.11855 1.63518 1.47682 1.97514 1.07168 1.57814 0.670258 1.11855 1.51769 0.915375 1.44536 1.35924 1.4088 1.73993 1.57264 1.45036 1.5519 1.11855 0.95734 1.51028 1.53548 1.825 1.79082 1.25081 1.57563 1.64193 1.52261 1.79775 2.29678 1.65574 1.51786 1.73006 1.57167 1.65581 1.854 2.33056 2.02386 1.84754 2.15259 1.62255 1.64159 1.65574 1.9438 1.38454 2.14633 1.23536 1.90695 1.23536 2.09063 1.75505 1.71762 1.83574 2.29678 1.77087 2.33725 1.83574 2.31104 1.84754 1.83017 1.98815 1.47337 1.51187 1.61042 1.51187 1.51187 2.05046 
2.31222 1.3017 2.19413 3.43944 1.76813 0.915375 3.63557 2.54048 0.988086 2.53809 2.44031 2.72184 1.51304 1.36765 1.61018 3.64286 0.670258 0 1.80882 2.93923 3.33545 1.84022 1.56973 1.30133 3.84986 2.92483 2.68992 2.53462 2.67668 1.1956 1.99405 1.47261 1.80406 1.73471 2.70031 1.63518 1.20446 1.88327 1.07168 3.63799 1.76055 2.65146 3.96908 2.36136 3.15493 3.11712 3.40894 3.57697 3.41754 3.05342 3.55465 2.69094 2.61786 3.23383 3.4865 3.99279 3.91284 3.07962 3.41806 3.31844 3.1689 2.88206 2.20316 3.72146 3.26042 3.97756 3.58914 3.77155 2.91727 3.56126 4.53321 1.67143 3.08585 3.70723 3.49178 2.69801 2.82388 3.37674 1.87396 2.92251 4.0794 3.49736 1.81826 3.89227 4.29094 4.04756 3.48476 2.69806 2.13446 3.97159 2.14898 4.45148 4.13506 1.71578 3.22197 3.46826 3.64092 3.62701 3.1203 1.87435 
1.61547 1.3017 2.25357 2.59485 1.84657 0.915375 2.45577 2.77627 1.26045 1.76341 2.61587 2.96208 1.60665 1.64001 1.81549 2.44476 0.670258 1.80882 0 3.07025 2.55651 1.84022 1.79755 1.50664 2.73001 3.12051 2.85134 1.85301 2.74581 1.1956 2.35534 1.55104 1.94799 1.88044 1.86322 1.63518 1.47682 1.97514 1.07168 2.60522 1.49306 1.72755 2.70917 1.61785 2.42423 2.24838 2.33862 2.67897 2.64832 2.27817 2.50085 1.91478 1.89986 2.31958 2.50507 2.95973 3.01995 2.19414 2.46155 2.66464 2.35271 3.0907 2.29678 2.66833 2.4041 2.89863 2.59553 2.67695 2.98253 3.60826 3.33473 1.84754 3.47806 2.49395 2.55751 2.87357 2.99945 2.37955 2.14633 2.23598 2.97863 2.32115 2.09063 2.79034 2.94004 2.90124 3.57368 2.87363 2.33725 2.77976 2.31104 2.98711 3.03448 1.98815 2.3694 2.47238 2.70341 2.48595 2.41285 2.05046 
2.70439 1.86876 2.86702 2.03183 1.85066 1.11402 2.10455 2.73675 1.7499 1.89227 2.56753 3.22319 1.31814 1.4131 1.81958 3.10265 1.73122 2.93923 3.07025 0 2.25762 2.40728 1.0035 1.51073 2.75045 2.82682 2.83904 1.93358 2.92164 1.4111 3.22737 1.31447 1.71141 1.64386 1.94238 1.83383 1.55448 1.85365 1.78302 2.2281 2.07854 2.14238 2.46439 1.82996 2.03998 2.09627 2.54523 2.57757 2.82692 2.39302 2.81113 2.46469 2.62174 2.53975 2.60666 2.93586 2.90958 2.13784 2.41197 2.41756 2.38317 2.90383 1.99237 2.59291 2.28895 3.21494 2.32504 2.4936 3.09786 3.48126 3.25508 1.63713 3.49562 2.45788 2.8686 2.8786 3.00447 2.32801 1.99766 2.48545 3.03164 2.57062 1.85217 2.71495 2.92852 2.82837 3.41304 2.94098 1.8481 2.79201 2.15548 3.06272 2.89903 1.60691 2.449 2.53973 2.81533 2.5533 2.48019 1.84004 
6.56268 1.66182 2.36635 4.43675 1.71132 0.863048 3.38885 2.31431 1.56576 4.95686 1.55889 2.34361 1.05169 0.750309 1.67506 5.69164 1.53331 3.33545 2.55651 2.25762 0 2.20034 1.09735 1.36621 3.26756 2.02847 2.40353 5.28572 2.81376 1.39345 2.68033 1.29682 1.56691 1.62621 5.90909 1.5873 1.06978 1.30488 1.53756 4.02006 4.29633 4.79416 2.26754 4.24016 5.20954 6.23843 6.45703 3.44249 7.80335 5.09614 6.72172 5.90476 6.13977 5.99249 2.19995 4.12112 4.81495 5.42239 5.8139 5.00246 5.5659 1.89294 1.48996 7.09654 5.91971 2.98393 6.88381 6.76267 2.2793 2.49227 3.05646 1.10146 2.83729 3.79924 5.40671 1.95774 2.16923 6.12176 1.23281 6.48039 3.04518 2.64853 1.31286 4.00201 2.98852 5.47899 2.40438 2.02012 1.49104 7.58029 1.61617 3.09339 3.83745 1.0676 5.75736 2.59046 2.67897 2.54086 6.19387 1.30438 
1.16996 1.40799 2.00502 2.33551 2.6669 1.92616 2.23116 2.55929 2.32614 1.95425 2.22503 2.4478 2.33159 2.20034 2.63582 1.16996 1.84022 1.84022 1.84022 2.40728 2.20034 0 2.7445 2.32697 2.48718 2.63669 2.63048 1.98258 1.94327 1.95425 2.12269 2.37138 2.76832 2.71613 1.92616 2.65041 2.03715 2.71596 1.84448 2.52508 1.84022 1.92616 2.17526 1.92616 2.34775 2.22503 2.28108 2.42681 2.85934 1.98258 2.34356 2.09463 2.1273 1.93053 2.15874 2.69079 2.6669 2.05822 2.13596 2.35837 2.15874 2.42101 3.01083 2.48922 2.46023 2.19559 2.42101 2.42244 2.72272 3.06702 2.58418 2.46636 3.06725 2.36163 2.46334 2.58035 2.74596 2.09463 2.79415 2.46813 2.66317 2.4398 2.89279 2.52567 2.66718 2.46636 2.95059 2.63791 2.96051 2.57482 3.06725 2.44598 2.4706 2.74436 1.93053 2.47474 2.25522 2.48436 2.4297 2.66927 
1.62212 2.20598 1.605 1.55905 1.89733 1.12729 1.55905 1.49339 1.76785 1.18739 1.25741 1.9118 1.31814 1.4131 1.99812 1.96795 1.79755 1.56973 1.79755 1.0035 1.09735 2.7445 0 1.68927 1.48123 1.47191 1.66286 1.1247 2.04761 1.68505 1.80765 1.61988 1.91114 1.84357 1.18739 1.85155 1.61394 1.85365 1.80181 1.06395 1.12729 1.18739 1.0035 1.0035 1.0035 1.1247 1.33458 1.54477 1.87881 1.40849 1.70087 1.37205 1.5014 1.46551 1.32266 1.72139 1.54339 1.18739 1.31814 1.31946 1.28356 1.28356 1.99237 1.35178 1.18739 1.76486 1.18739 1.33458 1.70927 2.01787 1.92031 1.63713 2.15548 1.31814 1.64834 1.58539 1.64302 1.37205 1.99766 1.40945 1.65416 1.40945 1.85217 1.43487 1.57043 1.51814 1.99237 1.76283 1.8481 1.54723 2.15548 1.61675 1.53868 1.60691 1.28356 1.50384 1.45894 1.49397 1.35178 1.84004 
1.15701 1.78845 1.3495 1.43896 1.62607 0.89806 1.33568 1.5256 1.49944 0.89806 1.18421 1.53961 1.42182 1.36621 1.46812 1.55702 1.50664 1.30133 1.50664 1.51073 1.36621 2.32697 1.68927 0 1.45349 1.69834 1.58965 0.948895 1.82411 1.18651 1.57842 1.33055 1.72749 1.65994 0.89806 1.62231 1.20302 1.88183 1.55843 1.46985 0.89806 0.89806 1.4094 0.89806 1.29253 1.18421 1.25298 1.53552 1.84718 1.14845 1.47122 1.1633 1.30133 1.29525 1.3665 1.64997 1.62607 0.89806 1.42182 1.43246 1.32055 1.54056 2.0975 1.68792 1.29253 1.56032 1.29253 1.60406 1.79851 2.18356 1.75005 1.67412 2.24472 1.42328 1.6711 1.73694 1.90777 1.33279 1.96001 1.48385 1.76715 1.48385 2.0546 1.50798 1.77589 1.63647 2.0975 1.7945 2.13798 1.63647 2.24472 1.65374 1.63647 1.86391 1.29525 1.48385 1.33127 1.59307 1.59307 1.87703 
3.6502 1.94866 2.45896 3.58783 1.9203 0.959987 3.62605 2.29863 1.51054 2.68737 2.26459 2.72511 1.42454 1.27915 1.76234 4.48918 1.58479 3.84986 2.73001 2.75045 3.26756 2.48718 1.48123 1.45349 0 2.87784 2.75752 2.77197 3.06448 1.48074 3.09585 1.38411 1.71556 1.64621 2.64222 1.68424 1.35662 2.0242 1.6345 3.54214 2.65217 3.01753 3.8453 2.50482 3.2215 3.36621 3.06501 3.57789 4.31781 3.04122 3.19251 3.06468 3.426 3.11131 3.38409 3.86598 4.54069 3.13604 3.35007 3.53406 3.13713 2.814 2.06003 3.73136 3.36916 4.21663 3.58492 3.33477 3.03172 3.09705 4.30348 1.72768 3.68326 3.28533 3.91713 2.85393 2.99488 2.88093 1.87295 3.08235 4.07036 3.52278 2.05004 3.56537 4.28259 3.94276 3.33621 2.91631 2.04596 3.87356 2.26188 4.35468 3.97677 1.80478 2.96861 3.40965 3.97134 3.56136 3.49013 1.93059 
2.52019 2.09817 2.91517 2.76205 1.94292 1.31583 2.48001 2.88351 1.95639 1.89814 2.49599 2.9523 1.05351 1.3424 2.00719 3.23666 1.89761 2.92483 3.12051 2.82682 2.02847 2.63669 1.47191 1.69834 2.87784 0 2.82977 1.94628 3.48698 1.64216 3.48904 1.62896 2.0259 1.8154 1.89954 2.04009 1.50613 2.04219 1.90187 1.77505 2.23529 2.06424 2.05836 2.04186 1.74768 2.02474 2.42356 2.32986 3.02693 1.9748 2.64064 2.27524 2.5502 2.37391 2.32112 2.8305 2.84845 1.81957 1.69566 2.17954 2.03833 2.64701 1.6483 2.32226 2.1528 2.98089 2.07733 2.31662 2.55187 2.93527 3.02594 1.56854 3.19414 1.81242 2.62088 2.63088 2.75676 2.17739 1.92695 2.28152 2.77972 2.32291 1.90585 2.46724 2.43255 2.32586 2.86705 2.69326 1.92706 2.44252 1.93829 2.6619 2.61388 1.66059 2.21985 2.3916 2.62881 2.32822 2.23248 1.77145 
2.3387 2.09196 2.88421 2.37904 1.92959 1.20157 2.097 2.82628 1.75212 1.39519 2.34011 3.02214 1.39682 1.52073 1.8985 3.251 1.76469 2.68992 2.85134 2.83904 2.40353 2.63048 1.66286 1.58965 2.75752 2.82977 0 1.78526 3.21302 1.49002 3.23971 1.46368 1.86062 0.761882 2.08105 1.92583 1.59821 2.23314 1.86194 2.37401 2.0248 2.30892 2.6103 2.05253 2.26122 1.67865 2.48456 2.59096 2.99222 2.06353 2.55965 2.45778 2.35745 2.29043 2.74677 2.71416 3.0555 1.99303 2.37381 2.21183 2.46196 3.02051 2.10256 2.68088 2.16555 3.17286 2.39366 2.49655 3.07394 3.45733 3.26423 1.93413 3.70987 2.37196 2.85149 2.99528 3.12115 2.34247 1.99729 2.41625 3.16301 2.57505 2.19736 2.83163 2.95461 2.97428 3.45168 3.05766 2.22759 2.79914 2.38621 3.14367 2.93297 1.86916 2.35133 2.54268 2.89753 2.69921 2.56817 2.13704 
7.84653 1.44406 1.85637 3.55807 1.4157 0.603449 2.51618 1.69605 1.00594 5.45672 1.39883 1.97447 0.756058 0.801862 1.25775 4.77665 1.08019 2.53462 1.85301 1.93358 5.28572 1.98258 1.1247 0.948895 2.77197 1.94628 1.78526 0 2.26111 0.976138 2.22724 1.02757 1.35902 1.1046 6.45568 1.3277 0.852025 1.53084 1.27796 3.55228 6.07197 4.05967 2.46897 5.37133 6.75494 6.24143 4.81136 3.36215 6.49123 7.214 6.67208 6.29516 7.21722 6.68887 2.40496 3.72316 4.51179 7.50545 7.55028 4.32137 6.64427 2.12643 1.48535 5.92208 7.12028 2.98244 5.82949 8.46567 2.19044 2.57384 3.29553 1.3682 2.83271 3.78327 4.76802 2.16452 2.2904 7.52563 1.38642 7.6034 3.1531 2.4571 1.62163 3.94187 3.05734 5.28821 2.37875 2.2269 1.63389 7.89033 1.77535 3.29975 3.63022 1.36825 6.63176 2.64632 2.68056 2.58675 7.01961 1.57112 
2.15822 1.40475 2.54258 2.4917 2.16404 1.16672 2.24826 3.11074 2.04981 2.0655 2.96341 3.27305 1.82873 1.68334 2.13296 2.4884 1.56389 2.67668 2.74581 2.92164 2.81376 1.94327 2.04761 1.82411 3.06448 3.48698 3.21302 2.26111 0 1.45139 3.18881 1.62798 2.02492 1.95737 2.07337 1.89098 1.76082 2.23093 1.56815 2.9073 2.02719 2.02963 2.83183 1.90241 2.73268 2.76106 2.78447 2.87077 3.22731 2.45801 2.98582 2.62742 2.70011 2.36059 2.95247 3.31163 3.465 2.42854 2.83178 2.95509 2.7999 3.55038 2.63573 3.23945 2.96815 3.27943 2.97159 3.11406 3.54708 4.10172 3.52776 1.94936 3.92342 3.04794 3.22536 3.41785 3.59588 2.45696 2.27715 2.9505 3.42202 2.94269 2.39089 3.21939 3.48165 3.16881 4.0335 3.4179 2.55933 3.21182 2.65053 3.28052 3.23839 2.28821 2.51349 2.91699 3.0055 2.9402 3.0236 2.15227 
0.784283 1.41572 0.976775 1.33933 1.52644 0.798426 1.23604 1.5078 1.52669 0.784283 1.08457 1.43998 1.22485 1.39345 1.49536 1.31118 1.1956 1.1956 1.1956 1.4111 1.39345 1.95425 1.68505 1.18651 1.48074 1.64216 1.49002 0.976138 1.45139 0 1.47807 1.23092 1.62786 1.54617 0.798426 1.52268 1.23026 1.86264 1.19985 1.40106 0.798426 0.784283 1.40519 0.798426 1.31977 1.08457 1.15334 1.43589 1.74683 1.1757 1.37159 1.06367 1.22357 1.31118 1.39375 1.55033 1.52644 0.976138 1.22485 1.36726 1.3478 1.5678 2.09972 1.63621 1.31977 1.58756 1.31977 1.4794 1.61597 2.09505 1.77729 1.70136 2.21424 1.45052 1.60023 1.63731 1.847 1.23316 1.98726 1.37687 1.7944 1.37687 1.99383 1.53523 1.61597 1.66371 2.03948 1.69486 2.16522 1.61093 2.21424 1.68099 1.66371 1.89115 1.3225 1.38422 1.35851 1.49344 1.49344 1.90428 
2.26206 1.58417 2.90017 2.61964 1.91835 0.925479 2.67859 3.1505 1.27056 2.21923 2.9901 3.33631 1.79552 1.65012 1.88727 3.10414 0.952731 1.99405 2.35534 3.22737 2.68033 2.12269 1.80765 1.57842 3.09585 3.48904 3.23971 2.22724 3.18881 1.47807 0 1.62728 2.02422 2.01718 2.23989 1.64529 1.48693 1.98524 1.35416 2.97945 1.86729 2.29142 2.94983 1.99207 2.56922 2.5537 2.52385 2.79697 2.51042 2.6524 2.9603 2.32019 2.20794 2.78332 2.62457 3.02782 2.7516 2.50077 2.95643 2.46985 2.4722 3.10949 2.48564 2.89858 2.55879 3.01812 2.78652 3.06609 3.23134 3.94288 3.33478 1.85765 3.29509 3.03682 2.74274 3.08048 3.13796 2.82307 2.11906 2.26476 3.12017 2.65462 2.10073 3.0015 3.21211 3.09976 3.93767 3.16037 2.37238 3.14375 2.19708 3.10661 3.03176 1.99825 2.50123 2.61089 2.72859 2.62446 2.41013 2.06056 
1.20141 1.83285 1.16034 1.28525 1.67048 0.946916 1.13942 1.41117 1.67073 0.701799 1.13601 1.58402 1.40884 1.29682 1.6394 1.72831 1.55104 1.47261 1.55104 1.31447 1.29682 2.37138 1.61988 1.33055 1.38411 1.62896 1.46368 1.02757 1.62798 1.23092 1.62728 0 1.53123 1.46368 0.701799 1.66672 1.3743 2.00668 1.60284 1.40047 0.946916 0.701799 1.34002 0.701799 1.34002 1.13601 1.26262 1.33926 1.69405 1.22587 1.39792 1.13653 1.40428 1.22587 1.44645 1.53123 1.67048 1.02757 1.40884 1.27082 1.25117 1.47117 2.145 1.54068 1.34002 1.7316 1.34002 1.52468 1.62965 2.10873 1.68067 1.60474 2.12194 1.47077 1.5036 1.54068 1.75037 1.13653 1.89063 1.28759 1.69777 1.28759 1.8972 1.47849 1.57963 1.56708 2.05316 1.59824 2.06859 1.56708 2.17533 1.58436 1.56708 1.79452 1.22587 1.28759 1.50255 1.39681 1.39681 1.80765 
1.59835 2.2298 1.55728 1.68219 2.06742 1.34386 1.53636 1.78767 2.00218 1.09874 1.53295 1.98096 1.76937 1.69376 2.03634 2.12525 1.94799 1.80406 1.94799 1.71141 1.56691 2.76832 1.91114 1.72749 1.71556 2.0259 1.86062 1.35902 2.02492 1.62786 2.02422 1.53123 0 1.86062 1.09874 2.06366 1.77124 2.3232 1.99978 1.69173 1.34386 1.09874 1.63127 1.09874 1.63127 1.53295 1.5999 1.56461 1.89865 1.62281 1.79486 1.52368 1.73573 1.62281 1.56691 1.09874 2.06742 1.42451 1.76937 1.66776 1.37162 1.79672 2.54194 1.63127 1.73696 1.85292 1.73696 1.86632 1.93703 2.50567 2.05873 1.72519 2.20273 1.86632 1.86413 1.66755 1.72518 1.53347 2.0175 1.52368 1.68834 1.52368 1.87201 1.73563 1.93703 1.72519 2.4501 1.78267 2.46414 1.89418 2.20273 1.70481 1.61155 1.88641 1.37162 1.52368 1.69554 1.51381 1.37162 1.9281 
1.54617 2.17761 1.73866 1.46779 1.99987 1.36881 1.32585 1.65836 1.93283 0.761882 1.15308 1.97639 1.57752 1.62621 1.96879 2.04356 1.88044 1.73471 1.88044 1.64386 1.62621 2.71613 1.84357 1.65994 1.64621 1.8154 0.761882 1.1046 1.95737 1.54617 2.01718 1.46368 1.86062 0 1.28967 2.09306 1.70369 2.38251 1.96173 1.55958 1.36881 1.28967 1.56371 1.28967 1.47829 1.1046 1.47403 1.54887 1.75413 1.30416 1.458 1.458 1.52342 1.46419 1.77585 1.67879 1.99987 1.1046 1.57752 1.42316 1.57476 1.79476 2.28326 1.79473 1.42316 2.06099 1.47829 1.65263 1.78921 2.26829 2.01006 1.93413 2.33408 1.60904 1.80376 1.81214 2.05053 1.458 2.10277 1.47403 2.02716 1.47403 2.19736 1.80207 1.78921 1.89647 2.27528 1.8984 2.39799 1.78921 2.38748 1.91375 1.89647 2.00667 1.55526 1.47403 1.83194 1.66827 1.66827 2.13704 
9.73213 1.38764 1.46785 3.7161 1.23799 0.606923 2.37444 1.5121 1.16042 8.82063 1.77053 1.79607 0.97635 0.86433 1.20691 4.87684 1.11855 2.70031 1.86322 1.94238 5.90909 1.92616 1.18739 0.89806 2.64222 1.89954 2.08105 6.45568 2.07337 0.798426 2.23989 0.701799 1.09874 1.28967 0 1.33118 0.941809 1.62062 1.15762 2.84938 8.35753 3.60173 2.81786 7.78394 10.0736 6.56238 5.59166 3.03797 6.51594 10.1129 7.52868 6.68156 10.5961 7.26666 2.70841 4.051 4.71779 8.00629 10.5264 4.82877 9.54754 2.08135 1.61748 6.0359 10.5895 3.26574 6.03153 10.334 2.19513 2.60761 3.34656 1.17224 2.77507 3.64199 4.80696 1.97587 2.10174 9.61168 1.45814 9.63792 3.1437 2.39884 1.46471 3.9225 3.15423 5.82719 2.53939 1.97592 1.6361 8.16483 1.74284 3.36386 3.97478 1.36203 10.2189 2.06845 2.82733 2.39644 10.4232 1.37516 
1.48045 2.11189 1.55931 1.76206 1.96225 0.964923 1.76206 1.75635 1.87825 1.33118 1.52038 1.74943 1.88487 1.73947 1.93116 1.87823 1.63518 1.63518 1.63518 1.83383 1.5873 2.65041 1.85155 1.62231 1.68424 2.04009 1.92583 1.3277 1.89098 1.52268 1.64529 1.66672 2.06366 2.09306 1.33118 0 1.66606 2.02913 1.63944 1.63213 0.964923 1.33118 1.57168 0.964923 1.57168 1.52038 1.46279 1.87169 2.18335 1.6115 1.80739 1.49948 1.68014 1.66852 1.58948 1.98614 1.96225 1.41194 1.88487 1.80306 1.58948 1.85174 2.56055 1.91996 1.75557 1.78415 1.75557 1.90276 2.16208 2.54714 2.12332 1.89709 2.60829 1.88632 1.89408 2.07312 2.17669 1.66896 2.33328 1.913 2.13985 1.88468 2.32352 1.95641 2.11206 1.89709 2.56055 2.13067 2.41628 2.09951 2.60829 1.89709 2.00973 2.1751 1.58948 1.91653 1.68595 1.92924 1.86043 2.10001 
1.20075 1.49863 1.39325 1.43444 1.66982 0.941809 1.37943 1.42873 1.40257 0.941809 1.19276 1.31724 1.21517 1.06978 1.51187 1.2606 1.47682 1.20446 1.47682 1.55448 1.06978 2.03715 1.61394 1.20302 1.35662 1.50613 1.59821 0.852025 1.76082 1.23026 1.48693 1.3743 1.77124 1.70369 0.941809 1.66606 0 1.5854 1.52654 1.39452 0.852025 0.941809 1.24355 0.941809 1.2172 1.19276 1.29673 1.50925 1.89093 0.852025 1.41186 1.17707 1.20446 0.998825 1.22704 1.65852 1.6333 0.941809 1.21517 1.44081 1.22704 1.4893 1.9053 1.55752 1.33627 1.26389 1.33627 1.43225 1.6063 1.99136 1.45362 1.53465 2.05251 1.23107 1.53164 1.64865 1.81425 1.17707 1.66359 1.5276 1.73146 1.52224 1.96108 1.55173 1.6063 1.44426 1.9053 1.7062 1.94577 1.44426 2.05251 1.51428 1.34004 1.81265 0.998825 1.5276 1.32351 1.55693 1.49799 1.73757 
1.82041 2.17744 1.89927 2.10201 2.3022 1.30488 2.05824 2.06367 2.08139 1.62062 1.68155 1.99605 1.88842 1.53084 2.19068 1.93941 1.97514 1.88327 1.97514 1.85365 1.30488 2.71596 1.85365 1.88183 2.0242 2.04219 2.23314 1.53084 2.23093 1.86264 1.98524 2.00668 2.3232 2.38251 1.62062 2.02913 1.5854 0 1.97939 1.63423 1.30488 1.62062 1.57378 1.30488 1.4569 1.54691 1.80275 1.85835 2.29087 1.53084 1.85723 1.79369 1.88327 1.67764 1.49029 2.13345 1.873 1.62062 1.88842 1.88974 1.53018 1.8384 2.56265 1.90662 1.75767 1.77081 1.75767 1.90486 2.27955 2.49413 2.13244 1.88375 2.59495 1.88842 1.88073 2.05977 2.1174 1.85588 2.31993 1.90627 2.08056 1.87134 2.26423 1.85723 2.09872 1.88375 2.56265 2.11732 2.41838 2.11751 2.59495 1.86337 2.00377 2.16175 1.53018 1.90627 1.78855 1.90603 1.84709 2.08666 
0.674515 1.30596 1.23648 1.71125 1.89836 0.919631 1.60796 1.70661 1.5576 1.19985 1.45649 1.69969 1.61091 1.68973 1.86728 1.30596 1.07168 1.07168 1.07168 1.78302 1.53756 1.84448 1.80181 1.55843 1.6345 1.90187 1.86194 1.27796 1.56815 1.19985 1.35416 1.60284 1.99978 1.96173 1.15762 1.63944 1.52654 1.97939 0 1.58239 0.674515 1.15762 1.52194 0.919631 1.49507 1.45649 1.41305 1.80781 2.11947 1.52654 1.74351 1.43559 1.35949 1.5554 1.53973 1.92225 1.82116 1.34806 1.61091 1.73918 1.53973 1.802 2.30103 1.87022 1.69169 1.73441 1.69169 1.82799 2.00204 2.38709 2.07358 1.8518 2.44825 1.6268 1.84434 2.00923 2.12695 1.60508 2.28354 1.75614 2.09011 1.75614 2.27378 1.86678 2.00204 1.83999 2.30103 2.06678 2.34151 1.83999 2.44825 1.8518 1.95999 2.12535 1.53973 1.75614 1.63621 1.86536 1.81069 2.05471 
4.41519 1.98656 2.37872 4.94757 1.61334 0.907878 3.27436 2.24846 1.54844 3.41955 2.11927 2.73489 1.03415 1.12911 1.7787 6.40216 1.57814 3.63799 2.60522 2.2281 4.02006 2.52508 1.06395 1.46985 3.54214 1.77505 2.37401 3.55228 2.9073 1.40106 2.97945 1.40047 1.69173 1.55958 2.84938 1.63213 1.39452 1.63423 1.58239 0 3.62299 3.7965 3.25104 3.34319 3.60865 4.1565 4.35054 4.25725 5.41252 3.83361 4.84774 4.36951 4.51995 4.24288 3.23221 5.13335 5.40902 3.81439 3.70648 4.32699 3.83715 2.4388 1.6483 4.45855 4.20637 4.05805 4.36005 4.49835 2.60765 2.99105 4.23528 1.41772 3.2477 4.40085 5.11051 2.41357 2.53945 4.06984 1.71367 4.24566 3.79198 3.11264 1.63276 4.95946 3.66537 4.90247 2.88793 2.47595 1.62868 4.62989 1.93607 4.01055 4.97133 1.3875 4.22453 3.05458 3.5067 3.25242 4.34 1.62063 
7.8881 1.3017 1.42167 3.61328 1.23799 0.245116 2.57536 1.71673 0.988086 11.8981 1.68269 1.8981 1.16061 1.01521 1.20691 4.47157 0.670258 1.76055 1.49306 2.07854 4.29633 1.84022 1.12729 0.89806 2.65217 2.23529 2.0248 6.07197 2.02719 0.798426 1.86729 0.946916 1.34386 1.36881 8.35753 0.964923 0.852025 1.30488 0.674515 3.62299 0 3.5534 2.67204 20.303 8.08146 6.07664 4.93802 3.42742 6.32344 9.04325 6.44565 5.61489 8.22782 5.69547 2.21127 3.91475 4.27642 6.28014 9.52553 4.60266 23.9526 2.19175 1.8363 5.98091 12.493 2.88715 5.59731 9.30446 2.46184 2.78126 3.44903 1.17728 3.0243 3.9368 4.82414 2.24258 2.36845 8.36938 1.60902 8.47683 3.25651 2.77836 1.59927 3.78098 3.33116 4.93649 2.81152 2.24263 1.69202 7.82274 1.88848 3.21458 4.0176 1.45084 14.8387 2.62347 2.58316 2.69016 23.8195 1.3802 
4.25082 1.38764 1.69572 4.34209 1.23799 0.606923 2.57898 1.73997 1.23824 3.9611 1.76465 2.02394 0.823795 0.86433 1.20691 4.94881 1.11855 2.65146 1.72755 2.14238 4.79416 1.92616 1.18739 0.89806 3.01753 2.06424 2.30892 4.05967 2.02963 0.784283 2.29142 0.701799 1.09874 1.28967 3.60173 1.33118 0.941809 1.62062 1.15762 3.7965 3.5534 0 2.98942 3.59796 4.39524 5.11859 4.0828 3.85088 6.0474 4.42374 5.29655 4.58092 4.8322 4.65466 2.70725 4.551 5.13229 4.61956 4.22621 5.42158 4.34544 2.30922 1.61747 5.58523 5.05698 3.43398 5.46198 5.13901 2.19649 2.68219 3.74516 1.17224 2.77644 3.99226 5.74563 2.20373 2.32961 4.75454 1.45814 4.96341 3.54374 2.83056 1.46471 4.5886 3.26667 6.03476 2.61397 2.20379 1.6361 5.63934 1.74284 3.31015 4.53918 1.36203 4.66409 2.59595 3.04808 2.76231 5.00247 1.37516 
3.39158 1.63674 2.65135 3.69957 1.61747 0.847428 3.80986 2.52109 1.48799 2.62245 2.17076 2.62861 1.03828 1.13323 1.71825 4.04014 1.51769 3.96908 2.70917 2.46439 2.26754 2.17526 1.0035 1.4094 3.8453 2.05836 2.6103 2.46897 2.83183 1.40519 2.94983 1.34002 1.63127 1.56371 2.81786 1.57168 1.24355 1.57378 1.52194 3.25104 2.67204 2.98942 0 2.45757 2.43421 2.68534 3.08002 2.88651 3.94006 2.37429 3.26745 2.66682 3.23518 2.46278 2.80584 3.57583 3.42533 2.38915 2.28394 2.9369 2.33618 2.1078 1.49783 2.96792 2.77167 3.27697 2.48199 2.79961 2.10032 2.48372 3.54835 0.932168 2.74259 2.62569 3.38941 2.23462 2.3605 2.66316 1.71779 2.78121 3.33822 2.86004 1.57231 3.07174 3.12133 2.62693 2.4155 2.297 1.56823 2.96308 1.60813 3.03287 3.11708 1.32705 2.29255 2.95002 2.97201 2.8339 2.74148 1.13508 
8.23576 1.38764 1.29689 3.16607 1.23799 0.245116 2.20623 1.49934 1.154 11.8409 1.4653 1.92456 0.97635 0.86433 1.20691 4.43292 0.915375 2.36136 1.61785 1.82996 4.24016 1.92616 1.0035 0.89806 2.50482 2.04186 2.05253 5.37133 1.90241 0.798426 1.99207 0.701799 1.09874 1.28967 7.78394 0.964923 0.941809 1.30488 0.919631 3.34319 20.303 3.59796 2.45757 0 6.94651 5.79928 4.8118 3.16162 6.32973 8.95486 6.25554 5.42665 8.93339 5.14952 2.02066 3.52277 4.20916 6.36206 9.16201 4.5204 21.3431 2.05374 1.71251 5.65791 12.2637 2.8837 5.28543 8.84729 2.05044 2.69162 3.3339 0.932168 2.63038 3.56655 4.6957 2.02646 2.15234 7.97684 1.45814 8.45008 2.99535 2.484 1.46471 3.68357 2.97675 4.76293 2.6234 2.02652 1.56823 7.6542 1.64337 2.91944 3.64554 1.32705 15.3559 2.36157 2.49969 2.47059 22.7611 1.13508 
10.1064 1.80923 2.3064 4.10963 1.53205 0.847428 3.17335 2.17613 1.37111 8.06377 1.561 2.50475 0.825985 0.801862 1.60138 5.56616 1.44536 3.15493 2.42423 2.03998 5.20954 2.34775 1.0035 1.29253 3.2215 1.74768 2.26122 6.75494 2.73268 1.31977 2.56922 1.34002 1.63127 1.47829 10.0736 1.57168 1.2172 1.4569 1.49507 3.60865 8.08146 4.39524 2.43421 6.94651 0 6.65368 5.26481 3.05433 6.44825 9.34411 6.79812 6.08065 10.1383 6.21697 2.05138 3.93808 4.27299 6.73268 9.87796 4.06888 8.07583 1.54007 1.48481 5.08224 9.62444 3.13135 4.99363 9.91671 1.8255 2.50182 3.20447 1.06237 2.45552 3.80764 4.69954 1.82372 1.96406 8.5333 1.38642 8.48275 2.75606 2.35287 1.27376 3.36604 2.742 4.41704 2.40217 1.8861 1.45195 7.37973 1.41163 2.90993 3.26274 0.863066 9.66927 2.37806 2.479 2.16507 8.98868 1.26528 
7.67154 1.68651 2.26882 4.18842 1.52414 0.796122 3.18133 1.77451 1.32285 5.23942 1.38493 2.4181 0.847526 0.801862 1.49305 5.73092 1.35924 3.11712 2.24838 2.09627 6.23843 2.22503 1.1247 1.18421 3.36621 2.02474 1.67865 6.24143 2.76106 1.08457 2.5537 1.13601 1.53295 1.1046 6.56238 1.52038 1.19276 1.54691 1.45649 4.1565 6.07664 5.11859 2.68534 5.79928 6.65368 0 6.19444 3.66851 7.22751 6.79778 7.95583 7.40589 6.59819 7.97853 2.61108 4.19997 4.54378 6.8897 6.88897 4.41701 6.51997 2.14246 1.48535 6.58032 6.58714 3.40173 6.31699 8.00503 2.2689 2.6523 3.44502 1.39628 2.84226 4.01571 5.25511 2.1642 2.29008 7.13759 1.38642 7.07347 3.14992 2.53524 1.60768 4.10716 3.13701 6.00468 2.58408 2.22658 1.6036 8.97197 1.77535 3.49485 4.08555 1.36242 6.22622 2.66575 2.88557 2.66489 6.96027 1.5992 
6.32906 1.74256 2.27951 4.50464 1.59291 0.738539 3.4342 2.42174 1.51534 5.09356 2.24913 2.52321 0.979631 1.32136 1.56183 5.84107 1.4088 3.40894 2.33862 2.54523 6.45703 2.28108 1.33458 1.25298 3.06501 2.42356 2.48456 4.81136 2.78447 1.15334 2.52385 1.26262 1.5999 1.47403 5.59166 1.46279 1.29673 1.80275 1.41305 4.35054 4.93802 4.0828 3.08002 4.8118 5.26481 6.19444 0 3.65311 7.63832 5.31572 5.92474 5.47596 5.93023 6.18279 2.9474 4.51371 4.93703 5.49076 5.57959 5.1893 5.34776 2.27134 1.61748 6.90909 5.83718 3.50097 6.71215 6.14951 2.26262 2.66494 3.69874 1.38188 2.84257 4.11299 5.41806 2.17651 2.30239 5.8036 1.54347 5.91463 3.32836 2.57138 1.54093 4.34251 3.14752 5.96117 2.59672 2.17657 1.65254 7.32689 1.8088 3.46385 4.36192 1.44736 5.35628 2.32705 2.95791 2.46976 5.93593 1.58479 
4.42555 1.88829 2.51392 4.5032 1.87545 1.15188 3.47947 2.54545 1.70898 2.89441 2.12058 2.7594 1.03521 1.14849 1.84437 6.21672 1.73993 3.57697 2.67897 2.57757 3.44249 2.42681 1.54477 1.53552 3.57789 2.32986 2.59096 3.36215 2.87077 1.43589 2.79697 1.33926 1.56461 1.54887 3.03797 1.87169 1.50925 1.85835 1.80781 4.25725 3.42742 3.85088 2.88651 3.16162 3.05433 3.66851 3.65311 0 4.61654 3.52467 4.08756 3.42823 3.79908 3.64561 2.63325 4.07295 4.70317 3.34778 3.34531 3.80707 2.75681 1.65252 1.69791 3.48862 3.1409 3.19899 3.39368 3.37512 2.00108 2.83072 3.2033 1.0922 2.58103 4.03964 4.16005 1.63883 1.76471 3.37302 1.31181 3.4766 2.96801 2.36627 0.927042 3.75832 3.04092 4.39522 2.68433 1.63889 1.70143 3.85028 1.40074 3.41509 4.23801 1.07259 3.29874 2.1273 2.76169 2.40166 3.08049 1.29511 
7.47226 2.32082 3.11595 4.84199 1.57462 1.4591 3.61809 3.15676 1.95445 5.83365 2.64306 3.34029 1.46773 1.58102 2.15603 6.41884 1.57264 3.41754 2.64832 2.82692 7.80335 2.85934 1.87881 1.84718 4.31781 3.02693 2.99222 6.49123 3.22731 1.74683 2.51042 1.69405 1.89865 1.75413 6.51594 2.18335 1.89093 2.29087 2.11947 5.41252 6.32344 6.0474 3.94006 6.32973 6.44825 7.22751 7.63832 4.61654 0 6.96164 7.68841 6.68396 6.71127 7.59111 3.55875 5.32365 5.00976 6.89701 6.88149 5.6623 6.29195 2.31888 2.15492 7.54193 6.13986 3.95059 7.25091 7.44466 2.24827 3.31903 4.18952 1.47379 2.09743 5.24328 6.00149 2.26646 2.2731 7.27061 1.71586 6.27289 3.69748 3.00402 1.58873 4.70868 3.63783 6.35227 3.21951 2.40787 2.2043 7.393 1.46295 3.89215 5.31405 1.40022 6.40624 2.86311 3.46595 3.14219 5.91902 1.6767 
9.68276 1.44406 2.22571 4.24876 1.61526 0.887245 2.94505 2.06538 1.40257 10.4393 1.42735 2.00299 0.613543 0.750309 1.4573 5.10775 1.45036 3.05342 2.27817 2.39302 5.09614 1.98258 1.40849 1.14845 3.04122 1.9748 2.06353 7.214 2.45801 1.1757 2.6524 1.22587 1.62281 1.30416 10.1129 1.6115 0.852025 1.53084 1.52654 3.83361 9.04325 4.42374 2.37429 8.95486 9.34411 6.79778 5.31572 3.52467 6.96164 0 6.69522 5.63092 10.3505 6.69485 2.24748 4.00077 4.6777 6.86607 10.3382 4.1864 9.56901 2.0713 1.48535 5.43142 10.7047 2.87717 5.36649 9.42647 2.01368 2.49924 2.86559 1.04247 2.59363 3.48827 4.93212 2.07464 2.21857 8.66248 1.11881 9.09184 3.10324 2.65506 1.47529 3.67088 2.91635 5.15289 2.40727 2.0747 1.401 7.62882 1.50774 3.00008 3.45031 1.36288 10.2304 2.61907 2.71744 2.34979 10.094 1.24539 
