0 2931 1689 1854 1470 2178 1988 3029 1524 1698 1104 1304 1314 1668 1821 1212 2556 1539 1414 1716 1806 1524 1426 1754 1553 2361 2175 2181 476 183 1413 2049 1074 1654 1242 1360 1684 1372 1545 2382 1212 2410 1602 2829 1554 1593 1533 1479 1218 1608 2271 1704 1791 999 2763 1494 1974 2553 2655 2499 1310 1749 2199 1202 2127 2241 2052 1902 1466 1470 2901 2175 1782 1686 2667 2450 1380 2583 1425 2496 1869 2274 1692 2874 2088 2667 2418 1896 2847 1778 2613 2286 1438 1408 2328 1737 1164 1732 2240 1932 
2931 0 3384 2139 2598 3117 1954 3534 2150 2295 2628 1988 3033 3192 2760 1656 1134 1392 2166 2742 2290 2030 1798 682 2298 2133 3096 3120 1970 2748 3138 2520 2224 2194 3033 2314 1158 2124 2484 3252 3003 2415 2382 2094 2178 2418 3252 2505 2980 2736 2442 2790 3553 2761 2607 2273 3006 1419 3279 1986 1466 2775 2868 1738 3826 3273 2962 2928 2660 2350 3528 3150 2318 2374 2901 2368 1916 3300 2335 2292 2103 3300 2146 2193 1884 2901 3279 2708 3081 2194 3425 3111 1594 1944 3484 2647 2596 2420 2104 2916 
1689 3384 0 1716 1521 1950 1846 1446 1372 1560 1911 1016 1782 2475 1608 1120 2250 2451 1448 1284 1316 1382 694 1662 1182 1626 1740 1968 1226 1506 678 864 584 1682 507 1672 1542 1406 1332 2316 477 1245 1644 2835 1461 1062 2001 1521 1686 1659 1935 969 1383 1713 2571 1356 2172 2241 1971 1827 1158 1791 2061 1110 1719 2439 1914 1944 976 1242 2763 2229 1690 1818 2439 2344 1288 2367 1287 2256 1641 2055 1420 2736 1848 2439 2472 1668 2466 1716 2385 1755 1286 1256 2436 1599 1548 1846 2080 1974 
1854 2139 1716 0 2148 1986 1426 2049 1396 156 2466 1168 1170 1947 1629 456 1005 3006 1866 1512 1824 1396 808 998 1626 1584 1995 1989 1522 1671 1440 1035 1092 1518 1269 1264 1072 1824 1353 2239 1239 1416 1152 1128 2016 1650 1389 1275 1074 2010 1275 1731 1647 855 1815 360 1641 1290 1854 1551 646 1545 1203 538 1983 1908 1056 1698 1484 474 1905 1545 1118 1428 1671 1840 716 2028 429 1500 873 2070 1596 1227 1092 1671 1614 900 1851 1676 1617 1947 774 744 1578 741 690 1274 1576 1368 
1470 2598 1521 2148 0 2782 1644 2826 1180 1992 870 1394 3899 1434 1004 1408 2928 1410 434 1851 1118 1180 1090 1950 2915 2924 2228 1665 1456 3398 1245 3786 962 1810 1074 1142 1340 392 2608 1494 2088 4508 2120 2620 840 3258 4304 3426 4506 184 4191 3072 3900 3683 4566 3621 3972 2915 2028 4138 1106 3966 4292 982 3810 2840 3128 2136 1354 3543 2988 4362 1978 1530 2361 2250 1538 2056 3483 2190 3126 3344 1798 1458 3564 2361 3672 4395 3552 1022 2820 3870 1234 1604 2868 3067 1980 1576 2036 3610 
2178 3117 1950 1986 2782 0 1380 2430 72 1830 1728 1680 2990 2142 1212 1300 3305 2268 1542 2280 1690 916 826 1842 3345 2184 1700 1269 1776 3325 1287 2360 990 1864 1503 1680 1076 790 1055 2352 2455 2995 3224 4641 2130 3255 3355 4195 2830 2032 3443 1635 3785 3195 3315 2710 3060 2830 3172 2540 1490 4105 4005 1382 4345 2804 3096 2616 1640 2900 3171 3395 1962 1594 2937 2554 1560 3200 2825 2571 3565 2756 2012 2844 3605 2937 4690 3610 4235 1594 2883 4410 1618 1588 2808 3345 1956 1640 2290 3800 
1988 1954 1846 1426 1644 1380 0 2156 1452 1322 1724 1430 1182 1650 1142 1402 1198 2084 2078 1270 2262 1452 1362 1944 1302 1644 1386 1382 1740 1866 1394 1480 1526 1780 1548 1666 1600 2036 958 1812 1528 1672 1030 1838 1424 1222 1328 1112 1246 1552 1438 1724 1628 1392 216 1186 1446 1008 2090 1296 908 1292 1656 1392 1852 1624 1558 1394 2094 1110 1794 1542 1958 1816 1036 1810 1570 1848 1140 970 844 1642 1588 1904 698 1376 1930 1394 1496 682 1872 1560 1036 1538 1858 1348 1314 1862 1546 1386 
3029 3534 1446 2049 2826 2430 2156 0 1692 1893 3192 1874 2475 2628 2073 1614 2400 3897 2318 2571 2280 1692 794 2156 1605 3072 1251 2433 1508 2952 2124 1014 1426 2224 1953 1790 1852 2276 1797 2466 1923 1395 2457 3177 2907 1725 2694 2334 2571 2688 3012 2415 2829 2592 3153 2097 2322 2391 3417 2751 1804 2604 2889 1696 3165 2589 2793 2757 1940 2211 3642 2523 2276 1918 3408 2786 1874 3030 2166 2919 2610 3129 2384 3276 2511 3408 3300 2637 3531 2568 3354 2418 1932 1902 3315 2478 2427 1964 2522 2766 
1524 2150 1372 1396 1180 72 1452 1692 0 1292 1224 1752 1268 1500 678 1372 1394 1584 1614 1592 1762 988 898 1914 1410 1164 922 918 1848 1402 930 1016 1062 1936 1074 1752 1148 862 494 1640 1054 1270 1554 1902 924 1374 1414 1636 1204 1088 1370 726 1586 1350 1398 1156 1296 1204 1658 916 1432 1714 1674 1454 1810 1474 1620 1816 1712 1232 2186 1430 2034 1666 1900 2626 1632 1672 1202 1786 1368 1450 2084 1968 1514 1900 1948 1408 2020 1666 1886 1836 1560 1660 1944 1410 1376 1712 2362 1592 
1698 2295 1560 156 1992 1830 1322 1893 1292 0 2310 1064 1014 1791 1473 352 1161 2850 1762 1356 1720 1292 704 894 1470 1428 1839 1833 1418 1515 1284 879 988 1414 1113 1160 1176 1720 1197 2083 1083 1260 996 1284 1860 1494 1233 1119 918 1854 1119 1575 1491 699 1659 204 1485 1401 1698 1395 542 1389 1047 434 1827 1752 900 1542 1380 318 1749 1389 1014 1324 1515 1736 612 1872 273 1344 717 1914 1492 1383 936 1515 1458 744 1695 1572 1461 1791 670 640 1422 585 534 1170 1472 1212 
1104 2628 1911 2466 870 1728 1724 3192 1224 2310 0 1480 2052 564 1608 1620 1494 1440 1014 1980 1138 1750 1570 2162 2139 2493 2526 2520 1212 921 1635 2178 1222 1830 1464 1162 1398 972 1884 1524 1434 1797 1620 2211 450 2019 2061 1743 1956 1008 2793 1926 2340 1737 2262 2106 870 1779 1551 2271 1126 1497 1437 1558 2286 1137 2664 1650 1614 1992 3018 1071 2176 950 2391 2070 958 1572 2037 2064 1593 2022 2058 2112 1812 2391 1848 1734 2571 1042 1950 2382 1254 1756 2856 2271 1902 996 2056 1314 
1304 1988 1016 1168 1394 1680 1430 1874 1752 1064 1480 0 918 1120 1452 1144 1232 1840 1828 160 1696 1328 1316 1686 1168 1450 1540 1258 1606 1182 832 1198 964 986 718 1402 1634 1786 1268 1548 698 992 400 1550 1180 1088 1064 318 982 1486 1244 1026 1302 1128 1214 928 916 1042 1468 1038 650 498 1034 1134 1526 1094 1144 600 1356 852 1536 790 1558 1286 1118 1844 1294 1054 882 1004 586 848 1622 1484 732 1118 1308 1136 1238 1680 1382 1302 778 1280 1594 1090 1056 1332 1580 620 
1314 3033 1782 1170 3899 2990 1182 2475 1268 1014 2052 918 0 1716 2772 756 3378 2487 1124 1137 1868 1610 1092 1298 1450 1960 2224 2310 1018 1885 1506 2435 1136 1268 1335 484 1752 1950 3124 1601 2175 3070 1036 3971 3269 1650 365 1729 160 3096 2709 1355 1115 525 2415 1603 2755 2943 2888 2785 768 2024 2678 746 1675 2560 1824 1323 912 1533 2217 2762 1326 1472 1854 1962 924 2672 1488 1683 1803 2260 944 2190 2168 1854 2890 2243 2336 1432 1929 2805 896 952 1014 2008 480 1482 1698 2015 
1668 3192 2475 1947 1434 2142 1650 2628 1500 1791 564 1120 1716 0 1785 1274 2058 2004 1390 1440 1514 1500 1194 1816 2205 2673 2151 2145 1588 1485 2163 1614 1574 1470 2028 1336 1660 1348 1509 2088 1998 1233 1326 1647 1014 2214 1497 1203 1812 1572 2364 2490 2058 1944 2151 1587 306 1893 1524 1908 1100 933 873 1182 1722 573 2145 1086 1390 1563 2979 507 1844 574 2352 1694 582 1698 1518 1500 1554 1458 1842 1548 1428 2352 1284 1170 2532 1418 1386 1818 1228 1470 2292 1707 1779 620 1800 750 
1821 2760 1608 1629 1004 1212 1142 2073 678 1473 1608 1452 2772 1785 0 1062 2168 2148 936 1938 1610 678 588 1604 2200 3040 1224 912 1538 2184 930 1412 752 2118 1152 1634 838 894 368 2232 1508 1920 2748 2448 1544 2128 3064 2900 2644 820 2912 2164 2716 2352 2176 1692 1972 1788 3012 1640 1252 2808 2728 1144 3164 2328 2620 2259 1412 1844 2814 2240 1724 1356 2580 2316 1322 3040 1784 2214 2376 3508 1856 1935 2408 2580 3276 2412 3800 1514 2526 3052 1380 1350 2487 2200 1599 1402 2052 2564 
1212 1656 1120 456 1408 1300 1402 1614 1372 352 1620 1144 756 1274 1062 0 1126 1980 1842 984 1800 1372 1056 974 1156 1032 1306 1302 1594 1090 936 938 1068 1494 822 1240 1528 1800 878 1386 802 1192 744 1208 1320 1076 902 826 692 1316 826 1130 1074 546 1186 216 1070 1014 1212 1010 622 1006 778 514 1298 1248 680 1108 1460 292 1246 1006 1094 1404 1090 1816 692 1328 262 976 558 1356 1572 1228 704 1090 1052 576 1210 1652 1054 1274 750 720 1028 470 436 1250 1552 888 
2556 1134 2250 1005 2928 3305 1198 2400 1394 1161 1494 1232 3378 2058 2168 1126 0 2034 1410 1608 1534 1274 1042 1438 1940 1332 2616 1986 1214 6680 2004 4620 1468 1438 1899 1558 402 1368 4734 2118 6442 2724 1664 1600 3480 3592 4691 5896 4158 2136 2364 3330 6229 3232 3437 3341 6669 475 2860 2272 710 3829 5957 1194 4693 2852 2720 1794 1904 3685 2394 6104 1760 1618 1767 1612 1372 2888 4731 1158 3791 2888 1390 1059 3499 1767 3726 3180 2977 1438 2307 3295 838 1340 2562 3450 1674 1664 1348 2970 
1539 1392 2451 3006 1410 2268 2084 3897 1584 2850 1440 1840 2487 2004 2148 1980 2034 0 1374 2520 1498 2110 2020 1610 2679 3033 3066 3060 1502 1356 2175 2985 1582 2190 2004 1522 1758 1332 2424 2064 1974 3237 2160 2769 990 2559 2706 2283 2391 1548 3333 2466 2880 2172 2802 2646 2310 2319 2091 2811 1486 2553 2742 1922 3216 2577 3204 2706 1974 2532 3558 2511 2536 1910 2931 2630 1918 2112 2577 2760 2133 3078 2418 2868 2352 2931 2688 2958 3111 1402 3390 3207 1614 2116 3501 2817 2337 1956 2416 2736 
1414 2166 1448 1866 434 1542 2078 2318 1614 1762 1014 1828 1124 1390 936 1842 1410 1374 0 1668 1552 1614 1524 2384 1600 1896 1548 1544 1890 1536 1264 1642 1396 2244 1150 1316 1774 826 1120 1430 1130 1896 1494 1340 714 1520 978 1576 1188 526 2102 1458 1570 1334 1922 1626 1594 1600 1448 1756 1540 1756 1856 1416 1794 1772 1998 1858 1788 1610 2426 1728 2412 1964 2008 2684 1972 1462 1580 1894 1476 2106 2068 1406 1622 2008 1846 1894 2128 1456 2314 1982 1668 2038 1508 1372 1444 2010 2470 1878 
1716 2742 1284 1512 1851 2280 1270 2571 1592 1356 1980 160 1137 1440 1938 984 1608 2520 1668 0 1536 1168 1156 1526 1512 1935 2070 1647 1446 1533 1008 1557 804 826 837 1242 1474 1626 1662 2256 807 1798 360 2085 1530 1392 1356 237 1233 1989 1626 1299 1713 1452 1581 1152 1134 1323 1962 1317 490 507 1311 974 2049 1401 1476 660 1196 1038 2064 945 1398 1126 1437 1684 1134 1341 1083 1266 639 1032 1462 1986 858 1437 1722 1464 1617 1520 1833 1713 618 1120 2151 1395 1344 1172 1420 690 
1806 2290 1316 1824 1118 1690 2262 2280 1762 1720 1138 1696 1868 1514 1610 1800 1534 1498 1552 1536 0 2062 1790 2342 1468 1764 1840 1992 1906 1684 1132 1672 1264 2362 1018 1700 1936 1510 1568 1554 998 1886 1618 2024 838 1388 2014 1694 1804 1210 1970 1326 1602 1822 2046 1584 1718 1724 1572 1898 1664 1874 2006 1790 1826 1896 1956 1976 1656 1508 2522 1852 2370 2088 2132 2808 1968 1586 1538 2018 1600 2050 2100 2090 1746 2132 1970 1792 2252 1580 2270 1850 1792 1936 2304 1746 1712 2134 2594 1996 
1524 2030 1382 1396 1180 916 1452 1692 988 1292 1750 1328 1610 1500 678 1372 1274 2110 1614 1168 2062 0 898 1914 1410 1716 922 70 1848 1402 930 1016 1062 1678 1084 2094 1148 1572 494 1984 1064 1270 1092 1902 1450 1374 1756 1010 1632 1088 1766 1278 1668 1486 1398 1156 1296 1204 2060 706 1222 1190 1674 1454 1892 1474 1620 1292 1722 1232 2108 1430 2034 1666 1690 2416 1632 1746 1202 1576 1158 1540 2166 1968 1304 1690 1948 1198 1810 1864 1676 1836 1350 1660 1968 1410 1376 1712 2152 1312 
1426 1798 694 808 1090 826 1362 794 898 704 1570 1316 1092 1194 588 1056 1042 2020 1524 1156 1790 898 0 1598 512 1558 832 828 950 1312 840 118 972 1666 812 1232 1058 1482 404 1086 792 372 1080 1560 1360 592 1238 998 1156 998 1450 1120 1396 1170 1308 840 990 1036 1788 1040 1246 1178 1368 1138 1620 1168 1304 1280 1450 916 1870 1124 1718 1360 1714 2228 1316 1462 886 1388 1182 1528 1894 1626 1116 1714 1642 1200 1796 1774 1678 1054 1374 1344 1652 1094 1060 1406 1964 1286 
1754 682 1662 998 1950 1842 1944 2156 1914 894 2162 1686 1298 1816 1604 974 1438 1610 2384 1526 2342 1914 1598 0 1698 1574 1848 1844 2136 1632 1478 1480 1610 2036 1364 1782 1840 2342 1420 1928 1344 1734 1286 1750 1862 1618 1444 1368 1234 1858 1368 1672 1616 1088 1728 758 1612 1556 1754 1552 1164 1548 1320 1056 1840 1790 1222 1650 2002 834 1788 1548 1636 1946 1632 2358 1234 1870 804 1518 1100 1898 2114 1770 1246 1632 1594 1118 1752 2194 1596 1816 1292 1262 1570 1012 978 1792 2094 1430 
1553 2298 1182 1626 2915 3345 1302 1605 1410 1470 2139 1168 1450 2205 2200 1156 1940 2679 1600 1512 1468 1410 512 1698 0 2472 1064 2010 438 2770 906 985 736 1686 735 1064 1178 1558 2290 1891 1175 1620 1872 3540 2815 200 1815 2545 1610 2516 3360 1995 2565 1975 2715 2350 3165 2285 3102 3005 814 2995 3430 1146 3125 2744 2624 1950 1128 2310 2550 3500 1726 1564 1923 1716 1324 1900 2235 1314 1875 3044 1494 2223 1510 1923 4115 3020 2568 1552 2529 1355 942 1352 1884 2755 1350 1682 1452 3230 
2361 2133 1626 1584 2924 2184 1644 3072 1164 1428 2493 1450 1960 2673 3040 1032 1332 3033 1896 1935 1764 1716 1558 1574 2472 0 3216 2640 1674 2904 1350 2880 1032 772 1179 1464 1068 1854 2672 2649 1532 3040 2384 2612 2724 2312 2252 2264 1832 3108 412 876 2596 2108 2856 1632 3156 1712 3440 2020 1070 2624 2572 1022 3044 3512 2376 2121 1424 1480 2631 2932 1602 1852 2307 2058 1200 3672 1540 1827 2012 2324 1796 2058 1892 2307 3120 2048 3497 1894 2253 3236 1198 1168 2304 1956 1416 1758 1794 2792 
2175 3096 1740 1995 2228 1700 1386 1251 922 1839 2526 1540 2224 2151 1224 1306 2616 3066 1548 2070 1840 922 832 1848 1064 3216 0 1278 970 2672 1156 1852 592 2058 1293 1596 1082 1506 856 2689 1684 2360 2616 3672 2768 904 2516 2780 2352 2044 3400 2340 2892 2644 2664 2180 2460 2276 3778 2128 1186 3140 3216 1388 3340 2816 3108 2508 1500 2332 3108 2728 1968 1600 2481 2088 1566 2644 2272 1872 2244 3788 1866 2853 1952 2481 3764 2900 3312 1798 2892 1828 1314 1594 2682 2688 1965 1646 1824 3052 
2181 3120 1968 1989 1665 1269 1382 2433 918 1833 2520 1258 2310 2145 912 1302 1986 3060 1544 1647 1992 70 828 1844 2010 2640 1278 0 1778 1998 1290 1419 992 1608 1521 2024 1078 1502 636 2871 1491 1800 1533 2748 2070 1956 2529 1410 2343 1527 2544 1983 2397 2124 1992 1629 1839 1701 2985 1306 1272 1680 2406 1384 2733 2106 2325 1833 1652 1743 3174 2040 1964 1596 2610 2466 1562 2514 1698 2439 1812 2205 2096 2847 2031 2610 2817 1991 2790 1794 2708 2649 1400 1590 2847 2010 1959 1642 2202 1863 
476 1970 1226 1522 1456 1776 1740 1508 1848 1418 1212 1606 1018 1588 1538 1594 1214 1502 1890 1446 1906 1848 950 2136 438 1674 970 1778 0 598 1042 832 1174 2124 928 1502 1616 1848 1354 1648 908 1086 1374 1854 1512 518 1164 1456 1082 1548 1782 1236 1464 1142 1524 1378 1704 1352 1904 1640 1252 1636 1810 1584 1688 1810 1750 1738 1566 1362 2138 1838 2164 2002 1720 2154 1762 1388 1332 1314 1188 1960 1932 1920 1042 1720 2084 1646 1722 1990 2124 980 1380 1790 1694 1540 1252 2120 1890 1730 
183 2748 1506 1671 3398 3325 1866 2952 1402 1515 921 1182 1885 1485 2184 1090 6680 1356 1536 1533 1684 1402 1312 1632 2770 2904 2672 1998 598 0 1230 5440 952 1532 1059 1238 1562 1494 3632 2199 2744 4722 1892 4671 4298 4304 3153 3456 2471 2388 3544 3042 3970 1360 6056 3113 5446 3954 3296 6176 1188 3654 5632 1080 3240 2878 2492 1719 1344 3688 2718 5332 1660 1564 2484 2328 1258 3200 3568 2313 4512 2788 1570 2691 5096 2484 3725 3554 3561 1656 2430 3845 1316 1286 2145 3236 981 1610 2118 2915 
1413 3138 678 1440 1245 1287 1394 2124 930 1284 1635 832 1506 2163 930 936 2004 2175 1264 1008 1132 930 840 1478 906 1350 1156 1290 1042 1230 0 1212 132 1498 231 1488 1090 1222 654 2259 201 1533 1368 2559 1185 786 1725 1245 1410 1383 1659 693 1107 1437 2010 1080 1857 1719 1695 1551 974 1515 1785 926 1443 2124 1638 1668 792 966 2487 1953 1506 1608 2163 2160 1104 2091 1011 1980 1365 1779 1236 2460 1572 2163 2196 1392 2190 1532 2109 1479 1102 1072 2160 1323 1272 1654 1896 1698 
2049 2520 864 1035 3786 2360 1480 1014 1016 879 2178 1198 2435 1614 1412 938 4620 2985 1642 1557 1672 1016 118 1480 985 2880 1852 1419 832 5440 1212 0 940 1548 1041 1114 1176 1600 3646 1452 3707 762 1924 3727 7315 2486 3526 4400 3194 2232 3330 3006 4473 2696 5018 2989 5474 2295 3347 4942 1128 3710 5642 1020 3755 2100 2372 1743 1332 3771 2628 4700 1600 1242 2394 2110 1198 2688 5562 1905 6092 2820 1776 2262 6019 2394 3810 3429 3356 1892 2340 2340 1256 1226 2301 3067 1413 1288 1846 2920 
1074 2224 584 1092 962 990 1526 1426 1062 988 1222 964 1136 1574 752 1068 1468 1582 1396 804 1264 1062 972 1610 736 1032 592 992 1174 952 132 940 0 1630 286 1620 1222 1354 568 1638 266 1154 1044 1838 922 656 1282 962 1072 1054 1238 594 870 1090 1472 852 1370 1278 1262 1166 1106 1142 1322 1058 1094 1548 1224 1244 924 776 1790 1434 1638 1740 1574 2292 1236 1526 806 1452 1042 1318 1368 1772 1180 1574 1596 1060 1592 1664 1538 1118 1234 1204 1572 1014 980 1786 2028 1264 
1654 2194 1682 1518 1810 1864 1780 2224 1936 1414 1830 986 1268 1470 2118 1494 1438 2190 2244 826 2362 1678 1666 2036 1686 772 2058 1608 2124 1532 1498 1548 1630 0 1384 1752 1840 2202 1934 1898 1364 1802 750 1900 1530 1606 1414 668 1332 1902 978 1210 1714 1478 1564 1278 1266 1392 1818 1388 1000 848 1384 1484 1938 1444 1494 950 2022 1202 1886 1140 1908 1636 1468 2194 1644 1404 1232 1354 936 1198 1972 1834 1082 1468 1658 1486 1588 2030 1732 1652 1128 1630 1944 1440 1406 1682 1930 970 
1242 3033 507 1269 1074 1503 1548 1953 1074 1113 1464 718 1335 2028 1152 822 1899 2004 1150 837 1018 1084 812 1364 735 1179 1293 1521 928 1059 231 1041 286 1384 0 1374 1244 1108 885 2088 30 1362 1197 2388 1014 615 1554 1074 1239 1212 1488 522 936 1266 2124 909 1971 1866 1464 1380 860 1344 1614 812 1272 2238 1467 1497 678 795 2316 1782 1392 1642 1992 2046 990 1920 840 1809 1194 1608 1122 2289 1401 1992 2025 1221 2019 1418 1938 1308 988 958 1989 1152 1101 1548 1782 1527 
1360 2314 1672 1264 1142 1680 1666 1790 1752 1160 1162 1402 484 1336 1634 1240 1558 1522 1316 1242 1700 2094 1232 1782 1064 1464 1596 2024 1502 1238 1488 1114 1620 1752 1374 0 1960 1534 1636 146 1354 1368 1002 2010 862 1144 338 1084 548 1234 1542 1026 930 694 1450 1024 1540 1644 1596 1598 1252 1264 1494 1230 1154 1718 1396 1366 1396 1008 1962 1556 1810 1910 1720 2446 1408 1610 978 1606 1188 1614 1428 1944 1334 1720 1640 1292 1652 1604 1770 1606 1380 1436 868 1186 804 1956 2182 1290 
1684 1158 1542 1072 1340 1076 1600 1852 1148 1176 1398 1634 1752 1660 838 1528 402 1758 1774 1474 1936 1148 1058 1840 1178 1068 1082 1078 1616 1562 1090 1176 1222 1840 1244 1960 0 1732 654 1814 1224 1256 1234 1042 1098 1258 1898 1316 1774 1248 1274 1506 1828 1628 1384 1312 1456 592 1832 970 1112 1496 1558 1596 2052 1634 1762 1598 1882 1314 1998 1590 2162 1826 1580 2014 1774 1846 1344 1174 1048 1846 1792 1108 902 1580 1832 1462 1700 1840 1940 1720 1240 1742 2110 1552 1518 1872 1750 1590 
1372 2124 1406 1824 392 790 2036 2276 862 1720 972 1786 1950 1348 894 1800 1368 1332 826 1626 1510 1572 1482 2342 1558 1854 1506 1502 1848 1494 1222 1600 1354 2202 1108 1534 1732 0 1078 1388 1088 1854 1452 1298 672 1478 1804 1534 1894 484 2060 1416 1692 1822 1880 1584 1552 1558 1406 1714 1498 1714 1814 1374 1916 1730 1956 1816 1746 1568 2384 1686 2370 1922 1966 2642 1930 1420 1538 1852 1434 2064 2190 1364 1580 1966 1804 1852 2086 1414 2272 1940 1626 1996 2304 1330 1712 1968 2428 1836 
1545 2484 1332 1353 2608 1055 958 1797 494 1197 1884 1268 3124 1509 368 878 4734 2424 1120 1662 1568 494 404 1420 2290 2672 856 636 1354 3632 654 3646 568 1934 885 1636 654 1078 0 2235 6415 2328 2380 3586 7850 3600 4332 6342 3652 1188 3180 2694 4109 2710 3164 2317 4812 1775 3156 2544 1068 4383 5310 960 3495 1960 2252 1983 1228 2952 2538 4212 1540 1172 2304 2132 1138 3408 6669 1938 7154 3140 1672 2211 6380 2304 3635 3066 3432 1370 2250 3355 1196 1166 2211 2748 1323 1218 1868 2745 
2382 3252 2316 2239 1494 2352 1812 2466 1640 2083 1524 1548 1601 2088 2232 1386 2118 2064 1430 2256 1554 1984 1086 1928 1891 2649 2689 2871 1648 2199 2259 1452 1638 1898 2088 146 1814 1388 2235 0 2058 1833 1896 2853 1074 2011 1528 2019 1697 1632 2827 2022 2064 1850 2558 2015 2394 2403 2175 2709 1398 2289 2582 1376 2400 2661 2619 2442 1542 2026 3322 2567 1956 1966 2871 2592 1554 2196 1992 2700 2073 2814 1574 2952 2292 2871 2710 2452 2863 1458 3074 2704 1526 1582 2265 2299 1905 2012 2328 2376 
1212 3003 477 1239 2088 2455 1528 1923 1054 1083 1434 698 2175 1998 1508 802 6442 1974 1130 807 998 1064 792 1344 1175 1532 1684 1491 908 2744 201 3707 266 1364 30 1354 1224 1088 6415 2058 0 2664 1556 3933 4920 1560 3299 4176 2418 1576 2466 984 2114 2124 4886 2051 7926 3060 2189 3640 840 3240 4752 792 2070 2944 1916 1467 658 2040 2286 5358 1372 1622 1962 2026 970 2520 5648 1779 5714 2104 1102 2259 5492 1962 3325 2382 2652 1398 1908 2130 968 938 1959 2244 1071 1528 1762 2495 
2410 2415 1245 1416 4508 2995 1672 1395 1270 1260 1797 992 3070 1233 1920 1192 2724 3237 1896 1798 1886 1270 372 1734 1620 3040 2360 1800 1086 4722 1533 762 1154 1802 1362 1368 1256 1854 2328 1833 2664 0 2432 3735 4563 2184 4288 3402 3956 2740 3965 3648 4476 3331 4480 3067 1854 1660 2860 4236 1184 3108 2988 956 3905 1592 2880 1707 1546 3249 3009 2256 1854 988 2478 2086 996 3092 3159 1869 3459 2772 1864 2169 3061 2478 3175 3582 3624 1922 2007 2975 1312 1480 2682 3230 1794 1034 1822 2285 
1602 2382 1644 1152 2120 3224 1030 2457 1554 996 1620 400 1036 1326 2748 744 1664 2160 1494 360 1618 1092 1080 1286 1872 2384 2616 1533 1374 1892 1368 1924 1044 750 1197 1002 1234 1452 2380 1896 1556 2432 0 2628 1560 1712 1328 164 1164 2304 1972 2120 1928 1456 1628 1056 1360 1284 2464 1276 250 524 1596 734 2376 1716 1800 546 1430 904 1704 1108 1300 1050 1077 1444 912 1636 964 906 372 1224 1222 1872 664 1077 2144 1472 2079 1280 1719 1804 378 880 1791 1380 984 1096 1180 768 
2829 2094 2835 1128 2620 4641 1838 3177 1902 1284 2211 1550 3971 1647 2448 1208 1600 2769 1340 2085 2024 1902 1560 1750 3540 2612 3672 2748 1854 4671 2559 3727 1838 1900 2388 2010 1042 1298 3586 2853 3933 3735 2628 0 3040 3740 4336 3241 3868 1628 3822 4360 4193 3503 4055 2566 2274 2075 1900 3020 1350 3319 1707 1116 4098 2144 2900 2121 1812 2658 3024 2073 1864 1264 2727 1628 1272 2132 2583 2118 3215 3024 2030 99 2850 2727 2392 3080 3951 1928 2421 3671 1478 1490 2697 2767 1809 1310 1988 3014 
1554 2178 1461 2016 840 2130 1424 2907 924 1860 450 1180 3269 1014 1544 1320 3480 990 714 1530 838 1450 1360 1862 2815 2724 2768 2070 1512 4298 1185 7315 922 1530 1014 862 1098 672 7850 1074 4920 4563 1560 3040 0 4184 4088 5045 4160 744 3905 2952 4410 3413 4501 3864 7980 2215 1468 4856 826 3647 5391 1262 3710 2406 2952 1716 1314 4112 2568 5523 1876 1250 1941 1970 1258 1496 8556 1770 5334 2784 1758 1878 5448 1941 2985 3936 3112 742 2400 3695 954 1456 2642 3678 1848 1296 1756 2910 
1593 2418 1062 1650 3258 3255 1222 1725 1374 1494 2019 1088 1650 2214 2128 1076 3592 2559 1520 1392 1388 1374 592 1618 200 2312 904 1956 518 4304 786 2486 656 1606 615 1144 1258 1478 3600 2011 1560 2184 1712 3740 4184 0 2911 3826 2218 2356 3160 2154 3479 2175 3521 3010 5088 2085 2942 4488 734 3913 5206 1066 3045 2584 2464 1830 1048 3376 2430 5472 1646 1484 1803 1636 1244 1740 3256 1194 2680 2884 1414 2343 2096 1803 3915 3384 2408 1472 2409 1155 862 1272 2004 3066 1470 1688 1372 3030 
1533 3252 2001 1389 4304 3355 1328 2694 1414 1233 2061 1064 365 1497 3064 902 4691 2706 978 1356 2014 1756 1238 1444 1815 2252 2516 2529 1164 3153 1725 3526 1282 1414 1554 338 1898 1804 4332 1528 3299 4288 1328 4336 4088 2911 0 2865 1229 3008 3074 2643 2207 890 3731 2396 3652 3308 3180 4013 914 3199 3790 892 2040 2760 2116 1542 1058 2348 2436 3772 1472 1572 2073 2108 1070 2964 2258 1902 2805 2552 1090 2409 3243 2073 3255 3200 2628 1578 2148 3170 1042 1098 795 2882 699 1618 1844 2380 
1479 2505 1521 1275 3426 4195 1112 2334 1636 1119 1743 318 1729 1203 2900 826 5896 2283 1576 237 1694 1010 998 1368 2545 2264 2780 1410 1456 3456 1245 4400 962 668 1074 1084 1316 1534 6342 2019 4176 3402 164 3241 5045 3826 2865 0 2322 2468 2315 3072 4042 2044 3136 2135 3006 1810 2300 3168 332 630 3222 816 3181 1552 1652 423 1354 2348 1827 2124 1240 968 1200 1526 976 1472 3366 1029 2204 1060 1304 1749 2922 1200 2475 2454 2243 1362 1596 2460 460 962 1914 2316 1107 1014 1262 755 
1218 2980 1686 1074 4506 2830 1246 2571 1204 918 1956 982 160 1812 2644 692 4158 2391 1188 1233 1804 1632 1156 1234 1610 1832 2352 2343 1082 2471 1410 3194 1072 1332 1239 548 1774 1894 3652 1697 2418 3956 1164 3868 4160 2218 1229 2322 0 2968 2549 1434 1146 365 3252 2062 3214 2976 2760 3150 790 2552 3265 682 1515 2432 1696 1419 848 1954 2121 3444 1262 1408 1887 1930 860 2800 1924 1716 2220 2388 880 2094 2658 1887 2730 2806 2208 1496 1833 2965 918 888 1110 2548 384 1418 1720 1855 
1608 2736 1659 2010 184 2032 1552 2688 1088 1854 1008 1486 3096 1572 820 1316 2136 1548 526 1989 1210 1088 998 1858 2516 3108 2044 1527 1548 2388 1383 2232 1054 1902 1212 1234 1248 484 1188 1632 1576 2740 2304 1628 744 2356 3008 2468 2968 0 3236 2232 2784 2676 2996 2200 2576 2516 2212 2460 1198 2828 2660 890 3232 2932 2944 2274 1446 2168 3057 2844 1886 1622 2499 2342 1484 2240 2108 2328 2268 3528 1890 1320 2560 2499 3008 2736 3736 1114 2769 3280 1326 1512 2730 1692 1842 1668 2128 3072 
2271 2442 1935 1275 4191 3443 1438 3012 1370 1119 2793 1244 2709 2364 2912 826 2364 3333 2102 1626 1970 1766 1450 1368 3360 412 3400 2544 1782 3544 1659 3330 1238 978 1488 1542 1274 2060 3180 2827 2466 3965 1972 3822 3905 3160 3074 2315 2549 3236 0 1974 3504 2186 3055 1525 3430 2625 3028 3058 864 2765 2700 816 4064 3100 1964 1812 1630 1335 2322 3150 1396 1646 1998 1852 994 3260 1410 1518 2000 2736 1630 2295 1850 1998 3385 2045 3152 1688 1944 3790 992 962 1995 1930 1107 1552 1588 2975 
1704 2790 969 1731 3072 1635 1724 2415 726 1575 1926 1026 1355 2490 2164 1130 3330 2466 1458 1299 1326 1278 1120 1672 1995 876 2340 1983 1236 3042 693 3006 594 1210 522 1026 1506 1416 2694 2022 984 3648 2120 4360 2952 2154 2643 3072 1434 2232 1974 0 2580 1560 4596 2742 4488 3235 2845 1716 1088 3287 4152 1120 2710 3340 2572 1764 986 2514 2778 4438 1700 1862 2334 2282 1298 3176 2604 2163 3072 1448 1358 2715 3510 2334 3925 3192 3164 1726 2313 2950 1216 1266 1827 3228 1101 1856 2018 2990 
1791 3553 1383 1647 3900 3785 1628 2829 1586 1491 2340 1302 1115 2058 2716 1074 6229 2880 1570 1713 1602 1668 1396 1616 2565 2596 2892 2397 1464 3970 1107 4473 870 1714 936 930 1828 1692 4109 2064 2114 4476 1928 4193 4410 3479 2207 4042 1146 2784 3504 2580 0 1320 5333 3501 4214 3931 2484 5048 1172 4438 3993 1064 560 2692 2460 1992 466 3355 2694 3783 1644 1538 2460 1682 1242 3336 3340 2289 4053 3152 498 2352 4498 1347 2110 3650 1444 1878 2406 3640 1182 1270 1386 3392 957 1584 2102 2810 
999 2761 1713 855 3683 3195 1392 2592 1350 699 1737 1128 525 1944 2352 546 3232 2172 1334 1452 1822 1486 1170 1088 1975 2108 2644 2124 1142 1360 1437 2696 1090 1478 1266 694 1628 1822 2710 1850 2124 3331 1456 3503 3413 2175 890 2044 365 2676 2186 1560 1320 0 2940 1288 2776 2757 2468 2662 644 2485 2210 536 1880 2540 1404 1638 994 1218 1902 2697 1116 1426 1668 1784 714 2700 1173 1497 1617 2680 1026 1875 1982 1668 2365 1928 2473 1642 1614 3258 772 742 1329 1693 165 1272 1574 2220 
2763 2607 2571 1815 4566 3315 216 3153 1398 1659 2262 1214 2415 2151 2176 1186 3437 2802 1922 1581 2046 1398 1308 1728 2715 2856 2664 1992 1524 6056 2010 5018 1472 1564 2124 1450 1384 1880 3164 2558 4886 4480 1628 4055 4501 3521 3731 3136 3252 2996 3055 4596 5333 2940 0 3395 4305 1980 3748 3780 692 3766 5040 1176 4090 2816 2684 1767 1878 3129 2367 4641 1742 1600 1230 1594 1354 3264 3234 1131 2198 2852 1372 2532 1687 1740 4285 3534 2963 466 2484 3360 820 1322 2463 3396 1647 1646 1330 2925 
1494 2273 1356 360 3621 2710 1186 2097 1156 204 2106 928 1603 1587 1692 216 3341 2646 1626 1152 1584 1156 840 758 2350 1632 2180 1629 1378 3113 1080 2989 852 1278 909 1024 1312 1584 2317 2015 2051 3067 1056 2566 3864 3010 2396 2135 2062 2200 1525 2742 3501 1288 3395 0 2989 1995 1992 2779 406 2765 1967 298 2871 2064 928 1338 1244 266 1545 2765 878 1188 1311 1600 476 2224 161 1140 1197 2280 1356 1518 1708 1311 2090 1080 2236 1436 1257 2645 534 504 1218 762 330 1034 1336 1680 
1974 3006 2172 1641 3972 3060 1446 2322 1296 1485 870 916 2755 306 1972 1070 6669 2310 1594 1134 1718 1296 990 1612 3165 3156 2460 1839 1704 5446 1857 5474 1370 1266 1971 1540 1456 1552 4812 2394 7926 1854 1360 2274 7980 5088 3652 3006 3214 2576 3430 4488 4214 2776 4305 2989 0 2645 1624 4380 896 1647 1701 978 2360 356 2452 780 1186 3363 2673 603 1640 370 2046 1490 378 1856 5023 1194 4998 1536 1638 1242 4488 2046 1630 1728 3101 1622 1080 2620 1024 1266 2361 2802 1473 416 1596 740 
2553 1419 2241 1290 2915 2830 1008 2391 1204 1401 1779 1042 2943 1893 1788 1014 475 2319 1600 1323 1724 1204 1036 1556 2285 1712 2276 1701 1352 3954 1719 2295 1278 1392 1866 1644 592 1558 1775 2403 3060 1660 1284 2075 2215 2085 3308 1810 2976 2516 2625 3235 3931 2757 1980 1995 2645 0 3240 1895 520 2260 3170 1004 4218 2472 2340 1509 1882 1805 2109 2885 1570 1428 1482 1422 1182 2920 1880 873 1140 2508 1200 1344 775 1482 3855 2515 2619 1258 2226 2930 648 1150 2277 2400 1389 1474 1158 2495 
2655 3279 1971 1854 2028 3172 2090 3417 1658 1698 1551 1468 2888 1524 3012 1212 2860 2091 1448 1962 1572 2060 1788 1754 3102 3440 3778 2985 1904 3296 1695 3347 1262 1818 1464 1596 1832 1406 3156 2175 2189 2860 2464 1900 1468 2942 3180 2300 2760 2212 3028 2845 2484 2468 3748 1992 1624 3240 0 3224 1310 2460 868 1034 2932 1980 2736 1998 1654 1960 2901 1356 1782 1182 2667 1236 1190 1968 1900 2010 2492 2860 1740 1326 2784 2667 796 2240 3829 1476 2298 2528 1438 1408 2574 1980 1686 1228 2240 2216 
2499 1986 1827 1551 4138 2540 1296 2751 916 1395 2271 1038 2785 1908 1640 1010 2272 2811 1756 1317 1898 706 1040 1552 3005 2020 2128 1306 1640 6176 1551 4942 1166 1388 1380 1598 970 1714 2544 2709 3640 4236 1276 3020 4856 4488 4013 3168 3150 2460 3058 1716 5048 2662 3780 2779 4380 1895 3224 0 516 3150 4755 1000 4140 2492 2332 1503 1558 2872 2103 3844 1566 1320 1476 1710 1178 2912 2992 1305 1808 2500 1488 1911 2392 1476 3630 1476 2611 1546 1455 2920 644 1146 2271 2868 1383 1484 1446 2485 
1310 1466 1158 646 1106 1490 908 1804 1432 542 1126 650 768 1100 1252 622 710 1486 1540 490 1664 1222 1246 1164 814 1070 1186 1272 1252 1188 974 1128 1106 1000 860 1252 1112 1498 1068 1398 840 1184 250 1350 826 734 914 332 790 1198 864 1088 1172 644 692 406 896 520 1310 516 0 512 876 612 1270 1074 778 614 1498 330 1014 762 1178 1266 596 1322 790 1068 360 482 64 862 1100 1326 210 596 1150 614 716 1158 1092 780 256 758 1126 568 534 1312 1058 606 
1749 2775 1791 1545 3966 4105 1292 2604 1714 1389 1497 498 2024 933 2808 1006 3829 2553 1756 507 1874 1190 1178 1548 2995 2624 3140 1680 1636 3654 1515 3710 1142 848 1344 1264 1496 1714 4383 2289 3240 3108 524 3319 3647 3913 3199 630 2552 2828 2765 3287 4438 2485 3766 2765 1647 2260 2460 3150 512 0 2836 996 3405 1192 2012 153 1534 2499 2097 1982 1420 788 1470 1706 796 1112 2604 1299 1568 700 1484 1869 2079 1470 2675 2982 2603 1542 1326 2910 640 1142 2184 2856 1377 834 1442 305 
2199 2868 2061 1203 4292 4005 1656 2889 1674 1047 1437 1034 2678 873 2728 778 5957 2742 1856 1311 2006 1674 1368 1320 3430 2572 3216 2406 1810 5632 1785 5642 1322 1384 1614 1494 1558 1814 5310 2582 4752 2988 1596 1707 5391 5206 3790 3222 3265 2660 2700 4152 3993 2210 5040 1967 1701 3170 868 4755 876 2836 0 600 2635 1112 1868 1347 1296 2184 2250 1098 1348 748 2016 1112 756 1100 2322 1359 3654 1992 1616 675 4311 2016 685 2058 2982 1906 1647 2075 1004 974 1923 1668 1035 794 1806 1685 
1202 1738 1110 538 982 1382 1392 1696 1454 434 1558 1134 746 1182 1144 514 1194 1922 1416 974 1790 1454 1138 1056 1146 1022 1388 1384 1584 1080 926 1020 1058 1484 812 1230 1596 1374 960 1376 792 956 734 1116 1262 1066 892 816 682 890 816 1120 1064 536 1176 298 978 1004 1034 1000 612 996 600 0 1288 1156 670 1098 1450 282 1236 844 1084 1348 1080 1712 682 1150 252 966 548 1346 1562 1050 694 1080 874 566 1200 1642 1044 1264 740 710 1018 44 426 1240 1542 878 
2127 3826 1719 1983 3810 4345 1852 3165 1810 1827 2286 1526 1675 1722 3164 1298 4693 3216 1794 2049 1826 1892 1620 1840 3125 3044 3340 2733 1688 3240 1443 3755 1094 1938 1272 1154 2052 1916 3495 2400 2070 3905 2376 4098 3710 3045 2040 3181 1515 3232 4064 2710 560 1880 4090 2871 2360 4218 2932 4140 1270 3405 2635 1288 0 2244 2881 2196 242 2801 3024 2025 1850 1314 2607 1906 1322 3208 2756 2208 3078 3124 722 2256 3443 1011 2670 3130 1892 2102 2496 4200 1398 1494 1722 3276 1293 1360 2200 3100 
2241 3273 2439 1908 2840 2804 1624 2589 1474 1752 1137 1094 2560 573 2328 1248 2852 2577 1772 1401 1896 1474 1168 1790 2744 3512 2816 2106 1810 2878 2124 2100 1548 1444 2238 1718 1634 1730 1960 2661 2944 1592 1716 2144 2406 2584 2760 1552 2432 2932 3100 3340 2692 2540 2816 2064 356 2472 1980 2492 1074 1192 1112 1156 2244 0 2808 1047 1364 2032 2940 624 1818 192 2313 1668 556 2212 1972 1461 2020 1892 1816 1509 1852 2313 1660 1508 3144 1800 813 1660 1202 1444 2628 2224 1740 594 1774 948 
2052 2962 1914 1056 3128 3096 1558 2793 1620 900 2664 1144 1824 2145 2620 680 2720 3204 1998 1476 1956 1620 1304 1222 2624 2376 3108 2325 1750 2492 1638 2372 1224 1494 1467 1396 1762 1956 2252 2619 1916 2880 1800 2900 2952 2464 2116 1652 1696 2944 1964 2572 2460 1404 2684 928 2452 2340 2736 2332 778 2012 1868 670 2881 2808 0 1662 1616 896 1279 2324 414 1560 1869 1972 848 2968 836 1698 1428 2712 1728 2076 1720 1143 2416 1464 2980 1808 1815 2860 906 876 1776 1252 888 1406 1708 2088 
1902 2928 1944 1698 2136 2616 1394 2757 1816 1542 1650 600 1323 1086 2259 1108 1794 2706 1858 660 1976 1292 1280 1650 1950 2121 2508 1833 1738 1719 1668 1743 1244 950 1497 1366 1598 1816 1983 2442 1467 1707 546 2121 1716 1830 1542 423 1419 2274 1812 1764 1992 1638 1767 1338 780 1509 1998 1503 614 153 1347 1098 2196 1047 1662 0 1636 1224 2250 981 1522 890 1623 1808 898 987 1269 1452 825 678 1586 2022 1044 1623 1758 1461 1803 1644 1479 1899 742 1244 2337 1581 1530 936 1544 336 
1466 2660 976 1484 1354 1640 2094 1940 1712 1380 1614 1356 912 1390 1412 1460 1904 1974 1788 1196 1656 1722 1450 2002 1128 1424 1500 1652 1566 1344 792 1332 924 2022 678 1396 1882 1746 1228 1542 658 1546 1430 1812 1314 1048 1058 1354 848 1446 1630 986 466 994 1878 1244 1186 1882 1654 1558 1498 1534 1296 1450 242 1364 1616 1636 0 1168 2182 1052 2030 1556 1966 2148 1564 1846 1198 1714 1434 1710 964 1746 1572 916 1310 1452 1188 2056 1906 1510 1626 1596 1390 1406 1104 1602 2420 1482 
1470 2350 1242 474 3543 2900 1110 2211 1232 318 1992 852 1533 1563 1844 292 3685 2532 1610 1038 1508 1232 916 834 2310 1480 2332 1743 1362 3688 966 3771 776 1202 795 1008 1314 1568 2952 2026 2040 3249 904 2658 4112 3376 2348 2348 1954 2168 1335 2514 3355 1218 3129 266 3363 1805 1960 2872 330 2499 2184 282 2801 2032 896 1224 1168 0 1521 2928 862 1112 1197 1524 460 2192 120 1026 1064 2128 1302 1494 1648 1197 2050 852 2084 1360 1143 2455 458 428 1194 714 306 1018 1260 1640 
2901 3528 2763 1905 2988 3171 1794 3642 2186 1749 3018 1536 2217 2979 2814 1246 2394 3558 2426 2064 2522 2108 1870 1788 2550 2631 3108 3174 2138 2718 2487 2628 1790 1886 2316 1962 1998 2384 2538 3322 2286 3009 1704 3024 2568 2430 2436 1827 2121 3057 2322 2778 2694 1902 2367 1545 2673 2109 2901 2103 1014 2097 2250 1236 3024 2940 1279 2250 2182 1521 0 2472 164 2126 2223 2208 1414 2931 1476 2052 1425 2622 1986 2925 1644 2081 2661 1947 2403 2044 2664 2499 1142 1442 2625 1788 1737 1972 1944 2238 
2175 3150 2229 1545 4362 3395 1542 2523 1430 1389 1071 790 2762 507 2240 1006 6104 2511 1728 945 1852 1430 1124 1548 3500 2932 2728 2040 1838 5332 1953 4700 1434 1140 1782 1556 1590 1686 4212 2567 5358 2256 1108 2073 5523 5472 3772 2124 3444 2844 3150 4438 3783 2697 4641 2765 603 2885 1356 3844 762 1982 1098 844 2025 624 2324 981 1052 2928 2472 0 1576 504 1845 1356 512 1588 3348 993 3141 1504 1532 1041 3798 1845 1295 1326 2903 1756 1281 2685 890 1154 2265 2400 1377 550 1692 1075 
1782 2318 1690 1118 1978 1962 1958 2276 2034 1014 2176 1558 1326 1844 1724 1094 1760 2536 2412 1398 2370 2034 1718 1636 1726 1602 1968 1964 2164 1660 1506 1600 1638 1908 1392 1810 2162 2370 1540 1956 1372 1854 1300 1864 1876 1646 1472 1240 1262 1886 1396 1700 1644 1116 1742 878 1640 1570 1782 1566 1178 1420 1348 1084 1850 1818 414 1522 2030 862 164 1576 0 1974 1646 2372 1262 1898 832 1532 1114 1770 2142 1798 1260 1176 1622 1146 1766 2208 1624 1830 1306 1290 1598 1040 1006 1820 2108 1458 
1686 2374 1818 1428 1530 1594 1816 1918 1666 1324 950 1286 1472 574 1356 1404 1618 1910 1964 1126 2088 1666 1360 1946 1564 1852 1600 1596 2002 1564 1608 1242 1740 1636 1642 1910 1826 1922 1172 1966 1622 988 1050 1264 1250 1484 1572 968 1408 1622 1646 1862 1538 1426 1600 1188 370 1428 1182 1320 1266 788 748 1348 1314 192 1560 890 1556 1112 2126 504 1974 0 1734 1860 748 1298 1142 1166 1202 1138 2008 1198 1118 1734 1022 828 1764 1992 734 1022 1394 1540 1908 1304 1316 786 1966 666 
2667 2901 2439 1671 2361 2937 1036 3408 1900 1515 2391 1118 1854 2352 2580 1090 1767 2931 2008 1437 2132 1690 1714 1632 1923 2307 2481 2610 1720 2484 2163 2394 1574 1468 1992 1720 1580 1966 2304 2871 1962 2478 1077 2727 1941 1803 2073 1200 1887 2499 1998 2334 2460 1668 1230 1311 2046 1482 2667 1476 596 1470 2016 1080 2607 2313 1869 1623 1966 1197 2223 1845 1646 1734 0 1790 1258 2304 1242 1425 798 1995 1568 2691 1017 1596 2427 1623 1776 1286 2340 1872 724 1226 2391 1554 1503 1780 918 1611 
2450 2368 2344 1840 2250 2554 1810 2786 2626 1736 2070 1844 1962 1694 2316 1816 1612 2630 2684 1684 2808 2416 2228 2358 1716 2058 2088 2466 2154 2328 2160 2110 2292 2194 2046 2446 2014 2642 2132 2592 2026 2086 1444 1628 1970 1636 2108 1526 1930 2342 1852 2282 1682 1784 1594 1600 1490 1422 1236 1710 1322 1706 1112 1712 1906 1668 1972 1808 2148 1524 2208 1356 2372 1860 1790 0 1868 1662 1554 840 1258 2056 2002 1562 1112 1790 838 1798 1910 2060 2210 1942 1450 1952 2320 1668 1728 1906 1960 1786 
1380 1916 1288 716 1538 1560 1570 1874 1632 612 958 1294 924 582 1322 692 1372 1918 1972 1134 1968 1632 1316 1234 1324 1200 1566 1562 1762 1258 1104 1198 1236 1644 990 1408 1774 1930 1138 1554 970 996 912 1272 1258 1244 1070 976 860 1484 994 1298 1242 714 1354 476 378 1182 1190 1178 790 796 756 682 1322 556 848 898 1564 460 1414 512 1262 748 1258 1868 0 1306 430 1144 726 1146 1740 1206 872 1258 1030 744 1378 1820 1098 1386 918 888 1196 638 604 794 1720 674 
2583 3300 2367 2028 2056 3200 1848 3030 1672 1872 1572 1054 2672 1698 3040 1328 2888 2112 1462 1341 1586 1746 1462 1870 1900 3672 2644 2514 1388 3200 2091 2688 1526 1404 1920 1610 1846 1420 3408 2196 2520 3092 1636 2132 1496 1740 2964 1472 2800 2240 3260 3176 3336 2700 3264 2224 1856 2920 1968 2912 1068 1112 1100 1150 3208 2212 2968 987 1846 2192 2931 1588 1898 1298 2304 1662 1306 0 2132 2133 2008 1812 2040 1500 2300 2304 1648 2472 3521 1490 2160 2664 1196 1524 2748 2212 1860 1344 1998 1356 
1425 2335 1287 429 3483 2825 1140 2166 1202 273 2037 882 1488 1518 1784 262 4731 2577 1580 1083 1538 1202 886 804 2235 1540 2272 1698 1332 3568 1011 5562 806 1232 840 978 1344 1538 6669 1992 5648 3159 964 2583 8556 3256 2258 3366 1924 2108 1410 2604 3340 1173 3234 161 5023 1880 1900 2992 360 2604 2322 252 2756 1972 836 1269 1198 120 1476 3348 832 1142 1242 1554 430 2132 0 1071 3380 2188 1310 1449 3055 1242 1975 942 2144 1390 1188 2530 488 458 1149 624 261 988 1290 1565 
2496 2292 2256 1500 2190 2571 970 2919 1786 1344 2064 1004 1683 1500 2214 976 1158 2760 1894 1266 2018 1576 1388 1518 1314 1827 1872 2439 1314 2313 1980 1905 1452 1354 1809 1606 1174 1852 1938 2700 1779 1869 906 2118 1770 1194 1902 1029 1716 2328 1518 2163 2289 1497 1131 1140 1194 873 2010 1305 482 1299 1359 966 2208 1461 1698 1452 1714 1026 2052 993 1532 1166 1425 840 1144 2133 1071 0 627 1824 1162 2034 408 1425 1770 1452 1605 1220 2169 1701 610 1112 2220 1383 1332 1212 1120 1440 
1869 2103 1641 873 3126 3565 844 2610 1368 717 1593 586 1803 1554 2376 558 3791 2133 1476 639 1600 1158 1182 1100 1875 2012 2244 1812 1188 4512 1365 6092 1042 936 1194 1188 1048 1434 7154 2073 5714 3459 372 3215 5334 2680 2805 2204 2220 2268 2000 3072 4053 1617 2198 1197 4998 1140 2492 1808 64 1568 3654 548 3078 2020 1428 825 1434 1064 1425 3141 1114 1202 798 1258 726 2008 3380 627 0 1596 1036 1893 876 798 2715 1650 1707 1094 1542 1790 192 694 1593 1512 705 1248 994 1355 
2274 3300 2055 2070 3344 2756 1642 3129 1450 1914 2022 848 2260 1458 3508 1356 2888 3078 2106 1032 2050 1540 1528 1898 3044 2324 3788 2205 1960 2788 1779 2820 1318 1198 1608 1614 1846 2064 3140 2814 2104 2772 1224 3024 2784 2884 2552 1060 2388 3528 2736 1448 3152 2680 2852 2280 1536 2508 2860 2500 862 700 1992 1346 3124 1892 2712 678 1710 2128 2622 1504 1770 1138 1995 2056 1146 1812 2188 1824 1596 0 1834 2169 1888 1995 2540 2388 3303 1892 1851 3028 990 1492 2709 2604 1902 1184 1792 944 
