0 3.87175 3.42734 3.12351 2.19156 2.97137 2.10556 3.50903 2.28366 2.88338 2.53338 1.9333 2.45914 3.17791 2.44015 1.91853 2.7757 3.16502 1.71069 3.04141 1.95504 2.17762 1.43276 2.44521 2.26336 3.2537 2.60978 3.46247 1.09855 2.18742 2.61386 2.49563 1.55967 2.29285 3.18416 1.74564 1.89082 1.81103 2.26847 2.8853 1.93751 3.01441 2.48497 3.10495 2.17165 2.34829 2.98448 2.60001 2.43173 2.75636 3.2171 2.88046 2.99751 2.39633 3.16129 2.61212 2.95925 2.86145 3.14291 3.07112 1.7516 3.02906 3.08347 1.86369 3.40211 3.45254 3.6435 3.70189 1.85598 2.55376 3.84263 3.05472 2.28462 2.29057 4.18213 2.54365 1.95411 2.80078 2.44652 3.99344 2.47214 3.41702 2.05449 3.46005 2.54782 3.75832 3.28759 3.30406 3.40093 2.12566 3.76329 3.25058 2.05374 2.30134 3.5512 2.82466 3.0252 2.25175 2.53597 2.97188 
3.87175 0 4.31601 3.32103 3.45154 3.6448 2.51097 4.62932 2.38064 3.30975 3.54183 2.49266 3.49712 3.80654 3.44561 2.13292 2.69845 3.13364 2.63928 3.88536 2.66095 2.31683 2.15454 1.55492 3.39494 3.351 3.85397 4.01595 2.20308 3.26058 3.85805 3.38429 2.47956 2.46144 3.984 2.39395 1.95901 2.56876 3.1563 3.78804 3.14199 3.56288 3.23466 3.30568 2.79738 3.27796 3.75938 3.3982 3.57684 3.35956 3.46332 3.41942 3.90262 3.23894 3.48772 2.90518 3.39006 3.09404 3.67686 3.2168 1.88867 3.46945 3.33999 2.15584 4.14544 4.1612 3.94495 3.98119 2.71826 2.97544 4.24131 3.47409 2.4217 2.50656 4.48358 2.74602 2.15284 3.654 2.92858 4.38304 2.77358 4.10589 2.47649 3.64902 2.84926 4.17999 3.81714 3.3393 4.28595 2.27093 4.11073 3.99231 2.49862 2.49862 4.41138 3.48955 3.47378 2.45048 2.67304 3.41227 
3.42734 4.31601 0 3.57852 3.03015 3.32831 1.99782 2.10903 1.86846 2.77612 3.46518 1.42198 2.93603 3.53707 2.95715 1.58825 2.91138 4.36783 2.06395 2.76292 2.03313 1.76242 0.996147 2.30463 2.53962 3.22182 2.24268 3.49466 1.50865 3.04617 2.25922 1.60735 1.3426 1.99388 3.35265 1.68533 1.72521 1.86248 2.11061 3.24446 2.0405 2.73119 2.98195 3.56316 3.1495 2.00781 3.31874 2.72848 2.79584 3.13665 3.29628 2.99595 3.18579 3.00813 3.46886 2.51926 3.01918 2.90067 3.59406 3.04843 1.70298 3.14996 3.19479 1.4521 3.38383 3.58927 3.75374 3.59093 1.65235 2.63294 3.96706 3.07059 2.09713 1.88368 4.43277 2.59227 1.5619 3.45317 2.57096 4.25026 2.80739 3.38462 1.9462 3.66961 2.84734 3.8375 3.73433 3.22129 3.63566 2.09571 3.67742 3.42804 1.97408 2.22167 3.63038 3.08928 3.34289 1.85954 2.48735 3.03229 
3.12351 3.32103 3.57852 0 2.41758 3.17685 1.86781 3.90032 1.77971 2.12915 2.81765 1.8495 2.70466 2.91721 2.60391 1.48976 1.64993 3.49118 1.99612 3.10048 2.01779 1.67367 1.3937 1.55492 2.5175 2.68709 3.13262 3.13997 1.80205 3.02578 3.1367 2.39532 1.8364 1.81828 3.03057 1.75078 1.31585 2.07987 2.31981 3.32009 2.55381 2.37265 2.44317 1.69346 2.32942 2.52562 3.13426 2.40044 2.75198 2.32559 2.51723 2.73642 3.00949 2.65273 2.97829 2.1555 2.33607 2.38172 2.6429 2.36776 1.24551 2.54371 2.17016 1.51268 3.09154 3.10721 3.06897 3.01751 2.03027 2.0754 3.1654 2.28427 1.77854 1.72918 3.80629 2.10286 1.37546 2.76583 1.84725 3.18441 2.06126 2.94677 1.83333 2.4504 2.15389 3.16194 2.78317 2.14948 3.27796 1.89684 3.05674 2.69861 1.85546 1.85546 3.53753 2.40211 2.48169 1.6731 2.02988 2.36348 
2.19156 3.45154 3.03015 2.41758 0 4.37771 1.67819 3.11185 1.72589 2.48707 2.18772 1.92821 4.65632 2.53418 2.41922 1.57091 6.4285 3.09243 1.44757 2.58073 1.40703 1.69493 1.29238 2.18497 4.28356 4.22097 4.05031 2.78889 1.53244 5.31218 2.23197 5.98931 1.33772 2.02633 1.99081 1.44757 1.36154 1.14912 5.11217 2.53854 4.66597 7.07113 3.12631 5.57906 4.79112 5.83732 6.59256 6.12426 6.00222 3.5115 5.4843 6.0891 7.30677 4.93394 6.68465 6.2451 6.37284 5.20765 3.78181 6.0441 1.68467 6.87415 6.50698 1.76337 5.88497 4.89535 4.75328 2.99133 1.68245 6.31652 3.18328 6.57128 2.07097 1.91495 3.68521 2.42213 1.56124 3.83448 5.49897 3.61472 5.98121 4.29633 1.94121 2.62446 6.44093 3.05372 6.06349 7.84088 4.65929 1.54239 3.14423 6.17538 1.86098 2.14789 3.04302 6.8499 2.70609 1.85888 2.46904 4.94183 
2.97137 3.6448 3.32831 3.17685 4.37771 0 1.83157 3.3939 1.02632 2.78523 2.62562 1.94003 5.39083 2.65422 2.85032 1.58273 4.465 3.49963 1.93586 2.8776 1.83814 1.3088 1.3042 2.41683 5.2624 4.18783 4.35862 2.62134 1.9138 4.81899 2.38252 5.08835 1.34954 2.11507 2.47494 1.70056 1.51493 1.14912 3.96768 2.65858 3.67144 5.48816 3.38152 5.80169 3.7758 5.01332 5.57614 5.17174 5.25177 3.92274 5.78989 4.56465 5.88924 5.82882 5.3416 5.42375 5.12098 5.24981 4.25202 4.04108 1.811 5.22188 5.36473 1.97015 6.01792 4.78283 4.96554 3.18343 1.81987 4.5241 3.5212 5.23687 2.26412 1.95684 3.82835 2.69226 1.78298 4.23032 4.6584 3.77872 4.4261 4.05332 2.17663 3.36757 4.82254 3.35469 6.48702 5.79994 4.99817 1.69578 3.26491 6.34735 2.16322 2.34104 3.40875 5.55887 2.80117 2.08062 2.59537 5.14673 
2.10556 2.51097 1.99782 1.86781 1.67819 1.83157 0 2.2731 1.83729 1.69939 2.03685 2.08429 1.67542 2.03685 1.67298 1.65921 1.60906 2.4313 2.19572 1.67319 2.39818 1.73124 1.59129 2.51097 1.59129 1.97392 1.53267 1.72146 2.10556 1.90507 1.57372 1.59129 1.83651 2.42984 1.77592 2.13343 1.60906 2.13777 1.04063 2.13343 1.57372 1.70681 1.67319 2.10576 1.67298 1.53267 1.98901 1.67319 1.67542 1.67819 1.838 1.79432 1.8842 1.67542 1.04063 1.40744 1.60566 1.34062 2.3133 1.44877 1.69971 1.74041 1.90365 2.04663 2.14524 2.16807 2.01588 2.00411 2.14524 1.40744 2.22617 1.72223 2.23274 2.18124 1.76893 2.53633 1.85946 2.26089 1.40744 1.76731 1.40744 2.11792 2.11357 2.25214 1.34062 2.11456 2.38183 1.74467 2.18007 1.67298 2.18081 1.93326 2.18007 2.30966 2.14931 1.87805 1.67542 2.1571 2.39305 1.72422 
3.50903 4.62932 2.10903 3.90032 3.11185 3.3939 2.2731 0 2.25879 3.09792 3.5815 1.95468 3.13393 3.73496 3.03884 1.91544 3.15046 4.48415 2.58305 3.14936 2.56583 2.15275 1.23247 2.83733 2.58983 3.53513 2.29288 3.57635 2.04135 3.12786 2.30943 1.991 1.49046 2.52658 3.43434 2.11339 1.96153 2.38159 2.16082 3.44235 2.15835 2.87248 3.17984 3.82947 3.23119 2.05801 3.51663 2.88495 2.95815 3.21834 3.41414 3.07764 3.38369 3.20602 3.55055 2.60095 3.10087 3.04196 3.80428 3.13012 2.14526 3.37515 3.42993 1.9848 3.59701 3.70712 3.94215 3.90425 2.18505 2.7508 4.08492 3.37889 2.62983 2.41638 4.51446 2.98689 2.0946 3.57102 2.68881 4.36811 2.92524 3.65129 2.4789 3.97791 2.96519 3.95536 3.99939 3.30298 3.75352 2.62841 3.98572 3.54589 2.44741 2.695 3.82827 3.33811 3.54397 2.39224 2.92963 3.31797 
2.28366 2.38064 1.86846 1.77971 1.72589 1.02632 1.83729 2.25879 0 1.73077 1.9002 2.11567 1.67566 1.9002 1.64656 1.69059 1.44311 2.38064 2.3896 1.6995 2.29188 1.3088 1.70432 2.42287 1.76939 1.66145 1.71077 1.3088 2.28366 1.95339 1.44437 1.70432 1.80328 2.12634 1.64656 2.1543 1.52096 1.75181 1.02632 2.1543 1.44437 1.8093 1.6336 2.01767 1.53073 1.71077 2.03451 1.6995 1.65541 1.72589 1.77486 1.10949 2.00751 1.65541 1.70149 1.43882 1.64558 1.44311 2.098 1.02632 1.811 1.77179 1.91216 2.07801 2.19731 1.9564 2.04726 2.03549 2.26855 1.43882 2.25755 1.64558 2.26412 1.95684 2.06299 2.71444 1.89084 2.02723 1.43882 1.94541 1.43882 1.81442 2.24966 2.16404 1.51873 2.14594 2.21778 1.4675 2.16944 2.0688 1.9564 1.96464 2.16944 2.34104 2.19481 1.90943 1.65541 2.18848 2.59537 1.7556 
2.88338 3.30975 2.77612 2.12915 2.48707 2.78523 1.69939 3.09792 1.73077 0 2.72171 1.4542 2.18763 2.82127 2.44771 1.20655 1.70899 3.4799 1.99612 2.55727 2.01779 1.62473 0.954781 1.55492 1.80648 2.21557 2.60365 2.67692 1.51645 2.67534 2.60774 1.80484 1.5508 1.81828 2.7997 1.43429 1.31585 2.02543 1.79324 2.52866 2.00655 1.93319 2.18136 2.11379 2.31814 1.93109 2.74011 2.13863 2.30214 2.3085 2.36299 2.28399 2.6809 2.42125 2.45171 1.83989 2.10591 1.7065 2.72239 2.015 1.24551 2.33166 1.95926 1.11738 2.91035 2.90703 2.80716 2.8434 1.69417 1.84 3.17412 2.07338 1.77854 1.5809 3.44756 2.10286 1.22719 2.67418 1.89159 3.23311 1.82218 2.88521 1.83333 2.22024 1.7466 3.04456 2.86267 2.18937 2.9893 1.89684 2.9608 2.46535 1.70235 1.85546 3.27595 2.0835 2.25021 1.52483 2.02988 2.26754 
2.53338 3.54183 3.46518 2.81765 2.18772 2.62562 2.03685 3.5815 1.9002 2.72171 0 1.84152 2.24901 2.43347 2.36948 1.93326 2.61645 3.00025 1.68545 2.74588 1.72055 2.0536 1.62024 2.3175 2.46609 2.95086 2.88951 3.18463 1.54056 2.15382 2.79673 2.5681 1.81662 2.14402 2.77081 1.44011 1.7202 1.78807 2.08491 2.72363 2.0699 2.62307 2.12062 2.72818 2.15382 2.46834 2.19945 1.91456 2.29815 2.54522 2.97639 2.57534 2.50311 2.2721 2.8319 2.43651 2.21936 2.53207 2.36732 2.6673 1.56341 2.13423 2.19768 1.86295 2.65155 3.0777 3.11575 2.98443 1.69417 2.12674 3.41839 2.19387 2.2035 1.69998 3.85274 2.2018 1.3782 2.39029 2.10024 3.32598 2.11259 2.7309 2.14209 2.72704 2.21843 3.21328 2.38991 2.46701 3.23335 1.66247 2.88783 2.76509 2.02737 2.28042 3.30362 2.34725 2.32606 1.67584 2.34778 2.13483 
1.9333 2.49266 1.42198 1.8495 1.92821 1.94003 2.08429 1.95468 2.11567 1.4542 1.84152 0 1.57374 1.84152 1.72365 1.93759 1.70613 2.625 2.47165 1.22423 2.45296 2.00962 1.52146 2.49266 1.4068 1.98584 1.86792 1.72903 1.9333 1.87795 1.52146 1.22423 1.86792 2.13907 1.72365 1.88579 2.03417 2.3878 1.52146 1.88579 1.29085 1.22423 1.35424 2.02393 1.84152 1.4068 1.88579 1.22423 1.71973 1.92821 1.91664 1.83965 1.92953 1.71973 1.94849 1.4542 1.26728 1.35424 2.06365 1.72715 1.64652 1.26728 1.70133 1.54733 2.045 1.86109 1.79184 1.78007 2.08084 1.4542 2.27293 1.27183 2.2795 1.97891 2.19849 2.48073 1.65713 1.80151 1.4542 1.71171 1.35424 1.67761 2.30807 2.00453 1.35424 2.16132 2.17706 1.66766 2.08725 2.42464 1.86109 1.74669 2.08725 2.35642 2.19362 1.54733 1.71973 1.95477 2.43089 1.26728 
2.45914 3.49712 2.93603 2.70466 4.65632 5.39083 1.67542 3.13393 1.67566 2.18763 2.24901 1.57374 0 2.15153 3.68718 1.60562 4.27102 3.33536 1.56432 2.27972 2.00639 1.71958 1.35386 2.04922 4.27982 3.47619 4.01256 2.68164 1.18871 4.35432 2.46019 3.86143 1.4243 1.51394 2.98509 1.28829 1.81014 1.97181 4.22514 2.29751 3.66926 4.62572 2.68299 5.47464 4.04811 3.57486 4.82741 4.18483 3.75308 3.97803 4.31759 4.37367 4.31616 4.75106 4.34812 4.59858 3.8573 4.62719 3.72476 4.32499 1.19098 4.11107 4.3923 1.46947 4.80823 3.7666 3.83249 2.36987 1.31411 3.97449 2.63276 4.11129 1.57728 1.6096 2.86862 1.98303 1.25588 3.26696 3.00834 3.01967 3.45926 3.4447 1.34622 2.81637 3.55772 2.44716 5.52799 5.06339 3.48671 1.739 2.51653 4.87349 1.266 1.6542 1.91214 4.86598 1.91305 1.55352 1.97535 3.80187 
3.17791 3.80654 3.53707 2.91721 2.53418 2.65422 2.03685 3.73496 1.9002 2.82127 2.43347 1.84152 2.15153 0 2.72789 1.93225 2.667 3.64478 1.68545 2.88009 2.00971 2.0536 1.62024 2.3175 2.50324 2.97945 2.94611 3.39858 1.75161 2.28278 2.95019 2.60536 1.81662 2.14402 3.12922 1.44011 1.7202 1.78807 2.49978 2.46369 2.42831 2.7118 2.00701 2.82773 2.27525 2.50549 2.16774 2.20518 2.06934 2.67757 3.07595 2.52725 2.45501 2.09739 2.71829 2.63157 2.30414 2.68274 2.56882 2.71726 1.56341 2.26844 2.29724 1.83897 2.60346 3.17726 3.21531 3.08399 1.69417 2.22629 3.51795 2.32808 2.2035 1.6826 3.81361 2.2018 1.32889 2.5245 2.1998 3.38378 2.16689 2.79207 1.96849 2.8266 2.27273 3.31284 2.48947 2.56657 3.18526 1.66247 2.98738 2.82168 2.00484 2.28042 3.08886 2.4468 2.42562 1.62653 2.34778 2.15139 
2.44015 3.44561 2.95715 2.60391 2.41922 2.85032 1.67298 3.03884 1.64656 2.44771 2.36948 1.72365 3.68718 2.72789 0 1.36635 3.23042 3.29571 1.7282 2.62274 1.68461 1.54052 1.08782 2.25823 3.50721 4.22823 3.9296 2.83091 1.69743 2.93505 2.15896 3.28392 1.13316 2.22851 2.0166 1.75794 1.35633 1.14912 2.88669 2.73225 2.08885 3.58916 3.38743 3.77262 2.23325 3.36874 3.78851 3.4735 3.62737 3.24371 4.1153 3.58709 4.09222 3.96657 3.76464 3.38801 3.42952 3.38591 3.73732 3.27839 1.73811 3.75712 3.45318 1.61125 4.13167 4.72761 4.74578 3.1588 1.64044 3.10238 3.35076 3.62749 2.10685 1.88838 3.72322 2.53366 1.5666 3.91589 3.07686 3.67127 3.06811 4.17813 1.9972 2.74289 3.14851 3.2212 4.14585 4.02433 4.72553 1.53718 3.24028 4.23588 1.9838 2.23139 3.2157 3.52753 2.77469 1.86424 2.52248 3.6253 
1.91853 2.13292 1.58825 1.48976 1.57091 1.58273 1.65921 1.91544 1.69059 1.20655 1.93326 1.93759 1.60562 1.93225 1.36635 0 1.48976 2.2848 1.97997 1.52649 2.27671 1.58454 1.20655 2.13292 1.51336 1.66444 1.45474 1.57475 1.99984 1.47616 1.16416 1.20655 1.52307 2.28314 1.36635 1.91768 1.56762 1.98524 0.914595 1.91768 1.16416 1.60077 1.52649 1.78547 1.61769 1.45474 1.89216 1.52649 1.51306 1.43219 1.66444 1.51306 1.60294 1.47616 1.52341 0.914595 1.4136 1.34065 1.86745 1.30207 1.63292 1.59371 1.4578 1.60077 1.86398 1.76689 1.86413 1.7387 1.86398 1.16416 2.1208 1.44899 2.12737 1.76732 1.88491 2.49027 1.4136 1.9941 1.16416 1.76733 1.30207 1.97122 2.1136 1.82925 1.34065 2.00919 1.95291 1.33075 2.03337 2.15576 1.76689 1.78656 2.03337 2.20429 2.0413 1.43219 1.47616 1.71124 2.41729 1.47066 
2.7757 2.69845 2.91138 1.64993 6.4285 4.465 1.60906 3.15046 1.44311 1.70899 2.61645 1.70613 4.27102 2.667 3.23042 1.48976 0 2.86308 1.94534 2.59973 1.89141 1.33707 1.17478 1.55492 3.94581 3.17082 3.64542 2.34556 1.71359 7.93359 2.43092 9.56321 1.68719 1.51361 2.76708 1.70001 0.979248 1.74327 8.64948 2.64673 8.7288 5.5549 3.03855 4.22089 9.72466 7.25341 6.60025 10.711 5.35994 3.01776 4.20798 5.00472 7.76132 4.5977 7.04127 6.67187 9.94495 3.59166 3.70444 7.11735 1.12846 6.92763 9.57201 1.51268 5.37418 3.98213 4.13184 2.56954 2.00354 7.42443 2.93287 8.95669 1.77854 1.75778 3.25543 1.94399 1.50968 3.26851 10.358 3.0293 10.0216 3.68866 1.83333 2.39383 9.89859 3.01425 5.27956 6.15985 4.2271 1.44544 2.89456 4.84299 1.68328 1.85546 3.22539 5.55327 2.42139 1.80732 1.91283 4.18977 
3.16502 3.13364 4.36783 3.49118 3.09243 3.49963 2.4313 4.48415 2.38064 3.4799 3.00025 2.625 3.33536 3.64478 3.29571 2.2848 2.86308 0 2.08217 3.74132 2.04624 2.44804 2.16572 2.07118 3.09773 3.47416 3.7088 3.87078 1.86626 2.86523 3.71288 3.47074 2.21106 2.61821 3.76464 1.83684 2.11465 2.18251 3.01113 3.62628 2.92263 3.59409 2.90957 3.47262 2.43207 3.22233 3.53532 3.19552 3.41508 3.29286 3.58648 3.25766 3.74086 3.16471 3.58589 2.97889 3.42612 3.14216 3.63279 3.29328 2.16874 3.45366 3.46315 2.55539 3.98368 4.28436 4.06811 4.09689 2.21289 3.0986 4.25691 3.47932 2.55504 2.39903 4.60674 2.9608 2.04531 3.65576 2.93876 4.41804 2.89674 3.96185 2.47164 3.77218 2.97242 4.21897 3.65538 3.46246 4.26582 2.25087 4.15828 4.02674 2.39142 2.63196 4.18733 3.55271 3.4321 2.34295 2.95311 3.39648 
1.71069 2.63928 2.06395 1.99612 1.44757 1.93586 2.19572 2.58305 2.3896 1.99612 1.68545 2.47165 1.56432 1.68545 1.7282 1.97997 1.94534 2.08217 0 1.77777 2.27533 2.28356 1.87416 2.63928 1.65385 2.0926 1.89558 2.10882 2.01888 1.71069 1.8471 1.87416 2.11497 2.53442 1.86332 1.44757 2.33044 1.97181 1.7282 1.44757 1.56432 2.18692 1.5703 1.99979 1.44757 1.65385 1.44757 1.77777 1.56432 1.60274 2.14827 1.56432 1.6542 1.60274 2.00795 1.7282 1.91368 1.94534 2.01169 2.00108 2.09372 1.90849 1.99979 2.36576 1.91524 2.36883 2.224 2.21224 1.91524 1.64799 2.51871 1.96766 2.52528 2.36927 2.46085 2.88928 2.01555 1.96393 1.60274 2.32402 1.65472 2.2225 2.29422 1.99979 1.80376 2.24187 2.06617 2.05801 2.214 2.00795 2.36883 2.2217 2.214 2.6022 1.93028 1.60274 1.60274 2.31319 2.87809 1.90849 
3.04141 3.88536 2.76292 3.10048 2.58073 2.8776 1.67319 3.14936 1.6995 2.55727 2.74588 1.22423 2.27972 2.88009 2.62274 1.52649 2.59973 3.74132 1.77777 0 1.70041 1.59853 1.33671 2.20248 2.07859 2.6397 2.65747 2.83834 1.53621 2.54622 2.66156 1.83121 1.4768 1.45427 2.8684 1.65267 1.62307 2.00699 2.241 2.84158 1.89501 1.93765 2.31993 3.08513 2.43878 1.95765 2.91586 2.01789 2.39296 2.82033 2.67406 2.59307 2.65025 2.60525 2.96148 2.34079 2.21302 2.26482 2.94349 2.44722 1.30796 2.23953 2.5953 1.54733 2.76751 2.97327 3.0294 2.89554 1.43803 1.97884 3.31296 2.16017 1.73055 1.64742 3.80955 2.20159 1.32564 2.70148 2.17585 3.48878 2.01249 2.4742 1.55553 3.09878 2.0815 3.1834 3.14452 2.53258 3.02018 1.73212 2.767 2.6622 1.47531 1.77553 3.2275 2.44101 2.6891 1.62328 2.09233 2.12187 
1.95504 2.66095 2.03313 2.01779 1.40703 1.83814 2.39818 2.56583 2.29188 2.01779 1.72055 2.45296 2.00639 2.00971 1.68461 2.27671 1.89141 2.04624 2.27533 1.70041 0 2.41493 1.99819 2.66095 1.89141 1.98485 2.0349 2.32073 2.13134 1.72055 1.68461 1.99819 2.04352 2.45706 1.70083 2.03 2.08154 2.14434 1.68461 2.03 1.24698 2.11484 1.70041 2.30174 1.24698 1.83209 2.03 1.70041 2.00639 1.68981 2.19 1.83814 2.09626 2.06307 2.22343 2.01779 2.00971 1.97599 1.78552 1.97845 2.12437 2.00971 2.03337 2.47438 2.11318 2.29322 2.24568 2.23391 2.11318 1.68971 2.54038 2.01425 2.54695 2.359 2.58928 2.91992 2.03722 1.92393 1.90469 2.35466 1.68971 2.14514 2.37194 2.30174 1.83209 2.31958 2.15314 2.04775 2.29171 2.22343 2.35857 2.08595 2.29171 2.59194 2.44121 1.90469 2.06307 2.33486 2.90874 2.00971 
2.17762 2.31683 1.76242 1.67367 1.69493 1.3088 1.73124 2.15275 1.3088 1.62473 2.0536 2.00962 1.71958 2.0536 1.54052 1.58454 1.33707 2.44804 2.28356 1.59853 2.41493 0 1.59828 2.31683 1.66335 1.84913 1.60473 0.92028 2.17762 1.84735 1.33832 1.59828 1.69724 2.08674 1.54052 2.22127 1.41492 2.03429 0.92028 2.22127 1.33832 1.70326 1.22249 1.91163 1.68973 1.60473 2.07685 1.22249 1.69775 1.69493 1.84913 1.33832 1.90653 1.69775 1.59545 1.33278 1.53954 1.33707 2.19504 0.92028 1.6615 1.5104 1.80612 1.97197 2.13329 1.85036 1.85929 1.73717 2.16757 1.33278 2.15151 1.53954 2.15808 1.85079 1.95694 2.6084 1.7848 2.09517 1.33278 1.83937 1.22249 1.77482 2.18564 2.058 1.41268 2.0399 2.30123 1.36146 2.10541 2.2278 1.85036 1.85859 2.10541 2.235 2.23715 1.80339 1.69775 2.08244 2.44587 1.5104 
1.43276 2.15454 0.996147 1.3937 1.29238 1.3042 1.59129 1.23247 1.70432 0.954781 1.62024 1.52146 1.35386 1.62024 1.08782 1.20655 1.17478 2.16572 1.87416 1.33671 1.99819 1.59828 0 2.15454 0.939906 1.70462 0.939906 1.38498 1.43276 1.39802 0.885631 0.678002 1.24455 2.09336 1.08782 1.66591 1.25264 1.75197 0.678002 1.58444 0.885631 1.077 1.34176 1.68941 1.4074 0.939906 1.66591 1.33671 1.35386 1.29238 1.70462 1.3042 1.56264 1.35386 1.4555 0.954781 1.10059 1.077 1.89192 1.32798 1.63182 1.40393 1.49798 1.349 1.75183 1.63798 1.6794 1.66763 1.75183 1.20434 2.15828 1.40848 2.16485 1.8075 1.92509 2.46844 1.45379 1.78834 1.20434 1.69942 1.33955 1.78144 2.04568 1.83578 1.27273 2.04667 1.9931 1.37094 1.93397 1.98519 1.80707 1.59341 1.93397 2.18157 1.82774 1.349 1.35386 1.75143 2.41619 1.40393 
2.44521 1.55492 2.30463 1.55492 2.18497 2.41683 2.51097 2.83733 2.42287 1.55492 2.3175 2.49266 2.04922 2.3175 2.25823 2.13292 1.55492 2.07118 2.63928 2.20248 2.66095 2.31683 2.15454 0 1.95873 1.84274 2.29987 2.31683 2.44521 2.0766 2.13071 1.92292 2.47956 2.46144 2.3329 2.39394 1.95901 2.72303 1.88115 2.39394 2.01844 2.01572 2.04824 1.9162 2.00192 1.95873 2.36281 2.04824 2.04922 2.18497 1.84274 2.11188 2.45722 2.04922 2.08721 1.55492 2.15284 1.5964 2.31364 1.78402 1.88867 2.04824 1.95998 2.15584 2.57086 2.50612 2.20483 2.19307 2.71826 1.5964 2.41513 2.16896 2.4217 2.50656 2.44064 2.74602 2.15284 2.37834 1.5964 2.21404 1.5964 2.45491 2.47649 1.95998 1.5964 2.30352 2.43341 1.8127 2.49862 2.54 2.50612 2.29055 2.49862 2.49862 2.5231 2.08393 2.04922 2.45048 2.67304 2.03205 
2.26336 3.39494 2.53962 2.5175 4.28356 5.2624 1.59129 2.58983 1.76939 1.80648 2.46609 1.4068 4.27982 2.50324 3.50721 1.51336 3.94581 3.09773 1.65385 2.07859 1.89141 1.66335 0.939906 1.95873 0 3.62478 3.43189 2.71654 1.09855 3.87668 2.10203 3.7821 1.23209 1.93329 2.68661 1.28829 1.37655 1.8473 3.64748 2.21063 3.42624 4.39332 2.82693 5.23863 4.15768 3.63231 5.25195 3.86899 3.84719 3.57088 4.66706 4.41975 5.1183 4.52783 4.97761 4.17858 4.38542 3.93805 3.95131 4.24231 1.31211 4.69624 4.62896 1.37721 5.32971 4.05172 4.388 2.87883 1.31411 4.18762 2.96578 4.61927 1.8904 1.84073 3.34944 2.14943 1.48701 3.64728 3.6798 3.18368 4.0111 3.87033 1.51262 2.74133 4.10241 2.78018 5.71484 5.32218 3.86628 1.88573 2.96532 5.33779 1.57912 1.90712 2.59655 5.05954 2.24966 1.78465 2.09648 4.32686 
3.2537 3.351 3.22182 2.68709 4.22097 4.18783 1.97392 3.53513 1.66145 2.21557 2.95086 1.98584 3.47619 2.97945 4.22823 1.66444 3.17082 3.47416 2.0926 2.6397 1.98485 1.84913 1.70462 1.84274 3.62478 0 4.67691 2.92875 1.94136 3.82307 2.76387 3.45094 1.77159 1.28826 3.00758 1.84727 1.53247 1.96161 3.59851 3.10379 3.03844 3.82029 3.18447 4.08693 3.43394 3.32873 4.34631 2.81464 3.28755 4.28402 3.15009 3.20093 4.23705 3.50199 4.19224 3.81028 3.74386 3.36487 4.21263 2.96732 1.45441 3.31769 3.66635 1.75352 4.36727 4.73845 4.49335 2.95908 1.74301 2.82954 3.18747 3.65828 2.01937 2.0723 3.59182 2.34369 1.75051 4.08089 3.06161 3.63321 2.75101 3.79496 1.8193 2.97727 2.83002 3.00187 4.5415 3.84533 4.63944 2.00129 3.2723 4.41496 1.84352 2.06436 3.23326 4.21852 2.41453 2.04815 2.23878 3.33282 
2.60978 3.85397 2.24268 3.13262 4.05031 4.35862 1.53267 2.29288 1.71077 2.60365 2.88951 1.86792 4.01256 2.94611 3.9296 1.45474 3.64542 3.7088 1.89558 2.65747 2.0349 1.60473 0.939906 2.29987 3.43189 4.67691 0 2.85504 1.45418 3.7849 1.28534 2.46456 0.795875 2.23345 2.712 1.83329 1.39797 1.78868 2.69389 2.95047 2.61499 3.66135 4.01691 4.59277 3.92948 2.82296 4.52261 3.57067 3.53196 4.38474 4.29062 3.80137 4.50465 4.29775 4.17753 3.4855 3.75204 3.5703 4.80292 3.7073 1.5732 4.13695 4.16486 1.76534 4.47533 4.78669 5.08258 3.19353 1.71867 3.46152 3.30108 4.0787 2.10623 2.00871 3.53517 2.40982 1.65499 4.44131 3.39357 3.57926 3.47367 4.50018 1.91718 3.2625 3.6616 3.17152 4.97749 4.41866 4.87414 2.0219 3.27501 4.55683 1.87535 2.12294 3.04444 4.22888 2.75512 1.95263 2.35757 3.9621 
3.46247 4.01595 3.49466 3.13997 2.78889 2.62134 1.72146 3.57635 1.3088 2.67692 3.18463 1.72903 2.68164 3.39858 2.83091 1.57475 2.34556 3.87078 2.10882 2.83834 2.32073 0.92028 1.38498 2.31683 2.71654 2.92875 2.85504 0 2.09405 2.75102 2.60346 2.50932 1.67685 2.07458 3.07656 2.04653 1.41492 2.03429 2.02607 3.40295 2.15809 2.7844 2.29831 3.0013 2.5934 2.62017 3.30171 2.06948 2.50293 2.89393 2.78403 2.38267 3.10196 2.72635 2.82375 2.45309 2.31074 2.17241 3.40627 1.75354 1.6615 2.47647 2.80443 1.96218 3.24649 3.12625 2.9241 2.77273 2.05835 2.10142 3.32577 2.24737 2.14829 1.85079 3.52045 2.59861 1.74338 3.16125 2.26975 3.64812 1.93913 2.83325 2.17585 3.14974 2.37588 3.39879 3.54655 2.29076 3.44108 2.17331 2.8542 3.10504 2.09562 2.22521 3.52397 2.91239 2.9686 2.04102 2.44587 2.27256 
1.09855 2.20308 1.50865 1.80205 1.53244 1.9138 2.10556 2.04135 2.28366 1.51645 1.54056 1.9333 1.18871 1.75161 1.69743 1.99984 1.71359 1.86626 2.01888 1.53621 2.13134 2.17762 1.43276 2.44521 1.09855 1.94136 1.45418 2.09405 0 1.09855 1.49524 1.39813 1.55967 2.29285 1.69743 1.89568 1.89082 2.21233 1.43276 1.89568 1.09855 1.63162 1.46292 2.11143 1.54056 1.09855 1.78722 1.46292 1.18871 1.75274 1.88988 1.50506 1.59493 1.18871 1.92514 1.44499 1.75161 1.787 2.0791 1.89514 1.7516 1.7464 1.87972 1.86369 1.85598 1.89408 2.02176 2.00999 1.85598 1.44108 2.27805 1.89095 2.28462 2.29057 2.30357 2.54365 1.96972 1.79547 1.38137 1.95552 1.45932 1.98093 2.05449 2.16012 1.45932 2.14887 2.08992 1.94183 2.05375 2.12566 2.29014 1.71318 2.05375 2.30134 1.94752 1.86369 1.38137 2.26736 2.53597 1.75082 
2.18742 3.26058 3.04617 3.02578 5.31218 4.81899 1.90507 3.12786 1.95339 2.67534 2.15382 1.87795 4.35432 2.28278 2.93505 1.47616 7.93359 2.86523 1.71069 2.54622 1.72055 1.84735 1.39802 2.0766 3.87668 3.82307 3.7849 2.75102 1.09855 0 2.23268 7.56769 1.44336 1.88206 2.60006 1.51115 1.78895 1.81103 7.24788 2.67726 6.17857 5.79246 2.6838 5.18739 6.46845 7.46623 6.31468 7.50963 5.18077 3.65319 4.445 5.5126 7.93527 4.45677 7.30836 6.88501 7.92585 4.51408 3.56744 8.45238 1.57165 7.22331 8.36098 1.80834 4.82416 4.19608 4.11208 2.58296 1.44518 8.72511 2.92937 8.19369 1.88579 1.77196 3.67299 2.3637 1.41824 3.55648 7.172 3.36168 7.3904 3.63431 1.87455 2.9345 7.92425 2.89142 5.33146 6.5305 4.13984 1.92518 2.73714 5.21663 1.79432 2.03487 2.68917 5.9467 2.12263 1.71588 2.35602 3.84557 
2.61386 3.85805 2.25922 3.1367 2.23197 2.38252 1.57372 2.30943 1.44437 2.60774 2.79673 1.52146 2.46019 2.95019 2.15896 1.16416 2.43092 3.71288 1.8471 2.66156 1.68461 1.33832 0.885631 2.13071 2.10203 2.76387 1.28534 2.60346 1.49524 2.23268 0 1.71235 0.795875 2.03137 2.64957 1.78481 1.43903 1.43839 1.35164 2.95455 1.55916 2.37222 2.45436 3.11814 2.30952 1.57021 3.02883 2.37838 2.21397 2.43859 2.63438 2.17293 2.69971 2.42627 2.57533 2.07297 2.56284 2.35829 3.01951 2.2078 1.55179 2.59037 2.64516 1.55158 2.81224 2.92235 3.18474 3.19762 1.61214 1.97104 3.30516 2.61604 1.90466 1.68619 3.53925 2.44108 1.36441 2.88042 1.90906 3.58334 2.14598 2.98278 1.79501 3.21108 2.1112 3.1756 3.21462 2.51821 2.97376 1.67161 3.26024 2.76112 1.78161 2.0292 3.04852 2.74621 2.7592 1.66205 2.33616 2.53319 
2.49563 3.38429 1.60735 2.39532 5.98931 5.08835 1.59129 1.991 1.70432 1.80484 2.5681 1.22423 3.86143 2.60536 3.28392 1.20655 9.56321 3.47074 1.87416 1.83121 1.99819 1.59828 0.678002 1.92292 3.7821 3.45094 2.46456 2.50932 1.39813 7.56769 1.71235 0 1.23209 1.88336 2.42094 1.28829 1.25264 1.75197 9.34522 2.31275 8.70212 4.86053 2.91486 4.45379 10.4689 6.90055 5.77327 10.1063 4.66219 3.39446 4.46902 5.14599 7.45602 4.66628 6.92698 6.40233 11.6976 3.14524 3.77129 7.05092 1.4002 6.65673 9.18112 1.11738 4.74535 3.71031 4.06057 2.65005 1.61368 7.55098 3.03535 8.9323 1.93323 1.5809 3.30879 2.24184 1.22719 3.42432 11.0924 3.09435 11.2204 3.44456 1.83569 2.57364 11.6992 2.90579 5.45194 5.98154 3.85435 1.98519 2.55345 4.777 1.70235 1.94995 2.69867 5.3326 2.19017 1.52483 2.18457 3.76676 
1.55967 2.47956 1.3426 1.8364 1.33772 1.34954 1.83651 1.49046 1.80328 1.5508 1.81662 1.86792 1.4243 1.81662 1.13316 1.52307 1.68719 2.21106 2.11497 1.4768 2.04352 1.69724 1.24455 2.47956 1.23209 1.77159 0.795875 1.67685 1.55967 1.44336 0.795875 1.23209 0 2.23345 1.13316 1.98987 1.76505 1.79731 0.795875 1.98987 0.852468 1.46558 1.4768 2.13897 1.45274 0.852468 1.82157 1.4768 1.4243 1.33772 1.77159 1.34954 1.51418 1.50797 1.76396 1.27131 1.69581 1.58119 1.95387 1.41476 1.67397 1.69581 1.76752 1.89804 1.71867 1.94644 1.97128 1.95951 1.71867 1.27131 2.23235 1.70036 2.23893 2.04511 2.16269 2.56325 1.72333 1.79426 1.27131 1.97291 1.38169 1.92153 1.91718 2.13897 1.38169 2.01156 2.07364 1.60854 1.92348 2.03053 2.04467 1.63555 1.97611 2.22371 1.98186 1.74192 1.50797 2.02097 2.45834 1.69581 
2.29285 2.46144 1.99388 1.81828 2.02633 2.11507 2.42984 2.52658 2.12634 1.81828 2.14402 2.13907 1.51394 2.14402 2.22851 2.28314 1.51361 2.61821 2.53442 1.45427 2.45706 2.08674 2.09336 2.46144 1.93329 1.28826 2.23345 2.07458 2.29285 1.88206 2.03137 1.88336 2.23345 0 2.18154 2.31948 2.21732 2.43382 2.03137 2.31948 1.45427 2.04912 1.36082 1.99271 1.83473 1.77233 1.97188 1.28826 1.51394 2.25485 1.28826 1.45427 1.93363 1.65829 2.03029 1.81828 1.81315 1.51361 2.18154 1.58887 1.69538 1.56918 1.72606 2.28017 2.12593 2.13449 1.73039 1.71863 2.19467 1.36082 2.21149 1.69239 2.21806 2.13493 2.24735 2.66824 1.81315 2.00988 1.5738 1.89922 1.36082 1.56918 2.27522 1.99271 1.4031 2.09987 2.22117 1.69239 2.195 2.45721 2.00597 2.02619 2.195 2.26304 2.13218 1.85001 1.65829 2.11079 2.47975 1.5738 
3.18416 3.984 3.35265 3.03057 1.99081 2.47494 1.77592 3.43434 1.64656 2.7997 2.77081 1.72365 2.98509 3.12922 2.0166 1.36635 2.76708 3.76464 1.86332 2.8684 1.70083 1.54052 1.08782 2.3329 2.68661 3.00758 2.712 3.07656 1.69743 2.60006 2.64957 2.42094 1.13316 2.18154 0 1.89306 1.64122 1.64058 2.07218 3.20118 1.95799 2.52738 2.72352 2.76367 1.96569 2.47712 3.29935 2.542 2.76431 2.36637 3.10477 2.61201 2.66281 2.62417 3.07625 2.50628 2.43521 2.75637 2.38462 2.55468 1.75399 2.79755 2.31608 1.75377 2.87402 3.34067 3.56121 3.34012 1.64044 2.30648 3.6637 2.37184 2.10685 1.88838 4.0721 2.13276 1.5666 2.7673 2.07833 3.4116 2.60089 3.00769 1.9972 3.07251 2.64405 3.56608 2.63065 2.50148 3.47604 1.8738 3.37935 2.899 1.9838 2.23139 3.54358 2.38274 2.60886 1.86424 2.53836 2.70228 
1.74564 2.39395 1.68533 1.75078 1.44757 1.70056 2.13343 2.11339 2.1543 1.43429 1.44011 1.88579 1.28829 1.44011 1.75794 1.91768 1.70001 1.83684 1.44757 1.65267 2.03 2.22127 1.66591 2.39394 1.28829 1.84727 1.83329 2.04653 1.89568 1.51115 1.78481 1.28829 1.98987 2.31948 1.89306 0 2.15487 2.00676 1.66591 1.28829 1.43922 1.76555 1.32497 2.03474 1.32497 1.47875 1.28829 1.54173 1.43429 1.63769 1.99162 1.43922 1.52909 1.43429 1.76261 1.43429 1.66835 1.70001 1.76636 1.84087 1.84838 1.66315 1.76636 1.78153 1.79014 2.1235 1.97867 1.96691 1.79014 1.45465 2.27338 1.72233 2.27995 2.12393 2.21552 2.64394 1.77022 1.7186 1.43429 2.07868 1.40938 2.00756 2.04889 2.03474 1.55843 1.99654 1.82084 1.81268 1.96867 1.76261 2.1235 1.97637 1.96867 2.35687 1.76183 1.63769 1.43429 2.06786 2.63276 1.66315 
1.89082 1.95901 1.72521 1.31585 1.36154 1.51493 1.60906 1.96153 1.52096 1.31585 1.7202 2.03417 1.81014 1.7202 1.35633 1.56762 0.979248 2.11465 2.33044 1.62307 2.08154 1.41492 1.25264 1.95901 1.37655 1.53247 1.39797 1.41492 1.89082 1.78895 1.43903 1.25264 1.76505 2.21732 1.64122 2.15487 0 1.82112 0.979248 1.98137 1.43903 1.34544 1.62307 1.55381 1.35633 1.39797 2.12373 1.62307 1.81014 1.36154 1.60367 1.53247 1.99867 1.81014 1.47327 1.31585 1.55555 0.979248 2.02929 1.13245 1.6496 1.69029 1.70018 1.91677 2.15783 2.06253 1.96576 1.95399 2.19367 1.35732 2.17605 1.67211 2.18262 2.06296 1.98149 2.48622 1.80934 2.11854 1.35732 1.71719 1.35732 2.0678 2.06345 1.70018 1.35732 2.06444 2.17361 1.57363 2.12996 1.93411 2.06253 1.88314 2.12996 2.25954 2.28403 1.82793 1.81014 2.10698 2.43397 1.6741 
1.81103 2.56876 1.86248 2.07987 1.14912 1.14912 2.13777 2.38159 1.75181 2.02543 1.78807 2.3878 1.97181 1.78807 1.14912 1.98524 1.74327 2.18251 1.97181 2.00699 2.14434 2.03429 1.75197 2.72303 1.8473 1.96161 1.78868 2.03429 2.21233 1.81103 1.43839 1.75197 1.79731 2.43382 1.64058 2.00676 1.82112 0 1.14912 2.00676 1.43333 1.98546 1.93359 2.029 1.15916 1.78868 1.97181 2.00699 1.95007 1.14912 2.10145 1.43333 2.00153 1.95007 2.00198 1.73347 1.78807 1.74327 2.09209 1.75181 2.2029 2.07928 2.1098 2.16429 2.26257 2.48675 2.35474 2.34298 2.26257 1.77873 2.64944 2.08382 2.65602 2.5 2.45488 2.99846 2.14628 2.1864 1.73347 2.33731 1.83071 2.1219 2.64156 2.1098 1.91062 2.53783 2.24148 2.06753 2.56133 2.00198 2.49957 2.35653 2.56133 2.73293 2.48947 1.73347 1.95007 2.44392 2.98727 2.07928 
2.26847 3.1563 2.11061 2.31981 5.11217 3.96768 1.04063 2.16082 1.02632 1.79324 2.08491 1.52146 4.22514 2.49978 2.88669 0.914595 8.64948 3.01113 1.7282 2.241 1.68461 0.92028 0.678002 1.88115 3.64748 3.59851 2.69389 2.02607 1.43276 7.24788 1.35164 9.34522 0.795875 2.03137 2.07218 1.66591 0.979248 1.14912 0 2.50414 15.9207 4.81401 3.05038 4.22048 15.5574 6.56914 5.93933 9.18517 4.68301 3.03911 4.65611 4.55937 7.40487 4.54532 6.13324 5.75402 12.1144 3.30059 3.39236 5.72788 1.38115 6.54188 9.01959 1.349 4.79648 3.68006 4.15542 2.54047 1.61214 7.3235 2.92593 8.47264 1.8756 1.51555 3.02796 2.21778 1.16184 3.50789 18.3745 3.04012 14.8893 3.56855 1.79501 2.43111 11.9195 2.79637 5.24556 5.92875 3.94588 1.53718 2.68284 4.79524 1.78161 1.95252 2.8785 5.00518 2.25713 1.45948 2.16552 3.93254 
2.8853 3.78804 3.24446 3.32009 2.53854 2.65858 2.13343 3.44235 2.1543 2.52866 2.72363 1.88579 2.29751 2.46369 2.73225 1.91768 2.64673 3.62628 1.44757 2.84158 2.03 2.22127 1.58444 2.39394 2.21063 3.10379 2.95047 3.40295 1.89568 2.67726 2.95455 2.31275 1.98987 2.31948 3.20118 1.28829 1.98137 2.00676 2.50414 0 2.26145 2.89177 2.29123 3.24159 2.47531 2.36106 2.48582 2.57718 2.525 2.68193 3.20884 2.6877 2.91495 2.5231 2.96124 2.60394 2.58976 2.64423 3.08778 2.90598 1.84839 2.80733 2.87862 1.78153 3.18483 3.49274 3.49694 3.48227 1.79014 2.53237 3.64229 2.90946 2.27995 2.12393 4.08364 2.64394 1.77022 2.87564 2.32414 3.96516 2.42845 3.33809 2.04889 3.40797 2.54276 3.45669 3.07084 3.12476 3.29347 1.76261 3.56876 3.28624 1.96867 2.35687 3.2132 2.75023 2.81748 2.06786 2.63276 2.73277 
1.93751 3.14199 2.0405 2.55381 4.66597 3.67144 1.57372 2.15835 1.44437 2.00655 2.0699 1.29085 3.66926 2.42831 2.08885 1.16416 8.7288 2.92263 1.56432 1.89501 1.24698 1.33832 0.885631 2.01844 3.42624 3.03844 2.61499 2.15809 1.09855 6.17857 1.55916 8.70212 0.852468 1.45427 1.95799 1.43922 1.43903 1.43333 15.9207 2.26145 0 4.5767 2.28891 4.64891 14.4698 6.14322 5.53568 9.00122 3.72067 3.12941 3.71012 4.32362 6.02578 3.7482 6.27188 6.38457 11.4533 3.5132 2.86561 6.15097 1.21285 6.0908 7.69503 1.32097 4.01187 3.68252 3.6741 2.41668 0.8662 6.89812 2.82336 7.49323 1.73055 1.64742 3.14568 2.10213 1.32564 2.85551 17.5149 3.01971 13.8423 3.12076 1.45607 2.69162 11.8747 2.36529 4.47644 5.75858 3.2379 1.63265 2.56746 4.44332 1.38019 1.62779 2.19594 5.26969 2.04053 1.62328 1.99722 3.50046 
3.01441 3.56288 2.73119 2.37265 7.07113 5.48816 1.70681 2.87248 1.8093 1.93319 2.62307 1.22423 4.62572 2.7118 3.58916 1.60077 5.5549 3.59409 2.18692 1.93765 2.11484 1.70326 1.077 2.01572 4.39332 3.82029 3.66135 2.7844 1.63162 5.79246 2.37222 4.86053 1.46558 2.04912 2.52738 1.76555 1.34544 1.98546 4.81401 2.89177 4.5767 0 3.34555 4.67813 5.36979 5.21447 6.75166 4.82826 5.56062 3.60551 4.89858 5.94278 6.48593 4.99061 6.76574 5.96739 5.01157 4.01821 3.91237 5.48068 1.51573 5.50832 5.51897 1.11738 5.02404 4.1475 4.34219 2.80341 1.67851 4.66824 3.14686 5.03353 2.04875 1.5809 3.61708 2.10326 1.22719 3.74777 4.71424 3.08282 4.91277 3.5781 1.9306 2.53938 5.00686 3.05154 5.59574 6.6459 4.29428 2.08653 2.77045 5.00546 1.8565 2.12567 3.15235 5.80335 2.41035 1.52483 2.3001 4.03878 
2.48497 3.23466 2.98195 2.44317 3.12631 3.38152 1.67319 3.17984 1.6336 2.18136 2.12062 1.35424 2.68299 2.00701 3.38743 1.52649 3.03855 2.90957 1.5703 2.31993 1.70041 1.22249 1.34176 2.04824 2.82693 3.18447 4.01691 2.29831 1.46292 2.6838 2.45436 2.91486 1.4768 1.36082 2.72352 1.32497 1.62307 1.93359 3.05038 2.29123 2.28891 3.34555 0 3.4128 2.51902 2.76432 3.00121 2.60557 2.44025 3.57787 3.01075 2.69256 3.08425 2.86911 3.12754 3.37956 2.53256 3.07741 3.39781 2.90931 0.993284 2.46977 2.74042 1.45738 3.14797 3.81397 3.45233 2.01852 1.43803 2.36887 2.31578 2.50383 1.31418 1.31213 2.93064 1.68267 0.99035 2.97781 2.36508 2.59356 1.98974 3.02987 1.34622 2.53942 2.40222 2.13018 3.26191 3.02837 4.00028 1.40442 2.35292 3.42895 1.266 1.65322 2.38116 3.00598 1.59364 1.28799 1.77765 2.20344 
3.10495 3.30568 3.56316 1.69346 5.57906 5.80169 2.10576 3.82947 2.01767 2.11379 2.72818 2.02393 5.47464 2.82773 3.77262 1.78547 4.22089 3.47262 1.99979 3.08513 2.30174 1.91163 1.68941 1.9162 5.23863 4.08693 4.59277 3.0013 2.11143 5.18739 3.11814 4.45379 2.13897 1.99271 2.76367 2.03474 1.55381 2.029 4.22048 3.24159 4.64891 4.67813 3.4128 0 4.08552 4.70355 5.36687 4.47884 4.98922 3.34916 5.38047 5.18638 5.18998 5.13816 5.59454 4.79402 3.84272 4.55587 3.74265 4.80764 1.60359 4.63909 4.06996 1.78634 5.28921 4.21862 4.52165 2.82798 2.03027 4.24619 3.15005 4.08668 2.03024 1.69015 3.79093 1.94399 1.37546 3.66035 3.65787 2.83001 3.92734 3.99282 2.08516 1.97601 4.07627 3.14659 5.70032 4.8773 4.69591 2.01145 2.86722 5.26642 2.01753 2.21353 3.52217 4.51444 2.44163 1.6731 2.38796 4.66839 
2.17165 2.79738 3.1495 2.32942 4.79112 3.7758 1.67298 3.23119 1.53073 2.31814 2.15382 1.84152 4.04811 2.27525 2.23325 1.61769 9.72466 2.43207 1.44757 2.43878 1.24698 1.68973 1.4074 2.00192 4.15768 3.43394 3.92948 2.5934 1.54056 6.46845 2.30952 10.4689 1.45274 1.83473 1.96569 1.32497 1.35633 1.15916 15.5574 2.47531 14.4698 5.36979 2.51902 4.08552 0 6.87858 5.3899 9.96354 5.2348 2.91273 4.51225 5.05064 7.07406 4.47628 6.72632 6.861 12.4694 3.94539 3.03057 6.99068 1.20479 6.2607 8.17035 1.86295 4.65861 4.10832 3.98027 2.78838 1.68245 7.43073 3.08564 8.08517 1.95617 1.69998 3.00424 1.99803 1.3782 2.99406 16.4851 2.8396 15.3004 3.27934 1.78115 2.33108 12.0956 2.95365 4.97068 5.90558 4.28776 1.30154 2.66516 4.62565 1.70093 2.00116 2.87502 5.68804 2.4287 1.67584 1.98916 3.81964 
2.34829 3.27796 2.00781 2.52562 5.83732 5.01332 1.53267 2.05801 1.71077 1.93109 2.46834 1.4068 3.57486 2.50549 3.36874 1.45474 7.25341 3.22233 1.65385 1.95765 1.83209 1.60473 0.939906 1.95873 3.63231 3.32873 2.82296 2.62017 1.09855 7.46623 1.57021 6.90055 0.852468 1.77233 2.47712 1.47875 1.39797 1.78868 6.56914 2.36106 6.14322 5.21447 2.76432 4.70355 6.87858 0 6.09922 6.84527 4.12437 3.41999 4.07576 5.05797 6.59798 4.18027 6.68324 6.98687 6.49749 3.58831 3.64701 7.63844 1.18507 6.12942 6.82167 1.37721 4.62256 3.76377 3.89537 2.57054 1.31411 7.44896 2.67808 6.99469 1.7181 1.72405 3.1934 2.02384 1.44924 3.09528 6.10745 3.09811 6.26038 3.52381 1.45607 2.74358 7.00654 2.54852 4.85032 6.03746 3.25738 1.63265 2.7277 4.41751 1.26602 1.73481 2.42144 5.36401 2.07455 1.74688 1.96944 3.62733 
2.98448 3.75938 3.31874 3.13426 6.59256 5.57614 1.98901 3.51663 2.03451 2.74011 2.19945 1.88579 4.82741 2.16774 3.78851 1.89216 6.60025 3.53532 1.44757 2.91586 2.03 2.07685 1.66591 2.36281 5.25195 4.34631 4.52261 3.30171 1.78722 6.31468 3.02883 5.77327 1.82157 1.97188 3.29935 1.28829 2.12373 1.97181 5.93933 2.48582 5.53568 6.75166 3.00121 5.36687 5.3899 6.09922 0 6.07907 5.68338 4.2036 5.51579 6.9752 6.48708 4.97 6.92071 6.68623 5.82874 5.26382 4.07205 6.73712 1.50457 6.57174 5.85239 1.78153 5.53612 4.64045 4.52041 2.77058 1.62184 6.13961 3.03348 6.04691 1.80394 1.6826 3.73131 2.34189 1.32889 3.92683 4.86071 3.34324 5.67966 4.05068 1.70508 2.90302 6.222 2.89314 5.58991 7.59482 4.53513 1.76261 2.75695 5.6537 1.62485 1.87244 1.89866 6.14643 2.04417 1.62653 2.28894 4.28693 
2.60001 3.3982 2.72848 2.40044 6.12426 5.17174 1.67319 2.88495 1.6995 2.13863 1.91456 1.22423 4.18483 2.20518 3.4735 1.52649 10.711 3.19552 1.77777 2.01789 1.70041 1.22249 1.33671 2.04824 3.86899 2.81464 3.57067 2.06948 1.46292 7.50963 2.37838 10.1063 1.4768 1.28826 2.542 1.54173 1.62307 2.00699 9.18517 2.57718 9.00122 4.82826 2.60557 4.47884 9.96354 6.84527 6.07907 0 4.42165 3.56302 3.81194 4.71717 7.24955 3.64682 7.55478 7.06269 9.75563 4.18657 3.20558 7.48249 0.993284 6.35658 9.25697 1.45738 3.98672 3.31301 3.20365 1.84184 1.43803 7.09373 2.27305 8.33371 1.31418 1.31213 3.08885 1.68267 0.99035 2.79002 9.09607 2.38272 9.13763 2.34819 1.55553 2.15054 9.46564 2.17599 4.99464 5.54334 3.81258 1.73212 1.84914 4.32135 1.47531 1.65322 2.60396 5.29769 1.81644 1.28799 1.77765 3.07251 
2.43173 3.57684 2.79584 2.75198 6.00222 5.25177 1.67542 2.95815 1.65541 2.30214 2.29815 1.71973 3.75308 2.06934 3.62737 1.51306 5.35994 3.41508 1.56432 2.39296 2.00639 1.69775 1.35386 2.04922 3.84719 3.28755 3.53196 2.50293 1.18871 5.18077 2.21397 4.66219 1.4243 1.51394 2.76431 1.43429 1.81014 1.95007 4.68301 2.525 3.72067 5.56062 2.44025 4.98922 5.2348 4.12437 5.68338 4.42165 0 3.96731 3.9343 4.97997 5.17291 4.08064 6.00528 6.08529 4.69478 4.42986 3.45864 5.10605 1.19098 4.74868 4.99024 1.46947 4.09862 3.68908 3.53693 2.31926 1.15906 4.56305 2.74565 4.52871 1.57728 1.49466 3.11268 1.98303 1.14094 3.36203 3.99801 2.90237 3.77068 2.98082 1.32597 2.66118 4.5158 2.10081 4.54704 5.72287 3.21802 1.85325 2.36134 4.22322 1.24575 1.49334 1.62549 6.0138 1.90245 1.43858 1.97535 3.32337 
2.75636 3.35956 3.13665 2.32559 3.5115 3.92274 1.67819 3.21834 1.72589 2.3085 2.54522 1.92821 3.97803 2.67757 3.24371 1.43219 3.01776 3.29286 1.60274 2.82033 1.68981 1.69493 1.29238 2.18497 3.57088 4.28402 4.38474 2.89393 1.75274 3.65319 2.43859 3.39446 1.33772 2.25485 2.36637 1.63769 1.36154 1.14912 3.03911 2.68193 3.12941 3.60551 3.57787 3.34916 2.91273 3.41999 4.2036 3.56302 3.96731 0 4.23756 3.6605 4.0061 3.84483 3.76176 3.10109 3.11288 3.27106 3.55337 3.35733 1.68467 3.88683 3.02972 1.61125 4.2616 4.74502 4.82777 3.05674 1.845 3.23791 3.21676 3.3133 2.07097 1.91495 3.62951 2.42213 1.56124 3.85707 2.77116 3.52178 3.14102 4.2968 2.14312 2.44806 3.36468 3.28978 4.00938 3.78888 4.84875 1.54239 3.13822 4.144 2.0629 2.14789 3.27907 3.22183 2.64746 1.85888 2.46904 3.69199 
