0 3.56145 1.66489 2.48702 3.85519 5.27373 2.40624 2.19755 1.8243 1.29515 3.26738 2.13258 3.43527 2.02668 3.87321 1.45194 8.02559 2.48677 0.980201 2.21212 1.68231 2.15737 2.00978 1.8255 3.6281 4.21647 3.23442 2.14396 0.664054 6.79902 5.65602 6.79756 2.54366 1.84382 2.42037 2.43663 2.6918 1.45126 6.35314 2.34446 6.18403 5.307 2.82192 5.82721 7.15241 8.16915 6.8601 8.62405 4.57623 7.71314 7.974 4.82732 7.03881 4.24025 7.80517 6.73315 7.95847 4.70961 3.46283 7.53794 5.70417 3.32959 1.30252 1.14852 4.63928 5.19648 4.09841 2.69431 3.41007 7.59435 3.04186 9.41513 1.98432 1.61204 3.28376 3.30167 1.25832 1.57464 7.74266 2.94962 7.98132 2.67614 2.22014 1.52164 7.58343 3.78516 4.14863 6.41399 3.94929 2.54419 1.6116 5.04693 1.80223 3.10912 3.30038 5.3042 0.992046 2.79136 2.28445 3.93945 
3.56145 0 3.21004 2.97943 3.86223 4.04953 3.16287 3.71865 2.81998 1.53455 4.52406 3.27043 3.92513 3.09475 4.32572 1.82925 3.51007 2.64041 1.46033 4.6225 2.30364 2.79651 2.91895 1.42147 3.81781 4.11576 5.08779 3.08851 1.5984 3.67926 4.25287 3.58963 3.36087 2.16153 3.38628 2.85632 4.16095 1.9351 3.66091 3.06971 3.76019 3.73921 4.06583 4.47101 3.53151 3.82542 3.43111 4.3925 4.10824 3.97318 4.05914 4.22352 4.56605 3.88342 4.03241 3.62778 4.09267 3.85524 4.7489 3.98858 4.44275 4.3549 1.89635 1.8875 5.01977 4.92192 5.30034 3.33524 4.80756 3.91271 3.5916 4.40454 2.35433 2.20587 3.7754 3.90722 1.85215 1.99845 3.77288 3.58193 3.55495 3.71542 2.8902 1.88567 3.57458 4.76061 5.26433 4.55154 5.33958 3.04402 2.20543 4.89941 2.04305 3.60282 4.59098 4.23392 1.42147 3.42367 2.56041 4.15174 
1.66489 3.21004 0 3.25366 2.19969 2.10521 3.05825 2.09932 2.52206 1.33492 2.55322 2.73691 2.12851 2.76789 2.46986 1.49171 2.48231 3.11379 1.08172 2.32541 1.68231 2.85345 2.54738 1.86527 1.77123 2.68676 2.14997 2.86864 0.937933 1.97889 2.56341 1.50761 2.97625 1.84382 2.96556 2.88861 2.53194 1.55447 2.14922 2.7843 1.71851 1.70408 2.47288 3.26636 2.34795 1.81274 2.12243 2.33894 2.03908 2.52231 2.79061 2.32891 2.56892 2.04892 2.87447 2.38324 2.50002 2.57412 3.00565 2.63505 3.13558 2.81814 1.34229 1.18829 2.83284 3.04433 3.40027 3.32134 2.9311 2.33477 3.66888 2.79727 1.98432 1.61987 3.91693 3.95257 1.29809 1.62821 2.25501 3.50264 2.47198 3.25953 2.84547 1.89843 2.39816 3.27567 3.34639 2.87064 3.33748 3.22099 1.61944 2.97886 1.81006 3.73173 2.92295 2.6358 0.992046 3.40223 2.29228 2.6117 
2.48702 2.97943 3.25366 0 2.35948 2.89927 2.84837 3.76227 2.93387 0.953235 2.85277 2.84188 2.5489 2.95233 2.60391 1.48976 1.64993 3.49118 1.52896 2.65381 2.01779 2.48201 2.9233 1.55492 2.45327 2.35433 3.13906 2.74208 1.66704 2.72359 2.58704 2.41736 3.09677 1.81828 3.11383 2.82325 2.55527 2.00373 2.29407 3.13968 2.51345 2.51607 2.61412 1.83251 2.32942 2.52562 2.32804 2.72267 2.63941 2.31404 1.91636 2.70888 2.86009 2.49815 2.27945 2.29455 2.37119 2.01146 3.07888 2.27297 2.53127 2.81316 1.45478 1.49139 3.15563 2.79281 3.1513 3.09073 3.0793 1.97033 3.30445 2.45522 1.77854 1.7643 3.2753 3.33806 1.41058 2.04424 2.17931 3.00696 2.16184 3.30744 2.54844 1.41058 1.95735 2.98849 3.2204 2.32043 3.53788 2.66626 1.76386 3.01417 1.85546 3.35112 2.50715 2.35333 1.25837 2.93941 2.02988 2.3986 
3.85519 3.86223 2.19969 2.35948 0 3.75174 1.93971 2.57513 1.8108 1.52896 3.82647 2.40207 3.45746 1.9768 3.47533 1.48706 4.90538 2.53436 0.728477 3.10546 1.40703 1.83091 1.89807 1.90108 4.32798 4.38803 3.38587 1.77229 1.25591 4.77345 4.88674 3.94218 2.13771 1.56212 1.99081 1.82453 2.57857 0.953075 3.87033 2.01372 3.82685 5.03147 2.34845 6.35266 4.37888 4.70156 3.83763 4.93403 5.0676 4.6878 5.32394 5.21568 5.64105 4.197 5.2288 5.64711 4.90097 5.17232 3.02576 4.90472 6.21476 2.93511 1.59259 1.39324 4.77343 5.40171 4.11508 2.76172 2.9079 5.4143 3.06165 5.93165 1.94934 1.85444 2.78988 2.96546 1.54839 1.29671 4.97267 2.82071 4.89349 2.77191 1.80513 1.52066 4.67647 3.57535 3.87871 6.80582 4.05668 1.758 1.85401 5.13615 1.63806 2.96631 3.366 5.78024 1.12403 2.85912 1.98739 3.96735 
5.27373 4.04953 2.10521 2.89927 3.75174 0 2.1507 2.29639 1.5761 1.57727 4.06633 2.53802 3.73518 2.10264 3.78867 1.26209 6.04813 2.58145 0.891378 3.21658 1.77047 1.85891 1.79575 1.74038 4.7293 4.57883 3.35563 2.06444 1.01666 6.33419 6.09726 5.2422 2.3487 1.76445 2.40726 2.15608 2.90634 0.953075 4.80807 2.07509 5.01837 6.81335 2.965 6.54152 5.55901 5.92224 4.20797 6.65043 4.91558 5.60252 6.50725 5.09734 7.61227 4.47052 6.56681 7.41247 6.16432 5.25293 3.7007 5.73961 6.55902 3.49585 1.4852 1.47635 5.1058 5.54525 4.59945 2.87487 3.65861 7.04318 3.28626 7.40124 2.00259 1.79472 3.39583 3.41148 1.441 1.46528 6.13699 3.1283 6.18648 2.75341 2.32787 1.84529 5.8259 4.11889 4.31807 6.80487 4.37868 2.36395 1.79428 5.58851 1.8235 3.36101 3.56711 5.93282 1.01032 3.03089 2.3214 4.29409 
2.40624 3.16287 3.05825 2.84837 1.93971 2.1507 0 3.14668 2.07009 1.68956 2.22314 3.02207 2.18667 2.67086 2.00543 1.57342 2.24652 3.42426 1.01023 2.87679 1.93811 1.61823 1.77299 2.2363 2.1186 2.44504 2.01294 2.09785 1.73486 2.55151 1.58503 1.7455 1.87914 1.81733 2.71815 2.71246 2.28217 1.40513 1.30614 2.70643 2.12965 2.54671 2.38889 2.83301 2.00995 2.08388 1.72092 2.50074 2.42268 1.60417 2.37824 2.23528 2.61084 2.64187 1.69045 2.38464 2.44961 2.07337 2.89287 1.68545 2.44565 2.44001 1.77503 1.78042 2.84734 2.97517 3.15398 3.00207 2.75431 2.14911 3.45454 2.54313 2.12698 1.92412 3.18968 3.52024 1.77367 1.77736 2.14445 3.24527 1.98682 3.20724 2.27109 1.84788 1.85605 2.84374 3.38983 2.46942 3.26621 2.48059 1.92369 2.80704 1.95642 3.30722 2.80477 2.37094 1.45926 3.40948 1.93917 2.5019 
2.19755 3.71865 2.09932 3.76227 2.57513 2.29639 3.14668 0 2.86218 2.10296 3.01792 3.32315 2.44968 3.15429 2.64809 1.9555 2.72897 3.717 1.58479 3.00507 2.33514 3.03168 2.67133 2.40768 2.05954 3.22582 2.18528 3.04688 1.37569 2.56168 2.65184 1.79593 3.03616 2.51706 3.14379 3.30576 2.60553 2.05955 2.13315 3.20146 2.15835 2.38374 2.83368 3.74336 2.85603 1.87265 2.25487 2.88495 2.52734 2.75303 3.10187 2.71862 2.88184 2.60452 3.04785 2.78711 2.72036 2.76325 3.42898 2.88187 3.40172 3.17052 2.10551 1.95633 3.39268 3.44667 3.84402 3.74747 3.21308 2.74387 4.07798 3.34742 2.61528 2.38309 4.20059 4.32138 2.06131 2.17062 2.61751 3.90499 2.83221 3.79326 3.12914 2.45409 2.89341 3.5968 3.76004 3.26969 3.60678 3.50676 2.38266 3.40955 2.30067 3.99787 3.23421 3.17436 1.63063 3.95518 2.83469 3.11732 
1.8243 2.81998 2.52206 2.93387 1.8108 1.5761 2.07009 2.86218 0 1.57727 2.32991 2.73079 1.83333 2.48408 2.1671 1.26209 1.98438 3.17876 0.891378 2.44479 1.77047 1.70373 1.64058 1.74038 1.82975 2.2536 1.88053 2.18335 1.01666 2.23643 1.65661 1.52184 2.3185 1.76445 2.49636 2.36958 1.9939 0.953075 1.28111 2.64089 1.86668 1.87254 2.05098 2.88691 1.99452 1.78753 1.512 2.28001 1.84583 1.75404 2.14087 1.53907 2.19598 1.98195 2.0077 2.20991 2.07784 2.00317 2.60126 1.66579 2.52921 2.34162 1.4852 1.47635 2.67588 2.74888 2.92971 2.71969 2.64098 2.02707 3.16367 2.3416 2.00259 1.73858 3.27324 3.34428 1.441 1.46528 1.84552 3.01898 1.94984 2.74665 2.1727 1.84529 1.85791 2.71442 3.03723 2.18915 2.83462 2.42482 1.73815 2.62362 1.75593 3.20584 2.40724 2.41015 1.01032 3.1282 2.29061 2.21952 
1.29515 1.53455 1.33492 0.953235 1.52896 1.57727 1.68956 2.10296 1.57727 0 1.67434 1.59282 1.25837 1.67434 1.5337 1.48976 0.953235 2.02588 1.52896 1.55932 2.01779 1.50795 1.44993 1.55492 1.25837 1.34876 1.65671 1.50795 1.66704 1.29515 1.46769 1.25837 1.82661 1.81828 1.68974 1.69738 1.29515 2.00373 1.23799 1.8057 1.33492 1.39133 1.40606 1.17702 1.35876 1.31557 1.25837 1.54853 1.25837 1.44367 1.16677 1.46872 1.4767 1.25837 1.44367 0.953235 1.41058 0.953235 1.65768 1.14086 1.24551 1.62956 1.45478 1.49139 1.83909 1.66758 1.56167 1.65693 1.88459 0.953235 1.77197 1.44596 1.77854 1.7643 1.79748 1.83635 1.41058 2.04424 0.953235 1.57088 0.953235 2.00146 1.4767 1.41058 0.953235 1.3967 1.78509 1.16954 1.85546 1.59724 1.76386 1.64739 1.85546 1.45235 1.43882 1.14624 1.25837 1.70822 2.02988 1.38889 
3.26738 4.52406 2.55322 2.85277 3.82647 4.06633 2.22314 3.01792 2.32991 1.67434 0 2.61024 4.23847 2.0658 4.42141 1.88448 4.00354 2.69956 1.14838 3.36302 1.68231 2.21063 2.16545 2.3175 4.31241 5.12209 3.83063 2.27248 1.42408 3.71621 4.08877 3.72311 2.40509 1.87596 2.7031 2.36331 3.36115 1.62113 3.47562 2.49245 3.63722 3.99608 2.99998 5.22448 4.15392 4.32318 3.39069 4.12727 4.28031 4.02185 4.61505 4.45576 4.932 4.88004 4.39446 4.76236 4.03444 4.34091 3.86536 4.22471 5.23424 3.49496 1.42239 1.69734 5.18567 5.52547 4.57837 2.99219 3.83806 4.2315 3.41839 4.5354 2.2035 1.69294 3.39571 3.36858 1.3782 1.57464 4.15098 3.06429 3.92216 2.86515 2.47439 1.52066 3.91222 4.17187 4.54168 4.96246 4.78192 2.37434 1.6925 5.4704 2.02737 3.46315 4.15362 4.8262 1.40404 3.0198 2.34778 4.50038 
2.13258 3.27043 2.73691 2.84188 2.40207 2.53802 3.02207 3.32315 2.73079 1.59282 2.61024 0 2.01131 2.85719 2.28033 1.78861 2.37353 3.51233 1.55959 1.93196 2.19431 2.68595 2.67568 2.18191 2.20943 2.43877 2.91564 2.44094 1.6072 2.18062 2.69172 1.97898 3.18972 1.39803 2.88343 2.46086 2.58728 2.03435 2.24053 2.66544 1.94524 2.00953 1.90032 2.81063 2.60139 2.00247 1.91633 1.94275 2.30341 2.36631 2.00497 2.27619 2.48679 2.15595 2.55534 2.61686 1.91508 1.92695 3.02646 2.3434 2.56347 2.69412 1.32629 1.54733 2.99763 2.43165 2.90094 3.12477 2.96273 1.97884 3.31296 2.16711 1.81829 1.63647 3.3916 3.20838 1.41793 2.07836 2.26686 2.66227 1.97265 3.10305 2.71144 1.58718 1.82606 2.75855 3.09072 2.53951 3.12043 2.96858 1.63604 2.53073 1.84172 3.29305 2.21054 2.33042 1.25852 2.71069 1.96447 2.38341 
3.43527 3.92513 2.12851 2.5489 3.45746 3.73518 2.18667 2.44968 1.83333 1.25837 4.23847 2.01131 0 2.15608 3.9473 1.09919 3.7467 2.70584 0.893931 2.85769 1.80817 1.96221 1.8969 1.42147 3.00116 4.04663 3.30446 1.82306 1.03924 3.5475 3.63609 2.78997 2.40313 1.51394 2.32325 1.95831 3.03947 1.3687 3.03147 2.16706 3.01 3.83966 2.38001 4.67116 3.62827 3.06103 2.92783 3.62166 3.50734 3.09695 3.58441 3.32835 3.79997 4.22045 3.21358 4.31249 3.41816 3.82761 3.2911 3.39126 4.15296 2.78136 1.1193 1.11045 4.38076 4.94608 3.74387 2.27731 2.91773 3.61036 2.63276 3.85751 1.57728 1.42882 2.79604 2.75971 1.07511 1.59252 3.00834 2.60257 3.10796 2.31022 1.63661 1.67544 2.9792 3.29107 3.89314 4.56039 3.48671 2.14291 1.42839 4.4625 1.266 2.58939 2.93142 3.94532 0.751975 2.54583 1.94702 3.59752 
2.02668 3.09475 2.76789 2.95233 1.9768 2.10264 2.67086 3.15429 2.48408 1.67434 2.0658 2.85719 2.15608 0 2.3136 1.78365 2.3712 2.98233 1.16883 2.59647 1.98216 2.46061 2.24134 2.10593 2.28458 2.5466 2.48129 2.34637 1.50443 1.98806 2.25738 1.98563 2.91926 1.87596 2.99055 2.2443 2.50348 1.6436 1.95838 2.48531 2.19449 1.7188 2.01156 2.78721 2.05797 2.20968 1.66822 2.17469 2.06934 2.18024 2.41924 2.57628 2.45501 2.09739 2.35172 2.48297 1.88359 2.43015 2.72561 2.37028 2.68292 2.05548 1.37308 1.73687 2.54397 2.7371 3.13124 3.08775 2.76699 2.22629 3.51795 2.35189 2.2035 1.6826 3.52762 3.4513 1.32889 1.70695 2.1998 3.05618 2.16689 2.93198 2.4263 1.52066 2.141 2.93147 3.16891 2.36149 3.18526 2.54996 1.68217 2.52587 2.00484 3.56271 2.67304 2.66375 1.32889 3.1046 2.34778 2.12178 
3.87321 4.32572 2.46986 2.60391 3.47533 3.78867 2.00543 2.64809 2.1671 1.5337 4.42141 2.28033 3.9473 2.3136 0 1.36256 3.91937 2.9538 0.754222 3.11766 1.70083 1.74241 1.89243 1.9911 3.90487 4.25598 3.60637 1.78532 1.37751 4.0112 3.6542 3.51056 2.18304 1.78551 2.13702 1.95341 2.81574 1.14912 3.34242 2.21857 3.12799 4.20356 2.8247 4.58639 3.31275 3.81598 3.20471 3.85103 4.21251 3.07257 3.76482 4.02514 4.23305 4.5307 3.80824 4.51794 3.91328 3.65976 3.48002 3.65509 4.65663 3.34147 1.607 1.52441 5.0324 5.19938 4.39048 2.85 3.32301 3.63603 3.14992 4.58989 1.99418 1.78621 3.04811 3.03622 1.56281 1.51614 3.86679 2.59466 3.63795 2.89034 2.02629 1.59187 3.41631 3.97003 4.03851 4.89379 4.23615 2.09468 1.78577 5.2726 1.82051 3.19659 3.29962 4.56337 1.24839 2.73551 2.13297 4.33418 
1.45194 1.82925 1.49171 1.48976 1.48706 1.26209 1.57342 1.9555 1.26209 1.48976 1.88448 1.78861 1.09919 1.78365 1.36256 0 1.48976 2.26427 1.48706 1.66321 2.25618 1.3949 1.2466 1.82925 1.24117 1.63695 1.45474 1.3949 1.72765 1.45194 1.37857 1.15977 1.71047 2.10647 1.36635 1.55231 1.5484 1.96183 0.914595 1.88576 1.30088 1.45194 1.35308 1.75972 1.59715 1.24117 1.09919 1.5067 1.09919 1.3949 1.36256 1.55843 1.63596 1.09919 1.3949 0.914595 1.4136 1.34065 1.89607 1.30207 1.56255 1.47038 1.4578 1.51394 1.85162 1.67111 1.77423 1.61521 1.89055 1.30088 2.09146 1.44899 2.09146 1.76732 1.75639 2.12462 1.4136 2.17443 1.09919 1.76733 1.30207 2.05954 1.47914 1.96696 1.31912 1.74553 2.09201 1.33075 1.91237 1.56255 1.76689 1.57299 1.91237 1.81823 1.42673 1.40645 1.09919 1.71124 2.39577 1.47038 
8.02559 3.51007 2.48231 1.64993 4.90538 6.04813 2.24652 2.72897 1.98438 0.953235 4.00354 2.37353 3.7467 2.3712 3.91937 1.48976 0 2.37511 1.18415 3.18376 1.85105 1.89657 1.92927 1.55492 4.25488 4.00691 3.36362 2.26643 1.18617 7.30263 5.87227 8.94391 2.50126 1.51361 2.62015 2.13276 2.72389 1.65892 7.41246 2.33734 8.19191 5.98168 2.82194 5.24345 9.17525 8.13778 8.19708 8.53813 4.88461 7.79181 8.69973 4.85765 7.23687 4.17105 7.24606 6.29182 8.71179 4.23508 3.5839 8.70686 5.60296 3.3663 1.53461 1.47051 5.12322 4.76717 4.04322 2.67656 3.65222 7.10209 2.93287 9.15169 1.77854 1.73657 2.90941 2.9876 1.50968 1.58622 9.27442 2.74474 9.27196 2.82677 2.16665 1.43012 8.29179 3.55411 4.23294 6.08252 4.02563 2.13277 1.73614 4.91212 1.68328 2.78554 3.39529 5.35258 1.25285 2.7946 1.91283 4.1842 
2.48677 2.64041 3.11379 3.49118 2.53436 2.58145 3.42426 3.717 3.17876 2.02588 2.69956 3.51233 2.70584 2.98233 2.9538 2.26427 2.37511 0 1.47407 3.19605 2.00801 3.15432 3.16683 2.07118 2.75372 3.05838 3.40678 3.13606 1.74978 2.37201 3.18287 2.49011 3.56168 2.3456 3.42273 3.22532 2.69024 1.94682 2.66271 2.99874 2.54039 2.66592 2.80125 3.46342 2.43207 2.83581 2.29351 2.96439 2.78733 2.90825 3.38993 3.04702 3.23275 2.72894 3.20914 2.97889 2.83071 2.79329 3.28923 3.22549 3.39546 3.1555 2.08951 2.02304 3.64399 3.80588 3.92093 4.00135 3.36729 3.01758 4.25317 3.41951 2.55504 2.39903 4.24016 4.38444 2.04531 1.90034 2.93502 4.14587 2.89674 4.032 3.22838 2.30063 2.90214 3.74029 3.63482 3.46246 3.88086 3.35878 2.39859 3.6259 2.39142 4.21715 3.50066 3.26888 1.72974 4.08143 2.88514 3.2218 
0.980201 1.46033 1.08172 1.52896 0.728477 0.891378 1.01023 1.58479 0.891378 1.52896 1.14838 1.55959 0.893931 1.16883 0.754222 1.48706 1.18415 1.47407 0 1.31062 1.6019 0.728477 0.875893 1.90108 0.84082 1.07255 1.10686 0.728477 1.25591 1.14838 1.01023 0.789061 1.22765 1.60305 1.18989 1.03533 1.15066 0.953075 0.728477 1.03533 0.890886 0.980201 1.07877 1.46988 0.927159 0.890886 0.728477 1.19162 1.07255 0.728477 1.19794 1.07255 1.12062 1.12403 0.893931 1.2353 1.16883 1.25024 1.35706 1.15329 1.24642 1.00353 1.59259 1.39324 1.22854 1.48734 1.73247 1.52832 1.22854 1.12403 1.94276 1.41748 1.94934 1.85946 1.44026 1.839 1.54839 1.29671 1.12403 1.46256 1.07877 1.81686 1.0336 1.52568 0.949359 1.52224 1.59902 1.39148 1.63806 1.24642 1.85903 1.34995 1.63806 1.62314 1.19794 1.13558 1.12403 1.8086 2.00179 1.22457 
2.21212 4.6225 2.32541 2.65381 3.10546 3.21658 2.87679 3.00507 2.44479 1.55932 3.36302 1.93196 2.85769 2.59647 3.11766 1.66321 3.18376 3.19605 1.31062 0 1.70041 2.41219 2.56895 2.03677 2.83139 3.20509 4.1355 2.30409 1.44302 2.71028 3.50854 2.54959 2.97875 1.39803 2.40513 2.32043 3.64414 1.78538 3.07014 2.5587 2.55042 2.46333 2.93941 3.78846 3.11527 2.77813 2.78083 2.65644 3.06676 3.15977 2.84799 3.05504 3.20536 2.81991 3.54066 3.61278 2.88659 2.92636 3.89312 3.05095 3.66093 3.8087 1.23855 1.51739 3.77004 3.66004 4.2138 2.85123 3.78586 2.45818 2.96466 3.13118 1.73055 1.63647 3.09 2.84309 1.33019 1.78658 3.08666 2.54317 2.82099 2.61945 2.30626 1.58718 2.65097 3.90055 4.03929 3.64778 4.12579 2.50693 1.63604 3.74783 1.47531 2.86648 3.29529 3.39079 1.17078 2.46455 1.96447 3.32306 
1.68231 2.30364 1.68231 2.01779 1.40703 1.77047 1.93811 2.33514 1.77047 2.01779 1.68231 2.19431 1.80817 1.98216 1.70083 2.25618 1.85105 2.00801 1.6019 1.70041 0 1.80079 1.88762 2.66095 1.6019 1.71224 2.01436 1.80079 2.06844 1.68231 1.93811 1.6019 2.15553 2.39709 1.70083 1.87864 1.85105 2.07666 1.80079 1.87864 1.24698 1.79273 1.70041 2.30495 1.24698 1.6019 1.6019 1.70041 1.80817 1.70604 2.10326 1.71224 1.89805 1.89184 1.85686 2.00441 1.98216 1.97599 1.78552 1.93487 1.92819 2.12712 2.08142 2.3417 2.05369 2.2628 2.24568 2.29743 1.84588 1.68971 2.54038 2.01425 2.54695 2.359 2.2227 2.69416 2.03722 1.92393 1.89184 2.35466 1.68971 2.28505 1.9411 2.61929 1.83209 2.13318 2.21019 2.04775 2.29171 1.92819 2.35857 2.08595 2.29171 2.33555 2.21939 1.90469 1.89184 2.33486 2.90874 2.09428 
2.15737 2.79651 2.85345 2.48201 1.83091 1.85891 1.61823 3.03168 1.70373 1.50795 2.21063 2.68595 1.96221 2.46061 1.74241 1.3949 1.89657 3.15432 0.728477 2.41219 1.80079 0 1.76049 1.96535 1.78684 2.07868 2.00044 1.75724 1.45312 2.41095 1.3569 1.64175 1.86663 1.47362 2.4214 2.34611 1.91582 1.12338 1.24287 2.61126 1.89435 2.20562 1.82489 2.46665 1.90115 1.89035 1.62533 1.9906 2.11412 1.39876 2.01188 1.86892 2.26213 2.31333 1.55584 2.23503 2.17372 1.81025 2.52651 1.41962 2.07224 2.07365 1.63935 1.49867 2.48098 2.63904 2.80892 2.63571 2.44608 1.88599 3.19142 2.2676 1.96844 1.83543 2.81627 3.25711 1.59515 1.49561 1.88132 2.90915 1.61341 2.94411 1.90473 1.56613 1.57099 2.56103 3.0324 2.2063 2.90878 2.238 1.835 2.54392 1.79476 3.04409 2.46865 2.00458 1.2353 3.07335 1.90812 2.13554 
2.00978 2.91895 2.54738 2.9233 1.89807 1.79575 1.77299 2.67133 1.64058 1.44993 2.16545 2.67568 1.8969 2.24134 1.89243 1.2466 1.92927 3.16683 0.875893 2.56895 1.88762 1.76049 0 1.72489 1.79131 2.51912 1.47157 2.12519 1.1008 2.01014 1.47565 1.23547 2.01584 1.90718 2.44125 2.45192 1.93879 1.35066 1.00924 2.44899 1.84861 2.12537 2.09832 2.90794 2.05874 1.73242 1.39372 2.27824 2.05096 1.56548 2.19762 2.00684 2.33394 2.18959 1.7456 2.15052 2.08972 1.94807 2.79065 1.61068 2.4741 2.33656 1.46971 1.349 2.8057 2.71218 2.98646 2.77644 2.64131 2.02741 3.22043 2.39835 1.97949 1.77923 3.21813 3.40103 1.42552 1.58244 1.90227 3.07573 1.91205 3.08647 2.22945 1.82981 1.80281 2.76897 3.1623 2.2459 2.83079 2.60066 1.7788 2.56851 1.74861 3.20319 2.46399 2.37621 0.994836 3.18496 2.19405 2.27627 
1.8255 1.42147 1.86527 1.55492 1.90108 1.74038 2.2363 2.40768 1.74038 1.55492 2.3175 2.18191 1.42147 2.10593 1.9911 1.82925 1.55492 2.07118 1.90108 2.03677 2.66095 1.96535 1.72489 0 1.61473 1.99192 1.95587 1.96536 2.10121 1.8255 2.04145 1.61473 2.32295 2.46144 2.02923 1.8746 1.93831 2.37455 1.57748 2.25932 1.67444 1.8255 1.67536 1.9162 2.00192 1.61473 1.42147 1.88025 1.42147 1.90108 1.80993 1.88071 1.95824 1.42147 1.90108 1.42147 1.85215 1.5964 2.30084 1.78402 1.88867 1.79266 1.89635 1.8875 2.17391 2.10966 2.09652 1.93749 2.23163 1.5964 2.41374 1.88753 2.41374 2.20587 2.26257 2.47951 1.85215 2.54799 1.42147 2.20588 1.5964 2.41345 1.95824 2.33259 1.5964 2.03986 2.41429 1.8127 2.23465 2.06873 2.20543 1.94654 2.23465 2.09551 1.74902 1.7894 1.42147 2.14979 2.67304 1.79266 
3.6281 3.81781 1.77123 2.45327 4.32798 4.7293 2.1186 2.05954 1.82975 1.25837 4.31241 2.20943 3.00116 2.28458 3.90487 1.24117 4.25488 2.75372 0.84082 2.83139 1.6019 1.78684 1.79131 1.61473 0 4.12221 2.96865 1.92842 0.664054 4.8226 4.67952 3.44254 2.00808 1.78382 2.27865 1.98278 2.66373 1.31559 3.71424 2.08018 3.96192 4.59364 2.57853 5.81485 4.5084 4.2413 3.60469 4.85516 4.7933 4.20759 4.85382 5.01055 5.43048 4.32637 5.03666 5.24877 5 4.62204 3.49891 4.55584 5.81672 2.99679 1.31255 1.19185 4.73587 5.04728 4.10709 2.53927 3.18226 4.98832 2.92521 5.61005 1.74094 1.62207 2.89556 2.92096 1.26836 1.29671 4.39735 2.73332 4.73354 2.61819 1.78139 1.60949 4.31523 3.65429 4.10094 6.38359 3.82571 2.2155 1.62164 4.93264 1.42966 2.88006 3.10649 5.45264 0.83768 2.70708 1.94702 3.87097 
4.21647 4.11576 2.68676 2.35433 4.38803 4.57883 2.44504 3.22582 2.2536 1.34876 5.12209 2.43877 4.04663 2.5466 4.25598 1.63695 4.00691 3.05838 1.07255 3.20509 1.71224 2.07868 2.51912 1.99192 4.12221 0 4.15683 2.37749 1.66263 4.43366 4.74226 4.00405 2.67288 1.39803 2.44204 2.15027 3.0525 1.40872 4.02828 2.4667 3.76378 4.46784 2.98782 4.59505 3.909 4.3872 3.75234 3.7167 4.38731 3.95022 3.81212 4.30703 4.61015 4.85751 4.41268 5.01535 4.35988 3.95349 3.6215 3.49878 4.68383 3.55125 1.73738 1.83211 5.1589 5.58981 4.48459 2.91866 3.56479 3.79447 3.26732 4.60611 2.09922 1.80621 2.99814 3.01601 1.69319 1.7984 4.04756 2.87962 3.65597 2.70384 2.00608 1.74571 3.22595 4.02019 4.14904 5.04083 4.44369 2.38911 1.80578 5.54001 1.91947 3.21985 3.50133 4.80908 1.21146 2.93491 2.07446 4.46615 
3.23442 5.08779 2.14997 3.13906 3.38587 3.35563 2.01294 2.18528 1.88053 1.65671 3.83063 2.91564 3.30446 2.48129 3.60637 1.45474 3.36362 3.40678 1.10686 4.1355 2.01436 2.00044 1.47157 1.95587 2.96865 4.15683 0 2.35364 1.30758 3.49381 2.81562 2.20037 1.90243 2.12666 2.57697 2.69187 3.66166 1.58163 2.23171 2.68894 3.04424 3.59617 3.83031 4.74198 3.52664 2.80782 2.73946 3.76684 3.40342 3.0347 3.83263 3.32416 4.00991 3.97907 3.19353 3.83436 3.52295 3.35041 4.59084 3.10182 4.12579 4.20851 1.69919 1.57998 4.46656 4.3971 5.0319 3.0164 4.23979 3.46963 3.43754 4.02782 2.10623 2.00374 3.35385 3.58118 1.65499 1.70918 3.25381 3.30622 3.28651 3.23387 2.4694 2.06078 3.25063 4.49217 5.14789 4.15397 4.68781 2.73638 2.0033 4.3564 1.87535 3.33891 4.36851 3.9802 1.22581 3.42341 2.32079 3.94179 
2.14396 3.08851 2.86864 2.74208 1.77229 2.06444 2.09785 3.04688 2.18335 1.50795 2.27248 2.44094 1.82306 2.34637 1.78532 1.3949 2.26643 3.13606 0.728477 2.30409 1.80079 1.75724 2.12519 1.96536 1.92842 2.37749 2.35364 0 1.45312 2.22768 1.83652 1.7001 2.34625 1.47362 2.56298 2.44894 2.17909 1.12338 1.58622 2.62017 1.90954 2.26479 1.74819 2.71083 1.84254 2.03193 1.57407 1.86004 2.20148 1.54304 2.11472 2.21393 2.39966 2.33913 1.69742 2.26083 2.05948 2.09328 2.66809 1.75354 2.23576 2.09945 1.63935 1.49867 2.49845 2.77614 2.64584 2.91729 2.47188 2.03336 3.13613 2.16576 1.96844 1.85079 2.97979 3.39869 1.59515 1.49561 1.90712 2.90001 1.74949 2.98603 2.04631 1.56613 1.73451 2.60641 3.17398 2.29076 2.93458 2.26379 1.85036 2.56971 1.79476 3.06989 2.49445 2.14616 1.2353 3.07207 2.08528 2.16133 
0.664054 1.5984 0.937933 1.66704 1.25591 1.01666 1.73486 1.37569 1.01666 1.66704 1.42408 1.6072 1.03924 1.50443 1.37751 1.72765 1.18617 1.74978 1.25591 1.44302 2.06844 1.45312 1.1008 2.10121 0.664054 1.66263 1.30758 1.45312 0 1.03924 1.47085 0.664054 1.67466 2.24814 1.37751 1.5019 1.11043 1.72697 1.06524 1.5019 0.937933 0.664054 1.39437 1.87855 1.42408 0.937933 1.01666 1.39437 1.03924 1.42637 1.67185 1.28026 1.37014 1.03924 1.58922 1.38779 1.25064 1.31574 1.7437 1.56936 1.7516 1.43051 1.6744 1.5204 1.63118 1.61177 1.96455 1.84018 1.63118 1.36393 2.27805 1.58231 2.28462 1.98392 2.09744 2.27046 1.63021 1.82616 1.36393 1.67321 1.45932 2.04244 1.64601 2.01816 1.31574 1.90278 2.00626 1.67267 2.00895 1.9036 1.98349 1.61177 2.05375 1.95843 1.65171 1.5204 1.36393 1.92785 2.53597 1.43051 
6.79902 3.67926 1.97889 2.72359 4.77345 6.33419 2.55151 2.56168 2.23643 1.29515 3.71621 2.18062 3.5475 1.98806 4.0112 1.45194 7.30263 2.37201 1.14838 2.71028 1.68231 2.41095 2.01014 1.8255 4.8226 4.43366 3.49381 2.22768 1.03924 0 6.21517 6.57729 2.70078 1.84382 2.56183 2.39148 3.19242 1.62113 6.38547 2.30584 5.86627 5.77613 2.62558 6.18521 6.30325 7.11834 6.4392 7.34124 4.83016 7.22431 7.47663 5.38613 7.14969 4.22977 7.92303 6.76679 6.98805 4.98918 3.42304 7.0534 5.95102 3.45183 1.30252 1.14852 4.51209 5.2444 3.93376 2.68891 3.50169 7.88365 2.92937 7.93904 1.88579 1.61204 3.39074 3.32015 1.25832 1.57464 6.87128 3.00055 7.13888 2.77556 2.37896 1.80394 6.96759 3.70391 4.24836 6.47868 3.90777 2.52494 1.6116 4.97501 1.79432 3.09633 3.41829 5.16341 0.893516 2.80984 2.28445 3.78668 
5.65602 4.25287 2.56341 2.58704 4.88674 6.09726 1.58503 2.65184 1.65661 1.46769 4.08877 2.69172 3.63609 2.25738 3.6542 1.37857 5.87227 3.18287 1.01023 3.50854 1.93811 1.3569 1.47565 2.04145 4.67952 4.74226 2.81562 1.83652 1.47085 6.21517 0 4.82416 1.61781 1.81733 2.29292 2.45114 2.76673 1.40513 4.38328 2.46503 4.95386 6.8984 3.01991 6.33395 5.48269 5.62358 5.21349 6.56245 5.21387 4.69073 6.2981 4.94973 7.35429 4.86559 5.56167 7.31784 5.97035 5.2277 3.72815 5.45219 5.93144 3.28367 1.60015 1.67916 4.90239 5.11745 4.36671 2.74074 3.3771 6.66234 3.19322 6.82604 1.95211 1.64482 2.92835 3.25891 1.57883 1.77736 5.73702 2.94311 5.75561 2.94591 2.00976 1.84788 5.15464 3.82697 4.52092 6.39555 4.25799 2.06963 1.64439 5.15788 1.77843 3.04589 3.74155 5.75389 1.26441 3.05233 1.93917 4.1226 
6.79756 3.58963 1.50761 2.41736 3.94218 5.2422 1.7455 1.79593 1.52184 1.25837 3.72311 1.97898 2.78997 1.98563 3.51056 1.15977 8.94391 2.49011 0.789061 2.54959 1.6019 1.64175 1.23547 1.61473 3.44254 4.00405 2.20037 1.7001 0.664054 6.57729 4.82416 0 1.86299 1.72443 2.04355 1.67487 2.25502 1.26383 6.99884 1.77227 7.41284 5.28242 2.3773 5.48088 8.40845 7.47598 7.65418 7.95012 4.19242 8.54206 8.58676 4.5821 6.56078 3.87971 6.87878 5.76255 8.86281 3.8674 3.30115 8.37325 5.31987 2.84757 1.26445 1.11045 4.11868 4.50717 3.70025 2.52943 2.98103 6.71801 2.76365 8.65595 1.74094 1.57397 2.84349 2.91331 1.22025 1.29671 8.98639 2.4674 9.10984 2.48992 1.74173 1.60949 8.37248 3.33096 3.85819 5.53586 3.5266 2.17583 1.57354 4.43266 1.42966 2.77487 3.07881 4.73307 0.83768 2.57881 1.94702 3.41798 
2.54366 3.36087 2.97625 3.09677 2.13771 2.3487 1.87914 3.03616 2.3185 1.82661 2.40509 3.18972 2.40313 2.91926 2.18304 1.71047 2.50126 3.56168 1.22765 2.97875 2.15553 1.86663 2.01584 2.32295 2.00808 2.67288 1.90243 2.34625 1.67466 2.70078 1.61781 1.86299 0 2.03475 2.96101 2.91046 2.48232 1.62255 1.55454 2.84384 2.16283 2.70939 2.58688 3.08141 2.25835 2.0766 1.85833 2.63816 2.57788 1.67162 2.62664 2.34072 2.79738 2.8171 1.85175 2.73627 2.74361 2.42501 2.92605 1.9378 2.6095 2.63801 1.95906 1.92709 3.04534 3.19694 3.50561 3.25047 2.89554 2.50075 3.80618 2.89477 2.31102 2.00374 3.35354 3.85527 1.93774 1.92105 2.49608 3.52391 2.33845 3.55887 2.46909 2.0653 1.99247 3.12923 3.59676 2.82106 3.30832 2.73607 2.0033 2.94346 1.92331 3.65885 3.03301 2.61934 1.57292 3.68811 2.25983 2.7503 
1.84382 2.16153 1.84382 1.81828 1.56212 1.76445 1.81733 2.51706 1.76445 1.81828 1.87596 1.39803 1.51394 1.87596 1.78551 2.10647 1.51361 2.3456 1.60305 1.39803 2.39709 1.47362 1.90718 2.46144 1.78382 1.39803 2.12666 1.47362 2.24814 1.84382 1.81733 1.72443 2.03475 0 1.89162 1.84 1.88748 2.07782 1.75976 2.10628 1.45427 1.97243 1.43677 2.1262 1.56212 1.77233 1.60305 1.39803 1.51394 1.44428 1.39803 1.45427 1.91859 1.68098 1.44428 1.81828 1.65745 1.51361 1.94545 1.58887 1.61193 1.81061 1.87524 2.30163 2.11348 1.65745 1.87957 2.14773 1.96914 1.51 2.36067 1.65745 2.36724 2.18542 1.80578 2.00484 1.96688 2.40997 1.68098 1.93289 1.43677 1.89548 1.52853 2.13613 1.43677 1.88024 2.30692 1.84157 2.195 1.61193 2.18499 2.02619 2.195 2.15584 1.78566 1.75499 1.68098 1.97871 2.49671 1.81061 
2.42037 3.38628 2.96556 3.11383 1.99081 2.40726 2.71815 3.14379 2.49636 1.68974 2.7031 2.88343 2.32325 2.99055 2.13702 1.36635 2.62015 3.42273 1.18989 2.40513 1.70083 2.4214 2.44125 2.02923 2.27865 2.44204 2.57697 2.56298 1.37751 2.56183 2.29292 2.04355 2.96101 1.89162 0 2.85801 2.37849 1.64058 2.14237 2.90241 2.09471 2.31819 2.27699 3.09848 1.96569 1.90141 2.19014 2.38885 2.33575 2.01603 2.28018 2.36703 2.32515 2.41288 2.35638 2.5494 2.61382 2.37159 2.31685 2.17054 2.585 2.75589 1.6108 1.66694 2.83599 3.09475 3.17465 3.33309 2.62206 2.04957 3.38368 2.69456 2.05871 1.88838 3.32904 3.1624 1.5666 1.78699 2.25854 3.24284 2.2245 3.12031 2.25758 2.11382 2.0794 2.99047 2.72369 2.7366 3.11067 2.63521 1.88795 2.98201 1.80347 3.45095 2.73391 2.439 1.25219 3.33862 2.27812 2.69601 
2.43663 2.85632 2.88861 2.82325 1.82453 2.15608 2.71246 3.30576 2.36958 1.69738 2.36331 2.46086 1.95831 2.2443 1.95341 1.55231 2.13276 3.22532 1.03533 2.32043 1.87864 2.34611 2.45192 1.8746 1.98278 2.15027 2.69187 2.44894 1.5019 2.39148 2.45114 1.67487 2.91046 1.84 2.85801 0 2.48516 1.51009 1.86754 2.12572 2.0788 2.33446 2.06936 2.65813 2.0129 2.02057 1.54333 2.27727 2.11601 2.02797 2.02291 2.23462 2.44523 2.1834 2.2148 2.53662 2.09269 2.19172 2.5887 2.41727 2.55885 2.41747 1.57243 1.56358 2.89657 2.47627 3.14517 3.16365 2.86168 2.04501 3.37913 2.64048 2.08982 1.77297 3.40355 3.10338 1.52823 1.57345 2.11509 2.93459 2.06013 3.29397 2.28938 1.69748 2.00409 2.82472 2.82942 2.78292 3.01859 2.4432 1.77254 2.70876 1.80557 3.4258 2.24942 2.52684 1.09755 2.88256 2.32293 2.48377 
2.6918 4.16095 2.53194 2.55527 2.57857 2.90634 2.28217 2.60553 1.9939 1.29515 3.36115 2.58728 3.03947 2.50348 2.81574 1.5484 2.72389 2.69024 1.15066 3.64414 1.85105 1.91582 1.93879 1.93831 2.66373 3.0525 3.66166 2.17909 1.11043 3.19242 2.76673 2.25502 2.48232 1.88748 2.37849 2.48516 0 1.62341 2.23534 2.51989 2.88134 2.7794 3.17785 3.56089 2.67685 2.93128 2.54704 3.24296 3.28873 2.49542 3.18172 3.08056 3.39288 3.33402 2.94609 2.98622 3.15691 2.44242 3.9545 2.81854 3.7201 3.61231 1.63987 1.47051 3.94599 4.291 4.73312 3.12976 3.63439 3.06336 3.28995 3.75052 2.11494 1.8493 3.26062 3.43961 1.59568 1.74337 2.97212 2.98968 3.13531 3.06634 2.24063 1.52164 2.69926 4.32385 4.66161 3.79413 4.62205 2.56468 1.84886 4.14449 1.84043 3.33794 3.97315 3.15649 1.28963 2.99738 2.27398 3.37301 
1.45126 1.9351 1.55447 2.00373 0.953075 0.953075 1.40513 2.05955 0.953075 2.00373 1.62113 2.03435 1.3687 1.6436 1.14912 1.96183 1.65892 1.94682 0.953075 1.78538 2.07666 1.12338 1.35066 2.37455 1.31559 1.40872 1.58163 1.12338 1.72697 1.62113 1.40513 1.26383 1.62255 2.07782 1.64058 1.51009 1.62341 0 1.12338 1.51009 1.36565 1.45126 1.55354 1.94465 1.15916 1.36565 0.953075 1.66639 1.50465 1.12338 1.6727 1.40872 1.59538 1.5988 1.35512 1.71006 1.6436 1.65511 1.83183 1.51307 1.72119 1.4783 2.06735 1.868 1.70331 1.96211 2.20724 2.00309 1.70331 1.5988 2.41753 1.89225 2.4241 2.33423 1.91503 2.31377 2.02316 1.77148 1.5988 1.93733 1.55354 2.15303 1.50837 2.00045 1.42413 1.997 2.07378 1.86624 2.11282 1.72119 2.3338 1.82472 2.11282 2.09791 1.6727 1.61035 1.5988 2.28337 2.47656 1.69934 
6.35314 3.66091 2.14922 2.29407 3.87033 4.80807 1.30614 2.13315 1.28111 1.23799 3.47562 2.24053 3.03147 1.95838 3.34242 0.914595 7.41246 2.66271 0.728477 3.07014 1.80079 1.24287 1.00924 1.57748 3.71424 4.02828 2.23171 1.58622 1.06524 6.38547 4.38328 6.99884 1.55454 1.75976 2.14237 1.86754 2.23534 1.12338 0 1.94487 13.7919 5.3293 2.60824 5.01506 13.9461 6.69092 11.4381 7.64141 4.1652 12.1003 13.0034 4.17032 6.54223 3.92856 5.85248 5.70343 11.8312 3.87901 3.51433 7.68878 5.19757 2.64717 1.20603 1.26217 4.33255 4.22851 3.95539 2.41698 3.12195 6.41545 2.86096 8.13566 1.83969 1.51555 2.87792 3.02768 1.16184 1.49561 16.2352 2.58612 13.6776 2.68568 1.8561 1.56613 14.9961 3.41566 3.94707 5.24982 3.6113 2.16192 1.51512 4.48217 1.6606 2.88924 2.80935 4.80383 0.84742 2.42373 2.10722 3.29384 
2.34446 3.06971 2.7843 3.13968 2.01372 2.07509 2.70643 3.20146 2.64089 1.8057 2.49245 2.66544 2.16706 2.48531 2.21857 1.88576 2.33734 2.99874 1.03533 2.5587 1.87864 2.61126 2.44899 2.25932 2.08018 2.4667 2.68894 2.62017 1.5019 2.30584 2.46503 1.77227 2.84384 2.10628 2.90241 2.12572 2.51989 1.51009 1.94487 0 2.11009 2.51132 2.34586 2.87239 2.09564 2.11797 1.57568 2.48184 2.43901 2.24291 2.33934 2.48373 2.71242 2.52183 2.4913 2.79649 2.36698 2.3963 2.79327 2.68243 2.78074 2.63976 1.86933 1.83644 3.14607 2.70488 3.4616 3.50207 2.84697 2.36145 3.69556 2.95488 2.33486 2.1522 3.62544 3.30795 1.82513 1.57345 2.45352 3.1632 2.33663 3.53498 2.56588 1.99967 2.20866 3.10121 3.14585 3.0662 3.16303 2.7197 2.15177 2.91333 2.02358 3.67565 2.59314 2.80333 1.48756 3.199 2.48634 2.64304 
6.18403 3.76019 1.71851 2.51345 3.82685 5.01837 2.12965 2.15835 1.86668 1.33492 3.63722 1.94524 3.01 2.19449 3.12799 1.30088 8.19191 2.54039 0.890886 2.55042 1.24698 1.89435 1.84861 1.67444 3.96192 3.76378 3.04424 1.90954 0.937933 5.86627 4.95386 7.41284 2.16283 1.45427 2.09471 2.0788 2.88134 1.36565 13.7919 2.11009 0 4.97031 2.22898 5.7847 13.8015 7.01704 12.6833 7.66048 3.61043 13.1264 13.7982 4.47204 5.57834 3.74586 6.62474 6.60789 12.4059 4.50538 2.81653 8.19205 4.78802 3.02504 1.23855 1.18829 3.85694 4.57508 3.6741 2.59897 2.54125 6.94923 2.82336 7.68507 1.73055 1.61987 2.85359 2.92173 1.29809 1.33315 17.5238 2.72127 13.0852 2.33578 1.78214 1.89843 15.3816 3.07419 3.58301 5.72973 3.2379 2.01739 1.61944 4.32847 1.38019 2.57744 2.77535 4.97712 0.891812 2.70161 1.99722 3.56917 
5.307 3.73921 1.70408 2.51607 5.03147 6.81335 2.54671 2.38374 1.87254 1.39133 3.99608 2.00953 3.83966 1.7188 4.20356 1.45194 5.98168 2.66592 0.980201 2.46333 1.79273 2.20562 2.12537 1.8255 4.59364 4.46784 3.59617 2.26479 0.664054 5.77613 6.8984 5.28242 2.70939 1.97243 2.31819 2.33446 2.7794 1.45126 5.3293 2.51132 4.97031 0 2.80482 5.83137 5.95192 5.90707 5.41427 5.68567 4.72235 5.89906 5.57313 5.21077 7.08425 4.09126 6.86727 7.14046 5.58 4.47668 3.66045 5.89381 5.9629 3.15084 1.26445 1.11045 4.48682 4.88091 4.19748 2.65146 3.46764 5.45006 3.1177 6.05868 2.0331 1.57397 3.21979 3.1995 1.22025 1.57464 5.33987 2.61532 5.67807 2.56539 2.19811 1.52164 5.22522 3.79717 4.07876 6.21021 3.97624 2.52216 1.57354 4.75524 1.67114 3.02975 3.32733 5.21838 1.08822 2.65112 2.15336 3.61875 
2.82192 4.06583 2.47288 2.61412 2.34845 2.965 2.38889 2.83368 2.05098 1.40606 2.99998 1.90032 2.38001 2.01156 2.8247 1.35308 2.82194 2.80125 1.07877 2.93941 1.70041 1.82489 2.09832 1.67536 2.57853 2.98782 3.83031 1.74819 1.39437 2.62558 3.01991 2.3773 2.58688 1.43677 2.27699 2.06936 3.17785 1.55354 2.60824 2.34586 2.22898 2.80482 0 3.58375 2.29719 2.57896 2.33496 2.61861 2.7412 2.41191 2.7106 2.71309 2.80784 2.8297 2.77185 3.22579 2.37304 2.78052 3.09381 2.84131 3.12348 2.94836 0.90326 1.36434 2.99986 3.6466 3.36371 2.40211 3.00072 2.36887 2.31578 2.50383 1.31418 1.31668 2.9815 2.71531 0.994898 1.62978 2.50503 2.37054 2.15287 2.1 1.8504 1.56942 2.43957 3.08031 3.87461 3.16752 4.0177 1.96291 1.31624 3.25675 1.266 2.8473 3.24717 3.19671 0.751975 2.47144 1.94521 2.56272 
5.82721 4.47101 3.26636 1.83251 6.35266 6.54152 2.83301 3.74336 2.88691 1.17702 5.22448 2.81063 4.67116 2.78721 4.58639 1.75972 5.24345 3.46342 1.46988 3.78846 2.30495 2.46665 2.90794 1.9162 5.81485 4.59505 4.74198 2.71083 1.87855 6.18521 6.33395 5.48088 3.08141 2.1262 3.09848 2.65813 3.56089 1.94465 5.01506 2.87239 5.7847 5.83137 3.58375 0 5.53748 6.02173 4.96967 5.77771 6.04557 5.37604 4.76172 6.25452 6.58088 5.07793 6.1117 6.28364 4.61095 5.2661 4.32132 5.32762 6.62385 3.63731 1.45478 1.85267 5.05854 5.10929 4.57529 2.99894 4.14393 5.0596 3.2891 5.8849 2.13981 1.7643 3.25994 3.3227 1.41058 2.15223 4.91181 2.65122 4.95216 3.23873 2.53309 0.97109 4.52341 4.25079 4.57178 5.91168 4.88395 2.65091 1.76386 5.78332 2.21673 3.33576 3.77987 6.08142 1.5262 2.57303 2.32356 4.49587 
7.15241 3.53151 2.34795 2.32942 4.37888 5.55901 2.00995 2.85603 1.99452 1.35876 4.15392 2.60139 3.62827 2.05797 3.31275 1.59715 9.17525 2.43207 0.927159 3.11527 1.24698 1.90115 2.05874 2.00192 4.5084 3.909 3.52664 1.84254 1.42408 6.30325 5.48269 8.40845 2.25835 1.56212 1.96569 2.0129 2.67685 1.15916 13.9461 2.09564 13.8015 5.95192 2.29719 5.53748 0 7.59348 13.0513 8.55421 4.97807 15.265 14.2181 4.91875 6.46596 4.19332 6.52062 6.86504 13.0778 4.7498 3.12122 9.11854 4.96639 3.15567 1.42239 1.69734 4.35045 5.18347 3.89165 2.8519 3.1477 6.94641 3.08564 8.65295 1.95617 1.69998 2.63766 2.9254 1.3782 1.29671 16.9192 2.78065 14.6665 2.58051 1.89935 1.52066 13.9759 3.5574 4.03762 6.09767 4.11792 1.47405 1.69954 4.62773 1.70093 2.95012 3.52491 5.42882 1.23282 2.82907 1.98739 3.82991 
8.16915 3.82542 1.81274 2.52562 4.70156 5.92224 2.08388 1.87265 1.78753 1.31557 4.32318 2.00247 3.06103 2.20968 3.81598 1.24117 8.13778 2.83581 0.890886 2.77813 1.6019 1.89035 1.73242 1.61473 4.2413 4.3872 2.80782 2.03193 0.937933 7.11834 5.62358 7.47598 2.0766 1.77233 1.90141 2.02057 2.93128 1.36565 6.69092 2.11797 7.01704 5.90707 2.57896 6.02173 7.59348 0 6.56944 9.04006 3.79071 7.4346 7.74977 4.80395 6.16102 3.98653 6.93284 6.59947 7.2954 4.56028 3.2066 7.3268 4.95711 3.0126 1.31255 1.19185 4.32507 4.4802 3.65728 2.43477 2.97995 7.00141 2.64121 8.95016 1.7181 1.62207 2.82501 2.94432 1.26836 1.29671 7.28426 2.63154 7.38523 2.4162 1.78133 1.77411 7.45895 3.21781 3.75957 5.73582 3.16447 2.15895 1.62164 4.18226 1.26602 2.48879 2.81423 4.91539 0.83768 2.57479 1.94702 3.48071 
6.8601 3.43111 2.12243 2.32804 3.83763 4.20797 1.72092 2.25487 1.512 1.25837 3.39069 1.91633 2.92783 1.66822 3.20471 1.09919 8.19708 2.29351 0.728477 2.78083 1.6019 1.62533 1.39372 1.42147 3.60469 3.75234 2.73946 1.57407 1.01666 6.4392 5.21349 7.65418 1.85833 1.60305 2.19014 1.54333 2.54704 0.953075 11.4381 1.57568 12.6833 5.41427 2.33496 4.96967 13.0513 6.56944 0 7.51979 3.68666 12.918 13.1816 3.92042 6.2409 3.74244 6.50052 5.83724 11.1644 4.14261 3.30581 8.87827 5.31429 2.40373 1.1193 1.11045 4.01014 4.15817 3.7974 2.28526 2.98077 6.50934 2.72325 7.99738 1.74094 1.42882 2.69453 2.70347 1.07511 1.29671 12.4991 2.37818 14.3222 2.4007 1.58037 1.52568 12.169 3.36576 3.7507 5.04248 3.5614 2.15386 1.42839 4.37824 1.42966 2.73447 2.56218 4.74185 0.811674 2.30212 1.94702 2.8712 
8.62405 4.3925 2.33894 2.72267 4.93403 6.65043 2.50074 2.88495 2.28001 1.54853 4.12727 1.94275 3.62166 2.17469 3.85103 1.5067 8.53813 2.96439 1.19162 2.65644 1.70041 1.9906 2.27824 1.88025 4.85516 3.7167 3.76684 1.86004 1.39437 7.34124 6.56245 7.95012 2.63816 1.39803 2.38885 2.27727 3.24296 1.66639 7.64141 2.48184 7.66048 5.68567 2.61861 5.77771 8.55421 9.04006 7.51979 0 4.83961 7.83639 7.15983 5.03796 6.79048 4.16874 8.01007 7.50441 8.15468 5.01945 3.73028 8.32165 5.45986 3.06475 0.90326 1.45127 4.31558 4.65988 3.28896 2.55419 2.99979 7.09174 2.41649 9.03574 1.31418 1.31668 2.93794 2.74725 0.994898 1.7343 7.74306 2.02466 8.14903 2.08208 2.01795 1.56942 7.51256 3.06159 4.02007 5.89827 3.87951 2.24885 1.31624 4.69138 1.47531 2.92687 3.17989 5.44034 1.10321 2.20892 1.94521 3.75969 
4.57623 4.10824 2.03908 2.63941 5.0676 4.91558 2.42268 2.52734 1.84583 1.25837 4.28031 2.30341 3.50734 2.06934 4.21251 1.09919 4.88461 2.78733 1.07255 3.06676 1.80817 2.11412 2.05096 1.42147 4.7933 4.38731 3.40342 2.20148 1.03924 4.83016 5.21387 4.19242 2.57788 1.51394 2.33575 2.11601 3.28873 1.50465 4.1652 2.43901 3.61043 4.72235 2.7412 6.04557 4.97807 3.79071 3.68666 4.83961 0 4.27404 4.44651 4.86271 4.81628 3.88009 4.92134 5.71162 4.31611 5.01872 3.24763 4.3342 5.37893 2.67395 1.1193 1.11045 3.96051 4.66621 3.60425 2.31926 2.80795 4.67148 2.74565 4.52871 1.57728 1.42882 2.89943 2.81507 1.07511 1.70294 3.93433 2.70116 3.70994 2.32272 1.64911 1.67544 3.89607 2.92083 3.45657 5.67062 3.21802 2.39529 1.42839 4.20662 1.24575 2.44436 2.50884 5.37365 0.751975 2.47388 1.97535 3.27405 
7.71314 3.97318 2.52231 2.31404 4.6878 5.60252 1.60417 2.75303 1.75404 1.44367 4.02185 2.36631 3.09695 2.18024 3.07257 1.3949 7.79181 2.90825 0.728477 3.15977 1.70604 1.39876 1.56548 1.90108 4.20759 3.95022 3.0347 1.54304 1.42637 7.22431 4.69073 8.54206 1.67162 1.44428 2.01603 2.02797 2.49542 1.12338 12.1003 2.24291 13.1264 5.89906 2.41191 5.37604 15.265 7.4346 12.918 7.83639 4.27404 0 13.2829 4.51565 5.95709 4.25397 6.11083 6.29889 11.6152 4.39513 3.32333 7.76306 4.60822 2.75064 1.57487 1.39324 4.24976 4.79368 3.86153 2.549 2.75336 6.24249 2.90536 7.88584 1.86872 1.83543 2.37504 2.76159 1.53068 1.49561 15.0734 2.59953 13.4115 2.68156 1.50288 1.50165 12.6517 3.28821 3.79078 5.68725 3.84112 1.47848 1.835 4.73248 1.59231 2.74998 3.09733 4.77313 1.12403 2.79468 1.65822 3.52594 
