0 2412 252 1910 2932 2583 2079 1596 999 1132 1840 1680 1610 1434 2300 1212 3516 1539 542 1920 1484 1674 759 1754 1236 3130 1888 1740 476 488 4102 2021 1956 1654 759 1416 552 1368 3409 1635 2670 469 2136 3954 4821 2598 2481 4503 2176 4816 6222 2442 3815 1665 4688 3558 3666 2394 2970 5796 3678 2264 1130 1090 3285 2325 2774 1851 2288 3960 2901 4269 1782 1122 2541 2850 1130 1362 4503 1932 5313 2307 1791 1384 4699 3032 3224 3816 3392 2454 1472 2385 1354 2112 2056 3426 776 1752 1864 2620 
2412 0 2061 2139 2372 1896 2394 2241 1314 1530 3504 2658 1708 2409 2464 1610 1512 1392 752 3224 2290 1989 1404 682 1684 2844 2748 2094 1280 2656 2968 1636 2424 2122 1998 1731 2316 1578 2096 1950 2624 2144 2744 2792 2904 1844 1416 2908 1836 2556 3124 2792 2600 2128 2760 2811 2804 1892 3468 2648 2932 2684 1780 1600 3048 3160 3601 2166 3532 2825 3498 3072 2180 1772 2901 3138 1778 1792 2765 2292 2804 3180 2151 1462 2512 3512 4020 3393 4044 2769 2122 2768 1594 2709 2476 3181 1174 2727 2104 2928 
252 2061 0 1902 1521 1359 2136 1446 1251 1040 1356 1524 1218 1686 1632 1120 1269 1791 710 1284 1316 1731 1011 1662 870 1626 1668 1836 644 435 1965 834 2163 1682 507 1668 666 1406 1356 1887 477 453 1644 2229 1461 990 999 1521 1314 1659 2043 969 1383 1251 1812 1356 1380 1449 1971 1827 1737 1950 1298 1110 1719 1647 1914 2103 1464 1242 2763 1581 1690 1290 2439 2838 1288 1530 1287 2184 1641 2055 2043 1552 1776 2172 2568 1668 2466 2385 1590 1683 1286 1884 1794 1599 944 2004 2032 1824 
1910 2139 1902 0 2227 2076 2360 2785 1968 104 2477 2119 1643 2260 1963 456 1005 3017 970 1879 1824 2167 1948 998 1783 2004 2319 2168 1498 1849 2133 1771 2331 1518 1773 2377 1608 1796 1687 2559 1743 2031 1519 1128 2027 1863 1716 1642 1611 2095 1588 2041 2021 1518 2036 1069 1954 1290 2030 1653 1336 2024 802 538 2357 2221 1719 2177 2622 1107 2403 1957 1118 1428 2038 2383 716 1970 1092 1721 1240 2611 1580 818 1313 1771 2539 1465 2218 1984 1078 2292 774 1749 1961 1390 460 2342 1576 1841 
2932 2372 1521 2227 0 2492 615 1896 969 1300 1450 2091 1808 1434 1255 1380 2928 1410 434 2468 1118 210 1059 1868 2230 1335 2150 315 1050 3298 2435 2158 1338 1306 1074 1386 2088 392 1980 1494 2088 2798 2016 2718 840 2470 1930 3270 2693 276 3114 2942 3304 2333 582 3492 3492 2958 2028 2538 2658 1780 1538 982 2955 3351 3072 1488 1824 3264 2658 3894 1936 1530 1521 2352 1538 1028 3354 1422 2466 2544 999 972 2028 2352 2824 4014 3107 990 1816 3077 1014 2274 2016 2814 944 2364 1524 2706 
2583 1896 1359 2076 2492 0 1692 1539 108 1062 2880 1956 965 1707 1515 1142 4197 2268 284 2288 1690 1287 702 1630 1332 2730 1700 1269 812 3010 3003 1645 1485 1654 1296 1029 2028 790 1477 1248 3092 2382 1808 5026 2982 2009 1362 4237 1691 3066 4144 1962 3630 1490 3423 3557 3559 3396 2912 3528 3647 1748 1312 1132 2640 2780 2721 1464 2596 3685 2796 4028 1712 1304 2433 2463 1310 1324 3580 1875 4168 2067 1734 1690 3843 2888 3084 3957 3108 2067 1654 2290 1282 2007 1540 3639 706 2025 1826 2588 
2079 2394 2136 2360 615 1692 0 2511 1584 1322 1485 2145 1551 2049 1092 1402 1797 2025 844 1905 1528 549 1587 1944 1533 1140 1611 654 1460 2262 525 1497 723 1532 1689 2001 1905 802 1179 2109 1659 1878 1545 1698 1035 1653 1332 1668 1647 477 1809 1797 2061 1866 324 1779 2169 1512 1764 1053 1362 1674 1656 1208 2070 2436 2337 1827 1707 1665 2691 2313 1958 1816 1554 2604 1570 1438 1710 1455 1266 2637 1314 1198 1047 1797 2361 1791 2244 1023 1672 2340 1036 2307 2127 1746 1314 2793 1546 1857 
1596 2241 1446 2785 1896 1539 2511 0 1431 1608 2700 2775 1398 2526 1812 1688 2214 3135 830 2535 2168 2106 1191 2176 1050 2697 1251 2172 1138 1779 2190 1014 2139 2200 1785 1848 2010 1656 1536 2067 1755 1395 2175 3174 2316 1170 1179 2298 1494 2034 2487 2211 2067 1713 2187 2208 2220 2391 2673 2490 2271 2130 1858 1678 2403 2487 2766 2283 2742 2184 3600 2421 2258 1850 2973 3282 1856 1650 2139 2364 2175 3297 2223 2182 1956 2706 3132 2610 2976 2886 2200 1863 1642 2826 1974 2451 1252 2844 2152 2313 
999 1314 1251 1968 969 108 1584 1431 0 990 1836 1848 471 1599 1017 1070 1617 2376 212 1608 1762 1179 594 1558 453 1746 1251 1284 740 1182 1395 417 1593 1582 1188 921 1413 862 741 1140 1158 798 1248 2328 1386 573 252 1371 567 1107 1560 1089 1140 786 1260 1281 1293 1794 2076 1374 1623 1203 1240 1060 1476 1560 1839 1356 1839 1257 2688 1494 1640 1232 2325 2355 1238 1252 1212 1767 1527 2175 1626 1618 1359 2058 2205 1683 2223 1959 1582 1266 1210 1899 1047 1524 634 1917 1754 1386 
1132 1530 1040 104 1300 1062 1322 1608 990 0 1540 1064 676 1194 982 352 774 1900 866 904 1720 1256 1050 894 956 1250 1226 1222 1394 1010 1234 932 1366 1414 742 1268 1176 1692 798 1414 722 1186 664 856 1240 996 822 746 612 1208 746 1050 994 466 1106 136 990 934 1102 930 542 930 698 434 1218 1168 600 1032 1380 212 1166 926 1014 1324 1010 1276 612 1866 182 896 478 1392 802 922 624 832 1412 496 1130 974 974 1194 670 640 948 390 356 1170 1472 808 
1840 3504 1356 2477 1450 2880 1485 2700 1836 1540 0 2220 3092 564 2680 1620 2490 1440 1014 2640 1138 1080 1863 2162 2870 2785 3026 1185 1212 1535 1885 2810 1329 1830 1464 1743 2024 972 2975 1524 2390 2175 2160 3715 750 3070 2733 2905 3188 1680 3481 3210 3900 2895 1935 3510 1904 2965 2068 2765 2815 1996 958 1562 3915 2349 3552 1650 2984 3320 3018 2239 2176 950 2391 2799 958 1048 3395 2064 2655 2199 1869 1482 3020 2832 2864 3111 3712 1563 1300 4021 1254 2634 3176 3795 1268 1494 2056 2548 
1680 2658 1524 2119 2091 1956 2145 2775 1848 1064 2220 0 1377 1692 1929 1144 1848 2760 1108 240 1696 1992 1938 1686 1752 1548 2310 1887 1596 1773 2085 1761 2283 986 1077 1593 2094 1786 2106 1812 1047 1488 600 1908 1770 1632 1596 477 1473 1974 792 1539 1953 1692 1821 1392 1386 1563 1815 1557 975 1875 1034 1134 2289 1653 1716 2028 2034 1278 2304 1185 1558 1294 1677 1587 1302 1928 1323 1506 879 2250 1365 1338 1098 1410 2412 1704 1857 1623 1614 1953 778 1920 1305 1635 1056 2010 1580 1692 
1610 1708 1218 1643 1808 965 1551 1398 471 676 3092 1377 0 1566 1675 756 2640 2346 190 1516 1742 1146 561 1298 700 2450 1624 1251 718 1885 2305 640 1581 1268 1155 888 1840 1016 1215 1107 1875 1275 1036 3826 2427 900 365 1729 160 1946 2545 1355 1115 525 2119 1856 2100 2907 2656 2785 1963 1560 1010 746 1675 2545 2077 1323 1824 1756 2217 2435 1326 1210 1854 2322 924 1230 1741 1683 1803 1899 1416 1596 2142 2116 2312 2466 2336 1800 1286 2055 896 1428 1352 2261 320 1884 1698 2015 
1434 2409 1686 2260 1434 1707 2049 2526 1599 1194 564 1692 1566 0 1785 1274 2058 2004 942 1452 1514 1644 1689 1816 1548 2196 2151 1749 1432 1485 1695 1512 1893 1478 2028 2016 1848 1348 1509 2088 1998 1233 1338 1758 1014 1668 1347 1215 1662 1572 1440 2379 2058 1881 1725 1587 306 1893 2115 1908 1650 933 582 1264 1722 573 2145 1086 2085 1563 2979 507 1844 574 2352 2235 582 1424 1518 1500 1554 1635 1695 1106 1428 2085 2712 1170 2532 2127 924 1818 1228 2205 1953 1830 1186 930 1800 750 
2300 2464 1632 1963 1255 1515 1092 1812 1017 982 2680 1929 1675 1785 0 1062 2710 2148 568 2652 1610 687 882 1604 1390 2130 1224 792 994 2605 1550 1330 1128 1624 1152 1455 1676 894 460 1674 2089 1965 2376 3060 1930 1590 1310 3244 1835 1025 1895 2838 2790 2200 1280 2115 2465 2235 2944 2050 3010 2316 1364 1144 3350 2910 2620 1890 2460 2305 2814 2800 1724 1356 1998 1932 1322 1506 2230 1899 2850 2760 1476 1290 2485 2988 3652 3015 3607 1467 1684 2745 1332 2025 2108 2750 990 2103 1842 3201 
1212 1610 1120 456 1380 1142 1402 1688 1070 352 1620 1144 756 1274 1062 0 1126 1980 946 984 1800 1336 1130 974 1036 1330 1306 1302 1474 1090 1314 1012 1446 1494 822 1348 1488 1772 878 1494 802 1266 744 1208 1320 1076 902 826 692 1288 826 1130 1074 546 1186 216 1070 1014 1182 1010 622 1010 778 514 1298 1248 680 1112 1460 292 1246 1006 1094 1404 1090 1356 692 1946 262 976 558 1472 882 1274 704 912 1492 576 1210 1054 1054 1274 750 720 1028 470 436 1250 1552 888 
3516 1512 1269 1005 2928 4197 1797 2214 1617 774 2490 1848 2640 2058 2710 1126 0 2034 954 2144 1534 1674 1377 1438 2328 1665 2616 1779 1154 3510 3220 4124 1578 1438 1776 2010 804 1368 4656 2118 5984 2863 1664 1920 3480 4020 4674 5226 3486 5340 4394 3330 4442 3105 3928 3380 6422 570 1956 2840 2130 2620 1458 1166 3500 3460 2720 2118 3212 3648 2394 6127 1760 1576 1767 2004 1372 1444 4724 1158 3604 2340 1017 706 2936 2000 2752 3180 2896 1713 1538 3295 838 2010 2296 3366 1116 2496 1348 2970 
1539 1392 1791 3017 1410 2268 2025 3135 2376 1900 1440 2760 2346 2004 2148 1980 2034 0 1374 2520 1498 1620 2298 1610 2157 2211 2955 1725 1502 1356 2550 2121 2748 2190 2004 2283 1953 1332 2361 2064 1974 1740 2160 2769 990 2277 2127 2283 2391 1548 2967 2466 2880 2172 1701 2646 2310 2319 2091 2679 2229 2745 1918 1922 3141 2577 3204 2898 2778 2532 3558 2511 2536 1910 2931 3762 1918 1408 2577 2760 2133 3504 2409 1912 2352 2664 2688 2958 3111 2103 2260 2970 1614 3174 2922 2817 1558 2934 2416 2754 
542 752 710 970 434 284 844 830 212 866 1014 1108 190 942 568 946 954 1374 0 948 1552 574 272 1434 178 968 710 644 616 664 820 154 952 1458 668 490 818 826 384 636 648 408 708 1340 714 258 44 790 254 526 916 732 636 400 628 730 738 1072 1260 1020 958 678 1116 936 860 916 1102 780 1102 714 1668 872 1516 1108 1426 1446 1114 1128 684 1054 894 1456 960 1406 782 1248 1346 998 1358 1094 1458 720 1086 1142 574 892 510 1154 1630 800 
1920 3224 1284 1879 2468 2288 1905 2535 1608 904 2640 240 1516 1452 2652 984 2144 2520 948 0 1536 1752 1698 1526 2016 2440 2760 1647 1436 2044 2460 2028 2043 826 837 1833 2472 1626 2488 2052 1076 2188 480 3004 2040 1856 1808 316 1644 2312 1572 1732 2284 1936 2108 1536 1528 1764 2100 1756 980 2180 874 974 2732 1884 1968 1788 2392 1384 2064 1260 1398 1134 1437 1827 1142 1768 1444 1266 852 2010 1125 1498 1144 1560 2896 1952 2549 1383 1454 2284 618 1680 2256 1860 896 1770 1420 1936 
1484 2290 1316 1824 1118 1690 1528 2168 1762 1720 1138 1696 1742 1514 1610 1800 1534 1498 1552 1536 0 1258 1610 2342 1468 1652 1840 1328 1906 1606 1878 1492 2010 2362 1018 1700 1760 1510 1752 1554 998 1618 1618 2024 838 1388 1596 1694 1804 1210 2042 1326 1602 1822 1312 1584 1718 1724 1572 1898 1664 2008 2054 1790 1826 1896 1956 2110 1656 1508 2522 1852 2370 2088 2132 2572 1968 1586 1538 2018 1600 2050 1784 2090 1746 1954 1970 1792 2252 1580 2270 1850 1792 1936 2126 1746 1712 2134 2594 2014 
1674 1989 1731 2167 210 1287 549 2106 1179 1256 1080 1992 1146 1644 687 1336 1674 1620 574 1752 1258 0 1269 1878 1128 735 1383 105 1190 1857 1074 1092 1272 1262 1284 1596 1500 532 741 1704 1254 1473 1446 1293 630 1248 927 1515 1242 72 1491 1392 1680 1461 225 1680 1896 1413 1665 1059 1263 1269 1590 938 1665 2163 2238 1422 1302 1566 2592 2097 1892 1634 1455 2286 1504 1168 1611 1356 1167 2478 933 928 948 1698 2262 1797 2145 924 1676 1941 970 2208 1722 1341 1084 2520 1480 1452 
759 1404 1011 1948 1059 702 1587 1191 594 1050 1863 1938 561 1689 882 1130 1377 2298 272 1698 1610 1269 0 1618 213 1860 1011 1242 580 942 1062 177 1260 1642 948 1011 1173 1098 606 1230 918 558 1338 2337 1479 333 342 1461 657 1197 1650 1374 1230 876 1350 1371 1383 1554 1836 1560 1434 1293 1300 1120 1566 1650 1929 1446 1905 1347 2763 1584 1700 1292 2136 2445 1298 1092 1302 1527 1338 2460 1386 1624 1119 1869 2295 1773 2139 2049 1642 1026 1084 1989 1137 1614 694 2007 1594 1476 
1754 682 1662 998 1868 1630 1944 2176 1558 894 2162 1686 1298 1816 1604 974 1438 1610 1434 1526 2342 1878 1618 0 1524 1872 1848 1844 1962 1632 1856 1500 1988 2036 1364 1836 1840 2260 1420 1982 1344 1754 1286 1750 1862 1604 1390 1368 1234 1830 1368 1672 1616 1088 1728 758 1612 1556 1724 1552 1164 1552 1320 1056 1840 1790 1222 1654 2002 834 1788 1548 1636 1946 1632 1898 1234 2474 804 1518 1100 2014 1424 1816 1246 1454 2034 1118 1752 1596 1596 1816 1292 1262 1570 1012 978 1792 2094 1430 
1236 1684 870 1783 2230 1332 1533 1050 453 956 2870 1752 700 1548 1390 1036 2328 2157 178 2016 1468 1128 213 1524 0 2910 1064 1194 438 1602 2424 72 1410 1548 735 870 1376 1004 1116 1089 1410 834 1596 4248 2910 240 402 2664 1308 2322 3018 2394 2352 1225 2628 2640 2484 2742 2164 2916 2442 1536 1206 1026 2375 2515 2444 1305 2256 2592 2550 2886 1606 1198 1923 2304 1204 950 2502 1314 2250 2283 1173 1482 1812 2208 2872 3444 2568 1869 1548 1355 942 1848 1328 3126 600 1866 1452 2323 
3130 2844 1626 2004 1335 2730 1140 2697 1746 1250 2785 1548 2450 2196 2130 1330 1665 2211 968 2440 1652 735 1860 1872 2910 0 2850 840 1584 3435 2775 2862 1863 772 1179 1557 2136 926 2512 1776 1915 3445 2688 3120 2035 2890 2587 3451 2290 1105 1260 1095 3245 2655 1360 2785 3150 2140 2980 2525 3055 2480 1584 1320 3769 2705 2972 2013 2524 2595 3078 3485 1900 1274 2046 1551 1498 1562 2670 1926 2895 1743 1524 1314 2530 3024 3752 3305 3725 1515 1624 4045 1350 2199 1692 3190 1172 2229 1860 3502 
1888 2748 1668 2319 2150 1700 1611 1251 1251 1226 3026 2310 1624 2151 1224 1306 2616 2955 710 2760 1840 1383 1011 1848 1064 2850 0 1278 970 2132 1518 1112 888 2058 1293 1668 2164 1454 856 1887 1684 1620 2616 3594 2705 904 1332 2780 1752 1966 2740 2340 2516 2044 2170 2180 2460 2276 2908 2128 2372 2600 1608 1388 2964 2816 3108 2103 3000 2332 3108 2728 1968 1600 2481 2850 1566 1322 2272 1872 2244 2841 1731 1850 1952 2952 3704 2900 3312 2307 1928 1828 1314 2391 2392 2688 1132 2469 1824 2844 
1740 2094 1836 2168 315 1269 654 2172 1284 1222 1185 1887 1251 1749 792 1302 1779 1725 644 1647 1328 105 1242 1844 1194 840 1278 0 1234 1923 1179 1158 1377 1332 1389 1701 1605 602 636 1809 1359 1539 1533 1398 735 1314 1032 1410 1347 177 1596 1497 1785 1566 330 1629 1839 1518 1770 1164 1368 1374 1604 1008 1770 2106 2325 1527 1407 1671 2697 2040 1962 1596 1560 2391 1562 1238 1698 1461 1272 2583 1038 998 1053 1803 2367 1902 2250 1029 1746 2007 1040 2313 1827 1446 1154 2463 1550 1557 
476 1280 644 1498 1050 812 1460 1138 740 1394 1212 1596 718 1432 994 1474 1154 1502 616 1436 1906 1190 580 1962 438 1584 970 1234 0 598 1246 462 1378 1986 928 1018 752 1442 810 1164 908 610 1236 1794 1330 518 572 1318 782 1142 1444 1236 1164 928 1244 1258 1228 1274 1520 1410 1252 1206 1606 1464 1388 1406 1630 1308 1566 1242 2138 1362 2044 1598 1720 1974 1606 1388 1212 1314 1188 1960 1220 1860 1042 1542 1874 1526 1722 1684 1948 980 1380 1670 1102 1420 1038 1644 1890 1328 
488 2656 435 1849 3298 3010 2262 1779 1182 1010 1535 1773 1885 1485 2605 1090 3510 1356 664 2044 1606 1857 942 1632 1602 3435 2132 1923 598 0 4529 2040 2139 1532 942 1599 796 1490 3432 1818 2510 896 1892 4320 4006 2648 2480 3456 2140 4768 5818 2808 3892 1360 5176 3131 3496 2760 3214 5598 3576 2508 1252 1080 3240 2630 2556 2034 2532 3752 2718 4032 1660 1244 2484 2883 1252 1484 3632 2115 4516 2490 1974 1506 4598 2960 2980 3618 3561 2430 1594 2690 1316 1929 2300 3300 654 1935 1986 2925 
4102 2968 1965 2133 2435 3003 525 2190 1395 1234 1885 2085 2305 1695 1550 1314 3220 2550 820 2460 1878 1074 1062 1856 2424 2775 1518 1179 1246 4529 0 2744 198 1740 1518 1833 2180 1152 1526 2052 3472 3633 1980 4485 3654 3108 2716 4048 3166 2648 4298 2772 4816 2830 2495 3843 4333 3090 2396 1232 2604 2820 1530 1352 3980 3540 3036 2268 2976 3745 2631 4501 1918 1608 2004 2637 1530 1758 3850 1488 2814 2472 1347 1548 2520 2316 3192 2532 3229 1548 1322 3375 996 2247 2612 3924 1242 2481 1568 3365 
2021 1636 834 1771 2158 1645 1497 1014 417 932 2810 1761 640 1512 1330 1012 4124 2121 154 2028 1492 1092 177 1500 72 2862 1112 1158 462 2040 2744 0 1374 1524 771 834 1328 980 1740 1053 2740 889 1548 4320 5186 1276 550 3912 1260 4108 4964 2406 2853 1165 3574 3122 4020 2754 2212 4920 2514 1488 1182 1002 2315 2455 2420 1269 2304 3540 2586 4221 1582 1174 1959 2268 1180 974 4338 1350 4149 2283 1209 1506 3857 2256 2824 3444 2616 1872 1524 1415 966 1812 1280 3126 576 1830 1476 2263 
1956 2424 2163 2331 1338 1485 723 2139 1593 1366 1329 2283 1581 1893 1128 1446 1578 2748 952 2043 2010 1272 1260 1988 1410 1863 888 1377 1378 2139 198 1374 0 1872 1716 2031 1833 1284 852 2250 1686 1755 1683 2421 1758 1530 1362 1806 1677 1200 2040 1584 2250 1896 1047 1845 2055 1743 1995 726 1500 2313 1662 1484 2586 2322 2475 2466 2430 1803 2829 2127 2050 1740 2202 2835 1662 1890 1848 1686 1404 2670 1545 1680 1278 1935 2592 1464 2382 1746 1454 2223 1128 2445 2157 2160 1374 2679 1700 2217 
1654 2122 1682 1518 1306 1654 1532 2200 1582 1414 1830 986 1268 1478 1624 1494 1438 2190 1458 826 2362 1262 1642 2036 1548 772 2058 1332 1986 1532 1740 1524 1872 0 1384 1810 1840 1698 1754 1956 1364 1778 750 2020 1530 1606 1414 668 1332 1214 1276 1210 1714 1478 1316 1278 1274 1392 1560 1388 1000 1600 1384 1484 1938 1452 1494 1702 1896 1202 1886 1140 1908 1644 1468 1806 1652 2278 1232 1354 936 1850 1260 2086 1082 1290 1958 1486 1588 1432 1964 1652 1128 1630 1618 1440 1406 1690 1930 1478 
759 1998 507 1773 1074 1296 1689 1785 1188 742 1464 1077 1155 2028 1152 822 1776 2004 668 837 1018 1284 948 1364 735 1179 1293 1389 928 942 1518 771 1716 1384 0 1605 1173 1108 1293 1824 30 960 1197 2409 1014 615 936 1074 1239 1212 1596 522 936 1266 1365 909 1887 1866 1464 1380 1290 1887 1076 812 1272 2154 1467 2040 1017 795 2316 1782 1392 1628 1992 2391 990 1280 840 1809 1194 1608 1668 1664 1401 1725 2061 1221 2019 1938 1292 1308 988 1437 1731 1152 734 2322 1782 1779 
1416 1731 1668 2377 1386 1029 2001 1848 921 1268 1743 1593 888 2016 1455 1348 2010 2283 490 1833 1700 1596 1011 1836 870 1557 1668 1701 1018 1599 1833 834 2031 1810 1605 0 1830 1316 1179 219 1575 1215 1665 1917 1293 990 669 1788 984 1524 801 1701 1557 1203 1677 1698 1710 1725 2280 2115 1878 1620 1518 1338 1893 1668 2256 1773 2256 1602 3105 1911 1918 1304 2580 1596 1516 1530 1629 1971 1782 2787 1830 1344 1563 2313 2622 2028 2640 2376 1654 1683 1380 2244 1314 1941 912 2274 1890 1803 
552 2316 666 1608 2088 2028 1905 2010 1413 1176 2024 2094 1840 1848 1676 1488 804 1953 818 2472 1760 1500 1173 1840 1376 2136 2164 1605 752 796 2180 1328 1833 1840 1173 1830 0 1436 1308 2049 1524 820 2468 2084 2196 1536 1548 2524 1968 1904 2416 2180 2732 1884 2108 2562 2056 1184 2760 1940 2224 2816 1406 1366 3180 2412 3326 2265 2840 2520 2997 2324 2058 1398 2370 2607 1406 1638 2490 1761 2096 2721 1620 1108 1804 2804 3556 2924 3536 2280 1748 2460 1240 2526 2608 2820 1052 2166 1750 2648 
1368 1578 1406 1796 392 790 802 1656 862 1692 972 1786 1016 1348 894 1772 1368 1332 826 1626 1510 532 1098 2260 1004 926 1454 602 1442 1490 1152 980 1284 1698 1108 1316 1436 0 1026 1388 1088 1234 1400 1298 672 1084 870 1482 1080 484 1430 1364 1462 1226 586 1556 1552 1378 1406 1238 1278 1282 1930 1374 1546 1730 1928 1384 1304 1480 2164 1686 2328 1922 1406 1960 1930 1420 1510 1340 1214 2088 1058 1364 1068 1568 1804 1730 1866 1052 2208 1546 1406 1908 1400 1330 1336 1968 1916 1404 
3409 2096 1356 1687 1980 1477 1179 1536 741 798 2975 2106 1215 1509 460 878 4656 2361 384 2488 1752 741 606 1420 1116 2512 856 636 810 3432 1526 1740 852 1754 1293 1179 1308 1026 0 1398 7446 2107 2008 4146 7183 2462 2380 5242 1944 4693 7269 3108 3776 1740 2706 2317 5213 2130 2908 3498 3204 1948 1180 960 2890 2450 2252 1614 2742 2952 2538 4212 1540 1172 2196 2208 1138 1322 6630 1872 7154 2532 1674 1422 7934 2716 3284 3066 3308 1665 1500 2285 1196 1749 1740 2748 806 1827 1824 2741 
1635 1950 1887 2559 1494 1248 2109 2067 1140 1414 1524 1812 1107 2088 1674 1494 2118 2064 636 2052 1554 1704 1230 1982 1089 1776 1887 1809 1164 1818 2052 1053 2250 1956 1824 219 2049 1388 1398 0 1794 1434 1884 2136 1074 1209 888 2007 1203 1632 1020 1920 1776 1422 1785 1917 1929 1944 2175 2334 2097 1839 1664 1484 2112 1887 2475 1992 2475 1821 3324 2130 2064 1450 2799 1815 1662 1464 1848 2190 2001 3006 2049 1490 1782 2532 2772 2247 2859 2187 1800 1902 1526 2463 1533 2160 1058 2493 2036 2022 
2670 2624 477 1743 2088 3092 1659 1755 1158 722 2390 1047 1875 1998 2089 802 5984 1974 648 1076 998 1254 918 1344 1410 1915 1684 1359 908 2510 3472 2740 1686 1364 30 1575 1524 1088 7446 1794 0 2234 1556 4782 4920 1755 5090 3654 2418 6940 7581 984 2114 2188 3560 2051 8257 3672 2189 5070 2520 2476 1056 792 2070 3540 1916 2010 1316 2040 2286 5358 1372 1608 1962 2361 970 1260 5648 1779 5714 1578 1638 1644 7328 2260 2815 2382 2652 1908 1272 2130 968 1407 2268 2244 714 2292 1762 2915 
469 2144 453 2031 2798 2382 1878 1395 798 1186 2175 1488 1275 1233 1965 1266 2863 1740 408 2188 1618 1473 558 1754 834 3445 1620 1539 610 896 3633 889 1755 1778 960 1215 820 1234 2107 1434 2234 0 2056 4356 3999 1253 1274 3900 1908 3584 4326 2844 3614 1800 3941 3907 2163 1992 2720 4333 3276 1996 996 956 2950 1990 2922 1650 2556 3811 2967 2632 1836 988 2340 2649 996 1228 3826 1731 3598 2256 1590 1518 3087 2764 3332 3582 3124 2253 1338 2050 1220 2193 1788 3212 830 1551 1730 2285 
2136 2744 1644 1519 2016 1808 1545 2175 1248 664 2160 600 1036 1338 2376 744 1664 2160 708 480 1618 1446 1338 1286 1596 2688 2616 1533 1236 1892 1980 1548 1683 750 1197 1665 2468 1400 2008 1884 1556 2056 0 2944 1560 1712 1328 164 1164 1832 1680 2120 1928 1456 1628 1056 1376 1284 1620 1276 500 1700 798 734 2376 1732 1800 1428 2292 904 1704 1108 1300 1058 1077 2055 912 1528 964 906 372 1650 765 1538 664 1080 2416 1472 2079 1023 1214 1804 378 1320 2364 1380 656 1656 1180 1456 
3954 2792 2229 1128 2718 5026 1698 3174 2328 856 3715 1908 3826 1758 3060 1208 1920 2769 1340 3004 2024 1293 2337 1750 4248 3120 3594 1398 1794 4320 4485 4320 2421 2020 2409 1917 2084 1298 4146 2136 4782 4356 2944 0 3558 4488 4318 4662 4656 2442 2232 5105 5465 3842 2748 3700 2908 2490 3236 3624 4050 2772 1346 1290 4708 2867 3182 2232 3268 3624 3140 3310 1870 1338 2604 1911 1346 1934 3654 2118 3858 2781 1977 66 3420 3280 4032 4440 4148 2073 1688 4895 1478 2349 2172 4278 1212 2076 1988 3162 
4821 2904 1461 2027 840 2982 1035 2316 1386 1240 750 1770 2427 1014 1930 1320 3480 990 714 2040 838 630 1479 1862 2910 2035 2705 735 1330 4006 3654 5186 1758 1530 1014 1293 2196 672 7183 1074 4920 3999 1560 3558 0 4559 7387 4614 3318 4815 9441 2952 4410 2899 1896 3864 8334 2658 1468 6369 2478 2340 1258 1262 3610 2931 2952 1908 2384 4112 2568 5363 1876 1250 1941 2772 1258 748 8514 1770 5334 2514 1419 1252 6813 2232 2264 3936 3112 1113 1600 3607 954 2184 2576 3654 1224 1944 1756 2998 
2598 1844 990 1863 2470 2009 1653 1170 573 996 3070 1632 900 1668 1590 1076 4020 2277 258 1856 1388 1248 333 1604 240 2890 904 1314 518 2648 3108 1276 1530 1606 615 990 1536 1084 2462 1209 1755 1253 1712 4488 4559 0 1551 4290 1468 4167 4644 2154 3009 1425 3784 3010 4450 2502 2004 4014 2202 1696 1286 1066 2575 2715 2464 1425 2096 3376 2430 5015 1646 1278 1803 2343 1244 870 3663 1194 3015 2163 1053 1562 2358 2048 2800 3384 2408 1749 1606 1155 862 1908 1488 3066 680 1986 1372 2523 
2481 1416 999 1716 1930 1362 1332 1179 252 822 2733 1596 365 1347 1310 902 4674 2127 44 1808 1596 927 342 1390 402 2587 1332 1032 572 2480 2716 550 1362 1414 936 669 1548 870 2380 888 5090 1274 1328 4318 7387 1551 0 3967 1040 5732 6374 2167 2688 890 3338 3033 4511 3084 2432 5368 2776 1268 1072 892 2040 2180 2285 1104 2116 3525 2436 3726 1472 1064 2073 2103 1070 1084 6339 1515 6198 2118 1374 1450 6198 2408 2604 3336 2628 1707 1414 1690 1042 1647 1060 3051 466 1665 1586 1988 
4503 2908 1521 1642 3270 4237 1668 2298 1371 746 2905 477 1729 1215 3244 826 5226 2283 790 316 1694 1515 1461 1368 2664 3451 2780 1410 1318 3456 4048 3912 1806 668 1074 1788 2524 1482 5242 2007 3654 3900 164 4662 4614 4290 3967 0 2322 4581 4035 3072 3832 2044 3848 2461 2727 2172 1784 4269 996 1864 716 816 3181 1960 1652 1551 2456 2800 1827 2124 1240 976 1200 2064 984 1610 3516 1029 2559 1773 888 1508 3216 1244 2580 2454 2243 1146 1296 2460 460 1443 2414 2316 738 1533 1262 2025 
2176 1836 1314 1611 2693 1691 1647 1494 567 612 3188 1473 160 1662 1835 692 3486 2391 254 1644 1804 1242 657 1234 1308 2290 1752 1347 782 2140 3166 1260 1677 1332 1239 984 1968 1080 1944 1203 2418 1908 1164 4656 3318 1468 1040 2322 0 2785 3114 1434 1146 365 2956 2379 2779 3609 2721 3150 2433 1688 946 682 1515 2705 2013 1419 1696 2241 2121 3181 1262 1274 1887 2286 860 1294 2241 1716 2241 1803 1320 1534 2679 2181 2184 3093 2208 1833 1222 2215 918 1332 1480 2865 256 1980 1720 1855 
4816 2556 1659 2095 276 3066 477 2034 1107 1208 1680 1974 1946 1572 1025 1288 5340 1548 526 2312 1210 72 1197 1830 2322 1105 1966 177 1142 4768 2648 4108 1200 1214 1212 1524 1904 484 4693 1632 6940 3584 1832 2442 4815 4167 5732 4581 2785 0 6987 2758 3842 2471 408 3752 8130 2682 2124 4535 2382 1596 1542 890 2772 3503 2888 1350 1640 3984 2520 6171 1844 1586 1383 2214 1456 1120 7751 1284 5170 2406 861 880 4460 2168 2920 3738 2970 852 1724 3215 922 2136 2200 2538 1036 2448 1432 2476 
6222 3124 2043 1588 3114 4144 1809 2487 1560 746 3481 792 2545 1440 1895 826 4394 2967 916 1572 2042 1491 1650 1368 3018 1260 2740 1596 1444 5818 4298 4964 2040 1276 1596 801 2416 1430 7269 1020 7581 4326 1680 2232 9441 4644 6374 4035 3114 6987 0 3041 4226 2252 3960 2135 5914 1848 1972 4818 2154 2348 1080 816 3520 1445 1964 1914 3228 2136 2322 4005 1396 770 1779 795 994 1902 4685 1170 4578 2352 1029 810 3556 2016 2744 2454 2912 1725 1120 3425 846 1443 684 2316 738 1473 1356 2630 
2442 2792 969 2041 2942 1962 1797 2211 1089 1050 3210 1539 1355 2379 2838 1130 3330 2466 732 1732 1326 1392 1374 1672 2394 1095 2340 1497 1236 2808 2772 2406 1584 1210 522 1701 2180 1364 3108 1920 984 2844 2120 5105 2952 2154 2167 3072 1434 2758 3041 0 2580 1560 3064 2742 4213 3750 2695 1716 3264 2644 1384 1120 2710 3800 2572 2136 1972 2514 2778 4448 1700 1712 2334 2208 1298 1588 2604 1818 3072 1086 1677 1752 2820 2756 3140 3192 3164 2172 1542 2950 1216 1899 2436 3228 734 2697 1788 3050 
3815 2600 1383 2021 3304 3630 2061 2067 1140 994 3900 1953 1115 2058 2790 1074 4442 2880 636 2284 1602 1680 1230 1616 2352 3245 2516 1785 1164 3892 4816 2853 2250 1714 936 1557 2732 1462 3776 1776 2114 3614 1928 5465 4410 3009 2688 3832 1146 3842 4226 2580 0 1320 4159 3615 4147 3247 2308 4042 2801 2452 1278 1064 560 3365 2613 1992 932 3439 2658 3812 1644 1538 2031 2523 1242 1676 3454 1422 3163 2376 747 1882 2944 1796 1688 3747 1444 1977 1604 3170 1014 1905 1848 3477 638 2376 1524 2810 
1665 2128 1251 1518 2333 1490 1866 1713 786 466 2895 1692 525 1881 2200 546 3105 2172 400 1936 1822 1461 876 1088 1225 2655 2044 1566 928 1360 2830 1165 1896 1478 1266 1203 1884 1226 1740 1422 2188 1800 1456 3842 2899 1425 890 2044 365 2471 2252 1560 1320 0 2644 1751 2625 2924 2478 2744 1944 1980 800 536 1880 3070 1867 1638 1988 1651 1902 2726 1116 1420 1668 2067 714 1440 1636 1497 1784 2022 1356 1388 2149 2035 1892 2361 2473 1614 1076 2580 772 1113 1772 2156 110 1908 1574 2220 
4688 2760 1812 2036 582 3423 324 2187 1260 1106 1935 1821 2119 1725 1280 1186 3928 1701 628 2108 1312 225 1350 1728 2628 1360 2170 330 1244 5176 2495 3574 1047 1316 1365 1677 2108 586 2706 1785 3560 3941 1628 2748 1896 3784 3338 3848 2956 408 3960 3064 4159 2644 0 3395 4920 2376 1920 3400 2076 1800 1440 992 3019 3520 2684 1503 1844 3576 2367 5304 1742 1600 1230 2280 1354 1222 3696 1131 2512 2313 990 982 1928 1964 2716 3534 2860 699 1656 3360 820 1983 2404 2844 1098 2469 1330 2629 
3558 2811 1356 1069 3492 3557 1779 2208 1281 136 3510 1392 1856 1587 2115 216 3380 2646 730 1536 1584 1680 1371 758 2640 2785 2180 1629 1258 3131 3843 3122 1845 1278 909 1698 2562 1556 2317 1917 2051 3907 1056 3700 3864 3010 3033 2461 2379 3752 2135 2742 3615 1751 3395 0 2989 2394 1932 2779 1218 1588 562 298 2993 2580 928 1344 2488 266 1545 2765 878 1188 1311 1710 476 1730 161 1140 1197 1884 999 1058 1708 1392 2596 1080 2236 1257 838 2645 534 756 1624 762 220 1551 1336 1680 
3666 2804 1380 1954 3492 3559 2169 2220 1293 990 1904 1386 2100 306 2465 1070 6422 2310 738 1528 1718 1896 1383 1612 2484 3150 2460 1839 1228 3496 4333 4020 2055 1274 1887 1710 2056 1552 5213 1929 8257 2163 1376 2908 8334 4450 4511 2727 2779 8130 5914 4213 4147 2625 4920 2989 0 3174 2452 5970 2688 836 378 1060 2360 445 2452 780 2372 3363 2673 603 1640 370 2046 1929 378 1628 5462 1194 5414 1329 1389 902 4862 2372 3248 1728 3101 1992 720 2520 1024 1899 2196 3048 982 624 1596 740 
2394 1892 1449 1290 2958 3396 1512 2391 1794 934 2965 1563 2907 1893 2235 1014 570 2319 1072 1764 1724 1413 1554 1556 2742 2140 2276 1518 1274 2760 3090 2754 1743 1392 1866 1725 1184 1378 2130 1944 3672 1992 1284 2490 2658 2502 3084 2172 3609 2682 1848 3750 3247 2924 2376 2394 3174 0 1576 2034 1560 2240 1268 976 3025 2985 2340 1833 2832 2166 2109 3462 1570 1386 1482 1719 1182 1634 2256 873 1368 2055 732 896 930 1620 2372 3018 2516 1428 1484 2930 648 1725 1916 2796 926 2211 1158 2495 
2970 3468 1971 2030 2028 2912 1764 2673 2076 1102 2068 1815 2656 2115 2944 1182 1956 2091 1260 2100 1572 1665 1836 1724 2164 2980 2908 1770 1520 3214 2396 2212 1995 1560 1464 2280 2760 1406 2908 2175 2189 2720 1620 3236 1468 2004 2432 1784 2721 2124 1972 2695 2308 2478 1920 1932 2452 1576 0 1692 1376 2576 1436 1144 2756 2808 2676 2085 3168 1780 2361 2644 1738 1596 1734 1854 1350 1482 1840 1125 1248 2307 984 1684 956 1956 796 2348 2852 1680 1652 2680 816 1977 2656 2200 1094 2463 1326 2332 
5796 2648 1827 1653 2538 3528 1053 2490 1374 930 2765 1557 2785 1908 2050 1010 2840 2679 1020 1756 1898 1059 1560 1552 2916 2525 2128 1164 1410 5598 1232 4920 726 1388 1380 2115 1940 1238 3498 2334 5070 4333 1276 3624 6369 4014 5368 4269 3150 4535 4818 1716 4042 2744 3400 2779 5970 2034 1692 0 1548 2232 1178 1000 3170 3115 2332 1827 2824 2872 2103 4419 1566 1320 1476 2109 1178 1762 4114 960 2486 1944 819 1274 2024 1612 2488 1476 2539 1422 970 2920 644 1719 2436 2868 922 2226 1216 2485 
3678 2932 1737 1336 2658 3647 1362 2271 1623 542 2815 975 1963 1650 3010 622 2130 2229 958 980 1664 1263 1434 1164 2442 3055 2372 1368 1252 3576 2604 2514 1500 1000 1290 1878 2224 1278 3204 2097 2520 3276 500 4050 2478 2202 2776 996 2433 2382 2154 3264 2801 1944 2076 1218 2688 1560 1376 1548 0 1456 876 612 2483 2685 1556 1245 1792 990 1521 2286 1178 1266 894 1872 790 1574 1080 723 192 1467 582 1416 630 580 2172 1842 1835 648 1092 1950 256 1137 2120 1704 534 1968 1058 1515 
2264 2684 1950 2024 1780 1748 1674 2130 1203 930 1996 1875 1560 933 2316 1010 2620 2745 678 2180 2008 1269 1293 1552 1536 2480 2600 1374 1206 2508 2820 1488 2313 1600 1887 1620 2816 1282 1948 1839 2476 1996 1700 2772 2340 1696 1268 1864 1688 1596 2348 2644 2452 1980 1800 1588 836 2240 2576 2232 1456 0 796 1000 2724 1192 2332 153 3208 1556 2421 1104 1580 788 1794 2556 796 1718 1496 1623 1328 1956 1482 1320 1620 2036 3372 1988 2948 1740 1138 2620 856 1809 2328 1912 922 1251 1658 244 
1130 1780 1298 802 1538 1312 1656 1858 1240 698 958 1034 1010 582 1364 778 1458 1918 1116 874 2054 1590 1300 1320 1206 1584 1608 1604 1606 1252 1530 1182 1662 1384 1076 1518 1406 1930 1180 1664 1056 996 798 1346 1258 1286 1072 716 946 1542 1080 1384 1278 800 1440 562 378 1268 1436 1178 876 796 0 768 1054 556 934 898 1296 546 1500 244 1348 748 1344 1610 756 2006 516 906 812 996 1136 1280 958 1166 1746 686 1464 1308 1098 1386 1004 974 1282 724 690 794 1806 674 
1090 1600 1110 538 982 1132 1208 1678 1060 434 1562 1134 746 1264 1144 514 1166 1922 936 974 1790 938 1120 1056 1026 1320 1388 1008 1464 1080 1352 1002 1484 1484 812 1338 1366 1374 960 1484 792 956 734 1290 1262 1066 892 816 682 890 816 1120 1064 536 992 298 1060 976 1144 1000 612 1000 768 0 1288 1238 670 1102 1450 282 1236 996 1084 1394 1080 1346 682 1936 252 938 548 1462 844 1356 666 902 1482 566 1200 1044 1044 1264 740 710 1018 44 426 1240 1514 878 
3285 3048 1719 2357 2955 2640 2070 2403 1476 1218 3915 2289 1675 1722 3350 1298 3500 3141 860 2732 1826 1665 1566 1840 2375 3769 2964 1770 1388 3240 3980 2315 2586 1938 1272 1893 3180 1546 2890 2112 2070 2950 2376 4708 3610 2575 2040 3181 1515 2772 3520 2710 560 1880 3019 2993 2360 3025 2756 3170 2483 2724 1054 1288 0 2805 2872 2196 484 2893 2967 2025 1850 1314 2340 2859 1322 1900 2878 1758 2579 2343 1083 1846 2250 1348 2136 3130 1892 2094 1664 3730 1220 2241 2296 3388 862 2040 1748 3100 
2325 3160 1647 2221 3351 2780 2436 2487 1560 1168 2349 1653 2545 573 2910 1248 3460 2577 916 1884 1896 2163 1650 1790 2515 2705 2816 2106 1406 2630 3540 2455 2322 1452 2154 1668 2412 1730 2450 1887 3540 1990 1732 2867 2931 2715 2180 1960 2705 3503 1445 3800 3365 3070 3520 2580 445 2985 2808 3115 2685 1192 556 1238 2805 0 2808 1047 2728 2540 2940 780 1818 192 2313 1662 556 1806 2465 1461 2525 1596 1656 1080 2315 2728 3604 1885 3144 2259 542 2075 1202 2166 1840 2985 1160 891 1774 1185 
2774 3601 1914 1719 3072 2721 2337 2766 1839 600 3552 1716 2077 2145 2620 680 2720 3204 1102 1968 1956 2238 1929 1222 2444 2972 3108 2325 1630 2556 3036 2420 2475 1494 1467 2256 3326 1928 2252 2475 1916 2922 1800 3182 2952 2464 2285 1652 2013 2888 1964 2572 2613 1867 2684 928 2452 2340 2676 2332 1556 2332 934 670 2872 2808 0 1902 3232 896 1279 2324 414 1560 1869 2268 848 2102 836 1698 1428 2442 1557 1522 1720 1524 3340 1464 2980 1815 1210 2860 906 1314 2368 1252 592 2109 1708 2088 
1851 2166 2103 2177 1488 1464 1827 2283 1356 1032 1650 2028 1323 1086 1890 1112 2118 2898 780 1788 2110 1422 1446 1654 1305 2013 2103 1527 1308 2034 2268 1269 2466 1702 2040 1773 2265 1384 1614 1992 2010 1650 1428 2232 1908 1425 1104 1551 1419 1350 1914 2136 1992 1638 1503 1344 780 1833 2085 1827 1245 153 898 1102 2196 1047 1902 0 2559 1320 2574 981 1682 890 1947 2709 898 1820 1275 1776 1149 2109 1635 1422 1368 1680 2682 1461 2127 1893 1240 2118 958 1962 1899 1587 1024 1404 1760 336 
2288 3532 1464 2622 1824 2596 1707 2742 1839 1380 2984 2034 1824 2085 2460 1460 3212 2778 1102 2392 1656 1302 1905 2002 2256 2524 3000 1407 1566 2532 2976 2304 2430 1896 1017 2256 2840 1304 2742 2475 1316 2556 2292 3268 2384 2096 2116 2456 1696 1640 3228 1972 932 1988 1844 2488 2372 2832 3168 2824 1792 3208 1296 1450 484 2728 3232 2559 0 2336 2865 2104 2030 1556 2238 3216 1564 1918 2396 2067 1920 2565 1446 1700 2212 1832 2620 2904 2376 1992 1906 3020 1152 2394 2780 2812 1104 2403 1954 2964 
3960 2825 1242 1107 3264 3685 1665 2184 1257 212 3320 1278 1756 1563 2305 292 3648 2532 714 1384 1508 1566 1347 834 2592 2595 2332 1671 1242 3752 3745 3540 1803 1202 795 1602 2520 1480 2952 1821 2040 3811 904 3624 4112 3376 3525 2800 2241 3984 2136 2514 3439 1651 3576 266 3363 2166 1780 2872 990 1556 546 282 2893 2540 896 1320 2336 0 1521 2928 862 1112 1197 1596 460 1714 120 1026 1064 1770 885 1134 1648 1240 2534 852 2084 1143 762 2455 458 642 1592 714 204 1527 1260 1640 
2901 3498 2763 2403 2658 2796 2691 3600 2688 1166 3018 2304 2217 2979 2814 1246 2394 3558 1668 2064 2522 2592 2763 1788 2550 3078 3108 2697 2138 2718 2631 2586 2829 1886 2316 3105 2997 2164 2538 3324 2286 2967 1704 3140 2568 2430 2436 1827 2121 2520 2322 2778 2658 1902 2367 1545 2673 2109 2361 2103 1521 2421 1500 1236 2967 2940 1279 2574 2865 1521 0 2472 164 2126 2223 3117 1414 2460 1476 2052 1425 2796 1911 2088 1644 1956 2958 1947 2403 2169 1776 2499 1142 2163 2625 1788 1158 2958 1944 2238 
4269 3072 1581 1957 3894 4028 2313 2421 1494 926 2239 1185 2435 507 2800 1006 6127 2511 872 1260 1852 2097 1584 1548 2886 3485 2728 2040 1362 4032 4501 4221 2127 1140 1782 1911 2324 1686 4212 2130 5358 2632 1108 3310 5363 5015 3726 2124 3181 6171 4005 4448 3812 2726 5304 2765 603 3462 2644 4419 2286 1104 244 996 2025 780 2324 981 2104 2928 2472 0 1576 504 1845 2130 512 1762 3348 993 3141 1128 1533 1036 3798 2104 3440 1326 2903 1791 854 2855 890 1731 2464 2856 918 825 1692 1075 
1782 2180 1690 1118 1936 1712 1958 2258 1640 1014 2176 1558 1326 1844 1724 1094 1760 2536 1516 1398 2370 1892 1700 1636 1606 1900 1968 1962 2044 1660 1918 1582 2050 1908 1392 1918 2058 2328 1540 2064 1372 1836 1300 1870 1876 1646 1472 1240 1262 1844 1396 1700 1644 1116 1742 878 1640 1570 1738 1566 1178 1580 1348 1084 1850 1818 414 1682 2030 862 164 1576 0 1974 1646 1926 1262 2516 832 1532 1114 2028 1438 1936 1260 1176 2062 1146 1766 1610 1624 1830 1306 1290 1598 1040 1006 1820 2108 1458 
1122 1772 1290 1428 1530 1304 1816 1850 1232 1324 950 1294 1210 574 1356 1404 1576 1910 1108 1134 2088 1634 1292 1946 1198 1274 1600 1596 1598 1244 1608 1174 1740 1644 1628 1304 1398 1922 1172 1450 1608 988 1058 1338 1250 1278 1064 976 1274 1586 770 1712 1538 1420 1600 1188 370 1386 1596 1320 1266 788 748 1394 1314 192 1560 890 1556 1112 2126 504 1974 0 1734 1300 748 1998 1142 1166 1202 1256 1296 1272 1118 1556 1994 828 1764 1698 734 1022 1394 1540 1112 1350 1316 786 1966 666 
2541 2901 2439 2038 1521 2433 1554 2973 2325 1010 2391 1677 1854 2352 1998 1090 1767 2931 1426 1437 2132 1455 2136 1632 1923 2046 2481 1560 1720 2484 2004 1959 2202 1468 1992 2580 2370 1406 2196 2799 1962 2340 1077 2604 1941 1803 2073 1200 1887 1383 1779 2334 2031 1668 1230 1311 2046 1482 1734 1476 894 1794 1344 1080 2340 2313 1869 1947 2238 1197 2223 1845 1646 1734 0 2574 1258 2042 1242 1425 798 2169 1284 1802 1017 1329 2331 1623 1776 1542 1560 1872 724 1839 2292 1554 1002 2670 918 1611 
2850 3138 2838 2383 2352 2463 2604 3282 2355 1276 2799 1587 2322 2235 1932 1356 2004 3762 1446 1827 2572 2286 2445 1898 2304 1551 2850 2391 1974 2883 2637 2268 2835 1806 2391 1596 2607 1960 2208 1815 2361 2649 2055 1911 2772 2343 2103 2064 2286 2214 795 2208 2523 2067 2280 1710 1929 1719 1854 2109 1872 2556 1610 1346 2859 1662 2268 2709 3216 1596 3117 2130 1926 1300 2574 0 1524 2432 1641 1260 1776 3147 1824 1340 1557 2307 1257 2022 2754 2520 1650 2850 1376 2238 1308 1953 1268 2268 1886 2373 
1130 1778 1288 716 1538 1310 1570 1856 1238 612 958 1302 924 582 1322 692 1372 1918 1114 1142 1968 1504 1298 1234 1204 1498 1566 1562 1606 1252 1530 1180 1662 1652 990 1516 1406 1930 1138 1662 970 996 912 1346 1258 1244 1070 984 860 1456 994 1298 1242 714 1354 476 378 1182 1350 1178 790 796 756 682 1322 556 848 898 1564 460 1414 512 1262 748 1258 1524 0 2006 430 1144 726 1264 1050 1280 872 1080 1660 744 1378 1222 1098 1386 918 888 1196 638 604 794 1720 674 
1362 1792 1530 1970 1028 1324 1438 1650 1252 1866 1048 1928 1230 1424 1506 1946 1444 1408 1128 1768 1586 1168 1092 2474 950 1562 1322 1238 1388 1484 1758 974 1890 2278 1280 1530 1638 1420 1322 1464 1260 1228 1528 1934 748 870 1084 1610 1294 1120 1902 1588 1676 1440 1222 1730 1628 1634 1482 1762 1574 1718 2006 1936 1900 1806 2102 1820 1918 1714 2460 1762 2516 1998 2042 2432 2006 0 1684 1666 1510 2312 1572 2000 1394 1864 1880 1998 2074 1490 2348 1332 1702 2142 1614 1892 1550 2044 2242 1840 
4503 2765 1287 1092 3354 3580 1710 2139 1212 182 3395 1323 1741 1518 2230 262 4724 2577 684 1444 1538 1611 1302 804 2502 2670 2272 1698 1212 3632 3850 4338 1848 1232 840 1629 2490 1510 6630 1848 5648 3826 964 3654 8514 3663 6339 3516 2241 7751 4685 2604 3454 1636 3696 161 5462 2256 1840 4114 1080 1496 516 252 2878 2465 836 1275 2396 120 1476 3348 832 1142 1242 1641 430 1684 0 1071 3092 1815 930 1104 4506 1300 2504 942 2144 1188 792 2530 488 687 1532 624 174 1482 1290 1565 
1932 2292 2184 1721 1422 1875 1455 2364 1767 896 2064 1506 1683 1500 1899 976 1158 2760 1054 1266 2018 1356 1527 1518 1314 1926 1872 1461 1314 2115 1488 1350 1686 1354 1809 1971 1761 1340 1872 2190 1779 1731 906 2118 1770 1194 1515 1029 1716 1284 1170 1818 1422 1497 1131 1140 1194 873 1125 960 723 1623 906 938 1758 1461 1698 1776 2067 1026 2052 993 1532 1166 1425 1260 1144 1666 1071 0 627 1998 675 1478 408 1158 1722 1452 1605 1371 1446 1701 610 1668 1683 1341 888 1818 1120 1440 
5313 2804 1641 1240 2466 4168 1266 2175 1527 478 2655 879 1803 1554 2850 558 3604 2133 894 852 1600 1167 1338 1100 2250 2895 2244 1272 1188 4516 2814 4149 1404 936 1194 1782 2096 1214 7154 2001 5714 3598 372 3858 5334 3015 6198 2559 2241 5170 4578 3072 3163 1784 2512 1197 5414 1368 1248 2486 192 1328 812 548 2579 2525 1428 1149 1920 1064 1425 3141 1114 1202 798 1776 726 1510 3092 627 0 1371 486 1352 1022 708 2044 1650 1707 744 1028 1790 192 1041 1992 1512 470 1872 994 1355 
2307 3180 2055 2611 2544 2067 2637 3297 2175 1392 2199 2250 1899 1635 2760 1472 2340 3504 1456 2010 2050 2478 2460 2014 2283 1743 2841 2583 1960 2490 2472 2283 2670 1850 1608 2787 2721 2088 2532 3006 1578 2256 1650 2781 2514 2163 2118 1773 1803 2406 2352 1086 2376 2022 2313 1884 1329 2055 2307 1944 1467 1956 996 1462 2343 1596 2442 2109 2565 1770 2796 1128 2028 1256 2169 3147 1264 2312 1815 1998 1371 0 1857 1788 1590 1902 2904 1791 2349 2115 1606 2445 1106 2412 2865 2127 1384 1953 1908 1773 
