0 2690 4307 848 2300 1490 2355 2112 1484 1358 1647 1695 986 3225 849 952 2640 2764 2502 1064 866 3610 996 1796 1875 1596 764 3535 3339 2832 2265 2544 1392 3401 1520 2656 3400 471 1124 2684 1575 2455 1175 1508 650 2430 3730 1740 2725 2030 2195 1675 2910 1550 3400 3670 1860 1835 2410 1990 908 1050 1218 1186 2245 1714 3390 998 924 890 1174 2812 2245 1008 1617 1750 2895 1353 2325 1128 2683 1839 2178 848 1828 1640 1167 1976 826 1412 982 1318 1440 1902 2564 2500 1014 1364 1504 2601 
2690 0 4991 1542 1524 414 741 2120 1408 1282 1653 81 910 3238 960 876 3070 612 2172 988 674 3275 920 1644 1884 2430 1088 3345 3149 2392 1446 2214 1944 3982 1016 1768 3472 2085 1048 1676 3660 2265 3155 1356 3370 2876 1970 3990 35 2641 2005 3910 4456 3660 2916 4930 830 1645 2880 2269 832 974 948 1110 3123 1638 2710 922 848 814 1098 2036 4175 894 1503 4060 4388 1239 3395 1014 2493 1725 2064 772 1676 1928 1053 1824 750 1336 906 1242 1732 1826 1788 2853 938 1288 1116 2487 
4307 4991 0 2142 2072 1416 2616 1552 1684 1752 1227 2220 1446 2653 2799 1412 3192 2348 2205 1348 948 4385 1356 2716 3721 3105 1524 3625 4402 2436 2955 2247 2265 4991 1616 1604 3513 2613 576 2876 3956 3675 4503 2228 5211 4396 4666 4187 3600 3336 3358 3923 3435 3951 3738 2758 3287 3032 2975 3862 1268 1510 1222 1646 4712 2174 4070 1458 1384 1350 1534 2584 4924 1548 2307 4231 4886 2043 4646 1668 3890 2379 2704 1308 2924 3462 1857 2896 1186 1772 1442 1678 3486 1298 2336 4562 1374 1746 1390 3291 
848 1542 2142 0 1612 1956 1048 1904 2260 1850 1946 1596 1478 1384 1414 1782 1698 1800 2094 1912 1524 2292 1826 1728 1598 1638 1612 2236 1722 1842 1698 1452 1776 716 906 1754 1786 534 1954 728 1460 1830 1318 1584 1108 1464 2322 1526 1556 1642 1192 1500 1590 1450 1822 2004 1592 1564 1426 1626 1738 1880 1798 2016 1728 2152 2186 1828 1754 1720 2004 1868 1728 1502 1812 1530 1972 1732 1244 1582 1894 2056 2282 1678 1762 1486 1608 1818 1656 2242 1812 2148 1424 2514 1744 1796 1844 1678 1966 2564 
2300 1524 2072 1612 0 1176 1884 2092 1020 1108 1632 1224 896 2360 1944 842 1932 2100 2367 1062 284 2180 906 1576 2240 2541 894 2048 1960 2652 2100 2409 1923 2528 1430 2476 2540 1617 1034 2504 1040 1960 1560 1328 1780 1764 2804 1172 1552 1444 1576 1160 2148 1060 1164 2640 1484 1248 372 1372 818 960 558 1096 1616 1624 2532 908 834 800 1084 1256 1616 873 1452 1220 1464 1218 1680 993 1948 1704 2043 738 1824 1132 1002 1756 736 1322 892 1228 1148 1812 1008 1752 924 1274 726 2466 
1490 414 1416 1956 1176 0 908 1474 1822 1696 1516 468 1324 658 1054 1290 1250 720 1504 1402 1088 1724 1334 1236 1084 2034 1502 1752 1568 1610 1378 1532 1410 1240 1430 1298 1196 1804 1462 1252 968 1320 1208 1092 1230 1310 1202 1034 428 1150 1216 1008 1358 958 1386 1806 746 1072 990 1134 1246 1388 1362 1524 1236 2052 1498 1336 1262 1228 1512 1432 1236 1010 1416 1038 1496 1240 1268 1090 1402 1564 1790 1186 1252 994 1116 1326 1164 1750 1320 1656 914 2240 1308 1304 1352 1702 1530 2072 
2355 741 2616 1048 1884 908 0 2331 1902 1466 2394 822 1094 1500 1701 1370 1971 1200 2565 1482 1168 2706 1414 1974 1746 2311 1542 2748 2007 2187 1971 1602 2628 498 522 2055 2103 2524 1542 516 1572 2100 1872 1758 1965 1620 1923 1671 762 1845 1212 1632 1809 1557 2199 1434 1239 1728 1605 1821 1326 1468 1442 1604 1974 1768 2367 1416 1342 1308 1592 2268 1974 1635 2142 1677 2364 1980 1290 1755 2223 2466 2805 1266 1998 1611 1794 2109 1244 1830 1400 1736 1491 1466 2082 2076 1432 1294 1610 3228 
2112 2120 1552 1904 2092 1474 2331 0 1380 976 63 1671 882 2372 1953 848 1704 2556 2196 1048 762 2856 792 1588 2252 2400 880 2620 2226 2424 2109 2238 1752 2500 1416 2248 2312 2055 920 2476 1052 1932 1172 764 1592 1736 2576 1184 2148 648 1548 932 1920 1032 1888 2728 1456 1260 1720 1384 704 946 1232 1082 1388 1610 2304 894 820 786 970 2604 1588 702 1461 1192 1908 1197 1652 822 1920 1533 2022 744 1796 1104 1011 1768 622 1208 878 1114 1120 1798 2356 1724 810 1260 1400 2445 
1484 1408 1684 2260 1020 1822 1902 1380 0 1602 1422 1462 1230 1382 1630 1176 1300 1606 1912 1396 932 1738 1240 1122 1454 2028 1408 1638 1474 1660 1734 1940 1616 1598 1764 1572 1604 1726 1368 1586 854 1314 1114 998 1224 1216 1736 788 1422 1056 1122 914 1408 864 1230 1692 1076 958 834 688 1152 1294 1206 1430 1142 1958 1600 1242 1168 1134 1418 1276 1142 916 1170 944 1380 1146 1174 996 1308 1470 1696 940 1246 900 870 1212 1070 1656 1226 1562 908 2146 1152 1210 1258 1608 1374 1978 
1358 1282 1752 1850 1108 1696 1466 976 1602 0 934 1336 372 1408 1524 1070 1060 1500 1456 1270 984 804 1114 1016 1348 1902 1282 1252 128 944 1628 1484 1490 1134 1300 1116 1148 1672 1242 1122 748 1188 988 868 1098 386 1326 814 1296 926 658 788 952 738 1478 1586 950 852 1082 914 1026 1168 1454 1304 1016 1618 1474 1116 1042 936 1292 1524 1016 790 1174 818 1276 1020 606 870 1182 1344 1570 966 1120 702 896 1106 944 1530 1100 1436 782 2020 1400 1012 1132 1040 1622 1852 
1647 1653 1227 1946 1632 1516 2394 63 1422 934 0 1734 924 1842 2016 890 1341 1980 2259 1090 804 2205 834 1254 1752 2463 922 2028 1644 1881 2172 2301 1815 1938 1458 1749 1797 2118 962 1920 852 1512 942 636 1257 1365 1995 951 1674 549 1224 762 1503 837 1197 2109 1155 1008 1353 1101 746 988 1274 1124 1104 1652 1791 936 862 828 1012 2016 1254 765 1524 957 1494 1260 1302 885 1503 1596 2085 786 1410 891 1074 1389 664 1250 920 1156 903 1840 1830 1356 852 1302 1442 2508 
1695 81 2220 1596 1224 468 822 1671 1462 1336 1734 0 964 1164 1041 930 1173 540 2091 1042 728 2046 974 1314 924 2511 1142 1980 1812 1713 1527 2133 2025 1320 1070 1407 1629 2166 1102 1338 912 1440 1272 1098 1305 1425 1263 1011 102 1185 1284 972 1335 897 1539 2169 579 1068 945 1161 886 1028 1002 1164 1314 1692 1707 976 902 868 1152 1608 1314 975 1584 1017 1704 1320 1362 1095 1563 1806 2145 826 1338 951 1134 1449 804 1390 960 1296 831 1880 1422 1416 992 1342 1170 2568 
986 910 1446 1478 896 1324 1094 882 1230 372 924 964 0 1036 1152 698 688 1128 1084 898 612 920 742 644 976 1530 910 1160 244 572 1256 1112 1118 762 928 744 776 1300 870 750 376 816 616 500 726 14 1238 442 924 558 286 416 580 366 1106 1214 578 480 710 542 654 796 1082 932 644 1246 1102 744 670 564 920 1152 644 418 802 446 904 648 234 498 810 972 1198 594 748 330 524 734 572 1158 728 1064 410 1648 1028 640 760 668 1250 1480 
3225 3238 2653 1384 2360 658 1500 2372 1382 1408 1842 1164 1036 0 2043 982 2947 832 1269 1202 896 3955 1046 1856 3150 2169 1214 3450 3464 1972 2310 1311 1128 2672 858 1796 1614 2406 1174 1360 2640 2800 3220 1608 3655 3066 3775 2376 1840 2831 2320 2880 3176 2680 4170 5267 2205 1910 3976 2082 958 1100 1366 1236 3538 1764 3515 1048 974 940 1224 2872 3792 1083 1464 3000 4964 1428 3480 1203 2808 1914 2253 746 2104 2118 1014 2036 876 1462 1032 1368 2142 1952 2624 3218 1064 1414 1534 2676 
849 960 2799 1414 1944 1054 1701 1953 1630 1524 2016 1041 1152 2043 0 1098 1833 1419 2751 1318 1012 2547 1162 1566 1965 2445 1330 2340 2094 2373 2364 2793 2241 2199 1656 2241 2289 1320 1290 2217 1164 1854 1554 1380 1239 1707 2142 1263 939 1467 1566 1254 1995 1179 2259 2421 1458 1320 1665 1413 1074 1216 1482 1352 1596 1880 2283 1164 1090 1056 1340 2328 1596 1257 1836 1299 1986 1602 1644 1377 1845 2088 2427 994 1752 1233 1386 1701 992 1578 1148 1484 1245 2068 2142 1698 1180 1530 1650 2850 
952 876 1412 1782 842 1290 1370 848 1176 1070 890 930 698 982 1098 0 768 1074 1380 864 558 1244 708 590 922 1496 876 1106 942 1128 1202 1408 1084 1066 1232 1040 1072 1266 836 1054 322 782 582 466 692 684 1204 388 890 524 590 382 876 332 1052 1160 544 426 656 488 620 762 1028 898 610 1426 1068 710 636 602 886 1098 610 384 770 412 870 614 642 464 776 938 1164 540 714 368 470 680 538 1124 694 1030 376 1614 974 678 726 1076 1196 1446 
2640 3070 3192 1698 1932 1250 1971 1704 1300 1060 1341 1173 688 2947 1833 768 0 2284 918 436 682 2456 712 1428 2339 1818 880 1345 2608 720 1989 960 1632 4019 1148 544 912 2055 840 1940 1561 1663 2051 940 2786 2022 3020 1792 2125 1879 1265 1351 378 1526 3528 4537 1620 1375 2730 1836 624 862 1152 1002 2121 1466 2680 810 736 706 890 2444 2493 582 1341 1806 2345 1077 1589 702 2223 1413 1902 664 1636 1416 891 1608 542 1128 794 1034 1440 1718 2196 2512 730 888 1320 2319 
2764 612 2348 1800 2100 720 1200 2556 1606 1500 1980 540 1128 832 1419 1074 2284 0 1893 1294 962 3232 1138 2040 1952 2793 1306 3072 2876 2804 1905 1935 1752 2168 1274 2380 1908 2544 1266 2192 1504 2424 2024 1792 2244 2228 2188 1636 640 1908 2040 1624 2300 1524 2520 3180 1276 1712 1728 1836 1050 1192 1236 1328 2080 1856 2780 1140 1066 1032 1316 2612 2080 1221 1800 1684 2600 1566 2144 1341 2412 2052 2391 970 2288 1596 1350 2220 968 1554 1124 1460 1612 2044 2364 2216 1156 1506 1404 2814 
2502 2172 2205 2094 2367 1504 2565 2196 1912 1456 2259 2091 1084 1269 2751 1380 918 1893 0 1048 1294 2388 1324 1989 1956 1824 1492 1725 1992 1134 2907 966 2397 2067 1544 1002 462 2973 1452 2049 1587 1695 1797 1623 2112 1605 2730 1686 2193 1710 1353 1497 756 1572 2682 2844 1890 1743 2088 1836 1236 1374 1764 1614 1503 1862 2526 1322 1248 1318 1502 2751 1833 1500 2127 1692 1599 1995 1275 1620 2238 2331 2820 1276 2145 1626 1809 2124 1154 1740 1306 1646 1638 2330 2565 2091 1342 1284 1932 3069 
1064 988 1348 1912 1062 1402 1482 1048 1396 1270 1090 1042 898 1202 1318 864 436 1294 1048 0 778 544 908 810 1142 1608 1076 974 1142 796 1422 1076 1284 1266 1432 708 740 1378 1036 1254 542 82 782 666 804 884 1066 608 1002 724 790 582 544 532 1272 1380 656 646 876 708 820 426 1248 1098 494 1626 1268 374 300 588 1086 1318 274 584 990 612 754 814 842 664 976 1138 1364 760 826 568 690 900 738 1136 358 1230 488 1814 1194 512 926 1276 1198 1110 
866 674 948 1524 284 1088 1168 762 932 984 804 728 612 896 1012 558 682 962 1294 778 0 1002 622 504 836 1410 790 936 856 1042 1116 1322 998 980 1146 954 986 990 750 968 236 696 496 380 606 598 1118 302 688 438 504 296 790 246 494 1074 458 340 98 402 534 676 470 812 524 1340 982 624 550 516 800 540 524 298 684 326 644 528 556 378 690 852 1078 454 628 282 384 594 452 1038 608 944 290 1528 416 592 640 990 638 1360 
3610 3275 4385 2292 2180 1724 2706 2856 1738 804 2205 2046 920 3955 2547 1244 2456 3232 2388 544 1002 0 1288 2380 3805 2982 1456 1120 1690 2320 2703 2430 2496 4265 1812 2507 3216 2637 1416 3268 2305 1155 2905 2092 2960 2665 1305 2470 3310 2760 2925 2405 2726 2280 3250 4145 2590 2565 2260 2720 1200 806 1276 1478 2185 2006 2045 754 680 968 1466 2692 1635 1446 2055 2480 2835 1791 2953 1566 3413 2277 2616 1140 2412 2370 1605 2560 1118 1516 738 1610 2170 2168 2444 2407 1306 1588 1444 2235 
996 920 1356 1826 906 1334 1414 792 1240 1114 834 974 742 1046 1162 708 712 1138 1324 908 622 1288 0 654 986 1540 820 1170 986 1072 1266 1352 1028 1110 1276 984 1016 1310 780 1098 386 826 526 410 736 728 1148 452 934 468 634 326 820 376 1116 1224 588 490 720 552 564 806 1092 942 554 1470 1012 754 680 646 830 1162 654 328 834 456 814 658 686 408 820 882 1208 604 758 412 534 744 482 1068 738 974 420 1658 1038 722 670 1120 1260 1490 
1796 1644 2716 1728 1576 1236 1974 1588 1122 1016 1254 1314 644 1856 1566 590 1428 2040 1989 810 504 2380 654 0 1736 2163 822 2104 1908 2148 1722 1242 1545 2024 1178 1972 2036 1818 782 2000 536 1456 1056 824 1276 1260 2300 668 1672 940 1072 656 1644 556 1996 2212 980 744 1204 868 566 708 974 844 1112 1372 2028 656 582 548 832 2088 1112 495 1074 716 1632 840 1176 615 1444 1326 1665 486 1320 628 624 1252 484 1070 640 976 644 1560 1840 1248 672 1022 1142 2088 
1875 1884 3721 1598 2240 1084 1746 2252 1454 1348 1752 924 976 3150 1965 922 2339 1952 1956 1142 836 3805 986 1736 0 2661 1154 3460 3314 2104 2220 1998 2043 3436 1510 1272 2667 1596 1114 2664 1500 2650 2150 1488 2425 2405 3657 1665 1919 2005 2170 1650 2177 1525 3325 3595 1890 1760 2335 1915 898 1040 1306 1176 2220 1704 3365 988 914 880 1164 2752 2220 993 1572 1725 2870 1338 2300 1113 2658 1824 2163 818 1984 1615 1122 1916 816 1402 972 1308 1635 1892 2504 2475 1004 1354 1474 2586 
1596 2430 3105 1638 2541 2034 2311 2400 2028 1902 2463 2511 1530 2169 2445 1496 1818 2793 1824 1608 1410 2982 1540 2163 2661 0 1308 2625 2661 2034 2931 1866 2874 1871 732 1902 1362 2067 1668 1853 1761 2289 1521 1947 1206 2274 3054 1860 2451 2034 2085 1821 1656 1746 2856 3018 1932 1917 2262 2010 1452 1594 1762 1730 2163 2258 2850 1542 1468 1434 1718 2925 2163 1824 2433 1866 2499 2169 2151 1944 2412 2655 2994 1392 2187 1800 1983 2298 1370 1956 1526 1862 1680 2446 2739 2265 1558 1860 2048 3417 
764 1088 1524 1612 894 1502 1542 880 1408 1282 922 1142 910 1214 1330 876 880 1306 1492 1076 790 1456 820 822 1154 1308 0 1338 1154 1240 1434 1520 1196 1210 1400 1152 1184 1078 948 1222 554 994 294 578 504 896 1316 620 1102 636 802 494 988 544 1104 1392 756 658 708 720 732 974 1042 1110 722 1638 1180 922 848 814 998 1150 822 496 1002 624 982 826 854 576 988 1050 1376 772 926 580 702 912 650 1236 906 1142 588 1826 1026 890 838 1288 1248 1658 
3535 3345 3625 2236 2048 1752 2748 2620 1638 1252 2028 1980 1160 3450 2340 1106 1345 3072 1725 974 936 1120 1170 2104 3460 2625 1338 0 2810 1424 2496 1767 2319 3954 1686 1620 2105 2592 1298 3016 1960 2275 2610 1856 2885 2865 2425 2125 3380 2465 2610 2110 1615 1985 3085 4055 2515 2220 2095 2375 1082 1224 1210 1360 2680 1888 3165 1172 1098 1064 1348 2560 2680 1269 1848 2185 3020 1614 2480 1389 3118 2100 2439 1002 2352 2075 1398 2284 1000 1586 1156 1492 2095 2076 2312 2935 1188 1426 1378 2862 
3339 3149 4402 1722 1960 1568 2007 2226 1474 128 1644 1812 244 3464 2094 942 2608 2876 1992 1142 856 1690 986 1908 3314 2661 1154 2810 0 2009 2250 2034 2043 3180 1172 2223 3044 2316 1114 2289 1814 2728 2314 1480 2689 1613 2995 1979 3184 1997 1927 1814 2554 1789 3587 3909 2319 2074 2597 2229 898 1040 1326 1176 2384 1490 3513 988 914 808 1164 2898 2484 993 1569 1989 3034 1338 1901 1113 2922 1824 2163 838 2116 1771 1152 2088 816 1402 972 1308 1899 1892 2650 2631 1004 912 1494 2586 
2832 2392 2436 1842 2652 1610 2187 2424 1660 944 1881 1713 572 1972 2373 1128 720 2804 1134 796 1042 2320 1072 2148 2104 2034 1240 1424 2009 0 2529 1176 2172 2252 1292 832 896 2595 1200 2228 1612 1898 1892 1660 2312 1116 3136 1744 2420 1776 1300 1492 504 1592 3072 3288 2016 1820 2280 1944 984 1122 1512 1362 1500 1610 2864 1070 996 1066 1250 3164 1940 1122 1749 1752 1628 1617 1196 1242 2480 1953 2442 1024 2356 1664 1431 2328 902 1488 1054 1394 1680 2078 2916 2284 1090 1032 1680 2691 
2265 1446 2955 1698 2100 1378 1971 2109 1734 1628 2172 1527 1256 2310 2364 1202 1989 1905 2907 1422 1116 2703 1266 1722 2220 2931 1434 2496 2250 2529 0 2577 2463 1473 1172 2397 2445 2736 1394 1491 1320 2010 1710 1536 1875 1863 2628 1419 1425 1623 1722 1410 2151 1335 2415 2577 1653 1476 1821 1569 1178 1320 1586 1456 1752 1984 2439 1268 1194 1160 1444 2484 1752 1413 1992 1455 2142 1758 1800 1533 2001 2244 2583 1098 1908 1389 1542 1857 1096 1682 1252 1588 1401 2172 2298 1854 1284 1634 1754 3006 
2544 2214 2247 1452 2409 1532 1602 2238 1940 1484 2301 2133 1112 1311 2793 1408 960 1935 966 1076 1322 2430 1352 1242 1998 1866 1520 1767 2034 1176 2577 0 2439 1104 902 1044 504 2991 1480 1086 1629 1737 1839 1665 2154 1647 2772 1728 2235 1752 1395 1539 798 1614 2724 2886 1932 1785 2130 1878 1264 1402 1792 1642 1545 1890 2568 1350 1276 1346 1530 2793 1875 1542 2169 1734 1641 2037 1317 1662 2280 2373 2862 1304 2187 1668 1851 2166 1182 1768 1334 1674 1680 2358 2607 2133 1370 1312 1960 3111 
1392 1944 2265 1776 1923 1410 2628 1752 1616 1490 1815 2025 1118 1128 2241 1084 1632 1752 2397 1284 998 2496 1028 1545 2043 2874 1196 2319 2043 2172 2463 2439 0 2130 1610 2040 1935 1863 1156 2148 1143 1803 1353 1179 1668 1656 2286 1242 1965 1266 1515 1053 1794 1128 2238 2400 1446 1299 1644 1392 940 1182 1468 1318 1395 1846 2082 1130 1056 1022 1206 2307 1545 1056 1815 1248 1785 1551 1593 1176 1794 1887 2376 980 1701 1182 1365 1680 858 1444 1114 1350 1194 2034 2121 1647 1046 1496 1636 2799 
3401 3982 4991 716 2528 1240 498 2500 1598 1134 1938 1320 762 2672 2199 1066 4019 2168 2067 1266 980 4265 1110 2024 3436 1871 1210 3954 3180 2252 1473 1104 2130 0 190 2076 3212 2084 1238 24 3576 3110 3206 1736 3877 2882 4019 3840 2100 2788 1598 3536 4418 3536 4722 4802 2471 2270 4912 3030 1022 1164 1450 1300 4062 1436 3775 1112 1038 1004 1288 3040 4648 1179 1644 3856 5734 1524 3154 1299 3118 2010 2349 962 2232 2610 1338 2204 940 1526 1096 1432 2634 1798 2792 3710 1128 962 1618 2772 
1520 1016 1616 906 1430 1430 522 1416 1764 1300 1458 1070 928 858 1656 1232 1148 1274 1544 1432 1146 1812 1276 1178 1510 732 1400 1686 1172 1292 1172 902 1610 190 0 1204 1236 1440 1404 178 910 1350 1106 1034 1260 914 1772 976 1030 1092 642 950 1040 900 1640 1478 1112 1014 1244 1076 1188 1330 1616 1466 1178 1602 1636 1278 1204 1170 1454 1686 1178 952 1262 980 1438 1182 694 1032 1344 1506 1732 1128 1282 936 1058 1268 1106 1692 1262 1598 944 1988 1562 1246 1294 1128 1784 2014 
2656 1768 1604 1754 2476 1298 2055 2248 1572 1116 1749 1407 744 1796 2241 1040 544 2380 1002 708 954 2507 984 1972 1272 1902 1152 1620 2223 832 2397 1044 2040 2076 1204 0 720 2463 1112 2052 1436 1722 1716 1484 2136 1460 2960 1568 1796 1600 1124 1316 328 1416 2896 3112 1840 1644 2104 1768 896 1034 1424 1274 1324 1522 2688 982 908 978 1162 2988 1764 990 1617 1576 1452 1485 1020 1110 2304 1821 2310 936 2180 1488 1299 2152 814 1400 966 1306 1504 1990 2740 2108 1002 944 1592 2559 
3400 3472 3513 1786 2540 1196 2103 2312 1604 1148 1797 1629 776 1614 2289 1072 912 1908 462 740 986 3216 1016 2036 2667 1362 1184 2105 3044 896 2445 504 1935 3212 1236 720 0 2511 1144 2116 2250 2339 2670 1548 3300 2286 3780 2448 2885 2791 1485 2070 588 2220 4440 4764 2380 2135 3252 2748 928 1066 1456 1306 2082 1554 3440 1014 940 1010 1194 3052 2742 1038 1665 2460 2274 1533 1626 1158 2983 1869 2358 968 2244 2328 1347 2216 846 1432 998 1338 2352 2022 2804 3324 1034 976 1624 2607 
471 2085 2613 534 1617 1804 2524 2055 1726 1672 2118 2166 1300 2406 1320 1266 2055 2544 2973 1378 990 2637 1310 1818 1596 2067 1078 2592 2316 2595 2736 2991 1863 2084 1440 2463 2511 0 1438 2090 1416 1944 1176 1602 861 1929 2709 1515 2106 1689 1788 1476 2217 1401 1932 2673 1587 1572 1338 1665 1222 1364 1264 1500 1818 2028 2505 1312 1238 1204 1488 2001 1818 1479 2088 1521 2157 1824 1866 1599 2067 2310 2649 1162 1842 1455 1638 1953 1140 1726 1296 1632 1335 2216 1815 1920 1328 1678 1432 3072 
1124 1048 576 1954 1034 1462 1542 920 1368 1242 962 1102 870 1174 1290 836 840 1266 1452 1036 750 1416 780 782 1114 1668 948 1298 1114 1200 1394 1480 1156 1238 1404 1112 1144 1438 0 1226 514 954 654 538 864 856 1276 580 1062 596 762 454 948 504 1244 1352 716 618 848 680 692 934 1220 1070 682 1598 1140 882 808 774 958 1290 782 456 962 584 942 786 814 536 948 1010 1336 732 886 540 662 872 610 1196 866 1102 548 1786 1166 850 798 1248 1388 1618 
2684 1676 2876 728 2504 1252 516 2476 1586 1122 1920 1338 750 1360 2217 1054 1940 2192 2049 1254 968 3268 1098 2000 2664 1853 1222 3016 2289 2228 1491 1086 2148 24 178 2052 2116 2090 1226 0 1464 2344 1856 1712 2164 1472 3188 1596 1704 1828 928 1544 1724 1444 2924 2600 1868 1672 2132 1796 1010 1152 1438 1288 2000 1424 2916 1100 1026 992 1276 3016 2000 1161 1626 1604 2520 1506 1032 1281 2332 1992 2331 950 2208 1516 1320 2180 928 1514 1084 1420 1532 1810 2768 2136 1116 950 1606 2754 
1575 3660 3956 1460 1040 968 1572 1052 854 748 852 912 376 2640 1164 322 1561 1504 1587 542 236 2305 386 536 1500 1761 554 1960 1814 1612 1320 1629 1143 3576 910 1436 2250 1416 514 1464 0 1150 910 288 1345 1086 2205 363 1420 851 670 830 2549 95 2190 3036 555 260 5221 498 298 440 706 576 1228 1104 1865 388 314 280 564 1552 1872 93 672 450 2530 438 1202 213 1158 924 1263 218 784 138 222 716 216 802 372 708 162 1292 1304 1238 404 754 874 1686 
2455 2265 3675 1830 1960 1320 2100 1932 1314 1188 1512 1440 816 2800 1854 782 1663 2424 1695 82 696 1155 826 1456 2650 2289 994 2275 2728 1898 2010 1737 1803 3110 1350 1722 2339 1944 954 2344 1150 0 1750 1168 1805 2005 2460 1315 2300 1605 1770 1250 1849 1125 2975 3245 1435 1410 1985 1565 738 344 1166 1016 1030 1544 2965 292 218 506 1004 2472 480 753 1362 1325 1680 1098 1900 873 2258 1584 1923 678 1488 1215 912 1636 656 1054 276 1148 1015 1732 2224 1252 844 1194 1116 1542 
1175 3155 4503 1318 1560 1208 1872 1172 1114 988 942 1272 616 3220 1554 582 2051 2024 1797 782 496 2905 526 1056 2150 1521 294 2610 2314 1892 1710 1839 1353 3206 1106 1716 2670 1176 654 1856 910 1750 0 568 735 1806 2555 1141 2020 1310 1270 700 2429 875 2970 3886 1155 910 2079 1278 438 680 748 816 1818 1344 2215 628 554 520 704 2072 1848 303 1062 1155 2728 798 2042 423 1758 1134 1623 478 1264 858 612 1236 356 942 612 848 882 1532 1824 1958 544 994 1134 2046 
1508 1356 2228 1584 1328 1092 1758 764 998 868 636 1098 500 1608 1380 466 940 1792 1623 666 380 2092 410 824 1488 1947 578 1856 1480 1660 1536 1665 1179 1736 1034 1484 1548 1602 538 1712 288 1168 568 0 988 972 1812 420 1384 116 784 168 1156 268 1748 1964 692 496 956 620 322 564 850 700 624 1228 1540 512 438 404 588 1840 824 129 888 428 1144 624 888 249 1156 960 1449 362 1032 340 438 1004 240 826 496 732 356 1416 1592 960 428 878 1018 1872 
650 3370 5211 1108 1780 1230 1965 1592 1224 1098 1257 1305 726 3655 1239 692 2786 2244 2112 804 606 2960 736 1276 2425 1206 504 2885 2689 2312 1875 2154 1668 3877 1260 2136 3300 861 864 2164 1345 1805 735 988 0 2136 3080 1576 2075 1901 1545 1435 3164 1310 3300 4321 1210 1185 2514 1608 648 790 958 926 2453 1454 2740 738 664 630 914 2292 2283 618 1227 1590 3363 963 2477 738 2033 1449 1788 588 1308 1188 777 1456 566 1152 722 1058 948 1642 2044 2288 754 1104 1244 2211 
2430 2876 4396 1464 1764 1310 1620 1736 1216 386 1365 1425 14 3066 1707 684 2022 2228 1605 884 598 2665 728 1260 2405 2274 896 2865 1613 1116 1863 1647 1656 2882 914 1460 2286 1929 856 1472 1086 2005 1806 972 2136 0 3060 1284 2275 1841 680 1206 1698 1056 3276 3600 1410 1165 2088 1584 640 782 1068 918 2000 1232 2720 730 656 550 906 2276 1890 606 1182 1296 2780 951 660 726 2013 1437 1776 580 1468 948 765 1440 558 1144 714 1050 1188 1634 2028 2120 746 654 1236 2199 
3730 1970 4666 2322 2804 1202 1923 2576 1736 1326 1995 1263 1238 3775 2142 1204 3020 2188 2730 1066 1118 1305 1148 2300 3657 3054 1316 2425 2995 3136 2628 2772 2286 4019 1772 2960 3780 2709 1276 3188 2205 2460 2555 1812 3080 3060 0 2370 2005 2410 2825 2055 3290 2180 4030 2840 2710 2465 3040 2620 1060 1302 1588 1438 2625 1966 740 1250 1176 1142 1326 3316 2875 1236 1995 2380 3275 1731 2955 1356 3313 2067 2556 1100 2508 2270 1545 2480 978 1564 1234 1470 2290 1646 3068 3130 1166 1616 1756 2979 
1740 3990 4187 1526 1172 1034 1671 1184 788 814 951 1011 442 2376 1263 388 1792 1636 1686 608 302 2470 452 668 1665 1860 620 2125 1979 1744 1419 1728 1242 3840 976 1568 2448 1515 580 1596 363 1315 1141 420 1576 1284 2370 0 1585 1049 835 693 2846 418 2388 3267 720 425 2200 300 364 506 772 642 1459 1170 2030 454 380 346 630 1684 1947 192 573 780 2612 537 1433 312 1323 1023 1362 152 916 336 123 848 282 868 438 774 360 1358 1436 1436 470 820 940 1785 
2725 35 3600 1556 1552 428 762 2148 1422 1296 1674 102 924 1840 939 890 2125 640 2193 1002 688 3310 934 1672 1919 2451 1102 3380 3184 2420 1425 2235 1965 2100 1030 1796 2885 2106 1062 1704 1420 2300 2020 1384 2075 2275 2005 1585 0 1875 2040 1520 2395 1395 2465 3515 865 1680 1475 1835 846 986 962 1124 2090 1652 2745 934 860 828 1112 2064 2085 915 1524 1595 2740 1260 2170 1035 2528 1746 2085 786 1704 1485 1074 1852 764 1350 918 1256 1285 1840 1816 2344 952 1302 1130 2505 
2030 2641 3336 1642 1444 1150 1845 648 1056 926 549 1185 558 2831 1467 524 1879 1908 1710 724 438 2760 468 940 2005 2034 636 2465 1997 1776 1623 1752 1266 2788 1092 1600 2791 1689 596 1828 851 1605 1310 116 1901 1841 2410 1049 1875 0 1125 721 2203 821 2912 3365 1010 765 1853 1349 380 622 908 758 1515 1286 2070 570 496 462 646 1956 1655 216 975 1061 2295 711 1751 336 1613 1047 1536 420 1148 893 525 1120 298 884 554 790 953 1474 1708 1993 486 936 1076 1959 
2195 2005 3358 1192 1576 1216 1212 1548 1122 658 1224 1284 286 2320 1566 590 1265 2040 1353 790 504 2925 634 1072 2170 2085 802 2610 1927 1300 1722 1395 1515 1598 642 1124 1485 1788 762 928 670 1770 1270 784 1545 680 2825 835 2040 1125 0 770 995 645 2495 2765 1175 930 1505 1085 546 688 974 824 1340 960 2485 636 562 528 812 2088 1340 465 930 845 1990 810 130 585 1778 1296 1635 486 1280 735 624 1252 464 1050 620 956 755 1540 1840 1595 652 486 1142 2058 
1675 3910 3923 1500 1160 1008 1632 932 914 788 762 972 416 2880 1254 382 1351 1624 1497 582 296 2405 326 656 1650 1821 494 2110 1814 1492 1410 1539 1053 3536 950 1316 2070 1476 454 1544 830 1250 700 168 1435 1206 2055 693 1520 721 770 0 2329 475 2370 3186 655 410 6424 678 238 480 766 616 1118 1144 1715 428 354 320 504 1672 2132 3 762 650 2450 498 1342 123 1258 834 1323 278 864 258 312 836 156 742 412 648 282 1332 1424 1358 344 794 934 1746 
2910 4456 3435 1590 2148 1358 1809 1920 1408 952 1503 1335 580 3176 1995 876 378 2300 756 544 790 2726 820 1644 2177 1656 988 1615 2554 504 2151 798 1794 4418 1040 328 588 2217 948 1724 2549 1849 2429 1156 3164 1698 3290 2846 2395 2203 995 2329 0 2504 3852 4915 1890 1645 3996 2160 732 870 1260 1110 1743 1358 2950 818 744 814 998 2660 3281 744 1371 2864 2248 1239 1211 864 2493 1575 2064 772 1852 1740 1053 1824 650 1236 802 1142 1764 1826 2412 2736 838 780 1428 2313 
1550 3660 3951 1450 1060 958 1557 1032 864 738 837 897 366 2680 1179 332 1526 1524 1572 532 246 2280 376 556 1525 1746 544 1985 1789 1592 1335 1614 1128 3536 900 1416 2220 1401 504 1444 95 1125 875 268 1310 1056 2180 418 1395 821 645 475 2504 0 2220 3061 530 285 4940 528 288 430 716 566 1193 1094 1840 378 304 270 554 1572 1807 78 687 400 2500 423 1167 198 1133 909 1248 228 764 108 237 736 206 792 362 698 132 1282 1324 1208 394 744 884 1671 
3400 2916 3738 1822 1164 1386 2199 1888 1230 1478 1197 1539 1106 4170 2259 1052 3528 2520 2682 1272 494 3250 1116 1996 3325 2856 1104 3085 3587 3072 2415 2724 2238 4722 1640 2896 4440 1932 1244 2924 2190 2975 2970 1748 3300 3276 4030 2388 2465 2912 2495 2370 3852 2220 0 2214 2380 2085 1188 2688 1028 1170 768 1306 2688 1834 3690 1118 1044 1010 1294 1676 3054 1188 1767 2460 2826 1533 3150 1308 2983 2019 2358 948 2244 2328 1317 2176 946 1532 1102 1438 2352 1248 1428 3428 1134 1484 936 2781 
3670 4930 2758 2004 2640 1806 1434 2728 1692 1586 2109 2169 1214 5267 2421 1160 4537 3180 2844 1380 1074 4145 1224 2212 3595 3018 1392 4055 3909 3288 2577 2886 2400 4802 1478 3112 4764 2673 1352 2600 3036 3245 3886 1964 4321 3600 2840 3267 3515 3365 2765 3186 4915 3061 2214 0 2650 1835 3988 3012 1136 1278 1506 1414 4204 1942 2100 1226 1152 1118 1402 3152 4034 1350 1929 3341 5108 1695 4228 1470 3253 2181 1800 1056 2460 2652 1479 1976 1054 1640 1210 1546 2676 510 2904 3752 1242 1592 1674 2943 
1860 830 3287 1592 1484 746 1239 1456 1076 950 1155 579 578 2205 1458 544 1620 1276 1890 656 458 2590 588 980 1890 1932 756 2515 2319 2016 1653 1932 1446 2471 1112 1840 2380 1587 716 1868 555 1435 1155 692 1210 1410 2710 720 865 1010 1175 655 1890 530 2380 2650 0 815 1390 970 500 642 928 778 1225 1306 2370 590 516 482 766 1996 1225 396 1005 730 1875 741 1305 516 1663 1227 1566 440 1012 620 555 1160 418 1004 574 910 420 1494 1748 1480 606 956 1096 1989 
1835 1645 3032 1564 1248 1072 1728 1260 958 852 1008 1068 480 1910 1320 426 1375 1712 1743 646 340 2565 490 744 1760 1917 658 2220 2074 1820 1476 1785 1299 2270 1014 1644 2135 1572 618 1672 260 1410 910 496 1185 1165 2465 425 1680 765 930 410 1645 285 2085 1835 815 0 1095 675 402 544 810 680 980 1208 2125 492 418 384 668 1760 980 249 828 485 1630 594 1060 369 1418 1080 1419 322 992 375 378 508 320 906 476 812 395 1244 1512 1235 508 858 978 1842 
2410 2880 2975 1426 372 990 1605 1720 834 1082 1353 945 710 3976 1665 656 2730 1728 2088 876 98 2260 720 1204 2335 2262 708 2095 2597 2280 1821 2130 1644 4912 1244 2104 3252 1338 848 2132 5221 1985 2079 956 2514 2088 3040 2200 1475 1853 1505 6424 3996 4940 1188 3988 1390 1095 0 1500 632 774 372 910 2361 1438 2700 722 648 614 898 884 4447 594 1173 2120 2184 939 2371 714 1993 1425 1764 552 1452 1140 723 1384 550 1136 706 1042 1164 1626 636 2240 738 1088 540 2187 
1990 2269 3862 1626 1372 1134 1821 1384 688 914 1101 1161 542 2082 1413 488 1836 1836 1836 708 402 2720 552 868 1915 2010 720 2375 2229 1944 1569 1878 1392 3030 1076 1768 2748 1665 680 1796 498 1565 1278 620 1608 1584 2620 300 1835 1349 1085 678 2160 528 2688 3012 970 675 1500 0 464 606 872 742 1472 1270 2280 554 480 446 730 1884 1362 342 723 768 2194 687 1458 462 1573 1173 1512 252 1116 636 273 1048 382 968 538 874 660 1458 1636 1736 570 920 1040 1935 
908 832 1268 1738 818 1246 1326 704 1152 1026 746 886 654 958 1074 620 624 1050 1236 820 534 1200 564 566 898 1452 732 1082 898 984 1178 1264 940 1022 1188 896 928 1222 692 1010 298 738 438 322 648 640 1060 364 846 380 546 238 732 288 1028 1136 500 402 632 464 0 718 1004 854 466 1382 924 666 592 558 742 1074 566 240 746 368 726 570 598 320 732 794 1120 516 670 324 446 656 394 980 650 886 332 1570 950 634 582 1032 1172 1402 
1050 974 1510 1880 960 1388 1468 946 1294 1168 988 1028 796 1100 1216 762 862 1192 1374 426 676 806 806 708 1040 1594 974 1224 1040 1122 1320 1402 1182 1164 1330 1034 1066 1364 934 1152 440 344 680 564 790 782 1302 506 986 622 688 480 870 430 1170 1278 642 544 774 606 718 0 1146 996 372 1524 1166 252 178 466 984 1216 152 482 888 510 632 712 740 562 874 1036 1262 658 812 466 588 798 636 1014 236 1128 474 1712 1092 390 824 1174 1076 988 
1218 948 1222 1798 558 1362 1442 1232 1206 1454 1274 1002 1082 1366 1482 1028 1152 1236 1764 1248 470 1276 1092 974 1306 1762 1042 1210 1326 1512 1586 1792 1468 1450 1616 1424 1456 1264 1220 1438 706 1166 748 850 958 1068 1588 772 962 908 974 766 1260 716 768 1506 928 810 372 872 1004 1146 0 1282 994 1810 1452 1094 1020 986 1270 814 994 768 1154 796 918 998 1026 848 1160 1322 1548 924 1098 752 854 1064 922 1508 1078 1414 760 1998 690 1062 1110 1460 912 1830 
1186 1110 1646 2016 1096 1524 1604 1082 1430 1304 1124 1164 932 1236 1352 898 1002 1328 1614 1098 812 1478 942 844 1176 1730 1110 1360 1176 1362 1456 1642 1318 1300 1466 1274 1306 1500 1070 1288 576 1016 816 700 926 918 1438 642 1124 758 824 616 1110 566 1306 1414 778 680 910 742 854 996 1282 0 844 1660 1302 944 870 836 1120 1352 844 618 848 486 1104 848 876 698 1010 1172 1238 794 948 602 724 934 772 1358 928 1246 610 1688 1228 912 960 1310 1450 1680 
2245 3123 4712 1728 1616 1236 1974 1388 1142 1016 1104 1314 644 3538 1596 610 2121 2080 1503 494 524 2185 554 1112 2220 2163 722 2680 2384 1500 1752 1545 1395 4062 1178 1324 2082 1818 682 2000 1228 1030 1818 624 2453 2000 2625 1459 2090 1515 1340 1118 1743 1193 2688 4204 1225 980 2361 1472 466 372 994 844 0 1372 2285 320 246 534 732 2128 770 339 1104 1473 910 840 2296 465 1814 1176 1665 506 1320 1052 654 1292 384 970 304 876 1076 1560 1880 1540 572 1022 1144 1584 
1714 1638 2174 2152 1624 2052 1768 1610 1958 1618 1652 1692 1246 1764 1880 1426 1466 1856 1862 1626 1340 2006 1470 1372 1704 2258 1638 1888 1490 1610 1984 1890 1846 1436 1602 1522 1554 2028 1598 1424 1104 1544 1344 1228 1454 1232 1966 1170 1652 1286 960 1144 1358 1094 1834 1942 1306 1208 1438 1270 1382 1524 1810 1660 1372 0 1830 1472 1398 1364 1648 1144 1372 1146 1552 1174 1490 812 1012 1226 650 1700 1926 1322 1476 1130 1252 1462 1300 1886 1456 1792 1138 2376 1450 1440 1488 1446 1672 2208 
3390 2710 4070 2186 2532 1498 2367 2304 1600 1474 1791 1707 1102 3515 2283 1068 2680 2780 2526 1268 982 2045 1012 2028 3365 2850 1180 3165 3513 2864 2439 2568 2082 3775 1636 2688 3440 2505 1140 2916 1865 2965 2215 1540 2740 2720 740 2030 2745 2070 2485 1715 2950 1840 3690 2100 2370 2125 2700 2280 924 1166 1452 1302 2285 1830 0 1114 1040 1006 1190 3044 2535 1032 1791 2040 2935 1527 2615 1152 2973 1863 2352 964 2236 1930 1341 2208 842 1428 1098 1334 1950 1350 2796 2790 1030 1480 1620 2775 
998 922 1458 1828 908 1336 1416 894 1242 1116 936 976 744 1048 1164 710 810 1140 1322 374 624 754 754 656 988 1542 922 1172 988 1070 1268 1350 1130 1112 1278 982 1014 1312 882 1100 388 292 628 512 738 730 1250 454 934 570 636 428 818 378 1118 1226 590 492 722 554 666 252 1094 944 320 1472 1114 0 126 414 932 1164 100 430 836 458 580 660 688 510 822 984 1210 606 760 414 536 746 584 962 184 1076 422 1660 1040 338 772 1122 1024 936 
924 848 1384 1754 834 1262 1342 820 1168 1042 862 902 670 974 1090 636 736 1066 1248 300 550 680 680 582 914 1468 848 1098 914 996 1194 1276 1056 1038 1204 908 940 1238 808 1026 314 218 554 438 664 656 1176 380 860 496 562 354 744 304 1044 1152 516 418 648 480 592 178 1020 870 246 1398 1040 126 0 340 858 1090 26 356 762 384 506 586 614 436 748 910 1136 532 686 340 462 672 510 888 110 1002 348 1586 966 264 698 1048 950 862 
890 814 1350 1720 800 1228 1308 786 1134 936 828 868 564 940 1056 602 706 1032 1318 588 516 968 646 548 880 1434 814 1064 808 1066 1160 1346 1022 1004 1170 978 1010 1204 774 992 280 506 520 404 630 550 1142 346 828 462 528 320 814 270 1010 1118 482 384 614 446 558 466 986 836 534 1364 1006 414 340 0 824 1056 314 322 728 350 690 552 580 402 714 876 1102 498 652 234 428 638 476 1062 230 968 314 1552 932 76 664 1014 1154 1150 
1174 1098 1534 2004 1084 1512 1592 970 1418 1292 1012 1152 920 1224 1340 886 890 1316 1502 1086 800 1466 830 832 1164 1718 998 1348 1164 1250 1444 1530 1206 1288 1454 1162 1194 1488 958 1276 564 1004 704 588 914 906 1326 630 1112 646 812 504 998 554 1294 1402 766 668 898 730 742 984 1270 1120 732 1648 1190 932 858 824 0 1340 832 506 1012 634 992 836 864 586 998 1060 1386 782 936 590 712 922 660 1246 916 1152 598 1836 1216 900 848 1298 1438 1668 
2812 2036 2584 1868 1256 1432 2268 2604 1276 1524 2016 1608 1152 2872 2328 1098 2444 2612 2751 1318 540 2692 1162 2088 2752 2925 1150 2560 2898 3164 2484 2793 2307 3040 1686 2988 3052 2001 1290 3016 1552 2472 2072 1840 2292 2276 3316 1684 2064 1956 2088 1672 2660 1572 1676 3152 1996 1760 884 1884 1074 1216 814 1352 2128 1144 3044 1164 1090 1056 1340 0 2128 1257 1836 1732 1976 984 2192 1377 988 2088 2427 994 2336 1644 1386 2268 992 1578 1148 1484 1660 2068 612 2264 1180 1530 528 2850 
2245 4175 4924 1728 1616 1236 1974 1588 1142 1016 1254 1314 644 3792 1596 610 2493 2080 1833 274 524 1635 654 1112 2220 2163 822 2680 2484 1940 1752 1875 1545 4648 1178 1764 2742 1818 782 2000 1872 480 1848 824 2283 1890 2875 1947 2085 1655 1340 2132 3281 1807 3054 4034 1225 980 4447 1362 566 152 994 844 770 1372 2535 100 26 314 832 2128 0 495 1104 1790 2106 840 2140 615 1828 1326 1665 506 1320 942 654 1292 484 862 84 976 966 1560 1880 1068 672 1022 924 1254 
1008 894 1548 1502 873 1010 1635 702 916 790 765 975 418 1083 1257 384 582 1221 1500 584 298 1446 328 495 993 1824 496 1269 993 1122 1413 1542 1056 1179 952 990 1038 1479 456 1161 93 753 303 129 618 606 1236 192 915 216 465 3 744 78 1188 1350 396 249 594 342 240 482 768 618 339 1146 1032 430 356 322 506 1257 495 0 765 198 729 501 543 126 744 837 1326 280 651 132 315 630 158 744 414 650 144 1334 1071 597 346 796 936 1749 
1617 1503 2307 1812 1452 1416 2142 1461 1170 1174 1524 1584 802 1464 1836 770 1341 1800 2127 990 684 2055 834 1074 1572 2433 1002 1848 1569 1749 1992 2169 1815 1644 1262 1617 1665 2088 962 1626 672 1362 1062 888 1227 1182 1995 573 1524 975 930 762 1371 687 1767 1929 1005 828 1173 723 746 888 1154 848 1104 1552 1791 836 762 728 1012 1836 1104 765 0 807 1494 1110 852 885 1353 1596 1935 534 1260 741 696 1209 664 1250 820 1156 753 1740 1650 1206 852 1002 1322 2358 
1750 4060 4231 1530 1220 1038 1677 1192 944 818 957 1017 446 3000 1299 412 1806 1684 1692 612 326 2480 456 716 1725 1866 624 2185 1989 1752 1455 1734 1248 3856 980 1576 2460 1521 584 1604 450 1325 1155 428 1590 1296 2380 780 1595 1061 845 650 2864 400 2460 3341 730 485 2120 768 368 510 796 486 1473 1174 2040 458 384 350 634 1732 1790 198 807 0 2820 543 1367 318 1333 1029 1128 308 924 348 357 896 286 872 442 760 372 1202 1484 1410 474 824 964 1791 
2895 4388 4886 1972 1464 1496 2364 1908 1380 1276 1494 1704 904 4964 1986 870 2345 2600 1599 754 644 2835 814 1632 2870 2499 982 3020 3034 1628 2142 1641 1785 5734 1438 1452 2274 2157 942 2520 2530 1680 2728 1144 3363 2780 3275 2612 2740 2295 1990 2450 2248 2500 2826 5108 1875 1630 2184 2194 726 632 918 1104 910 1490 2935 580 506 690 992 1976 2106 729 1494 2820 0 1017 3028 855 2180 1566 2055 766 1840 1832 1044 1812 644 1230 564 1136 1856 1820 1380 1842 832 1282 912 1470 
1353 1239 2043 1732 1218 1240 1980 1197 1146 1020 1260 1320 648 1428 1602 614 1077 1566 1995 814 528 1791 658 840 1338 2169 826 1614 1338 1617 1758 2037 1551 1524 1182 1485 1533 1824 786 1506 438 1098 798 624 963 951 1731 537 1260 711 810 498 1239 423 1533 1695 741 594 939 687 570 712 998 848 840 812 1527 660 586 552 836 984 840 501 1110 543 1017 0 888 621 243 1332 1671 510 996 477 660 975 488 1074 644 980 489 1564 1416 942 676 1026 1166 2094 
2325 3395 4646 1244 1680 1268 1290 1652 1174 606 1302 1362 234 3480 1644 642 1589 2144 1275 842 556 2953 686 1176 2300 2151 854 2480 1901 1196 1800 1317 1593 3154 694 1020 1626 1866 814 1032 1202 1900 2042 888 2477 660 2955 1433 2170 1751 130 1342 1211 1167 3150 4228 1305 1060 2371 1458 598 740 1026 876 2296 1012 2615 688 614 580 864 2192 2140 543 852 1367 3028 888 0 663 1908 1374 1713 538 1384 1038 702 1356 516 1102 672 1008 1062 1592 1944 2138 704 434 1194 2136 
1128 1014 1668 1582 993 1090 1755 822 996 870 885 1095 498 1203 1377 464 702 1341 1620 664 378 1566 408 615 1113 1944 576 1389 1113 1242 1533 1662 1176 1299 1032 1110 1158 1599 536 1281 213 873 423 249 738 726 1356 312 1035 336 585 123 864 198 1308 1470 516 369 714 462 320 562 848 698 465 1226 1152 510 436 402 586 1377 615 126 885 318 855 621 663 0 864 957 1446 360 771 252 435 750 238 824 494 730 264 1414 1191 717 426 876 1016 1869 
2683 2493 3890 1894 1948 1402 2223 1920 1308 1182 1503 1563 810 2808 1845 776 2223 2412 2238 976 690 3413 820 1444 2658 2412 988 3118 2922 2480 2001 2280 1794 3118 1344 2304 2983 2067 948 2332 1158 2258 1758 1156 2033 2013 3313 1323 2528 1613 1778 1258 2493 1133 2983 3253 1663 1418 1993 1573 732 874 1160 1010 1814 650 2973 822 748 714 998 988 1828 744 1353 1333 2180 243 1908 864 0 1575 1914 672 1652 1223 903 1624 650 1236 806 1142 1243 1726 1600 2083 838 1188 1022 2337 
1839 1725 2379 2056 1704 1564 2466 1533 1470 1344 1596 1806 972 1914 2088 938 1413 2052 2331 1138 852 2277 882 1326 1824 2655 1050 2100 1824 1953 2244 2373 1887 2010 1506 1821 1869 2310 1010 1992 924 1584 1134 960 1449 1437 2067 1023 1746 1047 1296 834 1575 909 2019 2181 1227 1080 1425 1173 794 1036 1322 1172 1176 1700 1863 984 910 876 1060 2088 1326 837 1596 1029 1566 1332 1374 957 1575 0 2157 834 1482 963 1146 1392 712 1298 968 1204 975 1888 1902 1428 900 1350 1490 1449 
2178 2064 2704 2282 2043 1790 2805 2022 1696 1570 2085 2145 1198 2253 2427 1164 1902 2391 2820 1364 1078 2616 1208 1665 2163 2994 1376 2439 2163 2442 2583 2862 2376 2349 1732 2310 2358 2649 1336 2331 1263 1923 1623 1449 1788 1776 2556 1362 2085 1536 1635 1323 2064 1248 2358 1800 1566 1419 1764 1512 1120 1262 1548 1238 1665 1926 2352 1210 1136 1102 1386 2427 1665 1326 1935 1128 2055 1671 1713 1446 1914 2157 0 1060 1821 1302 1485 1800 1038 1624 1194 1512 1314 450 2241 1767 1226 1576 1716 2919 
848 772 1308 1678 738 1186 1266 744 940 966 786 826 594 746 994 540 664 970 1276 760 454 1140 604 486 818 1392 772 1002 838 1024 1098 1304 980 962 1128 936 968 1162 732 950 218 678 478 362 588 580 1100 152 786 420 486 278 772 228 948 1056 440 322 552 252 516 658 924 794 506 1322 964 606 532 498 782 994 506 280 534 308 766 510 538 360 672 834 1060 0 610 264 234 576 434 1020 590 926 272 1510 870 574 622 972 1092 1342 
1828 1676 2924 1762 1824 1252 1998 1796 1246 1120 1410 1338 748 2104 1752 714 1636 2288 2145 826 628 2412 758 1320 1984 2187 926 2352 2116 2356 1908 2187 1701 2232 1282 2180 2244 1842 886 2208 784 1488 1264 1032 1308 1468 2508 916 1704 1148 1280 864 1852 764 2244 2460 1012 992 1452 1116 670 812 1098 948 1320 1476 2236 760 686 652 936 2336 1320 651 1260 924 1840 996 1384 771 1652 1482 1821 610 0 836 810 1500 472 1174 744 1080 676 1664 2088 1456 776 1126 1266 2244 
