0 3080 3875 1655 2300 2283 1274 2112 1896 1545 2196 1366 987 2289 849 952 2550 2764 1296 1064 866 3610 1200 1796 1875 1596 1146 2710 2551 2328 2265 1986 1392 2355 1108 1496 2470 785 1124 2325 1575 2455 1175 1508 650 1830 3730 1740 2607 2030 2195 1675 2280 1550 3400 3670 1488 1835 2410 1990 908 2100 1218 1186 1118 1714 3390 998 924 1335 1174 2812 2245 672 1617 1750 2133 902 2249 1128 2151 2452 2178 848 1828 1640 778 1976 826 1412 982 1318 1440 1902 3205 2533 1014 3334 1504 2097 
3080 0 2852 2868 1524 621 1986 2305 2115 2487 2221 2126 1929 1608 2529 1232 2712 612 1784 1452 674 2605 1944 2356 3020 3126 1758 1889 3060 3204 2685 2718 2508 3308 1820 3040 3044 3124 1424 3284 1820 2740 2340 2108 2560 2544 1576 1952 3876 2224 2356 1940 2928 1840 1944 3420 2264 2028 1152 2152 1208 2700 948 1486 1382 2014 2168 1298 1224 1785 1474 2036 2396 972 2037 2000 1683 1202 2460 1578 2751 3052 2628 1128 2604 1912 1058 2536 1126 1712 1282 1618 1928 2202 1788 2532 1314 2008 1116 2679 
3875 2852 0 2855 2072 2133 1500 1552 2235 2628 1636 1694 2169 2550 2799 1412 2736 3428 1470 1348 948 3741 1539 2716 3721 3101 1956 3418 5214 2436 2955 2247 2598 3695 1334 1604 3513 3899 576 2890 3364 4390 3822 2228 4434 4396 5406 3562 3996 3336 3358 3302 2925 3354 3738 2364 2584 3032 2550 3187 1268 3020 1222 1646 1578 2174 4070 1458 1384 2025 1534 2584 4188 1032 2307 3594 2094 1362 3963 1668 3071 3172 2704 1308 2924 3462 1238 2896 1186 1772 1442 1678 3486 1298 2920 4628 1374 4758 1390 2919 
1655 2868 2855 0 2088 1950 612 1308 903 1341 1392 1140 1038 1476 1842 846 1745 2552 754 794 760 3289 207 1584 2006 1855 1437 4603 2818 1004 1893 1173 1749 1198 446 172 2648 1044 918 670 2636 2716 2328 776 3504 2228 3758 2660 2864 1155 1620 2336 1583 2586 3762 4814 1452 1570 4306 1580 702 1888 1230 1080 1012 1608 2875 892 818 1176 968 2600 3976 466 1371 2986 1974 796 2274 819 1939 2040 2019 684 1792 1650 614 1764 620 1206 876 1112 2806 1796 2940 5024 808 3793 1398 2070 
2300 1524 2072 2088 0 1764 1596 2092 1530 1662 2176 1736 1344 2712 1944 842 1932 2100 1578 1062 284 2180 1359 1576 2240 2541 1341 2048 1960 2652 2100 2409 1923 2528 1430 2260 2540 2344 1034 2504 1040 1960 1560 1328 1780 1764 2276 1172 3096 1444 1576 1160 2148 1060 1164 2640 1484 1248 372 1372 818 1920 558 1096 992 1624 2532 908 834 1200 1084 1256 1616 582 1452 1220 1098 812 1680 993 1971 2272 2043 738 1824 1132 668 1756 736 1322 892 1228 1148 1812 1008 1752 924 1844 726 2094 
2283 621 2133 1950 1764 0 1912 969 2736 2307 906 1758 2292 987 2922 1494 1464 1080 1370 1412 1088 1329 2157 2160 2658 2955 1137 657 2343 1725 3078 2097 2115 2370 1746 1872 1593 2472 1566 2352 1758 2022 1578 1542 1893 2271 1803 1857 3120 1455 2130 1668 1626 1743 2079 3015 2061 1914 1485 2007 1350 2388 1362 1728 1660 2256 2247 1540 1466 2148 1616 2148 2160 1114 2430 1863 2304 1444 2145 1791 2409 2502 2991 1390 2316 1797 1320 2295 1268 1854 1524 1760 1809 2444 1962 2262 1456 2127 1530 3042 
1274 1986 1500 612 1596 1912 0 1266 1214 1466 1308 1752 1094 1596 1840 1398 970 1828 1366 1406 1312 1922 750 1344 1334 1254 1542 1474 1338 1114 1314 1068 1778 332 522 698 1058 960 1530 344 1076 1488 1248 1000 1426 1080 1510 1142 2044 942 808 1076 862 1066 1634 956 1278 1180 1410 1242 1314 1496 1782 1632 1564 1768 1762 1444 1370 1336 1580 1852 1344 1078 1428 1146 1824 1348 860 1158 1510 1632 1898 1294 1448 1102 1224 1434 1232 1818 1428 1724 1110 1466 1728 1412 1420 1294 1950 1932 
2112 2305 1552 1308 2092 969 1266 0 1884 1464 84 1528 1323 1956 1953 848 1492 2248 1140 1048 762 1312 1188 1588 2252 2400 792 416 2217 1840 2109 1752 1752 1868 1100 1480 1664 2004 920 1844 1052 1932 1172 764 1592 1736 2356 1184 2868 648 1548 932 1708 1032 1680 2728 1456 1260 1720 1384 704 1892 1232 1082 1014 1610 2304 894 820 1179 970 2604 1588 468 1461 1192 1977 798 1652 822 1943 2044 2022 744 1796 1104 674 1768 622 1208 878 1114 1120 1798 2356 1724 810 2360 1400 2073 
1896 2115 2235 903 1530 2736 1214 1884 0 2244 1947 1742 1845 2379 2445 1176 1440 2409 1356 1396 932 2607 1110 1683 1986 2758 2112 2196 2211 1656 2601 2076 2424 1323 1048 1032 1572 1425 1368 1305 1281 1971 1671 1485 1836 1824 2604 1182 2823 1398 1683 1371 1278 1296 1845 2538 1614 1437 1251 1032 1152 1941 1206 1430 1362 1958 2400 1242 1168 1701 1418 1914 1713 916 1755 1416 2070 1146 1761 1494 1962 2205 2544 940 1869 1350 870 1818 1070 1656 1226 1562 1362 2146 1728 1815 1258 2355 1374 2595 
1545 2487 2628 1341 1662 2307 1466 1464 2244 0 1401 1842 558 2529 2286 1070 1590 2250 1456 1270 984 1206 1548 1524 2022 2853 1923 1650 192 1416 2442 2226 2235 1701 1300 1470 1722 1074 1242 1683 1122 1782 1482 1302 1647 579 1884 1221 2634 1389 987 1182 1428 1107 2070 2379 1425 1278 1623 1371 1026 1752 1454 1304 1236 1618 2211 1116 1042 1404 1292 2286 1524 790 1761 1227 2309 1020 909 1305 1773 2016 2355 966 1680 1053 896 1659 944 1530 1100 1436 1173 2020 2100 1518 1132 1560 1622 2406 
2196 2221 1636 1392 2176 906 1308 84 1947 1401 0 1486 1386 1893 2016 890 1408 2164 1098 1090 804 1228 1251 1672 2336 2463 729 332 2175 1756 2172 1689 1815 1952 1142 1564 1580 2088 962 1928 1136 2016 1256 848 1676 1820 2272 1268 2952 732 1632 1016 1624 1116 1596 2812 1540 1344 1804 1468 746 1976 1274 1124 1056 1652 2388 936 862 1242 1012 2688 1672 510 1524 1276 2040 840 1736 885 2027 2128 2085 786 1880 1188 716 1852 664 1250 920 1156 1204 1840 2440 1808 852 2276 1442 2136 
1366 2126 1694 1140 1736 1758 1752 1528 1742 1842 1486 0 1470 1624 1932 1538 782 1968 1394 1218 1452 1762 1278 1484 616 1994 1640 1320 1714 1142 2096 1422 1870 1420 1586 1054 1086 1488 1622 1408 1216 1300 1368 1252 1578 1456 1886 1282 2136 1310 1288 1168 890 1218 1946 2054 1372 1320 1550 1382 1406 1644 1922 1784 1712 2248 1854 1592 1518 1488 1672 1992 1492 1170 1664 1298 1972 1500 1236 1250 1662 1724 2050 1434 1600 1254 1364 1574 1324 1910 1576 1816 1262 2500 1868 1564 1512 1670 2090 2084 
987 1929 2169 1038 1344 2292 1094 1323 1845 558 1386 1470 0 1971 1728 698 1032 1692 1084 898 612 1380 1113 966 1464 2295 1365 1635 366 858 1884 1668 1677 1143 928 1116 1164 516 870 1125 564 1224 924 750 1089 21 1326 663 2076 837 429 624 870 549 1512 1821 867 720 1065 813 654 1194 1082 932 864 1246 1653 744 670 846 920 1728 966 418 1203 669 1751 648 351 747 1215 1458 1797 594 1122 495 524 1101 572 1158 728 1064 615 1648 1542 960 760 1002 1250 1848 
2289 1608 2550 1476 2712 987 1596 1956 2379 2529 1893 1624 1971 0 3096 1610 1263 2067 846 1278 1524 2316 1683 2334 2301 2169 2124 1644 2337 1479 3252 1311 1128 1896 1430 1347 807 1818 1682 1878 1932 2040 2142 1968 2457 1950 2595 2031 3294 1971 1698 1842 1101 1917 2781 3189 2235 2088 2433 2181 1466 2556 1994 1844 1772 2092 2871 1652 1578 2322 1732 3096 2328 1230 2472 2037 3116 1560 1620 1965 2583 2676 3165 1506 2490 1971 1436 2469 1384 1970 1636 1876 1983 2560 2910 2436 1572 2271 2162 3216 
849 2529 2799 1842 1944 2922 1840 1953 2445 2286 2016 1932 1728 3096 0 1098 1833 2292 1834 1318 1012 2547 1743 1566 1974 2445 1995 2265 2094 2373 2364 2793 2241 2262 1674 1971 2289 1320 1290 2244 1164 1854 1554 1380 1239 1707 2487 1263 939 1467 1566 1254 1995 1179 2259 2421 1497 1320 1665 1413 1074 1824 1482 1352 1284 1880 2283 1164 1090 1584 1340 2328 1596 838 1836 1299 2372 1068 1644 1377 1845 2088 2427 994 1752 1233 924 1701 992 1578 1148 1484 1245 2068 2142 1698 1180 2295 1650 2478 
952 1232 1412 846 842 1494 1398 848 1176 1070 890 1538 698 1610 1098 0 768 1074 1380 864 558 1244 708 590 922 1496 876 1056 942 1128 1202 1408 1084 1066 1232 932 1072 1042 836 1054 322 782 582 466 692 684 1204 388 1350 524 590 382 876 332 1052 1160 544 426 656 488 620 762 1028 898 830 1426 1068 710 636 602 886 1098 610 384 770 412 1090 614 642 464 776 938 1164 540 714 368 470 680 538 1124 694 1030 376 1614 974 678 726 1076 1196 1198 
2550 2712 2736 1745 1932 1464 970 1492 1440 1590 1408 782 1032 1263 1833 768 0 2396 612 436 682 2453 744 1428 2339 1818 1287 1883 3074 720 1989 960 1632 2771 804 544 1064 2254 840 1565 1561 1922 2051 940 2786 2022 3312 1792 2708 2008 1265 1351 378 1526 3528 4537 1296 1375 2730 1530 624 1724 1152 1002 930 1466 2680 810 736 1059 890 2444 2491 388 1341 1806 1853 718 1589 702 1783 1884 1902 664 1636 1416 594 1608 542 1128 794 1034 1680 1718 2745 3091 730 3108 1320 1953 
2764 612 3428 2552 2100 1080 1828 2248 2409 2250 2164 1968 1692 2067 2292 1074 2396 0 1810 1294 962 2728 1707 2040 2704 2889 1854 1832 2744 3116 2448 2757 2271 2992 1662 2724 3004 2944 1266 2968 1504 2424 2024 1792 2244 2228 2188 1636 3560 1908 2040 1624 2612 1524 2520 3180 1948 1712 1728 1836 1050 2384 1236 1328 1260 1856 2780 1140 1066 1548 1316 2612 2080 814 1800 1684 2115 1044 2144 1341 2435 2736 2391 970 2288 1596 900 2220 968 1554 1124 1460 1612 2044 2364 2216 1156 2620 1404 2442 
1296 1784 1470 754 1578 1370 1366 1140 1356 1456 1098 1394 1084 846 1834 1380 612 1810 0 1048 1294 1380 892 1326 1304 1216 1252 932 1328 756 1938 644 1598 1034 1200 668 308 982 1452 1022 1058 1130 1198 1082 1408 1070 1500 1124 1966 1084 902 998 504 1048 1624 1896 1260 1162 1392 1224 1236 1474 1764 1614 1542 1862 1684 1422 1348 1318 1502 1834 1322 1000 1418 1128 1802 1330 850 1080 1492 1554 1880 1276 1430 1084 1206 1416 1154 1740 1406 1646 1092 2330 1710 1394 1342 1284 1932 1914 
1064 1452 1348 794 1062 1412 1406 1048 1396 1270 1090 1218 898 1278 1318 864 436 1294 1048 0 778 544 908 810 1142 1608 1076 974 1142 796 1422 1076 1284 1074 1240 708 740 1142 1036 1062 542 82 782 666 804 884 1066 608 1108 724 790 582 544 532 1272 1380 656 646 876 708 820 426 1248 1098 494 1626 1268 374 300 802 1086 1318 274 584 990 612 754 814 842 664 976 1138 1364 760 826 568 690 900 738 1136 358 1230 488 1814 1194 866 926 1014 1198 1110 
866 674 948 760 284 1088 1312 762 932 984 804 1452 612 1524 1012 558 682 962 1294 778 0 1002 622 504 836 1410 790 936 856 1042 1116 1322 998 980 1146 846 986 956 750 968 236 696 496 380 606 598 1050 302 1264 438 504 296 790 246 494 1074 458 340 98 402 534 676 470 812 744 1340 982 624 550 516 800 540 524 298 684 326 644 528 556 378 690 852 1078 454 628 282 384 594 452 1038 608 944 290 1528 416 592 640 834 638 1112 
3610 2605 3741 3289 2180 1329 1922 1312 2607 1206 1228 1762 1380 2316 2547 1244 2453 2728 1380 544 1002 0 1932 2380 3805 2970 1152 1120 1690 2320 2703 2112 2496 3989 1756 2504 2680 3357 1416 3959 2305 1155 2655 2076 2960 2500 1305 2470 2976 2512 2925 2405 2723 2280 2695 4145 2072 2565 2260 2720 1200 1612 1276 1478 874 2006 2045 754 680 1773 1466 2692 1635 964 2055 2480 1859 1194 2894 1566 2735 3036 2616 1140 2412 2370 1070 2560 1118 1516 738 1610 2170 2168 3055 3115 1306 1845 1444 2235 
1200 1944 1539 207 1359 2157 750 1188 1110 1548 1251 1278 1113 1683 1743 708 744 1707 892 908 622 1932 0 981 1290 2062 1230 1500 1479 960 1899 1380 1542 627 584 336 876 729 780 609 579 1239 789 615 1104 1092 1722 678 1941 702 951 489 582 564 1674 1836 882 735 1080 828 564 1209 1092 942 874 1470 1518 754 680 969 830 1743 981 328 1251 684 1767 658 1029 612 1230 1323 1812 604 1137 618 534 1116 482 1068 738 974 630 1658 1557 1083 670 1680 1260 1863 
1796 2356 2716 1584 1576 2160 1344 1588 1683 1524 1672 1484 966 2334 1566 590 1428 2040 1326 810 504 2380 981 0 1736 2163 1233 2004 1776 2148 1722 1242 1545 2024 1178 1756 2036 1976 782 2000 536 1456 1056 824 1276 1260 2300 668 2592 940 1072 656 1644 556 1996 2212 980 744 1204 868 566 1416 974 844 776 1372 2028 656 582 822 832 2088 1112 330 1074 716 1610 560 1176 615 1467 1768 1665 486 1320 628 416 1252 484 1070 640 976 644 1560 1840 1248 672 2044 1142 1716 
1875 3020 3721 2006 2240 2658 1334 2252 1986 2022 2336 616 1464 2301 1974 922 2339 2704 1304 1142 836 3805 1290 1736 0 2661 1731 3360 3182 2104 2220 1998 2043 2676 1168 1272 2667 2660 1114 2646 1500 2650 2150 1488 2425 2405 3705 1665 3256 2005 2170 1650 2177 1525 3325 3595 1512 1760 2335 1915 898 2080 1306 1176 1108 1704 3365 988 914 1320 1164 2752 2220 662 1572 1725 2108 892 2300 1113 2131 2432 2163 818 1984 1615 748 1916 816 1402 972 1308 1635 1892 3130 2508 1004 3385 1474 2214 
1596 3126 3101 1855 2541 2955 1254 2400 2758 2853 2463 1994 2295 2169 2445 1496 1818 2889 1216 1608 1410 2970 2062 2163 2661 0 1962 2298 2661 2034 2931 1866 2874 1739 732 1898 1362 2067 1668 1721 1761 2289 1521 1947 1206 2274 3054 1860 3273 2034 2085 1821 1656 1746 2856 3018 1932 1917 2262 2010 1452 2391 1762 1730 1662 2258 2850 1542 1468 2151 1718 2925 2163 1216 2433 1866 2949 1446 2151 1944 2412 2655 2994 1392 2187 1800 1322 2298 1370 1956 1526 1862 1680 2446 2739 2265 1558 2802 2048 2913 
1146 1758 1956 1437 1341 1137 1542 792 2112 1923 729 1640 1365 2124 1995 876 1287 1854 1252 1076 790 1152 1230 1233 1731 1962 0 480 1731 1548 2151 1920 1794 1815 1400 1566 1416 1617 948 1833 831 1491 441 867 756 1344 1935 930 2193 954 1203 741 1449 816 1656 2088 1134 987 1062 1080 732 1461 1042 1110 1042 1638 1770 922 848 1221 998 1725 1233 496 1503 936 1881 826 1281 864 1482 1575 2064 772 1389 870 702 1368 650 1236 906 1142 882 1826 1539 1335 838 1932 1248 2115 
2710 1889 3418 4603 2048 657 1474 416 2196 1650 332 1320 1635 1644 2265 1056 1883 1832 932 974 936 1120 1500 2004 3360 2298 480 0 3424 1424 2421 1440 2064 4211 1308 1620 2496 3664 1128 2842 4212 2803 2329 1180 3606 3298 3173 4150 3284 2498 2486 4227 2261 4227 3027 5617 1872 2120 4609 2275 912 2308 1210 1290 1222 1818 3165 1102 1028 1491 1178 2560 5756 676 1773 4230 2076 1006 3472 1134 2359 2460 2334 952 2212 2350 882 2184 830 1416 1086 1322 4469 2006 2890 6268 1018 4269 1378 2385 
2551 3060 5214 2818 1960 2343 1338 2217 2211 192 2175 1714 366 2337 2094 942 3074 2744 1328 1142 856 1690 1479 1776 3182 2661 1731 3424 0 1632 2250 2034 2043 3238 1172 1976 3432 2470 1114 2595 2124 3258 2744 1480 3174 1742 3454 2322 3256 2605 1626 2144 2844 2094 4066 4638 1644 1942 3074 2097 898 2080 1326 1176 1108 1490 3439 988 914 1212 1164 2792 2928 662 1569 2334 2117 892 2140 1113 2131 2432 2163 838 1984 2058 768 1956 816 1402 972 1308 2226 1892 3286 3224 1004 3238 1494 2214 
2328 3204 2436 1004 2652 1725 1114 1840 1656 1416 1756 1142 858 1479 2373 1128 720 3116 756 796 1042 2320 960 2148 2104 2034 1548 1424 1632 0 2529 1176 2172 1564 948 832 896 1700 1200 1540 1612 1756 1892 1660 2312 1116 2496 1744 3428 1664 1300 1492 504 1592 2744 3288 2016 1820 2280 1944 984 2444 1512 1362 1290 1610 2864 1170 1096 1599 1250 3164 2140 748 1749 1752 2393 1078 1196 1242 2503 2604 2442 1024 2356 1664 954 2328 902 1488 1154 1394 1680 2078 2916 2284 1090 2064 1680 2493 
2265 2685 2955 1893 2100 3078 1314 2109 2601 2442 2172 2096 1884 3252 2364 1202 1989 2448 1938 1422 1116 2703 1899 1722 2220 2931 2151 2421 2250 2529 0 2577 2463 1473 1172 2022 2445 2400 1394 1491 1320 2010 1710 1536 1875 1863 2643 1419 1425 1623 1722 1410 2151 1335 2415 2577 1653 1476 1821 1569 1178 1980 1586 1456 1388 1984 2439 1268 1194 1740 1444 2484 1752 942 1992 1455 2528 1172 1800 1533 2001 2244 2583 1098 1908 1389 1028 1857 1096 1682 1252 1588 1401 2172 2298 1854 1284 2451 1754 2634 
1986 2718 2247 1173 2409 2097 1068 1752 2076 2226 1689 1422 1668 1311 2793 1408 960 2757 644 1076 1322 2112 1380 1242 1998 1866 1920 1440 2034 1176 2577 0 2439 1104 902 1044 504 1515 1480 1086 1629 1737 1839 1665 2154 1647 2292 1728 2991 1668 1395 1539 798 1614 2478 2886 1932 1785 2130 1878 1264 2253 1792 1642 1570 1890 2568 1450 1376 2019 1530 2793 2025 1028 2169 1734 2813 1358 1317 1662 2280 2373 2862 1304 2187 1668 1234 2166 1182 1768 1434 1674 1680 2358 2607 2133 1370 1968 1960 2913 
1392 2508 2598 1749 1923 2115 1778 1752 2424 2235 1815 1870 1677 1128 2241 1084 1632 2271 1598 1284 998 2496 1542 1545 2043 2874 1794 2064 2043 2172 2463 2439 0 2169 1612 1878 1935 1863 1156 2151 1143 1803 1353 1179 1668 1656 2286 1242 2505 1266 1515 1053 1794 1128 2238 2400 1446 1299 1644 1392 940 1773 1468 1318 1250 1846 2082 1130 1056 1533 1206 2307 1545 704 1815 1248 2331 1034 1593 1176 1794 1887 2376 980 1701 1182 910 1680 858 1444 1114 1350 1194 2034 2121 1647 1046 2244 1636 2427 
2355 3308 3695 1198 2528 2370 332 1868 1323 1701 1952 1420 1143 1896 2262 1066 2771 2992 1034 1074 980 3989 627 2024 2676 1739 1815 4211 3238 1564 1473 1104 2169 0 190 732 3103 1884 1198 30 2784 3496 3206 1336 3861 2363 3708 2986 3424 2298 1190 2724 2417 2749 4022 4949 1892 2120 3953 2275 982 2328 1450 1300 1232 1436 3575 1112 1038 1506 1248 3040 3722 746 1644 3029 2304 1016 2414 1239 2379 2600 2349 962 2232 2340 892 2204 900 1486 1096 1392 2903 1798 3490 4314 1088 3933 1618 2400 
1108 1820 1334 446 1430 1746 522 1100 1048 1300 1142 1586 928 1430 1674 1232 804 1662 1200 1240 1146 1756 584 1178 1168 732 1400 1308 1172 948 1172 902 1612 190 0 532 892 794 1364 178 910 1322 1106 834 1260 914 1344 976 1878 776 642 910 696 900 1468 1478 1112 1014 1244 1076 1148 1330 1616 1466 1398 1602 1596 1278 1204 1170 1414 1686 1178 912 1262 980 1658 1182 694 992 1344 1466 1732 1128 1282 936 1058 1268 1066 1652 1262 1558 944 1988 1562 1246 1254 1128 1784 1766 
1496 3040 1604 172 2260 1872 698 1480 1032 1470 1564 1054 1116 1347 1971 932 544 2724 668 708 846 2504 336 1756 1272 1898 1566 1620 1976 832 2022 1044 1878 732 532 0 720 868 1004 708 1220 1580 1500 948 1920 1460 2320 1236 3036 832 1124 1100 328 1200 2568 2896 1624 1428 1888 1436 788 2060 1316 1166 1098 1522 2472 978 904 1305 1054 2772 1756 552 1500 1360 2103 882 1020 948 2111 2212 2148 770 1964 1272 700 1936 706 1292 962 1198 1288 1882 2524 1892 894 1888 1484 2199 
2470 3044 3513 2648 2540 1593 1058 1664 1572 1722 1580 1086 1164 807 2289 1072 1064 3004 308 740 986 2680 876 2036 2667 1362 1416 2496 3432 896 2445 504 1935 3103 892 720 0 2022 1144 1785 3074 2834 3115 1548 4474 2286 3576 3338 3316 2772 1485 2894 686 3044 3948 5601 1904 2135 4410 2290 928 2332 1456 1306 1234 1554 3440 1114 1040 1515 1194 3052 4148 692 1665 3364 2309 1022 1897 1158 2391 2492 2358 968 2244 2328 898 2216 846 1432 1098 1338 3220 2022 3505 4900 1034 3416 1624 2409 
785 3124 3899 1044 2344 2472 960 2004 1425 1074 2088 1488 516 1818 1320 1042 2254 2944 982 1142 956 3357 729 1976 2660 2067 1617 3664 2470 1700 2400 1515 1863 1884 794 868 2022 0 1214 1540 2230 3544 2440 1472 1970 1848 4050 2428 3123 2034 1758 2332 1930 2200 4086 4744 1844 2095 2958 2250 998 2280 1358 1276 1208 1590 3641 1088 1014 1362 1264 2856 3034 762 1719 2440 2234 992 2100 1263 2331 2632 2313 938 2184 2164 868 2156 916 1502 1072 1408 2332 1992 3260 3330 1104 3402 1526 2364 
1124 1424 576 918 1034 1566 1530 920 1368 1242 962 1622 870 1682 1290 836 840 1266 1452 1036 750 1416 780 782 1114 1668 948 1128 1114 1200 1394 1480 1156 1198 1364 1004 1144 1214 0 1186 514 954 654 538 864 856 1276 580 1422 596 762 454 948 504 1244 1352 716 618 848 680 692 934 1220 1070 1002 1598 1140 882 808 774 958 1290 782 456 962 584 1262 786 814 536 948 1010 1336 732 886 540 662 872 610 1196 866 1102 548 1786 1166 850 798 1248 1388 1370 
2325 3284 2890 670 2504 2352 344 1844 1305 1683 1928 1408 1125 1878 2244 1054 1565 2968 1022 1062 968 3959 609 2000 2646 1721 1833 2842 2595 1540 1491 1086 2151 30 178 708 1785 1540 1186 0 1830 2874 2320 1312 2705 1840 2915 1995 3400 1495 1160 1830 1295 1805 3225 3385 1868 2090 2665 2245 970 2304 1438 1288 1220 1424 3545 1100 1026 1488 1236 3016 2500 734 1626 2005 2286 1004 1290 1221 2355 2576 2331 950 2208 1895 880 2180 888 1474 1084 1380 1915 1810 3460 2788 1076 2375 1606 2382 
1575 1820 3364 2636 1040 1758 1076 1052 1281 1122 1136 1216 564 1932 1164 322 1561 1504 1058 542 236 2305 579 536 1500 1761 831 4212 2124 1612 1320 1629 1143 2784 910 1220 3074 2230 514 1830 0 1380 910 288 1480 1086 2646 330 2056 1197 670 600 1939 100 2190 3036 444 260 5221 415 298 880 706 576 508 1104 1865 388 314 420 564 1552 1872 62 672 450 1208 292 1202 213 931 1232 1263 218 784 138 148 716 216 802 372 708 297 1292 1630 2488 404 2721 874 1314 
2455 2740 4390 2716 1960 2022 1488 1932 1971 1782 2016 1300 1224 2040 1854 782 1922 2424 1130 82 696 1155 1239 1456 2650 2289 1491 2803 3258 1756 2010 1737 1803 3496 1322 1580 2834 3544 954 2874 1380 0 2100 1168 2166 2406 3034 1578 2052 2171 1770 1500 2246 1350 3570 3894 1148 1410 2382 1565 738 688 1166 1016 412 1544 2965 292 218 1080 1004 2472 576 502 1362 1590 1342 732 2280 873 1811 2112 1923 678 1488 1458 608 1636 656 1054 276 1148 1218 1732 2780 2352 844 2796 1116 1542 
1175 2340 3822 2328 1560 1578 1248 1172 1671 1482 1256 1368 924 2142 1554 582 2051 2024 1198 782 496 2655 789 1056 2150 1521 441 2329 2744 1892 1710 1839 1353 3206 1106 1500 3115 2440 654 2320 910 2100 0 568 735 1806 3066 1141 2336 1765 1270 700 2429 875 2970 3886 924 910 2079 1065 438 1360 748 816 748 1344 2215 628 554 780 704 2072 1848 202 1062 1155 1578 532 2042 423 1411 1512 1623 478 1264 858 408 1236 356 942 612 848 1029 1532 2280 2440 544 3561 1134 1674 
1508 2108 2228 776 1328 1542 1000 764 1485 1302 848 1252 750 1968 1380 466 940 1792 1082 666 380 2076 615 824 1488 1947 867 1180 1480 1660 1536 1665 1179 1336 834 948 1548 1472 538 1312 288 1168 568 0 988 972 1812 420 2104 116 784 168 1156 268 1748 1964 692 496 956 620 322 1128 850 700 632 1228 1540 512 438 606 588 1840 824 86 888 428 1404 416 888 249 1179 1280 1449 362 1032 340 292 1004 240 826 496 732 356 1416 1592 960 428 1756 1018 1500 
650 2560 4434 3504 1780 1893 1426 1592 1836 1647 1676 1578 1089 2457 1239 692 2786 2244 1408 804 606 2960 1104 1276 2425 1206 756 3606 3174 2312 1875 2154 1668 3861 1260 1920 4474 1970 864 2705 1480 2166 735 988 0 2136 3696 1744 2756 2422 1545 1640 3164 1440 3300 4321 968 1185 2816 1340 648 1580 958 926 858 1454 2740 738 664 945 914 2292 2552 412 1227 1760 1743 642 2427 738 1631 1932 1788 588 1308 1188 518 1456 566 1152 722 1058 1264 1642 2555 3296 754 3946 1244 1707 
1830 2544 4396 2228 1764 2271 1080 1736 1824 579 1820 1456 21 1950 1707 684 2022 2228 1070 884 598 2500 1092 1260 2405 2274 1344 3298 1742 1116 1863 1647 1656 2363 914 1460 2286 1848 856 1840 1086 2406 1806 972 2136 0 2610 1284 2740 1841 680 1206 1698 1056 2982 3600 1128 1165 2088 1320 640 1564 1068 918 850 1232 2720 730 656 825 906 2276 1890 404 1182 1296 1730 634 660 726 1615 1916 1776 580 1468 948 510 1440 558 1144 714 1050 1188 1634 2535 2186 746 1962 1236 1827 
3730 1576 5406 3758 2276 1803 1510 2356 2604 1884 2272 1886 1326 2595 2487 1204 3312 2188 1500 1066 1050 1305 1722 2300 3705 3054 1935 3173 3454 2496 2643 2292 2286 3708 1344 2320 3576 4050 1276 2915 2646 3034 3066 1812 3696 2610 0 2844 3580 3161 1755 2466 2988 2616 1668 3487 2168 2465 2856 2620 1060 2604 1324 1438 1370 1662 740 1250 1176 1713 1326 2788 3450 824 1827 2856 2247 1154 1950 1356 2655 2756 2556 1100 2508 2724 1030 2480 978 1564 1234 1470 2748 1646 3020 3686 1166 648 1430 2607 
1740 1952 3562 2660 1172 1857 1142 1184 1182 1221 1268 1282 663 2031 1263 388 1792 1636 1124 608 302 2470 678 668 1665 1860 930 4150 2322 1744 1419 1728 1242 2986 976 1236 3338 2428 580 1995 330 1578 1141 420 1744 1284 2844 0 2188 1428 835 630 2170 380 2388 3267 576 425 2000 250 364 1012 772 642 574 1170 2030 454 380 519 630 1684 1770 128 573 780 1307 358 1433 312 1063 1364 1362 152 916 336 82 848 282 868 438 774 600 1358 1795 2818 470 2952 940 1413 
2607 3876 3996 2864 3096 3120 2044 2868 2823 2634 2952 2136 2076 3294 939 1350 2708 3560 1966 1108 1264 2976 1941 2592 3256 3273 2193 3284 3256 3428 1425 2991 2505 3424 1878 3036 3316 3123 1422 3400 2056 2052 2336 2104 2756 2740 3580 2188 0 2220 2552 1936 2924 2036 3516 3732 2460 2264 2724 2388 1206 1972 1734 1584 1054 2112 3308 934 860 1932 1472 3608 1668 970 2214 2196 2268 1300 2656 1575 2947 3048 2775 1246 2800 2108 1176 2772 1124 1696 918 1616 2124 2300 3360 2728 1312 3524 1758 2505 
2030 2224 3336 1155 1444 1455 942 648 1398 1389 732 1310 837 1971 1467 524 2008 1908 1084 724 438 2512 702 940 2005 2034 954 2498 2605 1664 1623 1668 1266 2298 776 832 2772 2034 596 1495 1197 2171 1765 116 2422 1841 3161 1428 2220 0 1125 1087 2086 1162 2912 4173 808 765 2366 920 380 1244 908 758 690 1286 2070 570 496 693 646 1956 2135 144 975 1442 1491 474 2181 336 1295 1396 1536 420 1148 893 350 1120 298 884 554 790 1316 1474 2135 2655 486 3700 1076 1587 
2195 2356 3358 1620 1576 2130 808 1548 1683 987 1632 1288 429 1698 1566 590 1265 2040 902 790 504 2925 951 1072 2170 2085 1203 2486 1626 1300 1722 1395 1515 1190 642 1124 1485 1758 762 1160 670 1770 1270 784 1545 680 1755 835 2552 1125 0 770 995 645 2065 2765 940 930 1505 1085 546 1376 974 824 756 960 2485 636 562 792 812 2088 1340 310 930 845 1590 540 130 585 1427 1728 1635 486 1280 735 416 1252 464 1050 620 956 755 1540 2300 1628 652 1215 1142 1686 
1675 1940 3302 2336 1160 1668 1076 932 1371 1182 1016 1168 624 1842 1254 382 1351 1624 998 582 296 2405 489 656 1650 1821 741 4227 2144 1492 1410 1539 1053 2724 910 1100 2894 2332 454 1830 600 1500 700 168 1640 1206 2466 630 1936 1087 770 0 1729 550 2370 3186 524 410 6424 565 238 960 766 616 548 1144 1715 428 354 480 504 1672 2132 2 762 650 1278 332 1342 123 1011 1112 1323 278 864 258 208 836 156 742 412 648 517 1332 1780 2688 344 2861 934 1374 
2280 2928 2925 1583 2148 1626 862 1708 1278 1428 1624 890 870 1101 1995 876 378 2612 504 544 790 2723 582 1644 2177 1656 1449 2261 2844 504 2151 798 1794 2417 696 328 686 1930 948 1295 1939 2246 2429 1156 3164 1698 2988 2170 2924 2086 995 1729 0 1904 3360 4915 1512 1645 3108 1800 732 1940 1260 1110 1038 1358 2950 918 844 1221 998 2660 2869 496 1371 2184 2015 826 1211 864 1999 2100 2064 772 1852 1740 702 1824 650 1236 902 1142 2058 1826 3015 3469 838 2730 1428 2115 
1550 1840 3354 2586 1060 1743 1066 1032 1296 1107 1116 1218 549 1917 1179 332 1526 1524 1048 532 246 2280 564 556 1525 1746 816 4227 2094 1592 1335 1614 1128 2749 900 1200 3044 2200 504 1805 100 1350 875 268 1440 1056 2616 380 2036 1162 645 550 1904 0 2220 3061 424 285 6114 440 288 860 716 566 498 1094 1840 378 304 405 554 1572 1807 52 687 400 1203 282 1167 198 911 1212 1248 228 764 108 158 736 206 792 362 698 242 1282 1655 2438 394 2686 884 1299 
3400 1944 3738 3762 1164 2079 1634 1680 1845 2070 1596 1946 1512 2781 2259 1052 3528 2520 1624 1272 494 2695 1674 1996 3325 2856 1656 3027 4066 2744 2415 2478 2238 4022 1468 2568 3948 4086 1244 3225 2190 3570 2970 1748 3300 2982 1668 2388 3516 2912 2065 2370 3360 2220 0 2214 1904 2085 1188 2240 1028 2340 768 1306 1202 1786 2130 1118 1044 1515 1294 1676 3054 792 1767 2460 1413 1022 2322 1308 2391 2692 2358 948 2244 2328 878 2176 946 1532 1102 1438 2352 1248 1785 3494 1134 1020 936 2409 
3670 3420 2364 4814 2640 3015 956 2728 2538 2379 2812 2054 1821 3189 2421 1160 4537 3180 1896 1380 1074 4145 1836 2212 3595 3018 2088 5617 4638 3288 2577 2886 2400 4949 1478 2896 5601 4744 1352 3385 3036 3894 3886 1964 4321 3600 3487 3267 3732 4173 2765 3186 4915 3061 2214 0 2120 1835 3988 2510 1136 2556 1506 1414 1346 1942 2100 1226 1152 1677 1402 3152 4034 900 1929 3341 2446 1130 4228 1470 2607 2908 1800 1056 2460 2652 986 1976 1054 1640 1210 1546 3215 510 3630 4626 1242 3910 1674 2571 
1488 2264 2584 1452 1484 2061 1278 1456 1614 1425 1540 1372 867 2235 1497 544 1296 1948 1260 656 458 2072 882 980 1512 1932 1134 1872 1644 2016 1653 1932 1446 1892 1112 1624 1904 1844 716 1868 444 1148 924 692 968 1128 2168 576 2460 808 940 524 1512 424 1904 2120 0 652 1112 776 500 1284 928 778 710 1306 1896 590 516 723 766 1996 980 264 1005 584 1521 494 1044 516 1335 1636 1566 440 1012 496 370 1160 418 1004 574 910 336 1494 1748 1116 606 1912 1096 1485 
1835 2028 3032 1570 1248 1914 1180 1260 1437 1278 1344 1320 720 2088 1320 426 1375 1712 1162 646 340 2565 735 744 1760 1917 987 2120 1942 1820 1476 1785 1299 2120 1014 1428 2135 2095 618 2090 260 1410 910 496 1185 1165 2465 425 2264 765 930 410 1645 285 2085 1835 652 0 1095 675 402 1088 810 680 612 1208 2125 492 418 576 668 1760 980 166 828 485 1364 396 1060 369 1139 1440 1419 322 992 375 252 508 320 906 476 812 395 1244 1890 1268 508 2145 978 1470 
2410 1152 2550 4306 372 1485 1410 1720 1251 1623 1804 1550 1065 2433 1665 656 2730 1728 1392 876 98 2260 1080 1204 2335 2262 1062 4609 3074 2280 1821 2130 1644 3953 1244 1888 4410 2958 848 2665 5221 2382 2079 956 2816 2088 2856 2000 2724 2366 1505 6424 3108 6114 1188 3988 1112 1095 0 1250 632 1548 372 910 806 1438 2700 722 648 921 898 884 4447 396 1173 2120 819 626 2371 714 1599 1900 1764 552 1452 1140 482 1384 550 1136 706 1042 2134 1626 795 4158 738 2752 540 1815 
1990 2152 3187 1580 1372 2007 1242 1384 1032 1371 1468 1382 813 2181 1413 488 1530 1836 1224 708 402 2720 828 868 1915 2010 1080 2275 2097 1944 1569 1878 1392 2275 1076 1436 2290 2250 680 2245 415 1565 1065 620 1340 1320 2620 250 2388 920 1085 565 1800 440 2240 2510 776 675 1250 0 464 1212 872 742 674 1270 2280 554 480 669 730 1884 1135 228 723 640 1457 458 1215 462 1263 1564 1512 252 1116 530 182 1048 382 968 538 874 550 1458 2045 1423 570 2300 1040 1563 
908 1208 1268 702 818 1350 1314 704 1152 1026 746 1406 654 1466 1074 620 624 1050 1236 820 534 1200 564 566 898 1452 732 912 898 984 1178 1264 940 982 1148 788 928 998 692 970 298 738 438 322 648 640 1060 364 1206 380 546 238 732 288 1028 1136 500 402 632 464 0 718 1004 854 786 1382 924 666 592 558 742 1074 566 240 746 368 1046 570 598 320 732 794 1120 516 670 324 446 656 394 980 650 886 332 1570 950 634 582 1032 1172 1154 
2100 2700 3020 1888 1920 2388 1496 1892 1941 1752 1976 1644 1194 2556 1824 762 1724 2384 1474 426 676 1612 1209 1416 2080 2391 1461 2308 2080 2444 1980 2253 1773 2328 1330 2060 2332 2280 934 2304 880 688 1360 1128 1580 1564 2604 1012 1972 1244 1376 960 1940 860 2340 2556 1284 1088 1548 1212 718 0 1146 996 372 1524 2332 252 178 1050 984 2432 304 482 1332 1020 1292 712 1480 843 1771 2072 1893 658 1624 932 588 1596 636 1014 236 1128 948 1712 2184 1468 824 2348 1076 1482 
1218 948 1222 1230 558 1362 1782 1232 1206 1454 1274 1922 1082 1994 1482 1028 1152 1236 1764 1248 470 1276 1092 974 1306 1762 1042 1210 1326 1512 1586 1792 1468 1450 1616 1316 1456 1358 1220 1438 706 1166 748 850 958 1068 1324 772 1734 908 974 766 1260 716 768 1506 928 810 372 872 1004 1146 0 1282 1178 1810 1452 1094 1020 986 1270 814 994 768 1154 796 918 998 1026 848 1160 1322 1548 924 1098 752 854 1064 922 1508 1078 1414 760 1998 690 1062 1110 1108 912 1582 
1186 1486 1646 1080 1096 1728 1632 1082 1430 1304 1124 1784 932 1844 1352 898 1002 1328 1614 1098 812 1478 942 844 1176 1730 1110 1290 1176 1362 1456 1642 1318 1300 1466 1166 1306 1276 1070 1288 576 1016 816 700 926 918 1438 642 1584 758 824 616 1110 566 1306 1414 778 680 910 742 854 996 1282 0 1064 1660 1302 944 870 836 1120 1352 844 618 848 486 1324 848 876 698 1010 1172 1238 794 948 602 724 934 772 1358 928 1246 610 1688 1228 912 960 1310 1450 1432 
1118 1382 1578 1012 992 1660 1564 1014 1362 1236 1056 1712 864 1772 1284 830 930 1260 1542 494 744 874 874 776 1108 1662 1042 1222 1108 1290 1388 1570 1250 1232 1398 1098 1234 1208 1002 1220 508 412 748 632 858 850 1370 574 1054 690 756 548 1038 498 1202 1346 710 612 806 674 786 372 1178 1064 0 1592 1234 320 246 768 1052 1248 220 550 956 578 260 780 808 630 942 1104 1330 726 880 534 656 866 704 1082 304 1196 542 1780 1124 812 892 1242 1144 1056 
1714 2014 2174 1608 1624 2256 1768 1610 1958 1618 1652 2248 1246 2092 1880 1426 1466 1856 1862 1626 1340 2006 1470 1372 1704 2258 1638 1818 1490 1610 1984 1890 1846 1436 1602 1522 1554 1590 1598 1424 1104 1544 1344 1228 1454 1232 1662 1170 2112 1286 960 1144 1358 1094 1786 1942 1306 1208 1438 1270 1382 1524 1810 1660 1592 0 1830 1472 1398 1364 1648 1144 1372 1146 1552 1174 1852 812 1012 1226 650 1700 1926 1322 1476 1130 1252 1462 1300 1886 1456 1792 1138 2376 1450 1440 1488 1446 1672 1960 
3390 2168 4070 2875 2532 2247 1762 2304 2400 2211 2388 1854 1653 2871 2283 1068 2680 2780 1684 1268 982 2045 1518 2028 3365 2850 1770 3165 3439 2864 2439 2568 2082 3575 1596 2472 3440 3641 1140 3545 1865 2965 2215 1540 2740 2720 740 2030 3308 2070 2485 1715 2950 1840 2130 2100 1896 2125 2700 2280 924 2332 1452 1302 1234 1830 0 1114 1040 1509 1190 3044 2535 688 1791 2040 2307 1018 2365 1152 2383 2484 2352 964 2236 1930 894 2208 842 1428 1098 1334 1950 1350 3495 2823 1030 1280 1620 2403 
998 1298 1458 892 908 1540 1444 894 1242 1116 936 1592 744 1652 1164 710 810 1140 1422 374 624 754 754 656 988 1542 922 1102 988 1170 1268 1450 1130 1112 1278 978 1114 1088 882 1100 388 292 628 512 738 730 1250 454 934 570 636 428 918 378 1118 1226 590 492 722 554 666 252 1094 944 320 1472 1114 0 126 648 932 1164 100 430 836 458 580 660 688 510 822 984 1210 606 760 414 536 746 584 962 184 1076 422 1660 1040 692 772 1122 1024 936 
924 1224 1384 818 834 1466 1370 820 1168 1042 862 1518 670 1578 1090 636 736 1066 1348 300 550 680 680 582 914 1468 848 1028 914 1096 1194 1376 1056 1038 1204 904 1040 1014 808 1026 314 218 554 438 664 656 1176 380 860 496 562 354 844 304 1044 1152 516 418 648 480 592 178 1020 870 246 1398 1040 126 0 574 858 1090 26 356 762 384 506 586 614 436 748 910 1136 532 686 340 462 672 510 888 110 1002 348 1586 966 618 698 1048 950 862 
1335 1785 2025 1176 1200 2148 1336 1179 1701 1404 1242 1488 846 2322 1584 602 1059 1548 1318 802 516 1773 969 822 1320 2151 1221 1491 1212 1599 1740 2019 1533 1506 1170 1305 1515 1362 774 1488 420 1080 780 606 945 825 1713 519 1932 693 792 480 1221 405 1515 1677 723 576 921 669 558 1050 986 836 768 1364 1509 648 574 0 824 1584 822 322 1092 525 1035 552 870 603 1071 1314 1653 498 978 351 428 957 476 1062 632 968 471 1552 1398 114 664 1437 1154 1704 
1174 1474 1534 968 1084 1616 1580 970 1418 1292 1012 1672 920 1732 1340 886 890 1316 1502 1086 800 1466 830 832 1164 1718 998 1178 1164 1250 1444 1530 1206 1248 1414 1054 1194 1264 958 1236 564 1004 704 588 914 906 1326 630 1472 646 812 504 998 554 1294 1402 766 668 898 730 742 984 1270 1120 1052 1648 1190 932 858 824 0 1340 832 506 1012 634 1312 836 864 586 998 1060 1386 782 936 590 712 922 660 1246 916 1152 598 1836 1216 900 848 1298 1438 1420 
2812 2036 2584 2600 1256 2148 1852 2604 1914 2286 2688 1992 1728 3096 2328 1098 2444 2612 1834 1318 540 2692 1743 2088 2752 2925 1725 2560 2792 3164 2484 2793 2307 3040 1686 2772 3052 2856 1290 3016 1552 2472 2072 1840 2292 2276 2788 1684 3608 1956 2088 1672 2660 1572 1676 3152 1996 1760 884 1884 1074 2432 814 1352 1248 1144 3044 1164 1090 1584 1340 0 2128 838 1836 1732 1482 656 2192 1377 988 2784 2427 994 2336 1644 924 2268 992 1578 1148 1484 1660 2068 612 2264 1180 2356 528 2478 
2245 2396 4188 3976 1616 2160 1344 1588 1713 1524 1672 1492 966 2328 1596 610 2491 2080 1322 274 524 1635 981 1112 2220 2163 1233 5756 2928 2140 1752 2025 1545 3722 1178 1756 4148 3034 782 2500 1872 576 1848 824 2552 1890 3450 1770 1668 2135 1340 2132 2869 1807 3054 4034 980 980 4447 1135 566 304 994 844 220 1372 2535 100 26 822 832 2128 0 330 1104 1790 1064 560 2140 615 1467 1768 1665 506 1320 942 436 1292 484 862 84 976 1771 1560 2350 2960 672 3628 924 1254 
672 972 1032 466 582 1114 1078 468 916 790 510 1170 418 1230 838 384 388 814 1000 584 298 964 328 330 662 1216 496 676 662 748 942 1028 704 746 912 552 692 762 456 734 62 502 202 86 412 404 824 128 970 144 310 2 496 52 792 900 264 166 396 228 240 482 768 618 550 1146 688 430 356 322 506 838 330 0 510 132 810 334 362 84 496 558 884 280 434 88 210 420 158 744 414 650 96 1334 714 398 346 796 936 918 
1617 2037 2307 1371 1452 2430 1428 1461 1755 1761 1524 1664 1203 2472 1836 770 1341 1800 1418 990 684 2055 1251 1074 1572 2433 1503 1773 1569 1749 1992 2169 1815 1644 1262 1500 1665 1719 962 1626 672 1362 1062 888 1227 1182 1827 573 2214 975 930 762 1371 687 1767 1929 1005 828 1173 723 746 1332 1154 848 956 1552 1791 836 762 1092 1012 1836 1104 510 0 807 1880 740 852 885 1353 1596 1935 534 1260 741 464 1209 664 1250 820 1156 753 1740 1650 1206 852 1503 1322 1986 
1750 2000 3594 2986 1220 1863 1146 1192 1416 1227 1276 1298 669 2037 1299 412 1806 1684 1128 612 326 2480 684 716 1725 1866 936 4230 2334 1752 1455 1734 1248 3029 980 1360 3364 2440 584 2005 450 1590 1155 428 1760 1296 2856 780 2196 1442 845 650 2184 400 2460 3341 584 485 2120 640 368 1020 796 486 578 1174 2040 458 384 525 634 1732 1790 132 807 0 1323 362 1367 318 1071 1372 1128 308 924 348 238 896 286 872 442 760 620 1202 1855 2526 474 2886 964 1419 
2133 1683 2094 1974 1098 2304 1824 1977 2070 2309 2040 1972 1751 3116 2372 1090 1853 2115 1802 754 644 1859 1767 1610 2108 2949 1881 2076 2117 2393 2528 2813 2331 2304 1658 2103 2309 2234 1262 2286 1208 1342 1578 1404 1743 1730 2247 1307 2268 1491 1590 1278 2015 1203 1413 2446 1521 1364 819 1457 1046 1292 918 1324 260 1852 2307 580 506 1035 1312 1482 1064 810 1880 1323 0 1040 1668 1401 1869 2112 2451 986 1776 1256 916 1745 964 1342 564 1456 1269 2040 1296 921 1152 1923 1086 2194 
902 1202 1362 796 812 1444 1348 798 1146 1020 840 1500 648 1560 1068 614 718 1044 1330 814 528 1194 658 560 892 1446 826 1006 892 1078 1172 1358 1034 1016 1182 882 1022 992 786 1004 292 732 532 416 642 634 1154 358 1300 474 540 332 826 282 1022 1130 494 396 626 458 570 712 998 848 780 812 1018 660 586 552 836 656 560 334 740 362 1040 0 592 414 162 888 1114 510 664 318 440 650 488 1074 644 980 326 1564 944 628 676 1026 1166 1148 
2249 2460 3963 2274 1680 2145 860 1652 1761 909 1736 1236 351 1620 1644 642 1589 2144 850 842 556 2894 1029 1176 2300 2151 1281 3472 2140 1196 1800 1317 1593 2414 694 1020 1897 2100 814 1290 1202 2280 2042 888 2427 660 1950 1433 2656 2181 130 1342 1211 1167 2322 4228 1044 1060 2371 1215 598 1480 1026 876 808 1012 2365 688 614 870 864 2192 2140 362 852 1367 1668 592 0 663 1531 1832 1713 538 1384 1038 468 1356 516 1102 672 1008 1321 1592 2430 2680 704 1519 1194 1764 
1128 1578 1668 819 993 1791 1158 822 1494 1305 885 1250 747 1965 1377 464 702 1341 1080 664 378 1566 612 615 1113 1944 864 1134 1113 1242 1533 1662 1176 1239 992 948 1158 1263 536 1221 213 873 423 249 738 726 1356 312 1575 336 585 123 864 198 1308 1470 516 369 714 462 320 843 848 698 630 1226 1152 510 436 603 586 1377 615 84 885 318 1401 414 663 0 864 957 1446 360 771 252 290 750 238 824 494 730 264 1414 1191 717 426 1314 1016 1497 
2151 2751 3071 1939 1971 2409 1510 1943 1962 1773 2027 1662 1215 2583 1845 776 1783 2435 1492 976 690 2735 1230 1467 2131 2412 1482 2359 2131 2503 2001 2280 1794 2379 1344 2111 2391 2331 948 2355 931 1811 1411 1179 1631 1615 2655 1063 2947 1295 1427 1011 1999 911 2391 2607 1335 1139 1599 1263 732 1771 1160 1010 942 650 2383 822 748 1071 998 988 1467 496 1353 1071 1869 162 1531 864 0 2123 1914 672 1675 983 602 1647 650 1236 806 1142 999 1726 1600 1603 838 2399 1022 1965 
2452 3052 3172 2040 2272 2502 1632 2044 2205 2016 2128 1724 1458 2676 2088 938 1884 2736 1554 1138 852 3036 1323 1768 2432 2655 1575 2460 2432 2604 2244 2373 1887 2600 1466 2212 2492 2632 1010 2576 1232 2112 1512 1280 1932 1916 2756 1364 3048 1396 1728 1112 2100 1212 2692 2908 1636 1440 1900 1564 794 2072 1322 1172 1104 1700 2484 984 910 1314 1060 2784 1768 558 1596 1372 2112 888 1832 957 2123 0 2157 834 1976 1284 764 1856 712 1298 968 1204 1300 1888 2536 1904 900 2700 1490 1449 
2178 2628 2704 2019 2043 2991 1898 2022 2544 2355 2085 2050 1797 3165 2427 1164 1902 2391 1880 1364 1078 2616 1812 1665 2163 2994 2064 2334 2163 2442 2583 2862 2376 2349 1732 2148 2358 2313 1336 2331 1263 1923 1623 1449 1788 1776 2556 1362 2775 1536 1635 1323 2064 1248 2358 1800 1566 1419 1764 1512 1120 1893 1548 1238 1330 1926 2352 1210 1136 1653 1386 2427 1665 884 1935 1128 2451 1114 1713 1446 1914 2157 0 1060 1821 1302 990 1800 1038 1624 1194 1512 1314 450 2241 1767 1226 2364 1716 2547 
848 1128 1308 684 738 1390 1294 744 940 966 786 1434 594 1506 994 540 664 970 1276 760 454 1140 604 486 818 1392 772 952 838 1024 1098 1304 980 962 1128 770 968 938 732 950 218 678 478 362 588 580 1100 152 1246 420 486 278 772 228 948 1056 440 322 552 252 516 658 924 794 726 1322 964 606 532 498 782 994 506 280 534 308 986 510 538 360 672 834 1060 0 610 264 234 576 434 1020 590 926 272 1510 870 574 622 972 1092 1094 
1828 2604 2924 1792 1824 2316 1448 1796 1869 1680 1880 1600 1122 2490 1752 714 1636 2288 1430 826 628 2412 1137 1320 1984 2187 1389 2212 1984 2356 1908 2187 1701 2232 1282 1964 2244 2184 886 2208 784 1488 1264 1032 1308 1468 2508 916 2800 1148 1280 864 1852 764 2244 2460 1012 992 1452 1116 670 1624 1098 948 880 1476 2236 760 686 978 936 2336 1320 434 1260 924 1776 664 1384 771 1675 1976 1821 610 0 836 540 1500 472 1174 744 1080 676 1664 2088 1456 776 2252 1266 1740 
