0 3.94976 5.48089 1.46417 4.10262 1.78801 3.01603 4.17158 1.76732 2.06662 3.26851 2.23607 1.73409 4.71637 2.02045 1.46691 4.79784 3.5357 3.51079 1.58349 1.0892 5.8206 1.55175 3.90296 4.60465 3.1085 1.34246 5.57416 6.08637 4.70779 3.10457 3.06206 2.49429 4.7216 1.77962 3.83699 5.4152 2.73234 1.88129 4.22552 3.51471 4.88715 4.81634 4.30097 4.41018 5.09945 5.51929 4.29669 5.17286 5.13997 5.32849 3.74865 4.56393 3.92119 5.42587 6.00609 4.44831 5.6025 4.23746 4.95283 1.65965 1.53548 1.40047 1.91635 4.52325 2.14718 5.77422 1.82174 1.42681 1.42252 1.75072 3.83838 4.67988 2.81854 3.03868 5.09 4.85437 2.67407 4.70537 2.74796 5.61495 3.65386 3.47339 1.43067 4.21343 5.50835 2.34276 4.33843 1.47545 1.95626 1.42252 1.75897 4.11749 2.29965 4.30137 5.08425 1.54132 1.82866 1.78839 3.70227 
3.94976 0 6.22133 1.73703 3.4109 0.898257 2.28644 3.45326 1.41306 1.85369 2.74392 1.85116 1.45222 6.97703 1.98219 1.21349 5.24105 2.27346 2.66935 1.13342 0.734933 3.98125 1.19749 3.097 3.37751 2.71405 1.18949 3.9548 4.85893 3.62507 2.10658 2.35053 2.45603 7.51205 1.6882 2.84014 5.49302 2.47126 1.52702 3.6159 7.11984 3.31511 6.2607 3.43428 6.13988 5.00059 4.10202 8.34295 4.42037 5.34601 4.10741 7.09829 7.13313 7.72721 5.56379 6.80969 3.43372 4.21302 8.78392 4.56616 1.40622 1.10535 1.2475 1.66293 5.4833 1.89375 4.14219 1.39161 0.996672 0.992388 1.50132 3.06518 9.68267 1.78051 2.59469 11.1575 7.54546 2.15951 5.88873 2.27907 4.39925 3.00423 2.85025 1.17725 3.18089 5.54914 1.80225 3.48279 1.22202 1.52613 0.992388 1.50554 4.47676 1.89601 3.2966 5.20852 1.29192 1.57523 1.43413 2.95613 
5.48089 6.22133 0 2.21135 4.04599 1.62949 2.71438 3.22487 1.8185 1.78958 2.81286 2.61769 1.78958 7.30612 3.16934 1.61893 6.33536 3.36543 2.68362 1.48311 1.14038 5.2706 1.5524 3.70041 5.01003 3.33695 1.5444 4.82088 5.06423 3.94695 3.38834 2.92928 2.99825 7.41136 2.21346 3.31609 6.42714 3.22101 1.13716 4.35812 5.36574 4.44057 7.29398 3.49229 7.45796 5.59724 5.22642 6.04739 5.84348 5.79416 5.01332 5.05158 5.64563 5.73549 5.49063 7.95181 4.84668 4.83563 6.12716 5.99077 1.76114 1.6875 1.60242 2.06838 6.53836 2.25419 4.98719 2.01791 1.57883 1.57454 1.70643 3.95347 6.76379 2.76577 3.01067 7.18683 7.07063 2.71367 7.10818 2.76381 5.2177 3.72055 2.87421 1.53216 4.02896 6.44048 2.35516 4.27559 1.62108 2.05775 1.57454 1.86046 5.27292 1.83311 4.17456 6.17615 1.63928 1.88276 1.83957 3.67245 
1.46417 1.73703 2.21135 0 1.99961 2.19451 1.73703 1.94053 2.29369 2.3726 2.31869 1.90935 2.04006 1.76616 1.80107 1.95435 1.8077 2.0195 2.43067 2.03118 1.61557 2.351 2.07813 1.91059 1.83492 1.77962 2.03296 2.25599 2.04006 2.11733 2.03256 2.00427 1.95939 1.46417 1.77962 2.0003 2.00427 1.46417 2.34938 1.46417 1.61557 1.88199 1.47784 1.66017 1.46417 1.64841 2.33948 1.75692 1.80107 1.66017 1.46417 1.51501 1.8077 1.46417 2.08498 2.16508 1.73703 2.02197 1.61557 1.80138 2.13546 2.01129 2.09097 2.35391 1.85415 2.36388 2.2143 2.29755 1.90261 1.89833 2.22652 2.05938 1.85415 1.85415 1.87705 1.59941 1.98569 1.93236 1.59941 2.01713 1.93236 2.41847 2.37318 1.91811 1.95125 1.64841 1.75692 2.07656 1.95125 2.43207 1.89833 2.23477 1.46417 2.63701 2.15079 1.89833 2.01713 2.04537 2.31476 2.76362 
4.10262 3.4109 4.04599 1.99961 0 1.64065 3.01767 3.7519 1.33136 1.56943 2.45729 2.58312 1.06558 3.92457 2.63932 1.21088 3.25776 3.5466 3.33886 1.5429 0.720692 3.40404 1.19488 3.49308 3.76372 3.58425 1.18688 3.40221 3.24469 4.18228 3.12028 3.03341 3.13425 3.86339 2.29727 4.19643 3.91344 3.09613 1.52441 4.69761 2.01424 3.42574 3.41243 3.44176 3.40601 3.07066 3.84639 2.41371 3.90942 3.62629 3.25201 2.5383 3.03307 2.48745 3.60943 4.15227 3.34423 3.69846 2.79804 3.20345 1.56675 1.48059 1.24489 1.59287 2.89828 1.96369 3.83987 1.81099 1.37191 1.31413 1.65751 3.41594 3.27635 2.56752 2.60818 3.25095 3.1051 2.34956 2.99612 2.42682 3.41217 3.24507 3.17481 1.10718 4.00802 3.17184 1.92289 3.84853 1.42669 1.86336 1.36762 1.66607 3.05403 2.02357 3.87893 3.3639 1.44811 1.68314 1.43152 3.32722 
1.78801 0.898257 1.62949 2.19451 1.64065 0 1.28474 1.83557 1.93474 2.26494 2.03882 1.37759 1.89191 0.898257 1.57616 1.62474 1.37759 0.898257 1.73852 1.67324 1.32407 1.9859 1.79826 1.58097 1.50455 2.07137 1.79026 1.89903 1.89191 1.75938 1.79074 1.75783 1.56294 1.28474 2.137 1.42902 1.37759 2.07661 1.7294 1.51315 1.14619 1.56401 1.5141 1.58415 1.5141 1.58953 1.70449 1.14619 1.39057 1.58415 1.50691 1.21251 1.37759 1.14619 1.80512 2.00906 1.14619 1.52329 1.32407 1.26454 1.81747 1.69331 1.84827 2.00673 1.53617 2.305 1.78587 1.97957 1.58463 1.58035 1.92403 1.77952 1.4374 1.53617 1.73909 1.51684 1.70582 1.61438 1.50691 1.67055 1.61438 2.08886 2.0552 1.52105 1.63327 1.58035 1.35985 1.74694 1.63327 2.11409 1.58035 1.91679 1.14619 2.45748 1.85929 1.58035 1.71464 1.98649 2.0349 2.46487 
3.01603 2.28644 2.71438 1.73703 3.01767 1.28474 0 2.95806 1.92331 2.00459 3.25201 2.83455 1.63156 2.33894 2.98392 1.54585 2.44938 2.38418 3.70162 1.62268 1.24519 3.25375 1.70774 2.80905 2.7897 3.38949 1.66257 3.17614 3.13491 3.31575 2.72623 2.97019 3.40976 2.38306 1.6882 2.65335 2.85796 3.1467 1.93426 2.79001 2.14336 2.68863 2.41647 2.64186 2.61557 2.52043 2.66153 2.39868 2.76093 2.49723 2.22445 2.09287 2.5552 1.95966 2.56263 2.47731 2.3393 2.29054 2.29165 2.34272 1.72696 1.60279 1.72059 1.94541 2.66968 1.95538 2.59395 1.88905 1.49411 1.48983 1.82094 3.04894 2.50166 2.90924 3.06916 2.42502 2.87183 3.03778 2.38224 3.05303 2.91257 3.83937 2.9236 1.50961 2.84744 2.5596 2.64783 2.98884 1.54276 2.02357 1.48983 1.82628 2.04806 1.89601 3.26881 2.71347 1.62412 1.63687 1.94438 4.08177 
4.17158 3.45326 3.22487 1.94053 3.7519 1.83557 2.95806 0 1.72953 1.11483 2.30602 2.78644 1.11876 3.63171 2.69188 1.22779 3.12806 3.52883 3.3073 1.33146 1.05141 3.9317 1.43797 3.77459 3.82088 3.30277 1.22837 3.86354 3.23946 4.32298 3.33697 3.07305 2.72273 3.54447 1.87788 3.74629 3.99494 3.00552 1.13716 4.44993 2.81876 3.29826 2.94471 2.96635 3.21987 2.93627 3.98329 2.92422 4.24347 3.06993 3.41042 2.34936 3.07881 2.58604 3.00706 3.14364 3.79291 3.6624 2.64203 3.58519 1.29842 1.28473 1.28638 1.67723 3.0073 1.89642 3.87514 1.57099 1.17605 1.17177 1.1964 3.5721 3.30705 2.46017 2.75542 3.43073 3.34359 2.43806 2.97173 2.44714 3.68221 3.40388 2.79999 1.08107 3.98304 3.16852 2.03933 4.31106 1.15836 1.59503 1.17177 1.39774 2.96225 1.93927 3.92462 3.67998 1.12925 1.5779 1.7506 3.35578 
1.76732 1.41306 1.8185 2.29369 1.33136 1.93474 1.92331 1.72953 0 2.24755 1.72953 1.77142 1.7437 1.75072 1.84303 1.50497 1.47977 1.65505 2.28299 1.74739 1.01478 1.76184 1.48897 1.39941 1.77142 2.43192 1.48097 1.65874 1.7437 1.87899 2.05761 2.10602 2.03778 1.92331 2.59999 1.9378 1.839 1.76732 1.8185 1.92331 1.01478 1.68952 1.46184 1.62751 1.60161 1.68342 1.97136 1.01478 1.65744 1.62751 1.5255 1.24008 1.56936 1.24008 1.49583 1.8341 1.41306 1.55222 1.01478 1.01478 1.86083 1.77467 1.53898 1.88696 1.39653 2.25778 1.82951 2.10508 1.666 1.60822 1.9516 1.47023 1.50595 1.39653 1.61932 1.5602 1.39653 1.54426 1.61932 1.55077 1.54426 1.96909 2.09856 1.40127 1.72078 1.60822 1.24008 1.55222 1.72078 2.15745 1.66171 1.96015 1.30002 2.31766 1.55 1.60822 1.7422 2.08038 1.72561 2.17446 
2.06662 1.85369 1.78958 2.3726 1.56943 2.26494 2.00459 1.11483 2.24755 0 1.11483 1.97189 1.11876 1.93043 2.06662 1.60894 1.44812 1.92682 2.15075 1.76628 1.56943 1.60705 1.87907 1.56518 1.90986 2.30995 1.83027 1.77314 1.11483 1.56927 2.25598 2.04694 2.15868 1.69081 2.30995 1.83979 1.77993 2.16746 1.78958 1.69081 1.36098 1.58073 1.27956 1.11483 1.43948 1.11876 1.7977 1.36098 1.85803 1.11483 1.20803 1.11876 1.44812 1.11876 1.61126 2.01138 1.67338 1.627 1.56943 1.47933 1.73951 1.66588 1.88828 2.04486 1.45821 2.10775 1.81836 1.99629 1.5572 1.516 1.68803 1.91086 1.45821 1.45821 1.568 1.29036 1.72749 1.58696 1.20803 1.62088 1.58696 2.02253 1.97724 1.52217 1.59946 1.11876 1.36098 1.73115 1.59946 2.03613 1.516 1.83883 1.1787 2.44169 2.00261 1.516 1.62088 1.73632 2.16624 2.38691 
3.26851 2.74392 2.81286 2.31869 2.45729 2.03882 3.25201 2.30602 1.72953 1.11483 0 3.20024 1.11876 3.16893 3.27275 1.52996 2.62429 2.95696 3.724 1.70521 1.05141 2.65755 1.46343 2.58157 3.13217 3.89719 1.41463 2.79088 2.19424 2.94344 3.62439 3.47789 3.69449 2.98099 2.30995 3.16805 3.14637 3.41656 1.72223 3.36274 2.12712 2.6133 2.3375 1.95416 2.5366 2.1325 3.03407 2.2792 3.02809 2.19536 2.34951 1.93801 2.49028 1.89071 2.28531 2.7803 2.72537 2.76357 2.16724 2.56349 1.67217 1.59853 1.47264 1.9794 2.30566 2.10775 3.0074 1.92894 1.48985 1.48557 1.62068 2.80478 2.47395 2.78673 3.03657 2.3419 2.59919 2.79819 2.21832 2.91775 2.65411 3.82396 3.2266 1.44319 2.77211 2.11743 2.45941 3.02396 1.53211 1.96878 1.48557 1.77149 2.29984 1.94581 2.99149 2.60759 1.55353 1.73632 1.7506 3.77586 
2.23607 1.85116 2.61769 1.90935 2.58312 1.37759 2.83455 2.78644 1.77142 1.97189 3.20024 0 1.59886 2.14295 2.31917 1.39397 1.67408 2.18819 2.85439 1.13342 1.0933 2.64072 1.51149 2.39385 1.72733 3.10065 1.50349 2.39805 2.81338 2.6096 2.93717 2.68135 2.85076 2.46041 1.90277 1.62539 2.26173 3.1158 1.68872 2.50118 1.70881 1.98475 2.38551 2.39245 2.04198 2.1989 2.49729 1.91359 2.27585 2.34206 2.06057 1.56617 1.78562 1.52511 2.62387 2.85926 1.59702 2.3526 1.98338 1.81799 1.5307 1.45666 1.5615 1.84341 2.00053 1.9756 2.49521 1.74292 1.34798 1.3437 1.62147 2.6287 1.95511 2.31043 2.74762 2.10349 2.20252 2.45062 1.92937 2.55215 2.44907 3.45835 3.27789 1.31336 2.36235 2.23807 2.14264 2.65835 1.3465 1.82732 1.3437 1.63002 1.56298 2.22671 2.7017 2.2785 1.41207 1.60417 1.79825 3.47882 
1.73409 1.45222 1.78958 2.04006 1.06558 1.89191 1.63156 1.11876 1.7437 1.11876 1.11876 1.59886 0 1.5574 1.73275 1.23591 1.07509 1.55379 1.77772 1.29911 1.06558 1.1032 1.50604 1.19215 1.53683 1.97742 1.49804 1.26929 0.745728 1.19624 1.88295 1.67391 1.78565 1.37581 1.97742 1.56005 1.4069 1.80649 1.78958 1.37581 0.987946 1.1032 1.10726 0.745728 1.10726 0.745728 1.34438 0.987946 1.485 1.01202 0.834997 0.745728 1.07509 0.745728 1.5129 1.63835 1.30035 1.25397 1.06558 1.1063 1.36648 1.29285 1.55606 1.67183 1.08518 1.73472 1.42576 1.62326 1.18417 1.14297 1.37303 1.50939 1.08518 1.08518 1.19497 0.917325 1.35446 1.21393 0.834997 1.24785 1.21393 1.6495 1.60421 1.14914 1.22643 0.745728 0.987946 1.35812 1.22643 1.6631 1.14297 1.4658 0.805671 2.06866 1.6008 1.14297 1.24785 1.36329 1.76477 2.01388 
4.71637 6.97703 7.30612 1.76616 3.92457 0.898257 2.33894 3.63171 1.75072 1.93043 3.16893 2.14295 1.5574 0 2.52551 1.40584 6.24451 2.84266 2.09021 1.24489 1.14005 5.16498 1.61424 3.38643 4.3955 2.44079 1.60624 5.1248 5.41407 3.49497 2.44156 2.02149 2.45583 8.84168 1.52122 2.98484 5.1417 2.85301 1.25691 3.38208 6.5162 4.44734 7.12076 3.51036 6.9256 5.66408 5.10529 7.56907 5.06085 5.53055 4.35152 6.40593 6.94426 6.92329 6.40609 7.97134 4.49838 4.83931 7.28015 5.68639 1.59802 1.47235 1.66425 1.78783 6.86675 1.93413 4.91376 1.80276 1.36367 1.35939 1.68879 3.82443 8.09535 2.28814 2.61399 9.1767 9.11514 2.42833 6.66212 2.52729 5.03696 3.49361 3.0904 1.30159 3.83636 6.21714 2.00901 4.04365 1.45797 1.89313 1.35939 1.69734 5.08395 2.0085 4.02604 6.03334 1.47939 1.56271 1.85088 3.45653 
2.02045 1.98219 3.16934 1.80107 2.63932 1.57616 2.98392 2.69188 1.84303 2.06662 3.27275 2.31917 1.73275 2.52551 0 1.46557 2.33013 2.37753 3.5826 1.61918 1.16491 2.98821 1.63909 2.45005 2.00414 3.23234 1.57828 2.89096 2.92639 3.10723 3.07246 3.17426 2.57739 2.47456 2.01295 2.48906 2.75463 2.80381 1.96863 2.76944 1.76501 2.30902 2.13102 2.54387 1.76861 2.40149 2.60433 2.02063 2.04722 2.39924 2.35635 1.67321 2.43595 1.63215 2.73061 2.966 1.98518 2.45933 2.05232 1.96437 1.65831 1.53288 1.63629 1.91501 2.29007 2.14584 2.60194 1.8204 1.4242 1.41992 1.75072 2.6849 2.10923 2.53089 3.00074 2.30608 2.52863 2.65973 2.31382 2.65919 2.53422 3.56382 3.38493 1.42933 2.46909 2.43371 2.25399 2.76539 1.47411 1.95366 1.41992 1.75763 1.55924 2.29831 2.9105 2.33385 1.54132 1.82732 1.87573 3.68667 
1.46691 1.21349 1.61893 1.95435 1.21088 1.62474 1.54585 1.22779 1.50497 1.60894 1.52996 1.39397 1.23591 1.40584 1.46557 0 1.09282 1.28661 1.81676 1.19452 1.03517 1.5584 1.2894 0.924973 1.26966 1.89171 1.2814 1.36453 1.23591 1.3453 1.68015 1.57233 1.56901 1.37774 1.89171 1.45847 1.30532 1.56775 1.61893 1.37774 0.490186 0.952158 0.902247 0.928146 0.902247 0.933528 1.4513 0.675995 1.27999 0.928146 0.884525 0.600661 1.09282 0.490186 1.29626 1.4217 1.04481 1.03732 1.03517 0.675995 1.16147 1.03731 1.33941 1.41818 0.880167 1.649 1.24032 1.36772 0.928632 0.924348 1.31218 1.27066 0.880167 0.880167 1.15054 0.860837 1.14825 0.958384 0.884525 1.082 0.958384 1.43286 1.3992 0.9325 1.02142 0.924348 0.771304 1.09094 1.02142 1.45809 0.924348 1.26079 0.600661 1.80148 1.36241 0.924348 1.10278 1.33049 1.52604 1.80887 
4.79784 5.24105 6.33536 1.8077 3.25776 1.37759 2.44938 3.12806 1.47977 1.44812 2.62429 1.67408 1.07509 6.24451 2.33013 1.09282 0 2.81371 2.41913 0.704331 0.891239 3.69029 1.30326 2.88293 3.69738 2.64269 1.29526 3.13722 4.46528 2.90561 2.55199 2.22339 2.53484 6.84419 1.64411 2.69901 5.71719 2.83222 1.16495 3.55932 4.45089 2.61738 6.63396 2.87038 6.40405 4.51589 3.96001 5.21493 4.29626 5.28054 3.97556 4.15961 4.93298 4.5925 5.54448 7.28596 3.53282 4.21118 4.80452 4.76976 1.22339 0.983418 1.35328 1.43947 5.64785 1.50235 4.3249 1.31382 0.87474 0.870456 1.31416 3.18313 5.3687 1.80249 2.00762 6.14171 5.81275 1.77807 5.98678 1.97807 4.16044 2.76546 2.77127 0.958529 2.80378 5.09478 1.35211 3.18647 1.08334 1.35367 0.870456 1.32271 3.94176 1.92556 3.1196 4.91098 1.10476 1.13093 1.48378 2.55783 
3.5357 2.27346 3.36543 2.0195 3.5466 0.898257 2.38418 3.52883 1.65505 1.92682 2.95696 2.18819 1.55379 2.84266 2.37753 1.28661 2.81371 0 2.8509 1.44022 0.976928 3.65747 1.45112 3.15384 3.23462 2.9268 1.44312 3.52105 3.97499 3.8865 2.4868 2.5075 2.50137 3.17414 1.96199 3.50857 3.34613 2.89799 1.51051 4.20703 1.94811 3.2224 3.09287 3.78963 3.29574 3.36857 3.64076 2.34758 3.61979 3.471 2.96102 2.42802 2.78552 2.42133 3.52367 3.65797 3.10513 3.41911 2.33432 2.74181 1.47935 1.35518 1.50113 1.73605 2.83215 1.96688 3.60258 1.64144 1.2465 1.24222 1.58591 3.34981 3.03365 2.30573 2.6544 3.29314 3.03011 2.32202 3.06314 2.37918 3.34605 3.33704 3.15658 1.25037 3.89774 3.43463 1.97398 3.78241 1.29515 1.77596 1.24222 1.57867 2.78455 2.11935 3.70785 3.33469 1.37651 1.64836 1.68775 3.35021 
3.51079 2.66935 2.68362 2.43067 3.33886 1.73852 3.70162 3.3073 2.28299 2.15075 3.724 2.85439 1.77772 2.09021 3.5826 1.81676 2.41913 2.8509 0 1.60509 1.67232 3.26257 2.08689 2.83816 2.98769 3.31875 2.07889 2.58732 3.25294 2.10287 3.80424 2.91108 3.39094 2.82454 1.88215 3.07043 1.57902 3.9023 1.87089 2.51732 2.27074 2.64383 3.06661 2.76908 2.93592 2.26097 3.44103 2.40718 3.18826 3.02956 2.48663 2.28375 1.91933 2.24922 3.37234 3.57922 2.99472 3.28993 2.80907 2.47465 1.95896 1.83329 2.1369 2.19875 2.4481 2.29507 3.38274 2.16369 1.72461 1.72033 2.04973 3.4519 2.55722 3.11556 3.23835 2.61115 2.62805 3.00881 2.23994 3.20881 3.00725 4.06745 4.002 1.66253 3.13062 2.61318 2.58284 3.31501 1.81891 2.24447 1.72033 2.05828 2.58458 2.6495 3.41612 2.89093 1.84033 1.92365 2.32202 3.98496 
1.58349 1.13342 1.48311 2.03118 1.5429 1.67324 1.62268 1.33146 1.74739 1.76628 1.70521 1.13342 1.29911 1.24489 1.61918 1.19452 0.704331 1.44022 1.60509 0 1.15886 0.985493 1.46464 1.15075 1.24754 1.63152 1.45665 0.985493 1.29911 1.12274 1.83376 1.3614 1.66165 1.49871 1.91174 1.24754 1.09439 1.74938 1.48311 1.49871 0.901827 0.704331 1.02171 1.09176 1.02171 1.00159 1.35712 0.901827 1.20075 1.09176 0.870262 0.704331 0.771435 0.704331 1.4715 1.59695 1.13342 1.21257 1.15886 0.901827 1.32509 0.983418 1.51466 1.64396 0.771435 1.76998 1.40393 1.31382 0.87474 0.870456 1.41585 1.49643 0.714695 0.775742 1.23024 0.95259 0.933864 1.17253 0.870262 1.20645 1.17253 1.60811 1.56281 1.10775 1.14089 0.870456 0.94655 1.31672 1.14089 1.35367 0.870456 1.42441 0.704331 2.02726 1.48378 0.870456 1.20645 1.39855 1.48378 1.60238 
1.0892 0.734933 1.14038 1.61557 0.720692 1.32407 1.24519 1.05141 1.01478 1.56943 1.05141 1.0933 1.06558 1.14005 1.16491 1.03517 0.891239 0.976928 1.67232 1.15886 0 1.08371 0.810845 0.721284 1.0933 1.7538 0.802848 0.980614 1.06558 1.20087 1.37949 1.42789 1.56844 1.24519 1.92187 1.25968 1.16088 1.0892 1.14038 1.24519 0.54498 1.0114 0.783714 0.97454 0.943638 1.03045 1.29323 0.720692 0.97932 0.97454 0.948387 0.587112 0.891239 0.587112 0.817702 1.15598 0.734933 1.08372 0.54498 0.730789 1.20787 1.09655 0.86086 1.48461 0.71841 1.57966 1.28671 1.42696 0.987873 0.930095 1.29863 0.792104 0.827828 0.71841 1.21697 0.907231 0.71841 0.866136 0.948387 1.08923 0.866136 1.47925 1.4456 0.978894 1.06782 0.930095 0.817698 1.15737 1.06782 1.50449 0.983589 1.30719 0.647055 1.63954 0.883857 0.930095 1.08923 1.42741 1.04748 1.49634 
5.8206 3.98125 5.2706 2.351 3.40404 1.9859 3.25375 3.9317 1.76184 1.60705 2.65755 2.64072 1.1032 5.16498 2.98821 1.5584 3.69029 3.65747 3.26257 0.985493 1.08371 0 1.54627 3.65038 5.09324 3.39196 1.53827 4.05931 4.82074 3.6061 3.37849 3.02844 3.48498 5.34443 2.29074 4.09024 5.54153 3.25224 1.8758 4.54525 3.5997 3.6793 4.74077 3.37343 4.55882 3.88088 4.56937 3.96531 5.42036 4.98024 5.15004 3.26072 3.94068 3.211 4.94243 5.24291 4.8417 5.15265 3.59492 4.61182 1.75113 1.35893 1.59628 2.00784 3.85906 2.09219 4.8287 1.68934 1.25025 1.2324 1.85769 3.60232 3.90428 1.90114 2.87202 4.33341 4.27692 2.61416 3.82765 2.80005 4.93278 3.42242 3.29965 1.52216 3.72354 4.33309 2.22044 4.24313 1.56693 1.77971 1.2324 1.85045 3.77668 2.18467 3.79727 4.3428 1.64829 1.72076 1.51487 3.37432 
1.55175 1.19749 1.5524 2.07813 1.19488 1.79826 1.70774 1.43797 1.48897 1.87907 1.46343 1.51149 1.50604 1.61424 1.63909 1.2894 1.30326 1.45112 2.08689 1.46464 0.810845 1.54627 0 1.19547 1.56749 2.16836 1.21487 1.4548 1.50604 1.61543 1.85367 1.84246 1.83913 1.64786 2.21236 1.6717 1.57544 1.55175 1.5524 1.64786 0.810845 1.27282 1.17237 1.19827 1.17237 1.25419 1.66149 0.996654 1.39134 1.19827 1.20518 0.810845 1.30326 0.810845 1.22972 1.63017 1.19749 1.30745 0.810845 0.996654 1.4316 1.35797 1.27288 1.73884 1.13043 1.96966 1.51045 1.68838 1.24929 1.24501 1.52236 1.25466 1.15029 1.13043 1.4712 1.13096 1.13043 1.27904 1.20518 1.31297 1.27904 1.70299 1.66933 1.20263 1.29155 1.19827 1.04143 1.4116 1.29155 1.72822 1.24501 1.53092 0.870789 2.10209 1.34606 1.24501 1.31297 1.65115 1.51004 1.95889 
3.90296 3.097 3.70041 1.91059 3.49308 1.58097 2.80905 3.77459 1.39941 1.56518 2.58157 2.39385 1.19215 3.38643 2.45005 0.924973 2.88293 3.15384 2.83816 1.15075 0.721284 3.65038 1.19547 0 3.35069 2.88456 1.18747 3.32264 3.76006 3.68809 2.91166 2.1254 2.82724 3.49414 1.84794 3.7834 3.03121 2.77532 1.52501 3.75216 2.06558 2.99596 3.00272 3.53203 3.15922 3.09799 3.88147 2.61555 3.82425 3.3367 2.81291 2.2915 2.59283 2.24066 3.37724 3.79316 3.3111 3.58798 2.53517 2.86951 1.11771 0.993544 1.24549 1.37442 2.58921 1.60524 3.77942 1.32395 0.884866 0.880582 1.26841 3.3828 2.90602 2.34402 2.40774 3.02257 2.75953 1.94663 2.79257 2.17666 3.10311 3.02292 2.82241 0.888733 3.74686 3.16405 1.77147 3.83232 0.977656 1.41433 0.880582 1.21703 2.71333 1.75771 3.58441 3.10198 1.05902 1.28672 1.43211 2.97482 
4.60465 3.37751 5.01003 1.83492 3.76372 1.50455 2.7897 3.82088 1.77142 1.90986 3.13217 1.72733 1.53683 4.3955 2.00414 1.26966 3.69738 3.23462 2.98769 1.24754 1.0933 5.09324 1.56749 3.35069 0 2.98644 1.55949 4.91719 5.46213 3.9795 2.89231 2.6365 2.59789 4.55089 2.03299 3.20155 4.78639 2.82431 1.56707 3.82059 3.32136 4.14495 4.47616 3.62644 3.80146 4.37752 4.84736 3.82067 4.70526 4.56704 4.64773 3.046 3.70997 3.15944 4.97261 5.32866 3.54121 4.96309 3.78532 4.09221 1.4624 1.33823 1.6175 1.7191 3.86659 1.93678 5.12816 1.62449 1.22955 1.22527 1.56895 3.65343 3.7122 2.26557 2.57846 4.28921 4.1977 2.28146 3.99447 2.49177 4.95828 3.39063 3.21751 1.23342 3.60986 4.58713 1.97348 4.0319 1.27819 1.75901 1.22527 1.56171 3.22875 2.1024 3.85504 4.32984 1.35956 1.56535 1.80413 3.30966 
3.1085 2.71405 3.33695 1.77962 3.58425 2.07137 3.38949 3.30277 2.43192 2.30995 3.89719 3.10065 1.97742 2.44079 3.23234 1.89171 2.64269 2.9268 3.31875 1.63152 1.7538 3.39196 2.16836 2.88456 2.98644 0 2.00307 3.22943 3.4145 3.11803 3.4921 2.57889 3.29285 2.48694 1.40152 3.16175 2.3958 3.2227 2.15988 2.38707 2.55712 2.68648 2.32986 2.75726 2.40776 2.54367 3.52985 2.67754 3.2978 2.7277 2.15444 2.25241 2.29763 2.22684 3.46927 3.40869 2.96153 3.23503 2.91879 2.74502 2.0288 1.90313 2.06108 2.29126 2.59348 2.30124 3.43945 2.18939 1.79445 1.79016 2.11956 3.48666 2.73182 3.2189 3.34797 2.64167 2.90553 3.04357 2.26322 3.26551 3.04202 4.16438 3.85498 1.81146 3.06409 2.77474 2.74723 3.38837 1.8446 2.32391 1.79016 2.12812 2.26471 2.58818 3.4654 2.9286 1.91017 1.98272 2.40349 4.07177 
1.34246 1.18949 1.5444 2.03296 1.18688 1.79026 1.66257 1.22837 1.48097 1.83027 1.41463 1.50349 1.49804 1.60624 1.57828 1.2814 1.29526 1.44312 2.07889 1.45665 0.802848 1.53827 1.21487 1.18747 1.55949 2.00307 0 1.4468 1.49804 1.60743 1.84568 1.83446 1.75414 1.50434 2.00307 1.66371 1.56745 1.34246 1.5444 1.50434 0.802848 1.26482 0.802848 1.19028 0.962772 1.24619 1.65349 0.988657 1.38334 1.19028 1.19719 0.802848 1.29526 0.802848 1.22173 1.62217 1.18949 1.29945 0.802848 0.988657 1.4236 1.34997 1.06328 1.73084 1.12243 1.96167 1.50245 1.68038 1.24129 1.23701 1.51437 1.24666 1.1423 1.12243 1.4632 1.12297 1.12243 1.27105 1.19719 1.30497 1.27105 1.69499 1.66133 1.19463 1.28355 1.19028 1.03343 1.4036 1.28355 1.72022 1.23701 1.52292 0.862791 2.0941 1.33806 1.23701 1.30497 1.64315 1.50204 1.9509 
5.57416 3.9548 4.82088 2.25599 3.40221 1.89903 3.17614 3.86354 1.65874 1.77314 2.79088 2.39805 1.26929 5.1248 2.89096 1.36453 3.13722 3.52105 2.58732 0.985493 0.980614 4.05931 1.4548 3.32264 4.91719 3.22943 1.4468 0 4.57949 3.21533 3.27875 2.81013 3.21474 5.24505 2.09339 3.8539 4.82288 3.12306 1.66475 4.43518 3.19303 3.64237 4.69506 3.15281 4.48189 3.6719 4.66259 3.93543 5.46098 4.97699 5.07162 3.26328 3.31144 3.22206 4.9298 5.17128 4.69754 5.28671 3.43521 4.4662 1.50674 1.35893 1.50481 1.81397 3.51494 1.95163 4.94242 1.68934 1.25025 1.24597 1.5975 3.3851 3.84188 2.03585 2.70257 4.16721 3.92849 2.38753 3.81632 2.50709 4.76659 3.23286 3.21279 1.27776 3.67938 4.36901 2.03088 4.00131 1.36668 1.77971 1.24597 1.60606 3.76656 2.19727 3.59415 4.19361 1.3881 1.5802 1.69144 3.25332 
6.08637 4.85893 5.06423 2.04006 3.24469 1.89191 3.13491 3.23946 1.7437 1.11483 2.19424 2.81338 0.745728 5.41407 2.92639 1.23591 4.46528 3.97499 3.25294 1.29911 1.06558 4.82074 1.50604 3.76006 5.46213 3.4145 1.49804 4.57949 0 3.85223 3.23753 3.00683 3.30763 5.26251 1.97742 4.21732 5.9547 3.0702 1.78958 4.68247 3.99214 4.1902 4.31497 2.3799 4.52732 4.02259 4.90255 4.21769 5.7691 4.39179 5.21131 3.39172 4.44571 3.34201 4.58145 5.29581 5.3751 5.51912 3.78751 5.32244 1.36648 1.29285 1.55606 1.67183 4.26118 1.73471 5.17484 1.62326 1.18417 1.14297 1.37303 3.52297 4.0396 2.1234 2.64971 4.54555 4.67904 2.41133 4.27132 2.53089 5.21336 3.21831 3.23659 1.14914 3.59891 4.27538 2.01633 4.15082 1.22643 1.6631 1.14297 1.4658 3.81199 2.06866 3.84572 4.62338 1.24785 1.36329 1.76477 3.32922 
4.70779 3.62507 3.94695 2.11733 4.18228 1.75938 3.31575 4.32298 1.87899 1.56927 2.94344 2.6096 1.19624 3.49497 3.10723 1.3453 2.90561 3.8865 2.10287 1.12274 1.20087 3.6061 1.61543 3.68809 3.9795 3.11803 1.60743 3.21533 3.85223 0 3.41836 2.70194 3.21213 4.05517 1.78391 4.36739 3.09466 3.33985 1.60695 4.2042 2.75887 3.09948 4.06556 3.62234 3.7193 2.89739 4.11095 3.17396 4.50815 4.00615 3.40982 2.76692 2.07737 2.64718 4.13154 4.67837 4.01763 4.24243 3.24042 3.58363 1.47587 1.3502 1.66544 1.74909 3.09576 1.81198 4.09666 1.6806 1.24152 1.20031 1.56663 4.18509 3.21322 2.25264 2.72346 3.42562 3.40074 2.42646 2.81878 2.63676 3.89631 3.53563 3.3625 1.25853 4.10534 3.32266 2.11848 4.4984 1.33582 1.77098 1.20031 1.57519 3.35854 2.17804 4.3372 3.57161 1.35724 1.40363 1.85056 3.45465 
3.10457 2.10658 3.38834 2.03256 3.12028 1.79074 2.72623 3.33697 2.05761 2.25598 3.62439 2.93717 1.88295 2.44156 3.07246 1.68015 2.55199 2.4868 3.80424 1.83376 1.37949 3.37849 1.85367 2.91166 2.89231 3.4921 1.84568 3.27875 3.23753 3.41836 0 3.0728 3.51238 2.2032 1.98373 2.99827 2.96057 3.24931 2.18321 2.89262 2.24598 2.79125 2.51909 2.74447 2.71818 2.62305 3.14494 2.50129 2.34393 2.59985 2.32706 2.25223 2.65782 2.06228 3.21157 3.26921 2.51029 2.9403 2.62263 2.44534 1.87289 1.74746 1.90369 2.1296 2.77104 2.20677 3.08291 2.03498 1.63878 1.6345 1.97945 3.16587 2.59019 3.01185 3.17177 2.52764 2.97444 3.14039 2.48485 3.15564 3.01519 4.04479 3.72713 1.64391 2.95005 2.66096 2.75045 3.19552 1.68869 2.16824 1.6345 1.97221 2.15068 2.47989 3.39147 2.81482 1.77005 1.88825 2.09031 4.18438 
3.06206 2.35053 2.92928 2.00427 3.03341 1.75783 2.97019 3.07305 2.10602 2.04694 3.47789 2.68135 1.67391 2.02149 3.17426 1.57233 2.22339 2.5075 2.91108 1.3614 1.42789 3.02844 1.84246 2.1254 2.6365 2.57889 1.83446 2.81013 3.00683 2.70194 3.0728 0 3.24641 2.2145 1.44193 2.74245 2.06121 3.16717 1.84561 2.05869 1.89783 2.32297 2.28342 2.34959 2.48252 2.13601 3.12218 2.20042 2.89923 2.32003 1.74677 1.90438 1.88997 1.81917 3.04997 2.98939 2.59801 2.85988 2.44331 2.11206 1.71453 1.58886 1.89247 1.98775 2.18581 2.05064 3.02015 1.91927 1.48018 1.4759 1.8053 3.0699 2.34049 2.82654 2.92867 2.23401 2.48623 2.63591 1.85556 2.84621 2.63435 3.74508 3.44732 1.48556 2.70057 2.36707 2.32793 2.95242 1.57448 2.00964 1.4759 1.81385 2.1752 2.40507 3.0461 2.52094 1.5959 1.67922 2.07759 3.6641 
2.49429 2.45603 2.99825 1.95939 3.13425 1.56294 3.40976 2.72273 2.03778 2.15868 3.69449 2.85076 1.78565 2.45583 2.57739 1.56901 2.53484 2.50137 3.39094 1.66165 1.56844 3.48498 1.83913 2.82724 2.59789 3.29285 1.75414 3.21474 3.30763 3.21213 3.51238 3.24641 0 2.6159 2.13409 2.99743 2.57461 2.95678 1.62314 2.91078 2.17094 2.54439 2.32211 2.77797 2.04686 2.63529 3.13562 2.06862 2.64285 2.63335 2.49769 1.89152 2.44888 1.86595 3.12349 3.19594 2.5673 2.8625 2.63705 2.47755 1.71121 1.63758 1.81215 1.95099 2.45798 2.24927 2.99946 1.96798 1.5289 1.52462 1.80197 3.11668 2.48402 3.06248 3.16709 2.53988 2.79767 2.89353 2.465 2.82553 2.79422 3.79919 3.61873 1.41478 2.70319 2.66908 2.42034 2.93174 1.57116 2.00783 1.52462 1.81053 1.90382 2.40175 3.30373 2.61975 1.59258 1.93075 2.1263 3.92173 
4.7216 7.51205 7.41136 1.46417 3.86339 1.28474 2.38306 3.54447 1.92331 1.69081 2.98099 2.46041 1.37581 8.84168 2.47456 1.37774 6.84419 3.17414 2.82454 1.49871 1.24519 5.34443 1.64786 3.49414 4.55089 2.48694 1.50434 5.24505 5.26251 4.05517 2.2032 2.2145 2.6159 0 1.42901 3.63677 5.8272 2.46747 1.62387 3.44478 6.74832 4.46117 6.76287 2.98136 6.06076 5.22581 4.83095 7.24434 4.56406 5.126 4.54579 5.98889 7.70347 6.6323 6.00421 7.9595 4.44256 4.67224 7.41079 6.13879 1.50831 1.43467 1.56235 1.77729 7.06969 1.78727 4.84982 1.76508 1.326 1.32171 1.50393 3.79038 7.81104 2.47293 2.60092 8.62327 9.16334 2.48047 6.6866 2.44102 4.87351 3.39776 2.87121 1.29097 3.62032 5.89313 2.03583 3.90798 1.36825 1.80492 1.32171 1.60763 4.46909 1.9115 4.1429 5.82063 1.38967 1.46875 1.93503 3.45813 
1.77962 1.6882 2.21346 1.77962 2.29727 2.137 1.6882 1.87788 2.59999 2.30995 2.30995 1.90277 1.97742 1.52122 2.01295 1.89171 1.64411 1.96199 1.88215 1.91174 1.92187 2.29074 2.21236 1.84794 2.03299 1.40152 2.00307 2.09339 1.97742 1.78391 1.98373 1.44193 2.13409 1.42901 0 1.9542 1.44193 1.77962 2.30055 1.40152 1.65313 1.81934 1.42901 1.61134 1.40152 1.58576 2.29065 1.69427 1.97673 1.61134 1.40152 1.45236 1.44216 1.40152 2.21922 2.11625 1.6882 1.95932 1.92187 1.81262 2.07281 1.94864 2.06108 2.29126 1.76106 2.30124 2.15165 2.2349 1.83997 1.83568 2.16388 2.19362 1.7915 1.76106 1.81441 1.53676 1.92348 1.86972 1.44216 1.95448 1.86972 2.35583 2.31053 1.85547 1.88861 1.58576 1.69427 2.01391 1.88861 2.36942 1.83568 2.17213 1.40152 2.58818 2.28538 1.83568 1.95448 1.98272 2.449 2.70142 
3.83699 2.84014 3.31609 2.0003 4.19643 1.42902 2.65335 3.74629 1.9378 1.83979 3.16805 1.62539 1.56005 2.98484 2.48906 1.45847 2.69901 3.50857 3.07043 1.24754 1.25968 4.09024 1.6717 3.7834 3.20155 3.16175 1.66371 3.8539 4.21732 4.36739 2.99827 2.74245 2.99743 3.63677 1.9542 0 3.6939 3.1769 1.24679 4.52289 2.78044 3.35749 3.63852 3.74235 3.42874 3.53916 4.03264 3.16156 4.00159 3.46396 3.44461 2.65302 3.02148 2.69438 3.94459 3.82554 3.17295 3.68653 2.87143 3.12736 1.60067 1.475 1.72172 1.87389 3.27338 1.93678 3.8816 1.8054 1.36632 1.36203 1.69143 3.93901 3.26748 2.37153 2.80872 3.50974 3.46288 2.51172 3.22005 2.72203 3.80646 3.62089 3.11522 1.3717 4.10839 3.57429 2.20374 4.48845 1.46062 1.89578 1.36203 1.69999 2.92065 2.04891 4.14062 3.70777 1.48204 1.56535 1.90683 3.53992 
5.4152 5.49302 6.42714 2.00427 3.91344 1.37759 2.85796 3.99494 1.839 1.77993 3.14637 2.26173 1.4069 5.1417 2.75463 1.30532 5.71719 3.34613 1.57902 1.09439 1.16088 5.54153 1.57544 3.03121 4.78639 2.3958 1.56745 4.82288 5.9547 3.09466 2.96057 2.06121 2.57461 5.8272 1.44193 3.6939 0 3.06855 1.50995 2.58421 4.48581 4.7211 6.34645 3.64071 5.77668 6.12506 5.52721 5.19191 5.56789 6.53127 4.66108 4.75732 4.91673 4.69473 7.29281 7.45802 4.88382 5.54854 5.78212 6.42024 1.44752 1.32184 1.62546 1.72074 5.71775 1.78363 5.65806 1.65225 1.21317 1.20888 1.53828 3.99813 5.77531 2.40691 2.47917 6.30679 6.0357 2.46328 5.185 2.39247 5.45879 3.35879 3.18567 1.21854 4.05053 6.72816 1.87419 3.92766 1.30747 1.74262 1.20888 1.54684 5.5514 2.13806 4.19974 6.60574 1.32888 1.4122 1.81057 3.44095 
2.73234 2.47126 3.22101 1.46417 3.09613 2.07661 3.1467 3.00552 1.76732 2.16746 3.41656 3.1158 1.80649 2.85301 2.80381 1.56775 2.83222 2.89799 3.9023 1.74938 1.0892 3.25224 1.55175 2.77532 2.82431 3.2227 1.34246 3.12306 3.0702 3.33985 3.24931 3.16717 2.95678 2.46747 1.77962 3.1769 3.06855 0 1.88129 2.76235 2.33027 2.81344 2.22421 2.76666 2.27875 2.64524 3.4245 2.52348 2.93143 2.62204 2.34926 2.22052 2.69821 2.08447 3.05588 3.1792 2.80535 3.13156 2.41685 2.72089 1.76049 1.63632 1.40047 2.01719 2.70429 2.24802 3.33597 1.92258 1.52764 1.52336 1.85156 2.99854 2.75307 3.3297 3.19396 2.54983 2.80712 2.99195 2.50704 3.16235 2.84786 4.06824 3.74933 1.53151 2.97225 2.68441 2.75715 3.21771 1.57629 2.0571 1.52336 1.85981 2.17287 2.38045 3.23577 2.83827 1.64216 1.9295 1.78839 4.02014 
1.88129 1.52702 1.13716 2.34938 1.52441 1.7294 1.93426 1.13716 1.8185 1.78958 1.72223 1.68872 1.78958 1.25691 1.96863 1.61893 1.16495 1.51051 1.87089 1.48311 1.14038 1.8758 1.5524 1.52501 1.56707 2.15988 1.5444 1.66475 1.78958 1.60695 2.18321 1.84561 1.62314 1.62387 2.30055 1.24679 1.50995 1.88129 0 1.62387 1.14038 1.48311 1.29795 1.13716 1.50191 1.4858 1.89097 1.25691 1.72088 1.13716 1.35447 1.13716 1.24679 1.14038 1.55926 1.36118 1.52702 1.36118 1.14038 1.32619 1.76114 1.6875 1.60242 2.06838 1.36373 2.25419 1.67444 2.01791 1.57883 1.57454 1.70643 1.58419 1.47983 1.36373 1.71445 1.4368 1.45997 1.60858 1.35447 1.63928 1.60858 2.03252 1.83311 1.53216 1.62108 1.43287 1.37097 1.74114 1.62108 2.05775 1.57454 1.86046 1.20032 1.83311 1.6756 1.57454 1.63928 1.88276 1.83957 2.28843 
4.22552 3.6159 4.35812 1.46417 4.69761 1.51315 2.79001 4.44993 1.92331 1.69081 3.36274 2.50118 1.37581 3.38208 2.76944 1.37774 3.55932 4.20703 2.51732 1.49871 1.24519 4.54525 1.64786 3.75216 3.82059 2.38707 1.50434 4.43518 4.68247 4.2042 2.89262 2.05869 2.91078 3.44478 1.40152 4.52289 2.58421 2.76235 1.62387 0 3.23694 3.54943 3.32107 3.82047 3.14919 3.4349 4.48792 3.39343 4.29279 3.54729 3.13793 2.82948 3.21817 2.84386 4.56767 4.50484 3.89649 4.33153 3.76668 3.71272 1.50831 1.43467 1.56235 1.77729 3.47695 1.78727 4.48039 1.76508 1.326 1.32171 1.50393 4.57662 3.60237 2.63473 2.91425 3.69744 3.93816 2.6068 3.15289 2.77821 4.28784 3.67708 3.25551 1.29097 4.30033 3.6509 2.25993 4.69508 1.36825 1.80492 1.32171 1.60763 3.01308 1.9115 4.78112 3.89971 1.38967 1.46875 1.93503 3.58447 
3.51471 7.11984 5.36574 1.61557 2.01424 1.14619 2.14336 2.81876 1.01478 1.36098 2.12712 1.70881 0.987946 6.5162 1.76501 0.490186 4.45089 1.94811 2.27074 0.901827 0.54498 3.5997 0.810845 2.06558 3.32136 2.55712 0.802848 3.19303 3.99214 2.75887 2.24598 1.89783 2.17094 6.74832 1.65313 2.78044 4.48581 2.33027 1.14038 3.23694 0 2.91535 5.22893 2.59152 4.71976 3.78379 3.616 7.82564 3.3901 4.51937 3.38283 15.7089 5.22748 16.0121 3.87965 6.2015 2.63809 3.11444 17.2179 3.22925 0.913508 0.839875 0.86086 0.939629 4.1481 1.41043 3.36717 1.17028 0.731197 0.726913 1.00427 2.23943 11.7436 1.67053 1.62603 8.38932 5.76893 1.54271 4.38313 1.41297 3.36413 2.23181 2.05135 0.453947 2.675 4.56391 1.00777 2.16057 0.773455 1.21012 0.726913 1.01283 3.28121 1.32293 2.53862 4.19818 0.794872 1.09192 1.04748 2.52037 
4.88715 3.31511 4.44057 1.88199 3.42574 1.56401 2.68863 3.29826 1.68952 1.58073 2.6133 1.98475 1.1032 4.44734 2.30902 0.952158 2.61738 3.2224 2.64383 0.704331 1.0114 3.6793 1.27282 2.99596 4.14495 2.68648 1.26482 3.64237 4.1902 3.09948 2.79125 2.32297 2.54439 4.46117 1.81934 3.35749 4.7211 2.81344 1.48311 3.54943 2.91535 0 3.91413 2.67554 3.56291 2.96272 3.68507 3.05202 4.66852 3.96859 4.32743 2.17131 2.94541 2.27162 4.07811 4.62755 3.9253 4.24347 3.12766 3.86342 1.13326 0.730695 1.32283 1.4016 2.81756 1.62079 3.99281 1.01695 0.622017 0.617733 1.23982 3.03273 2.88227 1.50397 2.15335 3.34839 3.23542 1.68226 2.81599 1.81179 4.05757 2.4396 2.53753 0.915918 2.49645 3.31107 1.23762 3.13115 0.94906 1.15148 0.617733 1.23258 2.76623 1.7849 3.03398 3.42845 1.03042 1.30227 1.23106 2.5505 
4.81634 6.2607 7.29398 1.47784 3.41243 1.5141 2.41647 2.94471 1.46184 1.27956 2.3375 2.38551 1.10726 7.12076 2.13102 0.902247 6.63396 3.09287 3.06661 1.02171 0.783714 4.74077 1.17237 3.00272 4.47616 2.32986 0.802848 4.69506 4.31497 4.06556 2.51909 2.28342 2.32211 6.76287 1.42901 3.63852 6.34645 2.22421 1.29795 3.32107 5.22893 3.91413 0 2.73539 6.26495 5.21807 4.66435 5.55025 4.73001 4.79977 4.22619 4.55825 6.02783 4.79734 5.43016 7.69308 4.31674 4.61065 4.56735 5.67452 1.03282 0.959185 0.86086 1.35169 6.13527 1.57088 4.84817 1.24544 0.850507 0.846223 1.12358 2.7999 6.17135 2.12738 2.36074 6.81823 6.21465 1.97719 6.53823 1.95179 4.34939 2.90853 2.72807 0.815475 3.1445 5.71176 1.5466 3.47252 0.848617 1.32943 0.846223 1.13214 4.4266 1.73499 3.21236 5.41961 0.914182 1.25236 1.45955 2.95485 
4.30097 3.43428 3.49229 1.66017 3.44176 1.58415 2.64186 2.96635 1.62751 1.11483 1.95416 2.39245 0.745728 3.51036 2.54387 0.928146 2.87038 3.78963 2.76908 1.09176 0.97454 3.37343 1.19827 3.53203 3.62644 2.75726 1.19028 3.15281 2.3799 3.62234 2.74447 2.34959 2.77797 2.98136 1.61134 3.74235 3.64071 2.76666 1.13716 3.82047 2.59152 2.67554 2.73539 0 2.75146 1.65485 3.30142 2.57727 3.78316 2.35204 2.44009 1.83968 2.52891 1.83968 3.21494 3.94325 3.44884 3.38661 2.85492 3.28067 1.05872 0.985084 1.24829 1.37759 2.71815 1.54255 3.34474 1.31549 0.876406 0.835199 0.711519 3.54415 2.55945 2.17584 2.08164 2.47021 3.0557 2.0397 2.3323 2.00025 3.35149 2.95699 2.77652 0.841375 3.34708 2.08902 1.59506 3.80572 0.918664 1.35533 0.835199 1.15804 2.50622 1.76089 3.94254 2.86065 0.940081 1.17113 1.48544 3.01736 
4.41018 6.13988 7.45796 1.46417 3.40601 1.5141 2.61557 3.21987 1.60161 1.43948 2.5366 2.04198 1.10726 6.9256 1.76861 0.902247 6.40405 3.29574 2.93592 1.02171 0.943638 4.55882 1.17237 3.15922 3.80146 2.40776 0.962772 4.48189 4.52732 3.7193 2.71818 2.48252 2.04686 6.06076 1.40152 3.42874 5.77668 2.27875 1.50191 3.14919 4.71976 3.56291 6.26495 2.75146 0 4.96094 4.24309 5.32779 4.02339 4.77596 3.97915 4.0346 5.30615 4.31161 5.4028 7.87947 3.64511 3.99993 5.43446 5.27893 1.03282 0.959185 1.02078 1.35169 6.02969 1.57088 4.19584 1.24544 0.850507 0.846223 1.12358 3.05593 5.46644 1.90095 2.17771 6.15905 6.10907 1.76481 5.9191 1.72537 4.11036 2.6821 2.50164 0.815475 2.64585 5.37855 1.32017 3.07987 0.848617 1.32943 0.846223 1.13214 3.51899 1.73499 3.28545 5.01982 0.914182 1.25236 1.45955 2.74247 
5.09945 5.00059 5.59724 1.64841 3.07066 1.58953 2.52043 2.93627 1.68342 1.11876 2.1325 2.1989 0.745728 5.66408 2.40149 0.933528 4.51589 3.36857 2.26097 1.00159 1.03045 3.88088 1.25419 3.09799 4.37752 2.54367 1.24619 3.6719 4.02259 2.89739 2.62305 2.13601 2.63529 5.22581 1.58576 3.53916 6.12506 2.64524 1.4858 3.4349 3.78379 2.96272 5.21807 1.65485 4.96094 0 4.03681 3.99966 5.00741 4.68402 4.03045 2.96838 3.83309 3.08706 5.66454 6.27381 4.18806 4.44075 4.33748 5.5535 1.11463 0.990466 1.3042 1.28017 4.3277 1.34306 4.3004 1.32087 0.881788 0.840581 1.18087 3.11012 4.02776 2.00196 1.88809 4.69008 4.54152 1.84746 3.94083 1.85854 4.1101 2.76475 2.58429 0.897289 2.88837 4.57607 1.45335 3.34701 0.974578 1.41125 0.840581 1.21395 4.26292 1.76627 3.4499 4.67511 1.05569 0.934709 1.49083 2.87565 
5.51929 4.10202 5.22642 2.33948 3.84639 1.70449 2.66153 3.98329 1.97136 1.7977 3.03407 2.49729 1.34438 5.10529 2.60433 1.4513 3.96001 3.64076 3.44103 1.35712 1.29323 4.56937 1.66149 3.88147 4.84736 3.52985 1.65349 4.66259 4.90255 4.11095 3.14494 3.12218 3.13562 4.83095 2.29065 4.03264 5.52721 3.4245 1.89097 4.48792 3.616 3.68507 4.66435 3.30142 4.24309 4.03681 0 3.63395 5.04846 4.71147 4.94601 2.79497 4.19257 3.06879 4.76505 4.76495 4.58028 4.61668 3.78605 4.48212 1.52193 1.43402 1.7115 1.90075 4.09631 2.11993 4.52115 1.76443 1.32534 1.32106 1.56216 3.7492 3.47161 1.6644 2.87125 4.26866 4.50283 2.45647 4.07878 2.40745 5.11722 3.29619 2.80915 1.30459 3.44856 4.56627 2.00006 4.01385 1.38188 1.80427 1.32106 1.62125 3.15969 1.90325 4.01976 4.26278 1.35276 1.80142 1.93438 3.35437 
4.29669 8.34295 6.04739 1.75692 2.41371 1.14619 2.39868 2.92422 1.01478 1.36098 2.2792 1.91359 0.987946 7.56907 2.02063 0.675995 5.21493 2.34758 2.40718 0.901827 0.720692 3.96531 0.996654 2.61555 3.82067 2.67754 0.988657 3.93543 4.21769 3.17396 2.50129 2.20042 2.06862 7.24434 1.69427 3.16156 5.19191 2.52348 1.25691 3.39343 7.82564 3.05202 5.55025 2.57727 5.32779 3.99966 3.63395 0 4.0243 4.53197 3.35346 5.94049 6.21582 7.21222 4.65121 6.56476 3.28808 3.48894 8.66713 4.25491 0.913508 0.839875 1.04667 0.939629 4.29901 1.45157 3.27829 1.17028 0.731197 0.726913 1.00427 2.5335 9.56949 1.53242 1.63344 8.90971 6.14318 1.46026 4.60658 1.29188 3.55488 2.38389 2.20343 0.453947 2.57014 4.4843 0.918892 2.38984 0.773455 1.21012 0.726913 1.01283 3.4778 1.50874 2.74175 4.13523 0.794872 1.13305 1.23329 2.43793 
5.17286 4.42037 5.84348 1.80107 3.90942 1.39057 2.76093 4.24347 1.65744 1.85803 3.02809 2.27585 1.485 5.06085 2.04722 1.27999 4.29626 3.61979 3.18826 1.20075 0.97932 5.42036 1.39134 3.82425 4.70526 3.2978 1.38334 5.46098 5.7691 4.50815 2.34393 2.89923 2.64285 4.56406 1.97673 4.00159 5.56789 2.93143 1.72088 4.29279 3.3901 4.66852 4.73001 3.78316 4.02339 5.00741 5.04846 4.0243 0 4.88688 5.05371 3.32898 4.35773 3.38085 5.17279 5.82975 4.55043 5.24315 4.26225 4.46836 1.41056 1.10535 1.44136 1.72943 4.29841 1.94862 5.28127 1.39161 0.996672 0.992388 1.50132 3.63355 3.94987 1.96733 2.72691 4.47054 4.64263 2.25582 4.51126 2.38536 5.35366 3.01316 3.1111 1.19322 3.29876 4.87072 1.81118 3.90518 1.22636 1.52613 0.992388 1.50988 3.35333 2.11273 3.76761 4.58205 1.29192 1.6301 1.44694 3.12406 
5.13997 5.34601 5.79416 1.66017 3.62629 1.58415 2.49723 3.06993 1.62751 1.11483 2.19536 2.34206 1.01202 5.53055 2.39924 0.928146 5.28054 3.471 3.02956 1.09176 0.97454 4.98024 1.19827 3.3367 4.56704 2.7277 1.19028 4.97699 4.39179 4.00615 2.59985 2.32003 2.63335 5.126 1.61134 3.46396 6.53127 2.62204 1.13716 3.54729 4.51937 3.96859 4.79977 2.35204 4.77596 4.68402 4.71147 4.53197 4.88688 0 4.13595 2.9621 4.93313 3.57497 5.59411 5.98782 4.4265 4.46893 4.93706 6.15088 1.05872 0.985084 1.24829 1.37759 5.0035 1.59678 4.6465 1.31549 0.876406 0.835199 0.711519 3.28415 4.63568 2.03122 2.30766 4.93181 5.3838 1.89507 4.76146 1.85563 4.56131 2.81237 2.6319 0.841375 3.0319 5.24258 1.45043 3.47475 0.918664 1.35533 0.835199 1.15804 4.34395 1.76089 3.63667 5.39981 0.940082 1.24134 1.48544 2.87274 
