0 4.47209 5.5792 3.6631 3.81816 3.08036 1.8559 3.80337 2.63752 2.71895 4.01068 1.5884 2.06402 2.69804 2.32602 1.31555 4.43225 4.41889 1.81426 1.26556 1.13647 5.4806 2.19023 3.76369 4.50334 2.7855 2.50284 4.64249 5.32706 4.04062 2.79539 2.73906 2.29366 4.81606 1.45662 3.35599 4.45764 4.2528 1.62924 5.21874 3.4435 4.62217 4.64253 3.29703 4.01198 4.11833 5.46041 3.77286 4.08078 4.38511 4.9374 3.32264 4.10919 3.40944 5.23135 6.0319 3.25058 5.4625 4.46711 4.7854 1.49665 3.71265 1.44774 1.75146 1.616 1.81435 5.46932 1.65875 1.26381 2.59777 1.47458 3.88565 4.48792 1.54909 2.64861 4.49096 2.76409 1.29356 3.9716 2.58064 4.05087 4.37241 3.30607 1.27931 3.86758 4.77628 1.11812 4.0746 1.31245 1.79327 1.57739 1.59597 3.66032 2.14829 5.70864 4.67441 1.37833 5.31805 1.83566 3.23698 
4.47209 0 4.06782 3.42801 4.10694 2.46772 2.40547 3.62696 2.82418 3.08834 3.70397 2.1536 2.78703 2.92569 3.45731 1.47613 3.26523 2.97194 2.20704 1.64471 0.985945 3.04039 2.38852 3.82961 4.41825 3.65909 2.03937 2.62678 3.75154 4.23539 3.89574 3.17333 3.22955 4.31692 2.46556 4.14186 3.62839 3.75069 1.78967 4.20195 2.64218 3.50398 3.23444 3.70793 3.60397 3.53557 3.04539 3.18095 5.24072 3.36854 3.46979 2.80673 3.26996 2.91166 3.05041 4.02556 4.34544 4.15911 2.59271 3.62402 1.85716 4.2841 1.51015 1.92557 1.47712 2.22894 3.53161 2.07624 1.63716 2.56165 1.82136 3.85434 3.54981 1.32089 2.93047 3.58589 2.74903 1.51542 3.27582 2.81448 4.1042 4.81579 3.52017 1.43989 4.38693 3.54769 1.2787 4.45803 1.7171 2.15377 1.98766 1.95648 3.34555 2.28883 3.69245 3.82612 1.73852 3.30457 1.69677 3.71641 
5.5792 4.06782 0 5.10523 4.10702 2.81415 1.62616 2.89996 2.5647 2.68135 3.60096 1.87659 2.58117 3.13699 3.35638 1.61893 4.77571 4.03777 1.82823 1.48311 1.14038 4.95581 2.06687 3.70276 5.08926 3.22278 2.19747 5.08979 6.21201 3.67458 3.58797 2.81512 3.3643 6.00526 2.0993 2.91899 6.41746 5.66827 1.13716 5.28841 4.45832 5.63229 5.3918 3.49229 5.65087 5.55072 6.0501 4.961 5.05268 5.25043 4.89916 3.97639 4.81615 4.6492 5.35478 6.11339 3.93965 4.83563 4.93395 4.53078 1.76114 3.92674 1.60242 2.06838 1.61992 2.25419 4.93602 2.01791 1.57883 2.95983 1.70643 3.98756 5.80385 1.85792 3.01067 5.91045 2.77628 1.60858 5.33717 2.76381 4.10142 4.65936 2.87421 1.53216 4.02896 6.31435 1.37097 4.30968 1.62108 2.05775 1.92933 1.86046 5.50621 1.83311 5.59152 6.20061 1.63928 6.16992 1.83957 3.51514 
3.6631 3.42801 5.10523 0 3.0203 2.40138 1.47028 2.5837 1.81264 1.79704 2.82538 1.44462 1.36073 2.43478 2.30267 1.04234 5.82159 3.41096 1.37306 0.924091 0.953761 3.96279 1.38557 2.7191 3.54278 2.11033 1.88157 8.98922 4.04669 2.86115 2.53426 1.70266 2.25185 5.58699 1.2694 2.64184 6.89464 3.76092 1.19309 3.17688 7.85208 4.10546 5.11158 1.97724 6.3129 3.08448 5.1265 8.59729 3.57415 4.76189 3.10724 6.46011 4.33685 7.03317 4.90635 6.78733 2.61933 3.98882 8.04638 2.95298 1.14045 2.68827 1.33002 1.42432 1.37998 1.61333 3.9399 1.41302 1.00223 2.02494 1.03844 3.01931 10.3826 1.29754 2.00833 10.7159 2.18348 1.03198 4.37371 1.73433 3.11776 3.42089 2.57806 0.88811 2.79048 4.28298 0.726914 3.06446 1.0004 1.43707 1.35273 1.23977 9.31736 1.86711 4.42412 10.3355 0.971284 6.32188 1.59963 2.55312 
3.81816 4.10694 4.10702 3.0203 0 3.12554 2.13923 3.7519 2.38718 2.70723 3.42328 1.94555 2.02107 3.34585 3.16428 1.21088 3.25776 3.97269 2.10893 1.5429 0.720692 3.40404 1.98727 3.49308 3.91447 3.45172 2.2297 3.27721 3.24469 4.18228 3.50838 3.03242 3.53127 4.08193 2.13285 3.75104 3.72399 3.12442 1.52441 4.00499 2.01424 3.42574 3.41243 3.25179 3.35668 3.07066 3.64187 2.41371 4.69867 3.33071 3.07897 2.5383 3.02799 2.48745 3.30665 4.15227 3.73706 3.69846 2.79804 3.20726 1.56675 3.85308 1.24489 1.59287 1.21186 1.96369 3.66253 1.81099 1.37191 2.58144 1.65751 3.41594 3.34108 1.5004 2.60818 3.25095 2.40367 1.25017 2.96405 2.42682 3.76926 4.4874 3.17481 1.10718 4.00802 3.17184 0.945989 3.84853 1.42669 1.86336 1.72241 1.66607 3.14759 2.02357 3.69052 3.3951 1.44811 3.52996 1.43152 3.37105 
3.08036 2.46772 2.81415 2.40138 3.12554 0 2.50121 2.56242 3.05412 3.08142 2.56685 2.1536 2.86822 2.55365 3.78433 1.73064 2.12833 2.39012 1.78366 1.64471 1.25208 2.54989 2.5563 2.81761 3.12929 3.54747 2.42309 1.9492 2.97424 2.52494 4.0774 3.12817 2.98025 3.10708 2.29507 2.75638 2.16864 2.75082 1.92291 2.94799 2.25124 2.58237 2.52833 2.54229 2.70729 2.65195 2.50419 2.52632 3.93333 2.23958 2.64837 2.19642 2.18018 2.27594 2.65478 3.50813 3.27581 3.26239 2.27626 2.51457 1.87284 3.12903 1.58369 2.18008 1.73162 2.4109 3.00227 2.12962 1.69053 3.24246 1.82136 3.0361 2.79892 1.59799 3.33542 2.64076 3.18287 1.72028 2.51717 3.19819 3.02045 3.48656 3.95442 1.64387 3.10308 2.63689 1.48267 3.37158 1.73279 2.16946 2.04103 1.97216 2.49066 2.54333 3.13428 3.06095 1.75421 2.67137 1.95128 3.94912 
1.8559 2.40547 1.62616 1.47028 2.13923 2.50121 0 1.89714 1.93643 2.03126 1.90368 2.38687 1.74347 2.45889 2.21069 1.91812 1.61035 2.39645 2.444 1.87797 1.75618 2.27327 1.47028 1.87436 1.86846 2.11625 2.0776 2.02426 1.9932 1.91998 1.99633 1.97967 2.38655 1.43957 2.11625 1.61035 1.87999 1.74347 1.92993 1.43957 1.43957 1.87797 1.65454 1.47358 1.81446 1.62381 1.80609 1.50603 2.48669 1.47358 1.43957 1.47028 1.61035 1.43957 1.66826 1.43957 1.92582 1.43957 1.75618 1.62439 2.09104 1.9867 2.23158 2.32931 2.23572 2.33929 1.78354 2.3171 1.87802 1.90494 2.04285 2.2 1.87802 2.02773 1.84083 1.57481 2.23572 1.90777 1.57481 1.9724 1.90777 2.09659 1.9115 1.86206 1.95098 1.62381 1.70086 1.93626 1.95098 2.38765 2.22852 2.19035 1.53022 1.9115 2.23639 1.90494 1.9724 1.66826 2.45538 2.43032 
3.80337 3.62696 2.89996 2.5837 3.7519 2.56242 1.89714 0 2.42449 2.05381 3.21104 1.63877 1.95363 2.59582 2.72837 1.22779 2.31281 3.6307 1.60461 1.11824 0.956883 3.37277 1.92666 3.4157 3.55329 2.58997 1.49294 2.47637 3.14834 3.5219 3.24597 2.3836 2.60809 3.36342 1.71911 2.71493 3.10167 3.06384 1.13716 3.29529 2.39891 2.8207 2.25467 2.96635 2.91113 2.93627 3.36001 2.66789 4.7423 2.46951 3.07784 2.05894 2.61613 2.24716 3.00706 3.14364 3.72105 3.37198 2.54751 3.2162 1.29842 3.64891 1.28638 1.67723 1.43642 1.89642 3.32021 1.57099 1.17605 2.27309 1.1964 3.47758 3.16171 1.26279 2.56394 3.19777 2.39765 1.2058 2.96803 2.15672 3.92429 4.30681 2.79999 1.08107 3.69261 3.18737 0.919879 4.00791 1.15836 1.59503 1.52655 1.39774 2.56869 1.93927 3.77473 3.41902 1.12925 3.46015 1.65608 2.90805 
2.63752 2.82418 2.5647 1.81264 2.38718 3.05412 1.93643 2.42449 0 2.94349 2.56379 1.91076 2.39216 3.22532 3.14982 1.47273 1.96122 2.83028 1.9679 1.40187 1.01478 2.71969 1.86031 2.26537 2.46914 3.32476 2.37422 2.38591 2.5189 2.63806 3.38141 2.90546 3.51338 2.57272 1.91001 2.33687 2.55394 2.17862 1.7214 2.41692 1.58033 2.43115 2.25703 2.23877 2.36634 2.3393 2.74045 1.58236 3.2982 2.09415 2.1529 1.77454 1.99642 1.83407 2.48451 2.86095 2.62448 2.56234 1.83443 1.64983 1.61493 2.69504 1.53898 1.85472 1.50595 2.09111 2.71966 1.87171 1.43262 2.7255 1.56675 2.50022 2.34454 1.79449 2.7725 2.35895 2.54774 1.46237 2.19538 2.54573 2.34954 2.85102 3.31888 1.3185 2.6812 2.39797 1.15731 2.53854 1.47488 1.91155 1.78312 1.71425 2.10422 2.30547 2.60413 2.45899 1.4963 2.50647 1.72561 3.51512 
2.71895 3.08834 2.68135 1.79704 2.70723 3.08142 2.03126 2.05381 2.94349 0 1.97415 2.0056 1.91279 3.16535 3.34883 1.56756 2.03748 3.11039 1.75448 1.48507 1.51144 2.29714 2.39598 2.81865 2.71869 3.31027 2.54047 2.07534 2.03185 2.08002 3.58043 2.90261 3.37214 2.49613 1.99321 2.33008 2.2309 2.11863 1.78958 2.27284 2.0677 2.46792 2.22032 1.83697 2.34979 1.97557 2.75959 2.07412 3.51165 1.72704 2.02293 1.79879 1.92628 1.87144 2.63756 3.20615 2.86041 2.87639 2.48195 2.38858 1.69813 2.74761 1.8877 1.9853 1.90231 2.06636 2.93192 1.9549 1.51582 2.96645 1.64995 3.12217 2.54136 1.75057 2.94984 2.27525 3.13278 1.54557 1.95454 2.8122 2.9715 3.10056 3.58847 1.48079 2.70545 2.05078 1.31959 2.93724 1.55808 1.99475 1.8294 1.79745 2.18265 2.4003 3.21811 2.61953 1.5795 2.73209 2.12486 3.5519 
4.01068 3.70397 3.60096 2.82538 3.42328 2.56685 1.90368 3.21104 2.56379 1.97415 0 1.63877 1.99841 2.9288 3.11691 1.23954 2.9771 3.79033 1.60461 1.11824 0.956883 2.85526 2.06596 3.55967 3.99917 3.144 1.65817 2.81871 2.78969 3.64967 3.58707 2.7247 3.06398 3.82742 1.78931 3.6432 3.34791 3.1742 1.41709 3.68167 2.60283 3.15253 2.72878 2.8556 3.11845 2.73522 3.21761 3.03142 4.99452 2.89319 3.25004 2.43008 2.86951 2.39113 2.93545 3.82263 4.08344 3.77757 2.67052 3.46903 1.38174 3.80011 1.37811 1.68898 1.43642 1.91626 3.62898 1.63851 1.19943 2.27545 1.31554 3.62155 3.30569 1.26279 2.74614 3.29576 2.49454 1.22918 2.57624 2.54526 3.90198 4.6054 2.86882 1.15276 3.95505 2.84556 0.991569 4.21183 1.24169 1.67836 1.54993 1.48106 3.04279 1.94581 3.89192 3.52781 1.24839 2.98453 1.65608 3.27624 
1.5884 2.1536 1.87659 1.44462 1.94555 2.1536 2.38687 1.63877 1.91076 2.0056 1.63877 0 1.71781 2.18217 1.97138 1.70341 1.15548 2.10452 1.98913 1.49248 1.66776 1.95763 1.44462 1.65964 1.15548 2.1962 1.70994 1.63877 1.91377 1.64326 2.25434 1.87029 2.08508 1.84648 2.2602 1.15548 1.60328 1.5884 2.00363 1.68377 1.22486 1.49248 1.58638 1.44792 1.58638 1.52212 1.99759 1.41067 2.24126 1.44792 1.39079 1.22486 1.15548 1.22486 1.98039 2.10584 1.40338 1.72146 1.66776 1.41067 1.84561 1.77157 2.02355 2.15285 2.04064 2.2905 1.92446 2.10197 1.66289 1.69022 1.93638 2.00533 1.50284 2.02524 1.73913 1.47311 2.04064 1.69305 1.39079 1.72698 1.69305 1.85117 2.08334 1.61664 1.70556 1.52212 1.45544 1.82561 1.70556 2.14223 2.01339 1.94493 1.2848 2.53615 2.04172 1.69022 1.72698 1.91908 2.26029 2.21519 
2.06402 2.78703 2.58117 1.36073 2.02107 2.86822 1.74347 1.95363 2.39216 1.91279 1.99841 1.71781 0 2.95215 2.52579 1.23591 1.85624 2.80909 1.40521 1.19728 1.02404 2.10645 1.92278 2.27616 2.1545 2.89456 2.27376 2.03022 1.56632 1.9283 3.10722 2.51103 2.71809 2.08096 1.69583 1.95016 1.89834 1.51836 1.51681 1.8207 1.71227 1.89022 1.84523 1.28678 1.56755 1.50237 2.15828 1.60091 2.6886 1.52405 1.54972 1.32559 1.54754 1.30804 2.32519 2.77185 2.35801 2.36038 1.73101 1.95857 1.36648 2.2158 1.48493 1.67183 1.50358 1.73472 2.3613 1.62326 1.18417 2.40305 1.36216 2.48831 1.97512 1.37204 2.46553 1.75923 2.50998 1.21393 1.48134 2.33899 2.3487 2.58455 3.07246 1.14914 2.18944 1.58087 0.987946 2.46403 1.22643 1.6631 1.49775 1.4658 1.4245 2.06866 2.58648 2.05613 1.24785 2.19634 1.72323 3.03588 
2.69804 2.92569 3.13699 2.43478 3.34585 2.55365 2.45889 2.59582 3.22532 3.16535 2.9288 2.18217 2.95215 0 3.84317 1.94136 2.16173 2.86529 1.78366 1.66165 1.63928 3.06734 2.72749 2.98707 3.2029 3.6314 2.85277 2.19625 3.03608 2.60887 4.17297 3.22374 2.84376 3.14048 2.27603 2.85195 2.20458 2.76083 2.09533 3.03192 2.41964 2.6663 2.61226 2.57569 2.75451 2.73588 2.93832 2.64561 4.00557 2.27298 2.76766 2.22982 2.3238 2.39813 3.087 3.67932 3.38237 3.37375 2.56449 2.63386 2.01478 3.22876 2.10131 2.288 2.1184 2.35089 3.17346 2.27114 1.83206 3.40387 2.02704 3.32178 2.91822 1.98519 3.45472 2.72469 3.35407 1.91937 2.63646 3.29376 3.21343 3.59792 4.09376 1.79744 3.20281 2.72082 1.63624 3.49088 1.87473 2.31099 2.18256 2.1141 2.57459 2.74144 3.41996 3.18314 1.84561 3.01919 2.33806 4.03305 
2.32602 3.45731 3.35638 2.30267 3.16428 3.78433 2.21069 2.72837 3.14982 3.34883 3.11691 1.97138 2.52579 3.84317 0 1.46691 2.49654 3.47936 2.18068 1.64854 1.49126 3.11573 2.65199 2.83914 2.65556 3.62671 2.87401 2.74313 2.9664 3.18481 2.86686 3.36302 3.30868 2.95034 2.02866 2.79444 2.76054 2.39764 1.99567 2.79454 2.04802 2.30902 2.36352 2.53066 1.99254 2.28136 3.12501 2.20011 2.36851 2.38604 2.47386 1.8372 2.51113 1.81162 3.06916 3.43472 2.8058 2.80818 2.67696 2.49068 1.65965 2.44366 1.63629 1.91635 1.80195 2.14718 3.01259 1.82174 1.4242 3.02285 1.75072 3.06235 2.13707 1.88984 3.16091 2.46625 2.8783 1.45656 2.34266 2.83866 2.91167 3.03235 3.5644 1.43067 2.64887 2.37475 1.26948 2.94487 1.47545 1.95366 1.77471 1.75897 1.84949 2.29965 3.06615 2.48082 1.54132 3.1034 2.02161 3.31427 
1.31555 1.47613 1.61893 1.04234 1.21088 1.73064 1.91812 1.22779 1.47273 1.56756 1.23954 1.70341 1.23591 1.94136 1.46691 0 1.09282 1.46711 1.92648 1.19452 1.03517 1.53467 1.04234 0.924973 1.26966 1.89171 1.2814 1.23954 1.23591 1.3453 1.7856 1.57233 1.64278 1.37774 1.89171 1.18241 1.30532 1.23696 1.61893 1.24573 0.490186 0.952158 0.902247 0.928146 0.902247 0.933528 1.409 0.675995 1.55713 0.928146 0.884525 0.600661 1.09282 0.490186 1.29626 1.4217 1.04481 1.03732 1.03517 0.675995 1.16147 1.03731 1.33941 1.41818 1.30638 1.649 1.24032 1.36772 0.928632 0.955552 1.31218 1.27066 0.928632 1.43665 1.15054 0.860837 1.30638 0.958384 0.884525 1.082 0.958384 1.16703 1.3992 0.9325 1.02142 0.928146 0.771304 1.09094 1.02142 1.45809 1.27913 1.26079 0.600661 1.80148 1.30705 0.955552 1.10278 1.33049 1.52604 1.48093 
4.43225 3.26523 4.77571 5.82159 3.25776 2.12833 1.61035 2.31281 1.96122 2.03748 2.9771 1.15548 1.85624 2.16173 2.49654 1.09282 0 3.27879 1.3714 0.704331 0.891239 3.69029 1.63261 2.88293 3.69738 2.60823 1.72491 5.22759 5.16357 2.93431 2.72813 2.20057 2.53484 7.51207 1.5723 2.48252 7.24006 4.94092 1.16495 4.38013 4.50315 4.25108 6.4415 2.54202 6.29144 4.60329 5.30282 5.4457 3.85278 6.27407 3.97205 4.34785 5.55137 4.69027 4.96676 7.63391 2.94784 4.21118 5.47807 3.49966 1.22339 2.68576 1.35328 1.43947 1.26412 1.50235 4.22838 1.31382 0.87474 1.97068 1.17851 3.18313 6.33925 1.18656 2.00762 6.60377 2.07078 1.07084 5.97198 1.97807 3.28159 3.5424 2.77127 0.958529 2.80378 5.27893 0.797333 3.18647 1.08334 1.35367 1.22524 1.32271 5.55696 1.92556 4.38872 6.6904 1.10476 7.02195 1.48378 2.54842 
4.41889 2.97194 4.03777 3.41096 3.97269 2.39012 2.39645 3.6307 2.83028 3.11039 3.79033 2.10452 2.80909 2.86529 3.47936 1.46711 3.27879 0 2.16051 1.59563 0.976928 3.21571 2.41057 3.63614 4.41901 3.68114 2.06142 2.63559 3.92315 4.15748 3.93167 3.19538 3.29189 4.45374 2.42548 4.03574 3.53075 3.85646 1.78065 4.37726 2.62167 3.6756 3.16787 3.8802 3.64933 3.71089 3.22071 3.14632 5.24839 3.4139 3.64511 2.89439 3.34322 2.96598 3.22573 4.20088 4.3445 4.22716 2.29632 3.41893 1.82377 4.32338 1.50113 1.91656 1.4681 2.21993 3.70693 2.06723 1.62814 2.7059 1.77228 3.47839 3.63261 1.39402 3.07472 3.76121 2.77109 1.50641 3.45113 2.83653 4.27952 4.86114 3.54222 1.43087 4.43229 3.72301 1.26968 4.47289 1.68372 2.12038 1.97864 1.92309 3.3909 2.27981 3.8197 3.8654 1.70513 3.47989 1.68775 3.73846 
1.81426 2.20704 1.82823 1.37306 2.10893 1.78366 2.444 1.60461 1.9679 1.75448 1.60461 1.98913 1.40521 1.78366 2.18068 1.92648 1.3714 2.16051 0 1.70392 1.72489 1.81799 1.43959 1.73063 1.81357 1.90626 1.70376 1.27791 1.71643 0.833654 2.31148 1.52709 1.98035 1.75729 1.90626 1.37306 0.833654 1.37306 2.08045 1.52709 1.46362 1.70392 1.70376 1.44289 1.79782 1.271 1.99256 1.53751 2.4527 1.44289 1.43629 1.43629 0.833654 1.43629 2.03806 2.32891 1.99091 1.94453 1.72489 1.63379 2.05705 1.983 2.18693 2.27312 2.20402 2.33601 2.07394 2.31341 1.87432 1.86504 2.01216 2.1687 1.71428 2.02022 1.79627 1.51862 2.20402 1.90449 1.271 1.93841 1.90449 2.0626 2.29477 1.83971 1.917 1.43659 1.67851 2.04868 1.917 2.35366 2.18821 2.15637 1.49623 2.75922 2.2051 1.86504 1.93841 1.96458 2.42367 2.42662 
1.26556 1.64471 1.48311 0.924091 1.5429 1.64471 1.87797 1.11824 1.40187 1.48507 1.11824 1.49248 1.19728 1.66165 1.64854 1.19452 0.704331 1.59563 1.70392 0 1.15886 0.985493 0.924091 1.15075 1.24754 1.63152 1.18942 0.985493 1.29911 1.12274 1.74545 1.3614 1.66165 1.32595 1.79577 0.924091 1.09439 1.19728 1.48311 1.16324 0.901827 0.704331 1.02171 0.927391 1.02171 1.00159 1.30687 0.901827 1.4527 0.927391 0.870262 0.704331 0.870262 0.704331 1.4715 1.59695 1.21481 1.21257 1.15886 0.901827 1.32509 0.983418 1.51466 1.64396 1.26412 1.76998 1.40393 1.31382 0.87474 1.04602 1.41585 1.49643 0.714695 1.38478 1.23024 0.95259 1.26412 1.17253 0.870262 1.20645 1.17253 1.28649 1.56281 1.10775 1.14089 1.00159 0.94655 1.31672 1.14089 1.35367 1.22524 1.42441 0.704331 2.02726 1.48378 1.04602 1.20645 1.17184 1.48378 1.42704 
1.13647 0.985945 1.14038 0.953761 0.720692 1.25208 1.75618 0.956883 1.01478 1.51144 0.956883 1.66776 1.02404 1.63928 1.49126 1.03517 0.891239 0.976928 1.72489 1.15886 0 1.08371 0.810845 0.721284 1.31403 1.7538 0.802848 0.956883 1.06558 1.20087 1.76019 1.42789 1.66713 1.35232 1.86629 1.00222 1.16088 1.02404 1.14038 1.18961 0.54498 1.0114 0.783714 0.953761 0.943638 1.02404 1.08871 0.720692 1.60352 0.953761 0.916317 0.587112 0.891239 0.587112 0.817702 1.15598 1.14173 1.08372 0.54498 0.730789 1.20787 1.09655 0.86086 1.48461 0.827828 1.57966 1.17009 1.42696 0.987873 0.930095 1.29863 0.792104 0.827828 1.11637 1.21697 0.907231 0.827828 0.866136 0.916317 1.08923 0.866136 1.21342 1.4456 0.978894 1.06782 0.930095 0.817698 1.15737 1.06782 1.50449 1.33837 1.30719 0.647055 1.63954 0.828497 0.930095 1.08923 0.916317 1.04748 1.54017 
5.4806 3.04039 4.95581 3.96279 3.40404 2.54989 2.27327 3.37277 2.71969 2.29714 2.85526 1.95763 2.10645 3.06734 3.11573 1.53467 3.69029 3.21571 1.81799 0.985493 1.08371 0 2.2724 3.54044 5.34284 3.28202 1.92326 3.8937 3.93876 3.47029 3.57229 2.9185 3.24039 5.18277 2.24308 3.83913 4.60124 4.36331 1.71531 5.46266 3.5997 3.55696 4.12612 2.76105 4.13854 3.66469 4.19708 3.87525 4.68351 4.06384 4.89631 3.13572 3.71403 3.06099 3.94967 5.00996 3.99632 5.06676 3.39039 4.95834 1.66524 3.46202 1.54605 1.98411 1.29521 2.09219 4.75444 1.65397 1.21489 2.23549 1.61375 3.60232 4.10893 1.18259 2.84829 4.34702 2.36488 1.51268 3.36751 2.69836 3.84738 4.35558 3.21376 1.4479 3.61695 3.68637 1.2867 4.16887 1.48104 1.69382 1.56539 1.76456 3.72073 2.18467 4.54192 4.374 1.5466 3.74055 1.51487 3.13112 
2.19023 2.38852 2.06687 1.38557 1.98727 2.5563 1.47028 1.92666 1.86031 2.39598 2.06596 1.44462 1.92278 2.72749 2.65199 1.04234 1.63261 2.41057 1.43959 0.924091 0.810845 2.2724 0 1.86546 2.02185 2.82947 1.8764 1.88808 2.04952 2.19076 2.88359 2.41017 2.85242 2.05551 1.43223 1.84159 2.11828 1.73132 1.19309 1.8526 1.18042 1.78272 1.81303 1.57781 1.70539 1.67835 2.24592 1.3325 2.82644 1.43319 1.64279 1.11688 1.49859 1.20209 1.98668 2.42859 2.1752 2.18285 1.45053 1.5718 1.14045 2.0657 1.27288 1.42432 1.29038 1.61333 2.29437 1.41302 1.00223 2.3256 1.03844 2.10031 1.85616 1.29754 2.39265 1.69799 2.14784 1.03198 1.5744 2.11866 1.94963 2.40702 2.87488 0.88811 2.02354 1.78101 0.726914 2.2404 1.0004 1.43707 1.35273 1.23977 1.54155 1.86711 2.18756 1.9871 0.971284 2.05918 1.51004 2.86999 
3.76369 3.82961 3.70276 2.7191 3.49308 2.81761 1.87436 3.4157 2.26537 2.81865 3.55967 1.65964 2.27616 2.98707 2.83914 0.924973 2.88293 3.63614 1.73063 1.15075 0.721284 3.54044 1.86546 0 3.63757 2.88456 2.04043 2.92903 3.47474 3.68809 3.14197 2.1254 2.82724 3.61874 1.84794 3.36971 2.99481 3.02501 1.52501 3.1326 2.06558 2.99596 2.96323 3.37394 3.13908 3.05646 3.67694 2.53894 4.55249 2.96078 2.81291 2.2915 2.59283 2.24066 3.2414 3.79316 3.5374 3.58798 2.53517 2.87331 1.11771 3.6432 1.24549 1.37442 1.21245 1.60524 3.62038 1.32395 0.884866 2.17851 1.26841 3.3828 2.9103 1.39289 2.40774 3.02257 2.00075 0.914618 2.70023 2.17666 3.49035 4.24061 2.82241 0.888733 3.76122 3.16405 0.727537 3.83232 0.977656 1.41433 1.23537 1.21703 2.80689 1.75771 3.62526 3.18523 1.05902 3.31859 1.43211 3.00581 
4.50334 4.41825 5.08926 3.54278 3.91447 3.12929 1.86846 3.55329 2.46914 2.71869 3.99917 1.15548 2.1545 3.2029 2.65556 1.26966 3.69738 4.41901 1.81357 1.24754 1.31403 5.34284 2.02185 3.63757 0 2.98644 2.46723 4.24078 5.12255 3.95577 3.18338 2.72275 2.66841 4.87451 1.84204 3.15547 4.60969 3.79824 1.56707 4.92396 3.56151 4.34745 4.33509 3.09978 3.81281 3.90246 5.26245 3.69803 4.30039 4.10821 4.74115 3.05735 3.6027 3.33027 5.20079 5.85123 2.98499 5.23278 4.44166 4.53806 1.4624 3.50261 1.64033 1.7191 1.6073 1.93678 5.54325 1.62449 1.22955 2.52762 1.49878 3.93778 4.43426 1.67152 2.57846 4.44978 2.70928 1.2593 3.85129 2.43806 4.03623 4.19067 3.1638 1.23342 3.62062 4.5721 1.07222 3.96778 1.27819 1.75901 1.58005 1.56171 3.27733 2.1024 5.71968 4.54066 1.35956 5.24052 1.82696 3.09472 
2.7855 3.65909 3.22278 2.11033 3.45172 3.54747 2.11625 2.58997 3.32476 3.31027 3.144 2.1962 2.89456 3.6314 3.62671 1.89171 2.60823 3.68114 1.90626 1.63152 1.7538 3.28202 2.82947 2.88456 2.98644 0 2.92974 2.60473 3.05315 2.94527 3.74406 2.57889 3.27303 2.46533 1.2694 2.47696 2.29716 2.24816 2.15945 2.21455 2.38359 2.68648 2.32986 2.58145 2.40776 2.54218 3.30043 2.46289 3.78952 2.45455 2.15444 2.23228 2.12487 2.22684 3.27866 3.40869 3.23266 3.23503 2.86322 2.53036 2.0288 3.09004 2.06108 2.29126 2.22935 2.30124 3.29835 2.2349 1.83997 3.28549 2.0048 3.48666 2.80407 2.08889 3.34797 2.64167 3.53419 1.86972 2.26322 3.24569 3.33598 3.4592 3.85498 1.81146 3.06409 2.67605 1.65026 3.37073 1.8446 2.32542 2.19047 2.12812 2.26471 2.58818 3.55806 2.99688 1.91017 3.30311 2.449 3.91053 
2.50284 2.03937 2.19747 1.88157 2.2297 2.42309 2.0776 1.49294 2.37422 2.54047 1.65817 1.70994 2.27376 2.85277 2.87401 1.2814 1.72491 2.06142 1.70376 1.18942 0.802848 1.92326 1.8764 2.04043 2.46723 2.92974 0 1.48029 2.2219 2.12406 3.3975 2.68839 2.83962 2.38679 1.83825 2.23327 2.03994 2.15636 1.41709 2.23098 1.35539 1.88088 1.36058 1.76151 1.76041 2.01097 2.13902 1.71433 3.0379 1.61689 1.98631 1.30058 1.86616 1.3801 1.86466 2.61229 2.37997 2.36655 1.38297 1.74373 1.41755 2.2494 1.06328 1.73084 1.28238 1.96167 2.29769 1.68038 1.24129 2.50057 1.31554 2.14026 1.95432 1.33396 2.67336 1.9787 2.32281 1.27105 1.85511 2.30235 2.12461 2.59072 3.05858 1.19463 2.20724 1.99591 1.03343 2.48282 1.2775 1.71417 1.5918 1.51687 1.52364 2.0941 2.23844 2.16511 1.24839 2.126 1.50204 3.05369 
4.64249 2.62678 5.08979 8.98922 3.27721 1.9492 2.02426 2.47637 2.38591 2.07534 2.81871 1.63877 2.03022 2.19625 2.74313 1.23954 5.22759 2.63559 1.27791 0.985493 0.956883 3.8937 1.88808 2.92903 4.24078 2.60473 1.48029 0 4.63317 2.54693 3.21328 2.34502 2.62285 7.05187 1.78931 2.99674 6.71347 4.39665 1.41709 4.20264 8.11253 4.07677 5.12375 2.5652 6.88417 4.0022 4.64439 8.46174 4.22559 5.52823 4.10109 7.89316 4.14063 8.17532 4.7958 7.19443 3.3193 4.52985 8.09093 3.88332 1.38174 3.04102 1.28849 1.68898 1.43642 1.91626 4.29367 1.63851 1.19943 2.30046 1.31554 3.09771 11.7374 1.26279 2.4713 10.6311 2.31665 1.22918 4.97594 2.17148 3.44926 3.80937 2.93083 1.15276 3.15903 4.90439 0.991569 3.46325 1.24169 1.67836 1.54993 1.48106 11.2044 2.07228 4.53015 10.1325 1.24839 6.21269 1.65608 2.90246 
5.32706 3.75154 6.21201 4.04669 3.24469 2.97424 1.9932 3.14834 2.5189 2.03185 2.78969 1.91377 1.56632 3.03608 2.9664 1.23591 5.16357 3.92315 1.71643 1.29911 1.06558 3.93876 2.04952 3.47474 5.12255 3.05315 2.2219 4.63317 0 3.4231 3.23396 2.64549 3.02567 6.19401 1.95515 3.41975 5.95581 5.14307 1.76655 4.87021 4.55725 5.09672 4.96609 2.26503 5.46362 5.00722 5.73894 4.75522 4.57946 4.79104 4.62914 4.03621 4.75955 4.06891 5.79818 6.55606 3.75578 5.35567 4.68477 4.61695 1.36648 3.43351 1.55606 1.67183 1.54512 1.73471 4.97968 1.62326 1.18417 2.36236 1.37303 3.52297 5.35433 1.37204 2.60338 5.82122 2.42853 1.21393 4.63015 2.46573 3.81284 4.32291 3.23659 1.14914 3.57265 5.69024 0.987946 4.05524 1.22643 1.6631 1.49775 1.4658 5.09605 2.06866 5.16889 5.64868 1.24785 5.79415 1.76477 3.00128 
4.04062 4.23539 3.67458 2.86115 4.18228 2.52494 1.91998 3.5219 2.63806 2.08002 3.64967 1.64326 1.9283 2.60887 3.18481 1.3453 2.93431 4.15748 0.833654 1.12274 1.20087 3.47029 2.19076 3.68809 3.95577 2.94527 2.12406 2.54693 3.4231 0 3.44171 2.5376 2.99722 3.80541 1.78391 3.70495 2.29843 2.88976 1.60695 3.27467 2.75887 3.20867 3.20001 3.14902 3.31491 2.71176 3.75579 3.07366 5.2132 2.82667 3.21356 2.61512 2.07737 2.64718 3.73066 4.54276 4.12677 4.2187 3.31997 3.38125 1.47587 4.02382 1.66544 1.74909 1.67964 1.81198 4.09666 1.73223 1.29315 2.60032 1.53867 4.18509 3.59698 1.52831 2.69973 3.39025 2.72989 1.32331 2.81878 2.5625 4.28355 4.82079 3.33877 1.25853 4.17876 3.28544 1.09733 4.49037 1.33582 1.77249 1.60673 1.57519 3.17687 2.17804 4.42755 3.7949 1.35724 3.84332 1.90006 3.30179 
2.79539 3.89574 3.58797 2.53426 3.50838 4.0774 1.99633 3.24597 3.38141 3.58043 3.58707 2.25434 3.10722 4.17297 2.86686 1.7856 2.72813 3.93167 2.31148 1.74545 1.76019 3.57229 2.88359 3.14197 3.18338 3.74406 3.3975 3.21328 3.23396 3.44171 0 3.32476 3.8629 2.76028 1.98373 3.02603 3.22614 2.84089 2.06498 2.63518 2.36487 2.73558 2.74302 2.76226 2.88431 2.80283 3.36618 2.51695 2.82965 2.61763 2.55738 2.29803 2.74273 2.29259 3.33277 3.44899 3.33092 3.33329 3.10816 2.75625 1.95851 2.96877 2.11911 2.19679 2.01653 2.20677 3.3641 2.07787 1.63878 3.26403 1.91033 3.54332 2.63866 1.99442 3.40208 2.70742 3.35927 1.77525 2.71516 3.2998 3.39264 3.55746 3.90691 1.72954 3.17398 2.83652 1.56834 3.42484 1.81846 2.16824 1.98929 2.05783 2.59156 2.47989 3.59127 2.96179 1.83988 3.34457 2.23619 3.81956 
2.73906 3.17333 2.81512 1.70266 3.03242 3.12817 1.97967 2.3836 2.90546 2.90261 2.7247 1.87029 2.51103 3.22374 3.36302 1.57233 2.20057 3.19538 1.52709 1.3614 1.42789 2.9185 2.41017 2.1254 2.72275 2.57889 2.68839 2.34502 2.64549 2.5376 3.32476 0 3.0408 2.19288 1.44193 2.05766 1.88845 2.08929 1.84561 1.80688 1.89145 2.32297 2.28342 2.17378 2.41642 2.13451 2.89277 2.04353 3.4469 2.04688 1.74677 1.82461 1.71721 1.81917 2.85936 2.98939 2.8575 2.85988 2.44331 2.11106 1.71453 2.72652 1.89247 1.98775 1.90956 2.05064 2.89068 1.97089 1.53181 2.87782 1.77733 3.0699 2.39641 1.78538 2.92867 2.23401 3.11702 1.56198 1.85556 2.82639 2.91923 3.08405 3.44732 1.48556 2.70057 2.26838 1.32436 2.95143 1.57448 2.01115 1.88231 1.81385 2.15537 2.40507 3.18291 2.60418 1.5959 2.89545 2.12922 3.54701 
2.29366 3.22955 3.3643 2.25185 3.53127 2.98025 2.38655 2.60809 3.51338 3.37214 3.06398 2.08508 2.71809 2.84376 3.30868 1.64278 2.53484 3.29189 1.98035 1.66165 1.66713 3.24039 2.85242 2.82724 2.66841 3.27303 2.83962 2.62285 3.02567 2.99722 3.8629 3.0408 0 3.01193 2.17306 2.61296 2.30331 2.33917 2.09533 2.84899 2.4904 2.62916 2.38611 2.56882 2.35044 2.3844 3.24735 2.53056 3.47108 2.57483 2.60783 2.14425 2.26639 2.22667 3.22557 3.66813 3.18261 3.17771 2.85566 2.63716 1.77335 3.03271 1.81215 2.09222 1.98042 2.31141 3.24527 1.98597 1.59104 3.23241 1.86411 3.42934 2.74675 2.00323 3.29488 2.58859 3.47687 1.62079 2.36336 3.15766 3.27866 3.40188 3.93393 1.55601 3.00676 2.71395 1.39481 3.33105 1.58915 2.06996 1.94154 1.87267 2.20739 2.47552 3.50074 2.99671 1.65471 3.25003 2.20008 3.8528 
4.81606 4.31692 6.00526 5.58699 4.08193 3.10708 1.43957 3.36342 2.57272 2.49613 3.82742 1.84648 2.08096 3.14048 2.95034 1.37774 7.51207 4.45374 1.75729 1.32595 1.35232 5.18277 2.05551 3.61874 4.87451 2.46533 2.38679 7.05187 6.19401 3.80541 2.76028 2.19288 3.01193 0 1.42901 3.48787 8.19002 5.57208 1.59495 4.19215 5.62163 5.70199 7.10405 2.91775 6.6624 5.12658 6.40307 6.01835 4.13801 6.30563 4.42223 4.73785 6.92892 5.6218 5.74351 7.98881 3.61679 4.67224 6.67117 4.57004 1.50831 3.58182 1.56235 1.77729 1.71538 1.78727 4.68697 1.76508 1.326 2.57148 1.4403 3.96501 7.19717 1.52439 2.5934 7.109 2.82272 1.35575 6.43559 2.44003 3.95375 4.24615 2.87121 1.28997 3.62032 5.95091 1.12878 3.90045 1.36825 1.80492 1.6765 1.60763 6.72241 1.9115 5.56702 7.6873 1.36985 8.14266 1.93503 3.18072 
1.45662 2.46556 2.0993 1.2694 2.13285 2.29507 2.11625 1.71911 1.91001 1.99321 1.78931 2.2602 1.69583 2.27603 2.02866 1.89171 1.5723 2.42548 1.90626 1.79577 1.86629 2.24308 1.43223 1.84794 1.84204 1.2694 1.83825 1.78931 1.95515 1.78391 1.98373 1.44193 2.17306 1.42901 0 1.2694 1.2694 1.45662 2.15945 1.2694 1.47961 1.79577 1.42901 1.43553 1.40152 1.58576 2.06123 1.47961 2.43803 1.43553 1.40152 1.43223 1.2694 1.40152 2.05874 2.11625 1.91199 1.94046 1.86629 1.59797 2.05298 1.93407 2.06108 2.29126 2.22935 2.30124 2.13183 2.2349 1.83997 1.86689 2.0048 2.19362 1.81934 2.08889 1.81441 1.53676 2.22935 1.86972 1.44216 1.93435 1.86972 2.01439 2.29071 1.83564 1.86878 1.58576 1.67444 2.01391 1.86878 2.3496 2.19047 2.1523 1.40152 2.58818 2.18587 1.86689 1.93435 1.98272 2.449 2.34812 
3.35599 4.14186 2.91899 2.64184 3.75104 2.75638 1.61035 2.71493 2.33687 2.33008 3.6432 1.15548 1.95016 2.85195 2.79444 1.18241 2.48252 4.03574 1.37306 0.924091 1.00222 3.83913 1.84159 3.36971 3.15547 2.47696 2.23327 2.99674 3.41975 3.70495 3.02603 2.05766 2.61296 3.48787 1.2694 0 3.01167 2.8868 1.19309 3.29432 2.31814 2.98795 3.06782 3.17526 3.05919 2.83417 3.72459 2.61986 4.75567 2.52765 2.75982 2.173 2.58783 2.34063 3.48052 3.48706 3.39696 3.46298 2.70228 2.90377 1.27722 3.68825 1.46425 1.55044 1.48175 1.61333 3.57355 1.53358 1.0945 2.34418 1.17851 3.68155 3.19996 1.29754 2.37496 3.09604 2.57914 1.17205 2.72547 2.2578 3.78 4.42088 2.79178 1.02818 3.79047 3.08894 0.866986 4.04306 1.13717 1.57343 1.445 1.37654 2.68548 1.99521 3.91492 3.50348 1.10806 3.55772 1.70141 3.00872 
4.45764 3.62839 6.41746 6.89464 3.72399 2.16864 1.87999 3.10167 2.55394 2.2309 3.34791 1.60328 1.89834 2.20458 2.76054 1.30532 7.24006 3.53075 0.833654 1.09439 1.16088 4.60124 2.11828 2.99481 4.60969 2.29716 2.03994 6.71347 5.95581 2.29843 3.22614 1.88845 2.30331 8.19002 1.2694 3.01167 0 4.95677 1.5786 3.49623 6.66596 5.55015 6.73375 2.82574 7.78841 4.67753 6.00206 7.9877 4.44011 6.55048 4.4159 6.38794 5.41368 6.35485 6.32007 9.02226 3.74037 5.34163 7.60871 4.29146 1.44752 3.6077 1.62546 1.72074 1.64254 1.78363 5.22553 1.70388 1.2648 2.54656 1.51031 3.79148 9.2809 1.51837 2.61561 9.14931 2.69433 1.29496 6.40715 2.47838 3.92458 4.39305 3.25466 1.21854 3.76264 6.12307 1.05735 4.04693 1.30747 1.74414 1.6153 1.54684 8.48469 2.13806 5.49552 9.24106 1.32888 8.01625 1.8622 3.2293 
4.2528 3.75069 5.66827 3.76092 3.12442 2.75082 1.74347 3.06384 2.17862 2.11863 3.1742 1.5884 1.51836 2.76083 2.39764 1.23696 4.94092 3.85646 1.37306 1.19728 1.02404 4.36331 1.73132 3.02501 3.79824 2.24816 2.15636 4.39665 5.14307 2.88976 2.84089 2.08929 2.33917 5.57208 1.45662 2.8868 4.95677 0 1.51681 3.78985 3.78515 4.8714 4.58754 2.44771 4.34562 4.16999 5.5887 4.11362 3.85176 4.66582 3.91403 3.28461 3.63828 3.08201 5.57198 6.28581 3.13633 4.64056 4.27762 4.07773 1.41034 3.01705 1.44774 1.67287 1.50358 1.73576 4.75116 1.62431 1.18522 2.2749 1.36216 3.24916 4.76939 1.46278 2.30568 4.92827 2.33902 1.21497 3.9951 2.21856 3.3772 3.79782 2.94431 1.193 3.17199 5.04389 1.0318 3.53047 1.27029 1.70696 1.4988 1.50966 4.27557 2.0697 4.66188 4.9201 1.29171 5.52636 1.72323 2.90773 
1.62924 1.78967 1.13716 1.19309 1.52441 1.92291 1.92993 1.13716 1.7214 1.78958 1.41709 2.00363 1.51681 2.09533 1.99567 1.61893 1.16495 1.78065 2.08045 1.48311 1.14038 1.71531 1.19309 1.52501 1.56707 2.15945 1.41709 1.41709 1.76655 1.60695 2.06498 1.84561 2.09533 1.59495 2.15945 1.19309 1.5786 1.51681 0 1.48277 1.14038 1.48311 1.29795 1.13716 1.50191 1.4858 1.83027 1.29101 2.15679 1.13716 1.35447 1.13716 1.24679 1.14038 1.55926 1.36118 1.695 1.36118 1.14038 1.32619 1.76114 1.6875 1.60242 2.06838 1.61992 2.25419 1.67444 2.01791 1.57883 1.60575 1.70643 1.58419 1.49347 1.85792 1.71445 1.4368 1.61992 1.60858 1.35447 1.63928 1.60858 1.76669 1.83311 1.53216 1.62108 1.43287 1.37097 1.74114 1.62108 2.05775 1.92933 1.86046 1.20032 1.83311 1.62058 1.60575 1.63928 1.7084 1.83957 2.13112 
5.21874 4.20195 5.28841 3.17688 4.00499 2.94799 1.43957 3.29529 2.41692 2.27284 3.68167 1.68377 1.8207 3.03192 2.79454 1.24573 4.38013 4.37726 1.52709 1.16324 1.18961 5.46266 1.8526 3.1326 4.92396 2.21455 2.23098 4.20264 4.87021 3.27467 2.63518 1.80688 2.84899 4.19215 1.2694 3.29432 3.49623 3.78985 1.48277 0 3.82935 4.47966 3.82434 3.07876 3.74732 3.92418 5.19075 3.91573 4.3194 3.72547 4.59608 3.19734 3.47862 3.40916 5.19408 5.47701 3.71794 5.2792 4.59867 4.84851 1.3763 3.64792 1.56235 1.64529 1.58338 1.65527 5.32174 1.63308 1.19399 2.38672 1.32812 3.9664 4.64057 1.39238 2.37011 4.60239 2.62632 1.22375 3.81455 2.26882 4.0168 4.39217 2.74611 1.15896 3.75013 4.65044 0.997766 4.01435 1.23625 1.67292 1.5445 1.47562 3.96435 1.9115 5.91297 4.79437 1.25767 5.34969 1.80303 3.00852 
3.4435 2.64218 4.45832 7.85208 2.01424 2.25124 1.43957 2.39891 1.58033 2.0677 2.60283 1.22486 1.71227 2.41964 2.04802 0.490186 4.50315 2.62167 1.46362 0.901827 0.54498 3.5997 1.18042 2.06558 3.56151 2.38359 1.35539 8.11253 4.55725 2.75887 2.36487 1.89145 2.4904 5.62163 1.47961 2.31814 6.66596 3.78515 1.14038 3.82935 0 3.91882 4.78746 2.39046 5.81997 3.67353 4.33527 6.69376 2.92666 4.86582 3.14511 15.8883 3.59399 17.1153 3.75836 6.15079 2.01558 3.11444 17.9187 2.28763 0.913508 2.57278 0.86086 0.939629 0.827828 1.41043 3.22179 1.17028 0.731197 1.77458 1.00427 2.23943 12.2948 1.11637 1.62603 8.38932 1.59682 0.760949 3.89908 1.41297 2.58059 2.8702 2.05135 0.453947 2.675 4.38868 0.292751 2.16057 0.773455 1.21012 1.0817 1.01283 8.80895 1.32293 3.69594 8.62511 0.794872 5.64394 1.04748 2.39489 
4.62217 3.50398 5.63229 4.10546 3.42574 2.58237 1.87797 2.8207 2.43115 2.46792 3.15253 1.49248 1.89022 2.6663 2.30902 0.952158 4.25108 3.6756 1.70392 0.704331 1.0114 3.55696 1.78272 2.99596 4.34745 2.68648 1.88088 4.07677 5.09672 3.20867 2.73558 2.32297 2.62916 5.70199 1.79577 2.98795 5.55015 4.8714 1.48311 4.47966 3.91882 0 4.76468 2.59059 4.67016 3.99126 4.49377 4.16702 3.76716 4.33613 3.83084 3.04738 4.09583 3.16147 5.0882 5.74233 2.87258 4.18829 3.96281 4.03356 1.13326 2.43838 1.32283 1.4016 1.0114 1.62079 3.99281 1.01695 0.622017 1.73866 1.23982 3.03273 4.42958 1.18259 2.15335 4.79559 1.80461 0.93017 3.49938 1.81179 3.20634 3.24671 2.53753 0.915918 2.49645 4.48719 0.754723 3.13115 0.94906 1.15148 0.972519 1.23258 3.89147 1.7849 4.01387 4.74531 1.03042 4.2308 1.23106 2.17841 
4.64253 3.23444 5.3918 5.11158 3.41243 2.52833 1.65454 2.25467 2.25703 2.22032 2.72878 1.58638 1.84523 2.61226 2.36352 0.902247 6.4415 3.16787 1.70376 1.02171 0.783714 4.12612 1.81303 2.96323 4.33509 2.32986 1.36058 5.12375 4.96609 3.20001 2.74302 2.28342 2.38611 7.10405 1.42901 3.06782 6.73375 4.58754 1.29795 3.82434 4.78746 4.76468 0 2.6418 6.13321 4.55621 5.28019 5.29892 3.95139 5.78017 4.12817 4.1889 5.30818 4.40173 5.25006 7.51935 3.35992 4.61065 4.43107 4.19493 1.03282 3.08643 0.86086 1.35169 1.23989 1.57088 4.5908 1.24544 0.850507 2.20906 1.12358 2.7999 6.13475 1.2627 2.36074 6.63327 2.0313 0.880259 5.74241 1.95179 3.33773 3.7587 2.72807 0.815475 3.1445 5.40208 0.654279 3.47252 0.848617 1.32943 1.20101 1.13214 5.63834 1.73499 4.47736 6.31474 0.914182 6.81588 1.45955 2.64734 
3.29703 3.70793 3.49229 1.97724 3.25179 2.54229 1.47358 2.96635 2.23877 1.83697 2.8556 1.44792 1.28678 2.57569 2.53066 0.928146 2.54202 3.8802 1.44289 0.927391 0.953761 2.76105 1.57781 3.37394 3.09978 2.58145 1.76151 2.5652 2.26503 3.14902 2.76226 2.17378 2.56882 2.91775 1.43553 3.17526 2.82574 2.44771 1.13716 3.07876 2.39046 2.59059 2.6418 0 2.5526 1.65485 3.00517 2.30899 4.29313 2.27215 2.26428 1.83345 2.10923 1.8209 2.93156 3.78956 3.3052 3.38039 2.75727 2.91914 1.05872 3.10419 1.24829 1.37759 1.26289 1.54255 3.27341 1.31549 0.876406 1.98224 0.711519 3.54415 2.83401 1.22676 2.08164 2.47021 2.19712 0.906158 2.05306 1.99403 3.58291 3.98249 2.7703 0.841375 3.34086 2.12022 0.680179 3.60467 0.918664 1.35533 1.18998 1.15804 2.50622 1.76089 3.72496 2.87527 0.940081 3.03304 1.48544 2.73373 
4.01198 3.60397 5.65087 6.3129 3.35668 2.70729 1.81446 2.91113 2.36634 2.34979 3.11845 1.58638 1.56755 2.75451 1.99254 0.902247 6.29144 3.64933 1.79782 1.02171 0.943638 4.13854 1.70539 3.13908 3.81281 2.40776 1.76041 6.88417 5.46362 3.31491 2.88431 2.41642 2.35044 6.6624 1.40152 3.05919 7.78841 4.34562 1.50191 3.74732 5.81997 4.67016 6.13321 2.5526 0 3.97983 5.35525 6.20506 3.40238 5.40427 3.83904 4.78901 5.26756 4.4933 5.31206 7.68628 2.68698 3.99993 6.54865 3.80746 1.03282 2.51333 1.02078 1.35169 1.23989 1.57088 4.19584 1.24544 0.850507 1.92405 1.12358 3.04874 6.83559 1.2627 2.17771 7.02946 2.03292 0.880259 5.0562 1.72537 3.32026 3.27168 2.50164 0.815475 2.64585 4.36085 0.654279 3.07987 0.848617 1.32943 1.20101 1.13214 6.03109 1.73499 4.52151 6.70384 0.914182 6.4058 1.45955 2.42092 
4.11833 3.53557 5.55072 3.08448 3.07066 2.65195 1.62381 2.93627 2.3393 1.97557 2.73522 1.52212 1.50237 2.73588 2.28136 0.933528 4.60329 3.71089 1.271 1.00159 1.02404 3.66469 1.67835 3.05646 3.90246 2.54218 2.01097 4.0022 5.00722 2.71176 2.80283 2.13451 2.3844 5.12658 1.58576 2.83417 4.67753 4.16999 1.4858 3.92418 3.67353 3.99126 4.55621 1.65485 3.97983 0 4.99688 3.57498 3.69203 3.96704 3.51355 2.62106 3.20265 2.72478 5.27573 5.97869 2.96083 4.33241 4.23237 3.83335 1.11463 2.74923 1.3042 1.28017 1.26828 1.34306 4.27909 1.32087 0.881788 1.78869 1.18087 3.06858 4.43529 1.0778 1.88809 4.47925 2.09284 0.91154 3.60457 1.85854 3.10734 3.53 2.58429 0.897289 2.88837 4.65757 0.736093 3.26358 0.974578 1.41125 1.19537 1.21395 3.92203 1.76627 4.48422 4.61216 1.05569 5.0183 1.49083 2.54771 
5.46041 3.04539 6.0501 5.1265 3.64187 2.50419 1.80609 3.36001 2.74045 2.75959 3.21761 1.99759 2.15828 2.93832 3.12501 1.409 5.30282 3.22071 1.99256 1.30687 1.08871 4.19708 2.24592 3.67694 5.26245 3.30043 2.13902 4.64439 5.73894 3.75579 3.36618 2.89277 3.24735 6.40307 2.06123 3.72459 6.00206 5.5887 1.83027 5.19075 4.33527 4.49377 5.28019 3.00517 5.35525 4.99688 0 4.52409 4.6341 5.20042 4.61721 3.57077 4.86686 3.55809 4.86535 6.12794 3.77585 4.60085 4.26386 4.85756 1.52193 3.26838 1.55075 1.75564 1.56825 1.81853 4.04994 1.76443 1.32534 2.0145 1.56216 3.49024 4.99334 0.850641 2.51139 5.37096 2.50044 1.38701 4.59435 2.37137 3.74011 4.11034 2.80915 1.30459 3.40071 5.35862 1.14339 3.82895 1.38188 1.80427 1.67584 1.62125 4.7701 1.90325 4.57163 5.2945 1.35276 5.2424 1.75519 3.07915 
3.77286 3.18095 4.961 8.59729 2.41371 2.52632 1.50603 2.66789 1.58236 2.07412 3.03142 1.41067 1.60091 2.64561 2.20011 0.675995 5.4457 3.14632 1.53751 0.901827 0.720692 3.87525 1.3325 2.53894 3.69803 2.46289 1.71433 8.46174 4.75522 3.07366 2.51695 2.04353 2.53056 6.01835 1.47961 2.61986 7.9877 4.11362 1.29101 3.91573 6.69376 4.16702 5.29892 2.30899 6.20506 3.57498 4.52409 0 3.35834 4.82775 3.11574 4.92212 4.44501 6.17547 4.61399 6.43243 2.46306 3.48894 7.70766 2.75714 0.913508 2.63598 1.04667 0.939629 1.01364 1.45157 3.27829 1.17028 0.731197 1.92667 1.00427 2.5335 9.23098 1.12637 1.63344 9.06904 1.74891 0.760949 4.05744 1.29188 2.83223 2.93341 2.20343 0.453947 2.57571 4.53115 0.292751 2.38984 0.773455 1.21012 1.0817 1.01283 8.44878 1.50874 4.02171 9.83259 0.794872 5.85056 1.23329 2.30601 
4.08078 5.24072 5.05268 3.57415 4.69867 3.93333 2.48669 4.7423 3.2982 3.51165 4.99452 2.24126 2.6886 4.00557 2.36851 1.55713 3.85278 5.24839 2.4527 1.4527 1.60352 4.68351 2.82644 4.55249 4.30039 3.78952 3.0379 4.22559 4.57946 5.2132 2.82965 3.4469 3.47108 4.13801 2.43803 4.75567 4.44011 3.85176 2.15679 4.3194 2.92666 3.76716 3.95139 4.29313 3.40238 3.69203 4.6341 3.35834 0 3.86495 3.74469 3.00707 3.91762 2.89629 4.48572 5.00889 4.37729 4.29131 3.96713 3.99136 1.6877 4.02308 1.87727 2.00657 1.61637 2.22576 4.48276 1.66607 1.22698 2.95793 1.77846 4.53532 3.47416 1.91758 3.14281 3.93023 2.79407 1.53514 3.77675 2.80125 4.73229 4.72365 3.527 1.47035 4.14109 3.78156 1.30916 4.53566 1.54764 1.70591 1.57749 1.78702 3.09566 2.38987 4.49768 3.82334 1.56906 4.4918 1.83602 3.22365 
4.38511 3.36854 5.25043 4.76189 3.33071 2.23958 1.47358 2.46951 2.09415 1.72704 2.89319 1.44792 1.52405 2.27298 2.38604 0.928146 6.27407 3.4139 1.44289 0.927391 0.953761 4.06384 1.43319 2.96078 4.10821 2.45455 1.61689 5.52823 4.79104 2.82667 2.61763 2.04688 2.57483 6.30563 1.43553 2.52765 6.55048 4.66582 1.13716 3.72547 4.86582 4.33613 5.78017 2.27215 5.40427 3.96704 5.20042 4.82775 3.86495 0 3.66711 3.36014 5.35315 3.90566 5.13775 7.13233 2.83828 4.22657 5.60106 3.76868 1.05872 2.76639 1.24829 1.37759 1.26289 1.59678 4.21878 1.31549 0.876406 2.0273 0.711519 3.15921 6.04745 1.26279 2.1267 5.96273 2.16999 0.906158 5.2188 1.84941 3.33671 3.49977 2.62568 0.841375 2.87394 4.84079 0.680179 3.12195 0.918664 1.35533 1.18998 1.15804 5.50522 1.76089 4.66471 6.25575 0.940082 6.74064 1.48544 2.58911 
